	mut10	mut10	mut1	mut1	mut2	mut2	mut3	mut3	mut4	mut4	mut5	mut5	mut6	mut6	mut7	mut7	mut8	mut8	mut9	mut9
cell1	1	52	2	43	46	0	18	28	53	0	24	16	46	3	53	0	50	0	48	0
cell2	0	49	10	50	53	0	39	15	52	0	24	24	34	15	54	0	54	0	54	0
cell3	0	54	52	8	55	0	44	0	51	0	47	2	62	0	44	0	53	0	51	0
cell4	0	46	5	48	45	0	19	38	47	0	16	26	25	7	57	0	53	1	55	0
cell5	0	47	42	5	40	20	51	9	49	3	49	0	53	0	53	0	52	0	62	0
cell6	5	39	2	43	34	0	23	26	60	0	12	41	37	19	47	0	38	0	50	0
cell7	0	44	22	29	26	20	44	0	60	0	56	0	42	0	54	0	50	0	54	0
cell8	0	56	10	36	51	0	57	0	23	28	63	1	64	0	60	1	38	20	38	0
cell9	0	58	48	0	51	0	43	6	46	0	61	0	53	0	50	0	42	0	40	0
cell10	0	45	11	32	47	0	10	33	43	0	45	13	60	0	42	1	59	0	59	0
cell11	0	42	9	37	55	0	34	7	51	0	48	2	45	1	57	0	51	0	53	0
cell12	0	39	3	53	44	0	12	33	46	1	25	32	30	26	29	15	42	0	50	0
cell13	1	43	0	55	35	7	53	0	52	3	42	0	62	0	55	0	46	0	50	0
cell14	0	53	54	0	48	0	54	0	41	1	37	4	66	1	53	0	45	0	42	1
cell15	3	48	59	1	49	0	51	0	40	0	48	0	54	0	38	0	55	0	26	25
cell16	0	47	25	15	22	23	56	0	47	0	40	0	47	0	60	0	59	0	48	0
cell17	0	30	10	45	47	3	50	18	66	0	39	11	45	2	44	0	38	2	55	0
cell18	0	52	14	25	40	0	45	0	16	29	50	3	48	0	43	0	46	0	57	0
cell19	2	41	3	47	55	0	47	0	26	15	51	0	52	0	60	0	41	0	55	0
cell20	0	54	6	47	47	0	33	3	22	18	43	0	62	1	58	1	58	1	51	0
cell21	0	57	43	22	41	0	41	0	38	16	55	0	46	0	53	0	54	0	53	0
cell22	1	41	9	33	46	0	19	12	45	0	15	19	40	11	57	10	69	0	45	0
cell23	2	56	26	20	32	2	38	1	66	0	40	3	53	0	34	0	62	0	54	0
cell24	0	53	39	0	59	0	45	0	66	0	41	2	50	0	58	0	39	0	2	46
cell25	0	40	24	20	50	0	14	27	51	0	47	2	48	0	48	0	52	0	55	0
cell26	6	44	17	24	43	0	40	20	53	0	48	0	40	0	52	0	46	0	48	0
cell27	0	53	37	23	46	0	39	0	52	0	56	0	62	0	47	3	41	1	53	0
cell28	0	53	10	38	42	3	40	17	43	0	31	9	38	0	38	0	48	0	53	0
cell29	0	47	38	4	53	0	48	0	52	0	51	0	55	0	55	0	58	0	40	2
cell30	0	38	9	45	41	0	28	26	50	0	46	0	48	0	31	0	40	0	50	0
cell31	0	51	40	0	45	8	42	0	49	1	52	0	53	1	47	0	37	0	23	28
cell32	0	56	29	22	47	5	51	0	14	42	53	3	50	0	52	0	50	0	49	2
cell33	0	49	41	2	49	0	52	0	48	1	41	0	58	2	54	3	50	0	21	38
cell34	2	48	16	24	49	0	45	0	29	17	40	0	58	0	39	0	49	8	44	8
cell35	0	47	35	28	44	0	51	4	49	1	47	0	44	0	58	0	44	0	51	0
cell36	5	42	23	35	56	1	50	0	20	38	49	0	55	1	51	0	43	5	43	0
cell37	0	45	28	31	46	0	59	0	40	14	51	0	47	0	52	0	28	10	42	0
cell38	0	46	20	30	49	0	55	0	41	0	59	0	49	0	56	4	54	0	55	0
cell39	0	43	43	4	66	0	60	0	54	0	43	0	36	0	48	0	46	0	42	10
cell40	0	57	8	35	52	0	16	39	57	0	47	16	58	0	47	0	64	0	64	1
cell41	1	55	49	10	42	0	29	15	42	0	45	0	39	0	57	0	54	0	41	0
cell42	0	41	65	0	41	0	48	0	59	0	46	3	47	12	48	1	32	0	8	44
cell43	0	53	12	37	44	0	50	2	24	27	49	0	48	0	55	0	55	10	70	0
cell44	0	60	45	0	56	0	58	0	63	0	55	0	46	0	53	0	50	0	52	1
cell45	4	79	36	9	48	1	69	0	52	0	49	1	53	6	57	0	51	0	46	0
cell46	0	62	3	44	59	0	16	25	51	0	57	0	45	0	61	0	46	3	51	0
cell47	0	41	19	32	54	0	29	30	59	0	28	17	55	0	47	0	32	2	55	0
cell48	1	42	58	0	52	0	55	0	45	8	49	0	43	0	39	0	58	0	5	41
cell49	0	57	12	32	66	0	18	30	56	0	17	35	54	2	45	1	52	0	32	0
cell50	0	60	15	44	45	0	22	25	61	0	34	13	46	5	56	0	51	0	59	0
cell51	0	40	33	19	52	3	32	23	54	0	60	0	62	0	41	1	42	0	58	0
cell52	0	41	43	7	63	0	46	7	45	0	59	0	34	0	53	0	50	0	41	0
cell53	0	43	2	50	41	0	20	30	39	0	41	22	37	10	53	0	61	0	51	0
cell54	0	56	9	40	57	0	52	0	48	0	47	0	48	0	39	0	42	0	59	0
cell55	1	51	10	35	42	0	53	8	46	0	53	0	53	0	46	0	44	0	50	3
cell56	1	44	5	43	39	2	4	45	48	1	15	28	25	17	21	15	63	1	40	0
cell57	0	60	6	45	48	0	47	0	17	42	48	1	33	0	48	0	41	1	50	0
cell58	0	63	46	0	28	0	59	0	60	0	57	0	54	0	51	0	46	0	2	37
cell59	0	55	11	30	50	0	29	7	61	0	50	2	43	0	46	1	40	0	42	2
cell60	0	58	15	37	52	0	23	31	40	0	15	34	56	0	51	0	48	0	44	0
cell61	1	54	11	29	56	0	13	33	44	0	39	10	47	0	49	0	42	0	64	0
cell62	0	52	27	20	32	6	39	0	11	38	48	0	43	0	42	2	56	0	65	0
cell63	0	53	4	51	38	0	12	35	46	0	23	23	37	18	50	1	45	0	59	3
cell64	0	43	51	0	55	7	49	0	44	1	57	0	45	0	55	0	49	0	2	37
cell65	0	33	55	0	47	0	65	0	45	0	53	10	53	0	53	0	49	1	50	3
cell66	0	54	14	36	46	0	13	35	35	1	40	12	54	0	59	0	54	0	52	0
cell67	0	32	15	28	63	0	44	0	30	26	43	1	53	0	61	0	33	20	52	0
cell68	0	51	47	0	41	0	41	1	53	0	52	0	59	3	48	0	50	0	55	0
cell69	0	45	1	54	45	0	8	44	45	0	14	21	25	29	22	31	45	0	51	0
cell70	0	47	56	0	52	1	41	1	59	0	39	0	45	3	41	0	49	1	50	0
cell71	2	51	6	37	55	0	27	19	56	0	55	0	46	0	59	0	52	1	58	0
cell72	0	53	50	0	55	0	44	0	42	1	50	0	40	0	46	0	60	0	6	35
cell73	0	55	40	7	41	4	49	0	41	0	55	0	55	0	49	0	44	0	56	0
cell74	0	63	24	32	17	25	68	3	46	0	51	0	40	0	53	0	42	0	59	0
cell75	0	55	48	5	47	0	62	1	47	0	32	0	52	0	54	0	53	3	60	0
cell76	2	32	59	0	51	0	53	0	61	1	40	0	58	1	52	1	42	0	36	19
cell77	0	57	37	0	51	1	61	4	45	0	52	0	45	0	49	0	59	0	49	0
cell78	0	49	4	48	50	0	48	5	43	0	29	15	43	0	54	0	37	1	55	0
cell79	0	50	20	25	37	10	56	0	49	0	36	0	49	1	52	0	45	0	62	0
cell80	0	53	22	21	17	25	60	0	43	0	49	0	41	0	52	0	52	1	38	0
cell81	0	44	9	37	46	0	37	19	43	0	31	11	36	24	43	3	47	0	60	2
cell82	0	52	0	40	52	0	8	38	54	4	40	29	36	0	43	0	42	0	54	0
cell83	0	55	25	28	47	2	47	0	57	0	47	0	44	0	46	0	44	3	45	0
cell84	1	40	20	16	55	0	53	7	61	0	61	1	43	0	60	2	52	0	40	0
cell85	0	60	28	22	24	36	41	0	56	0	47	0	49	2	51	2	44	0	53	5
cell86	1	51	21	33	46	2	53	0	29	4	47	8	45	5	49	0	52	0	63	0
cell87	0	34	0	54	42	0	4	36	44	2	8	46	37	15	50	3	45	0	47	0
cell88	0	42	44	1	46	1	45	0	56	0	37	0	49	1	48	3	51	5	42	0
cell89	0	47	49	0	52	0	48	0	63	9	52	0	59	0	59	0	42	0	36	19
cell90	0	40	47	0	53	1	54	2	63	0	48	0	41	0	54	0	63	0	9	46
cell91	0	54	36	21	40	0	40	12	45	0	42	1	41	0	52	0	48	0	47	0
cell92	0	50	15	35	44	0	40	11	55	3	51	0	52	0	48	0	44	1	55	0
cell93	0	40	22	20	56	0	59	1	65	0	44	0	43	2	51	0	48	0	49	0
cell94	1	49	19	30	49	1	48	0	38	21	50	0	56	0	56	2	54	0	51	0
cell95	3	43	0	41	57	1	11	30	56	0	17	28	42	17	41	15	56	0	42	0
cell96	0	36	27	18	36	0	72	0	37	6	55	0	48	0	42	1	57	0	46	0
cell97	0	46	51	0	47	0	58	1	62	0	44	0	54	0	60	0	52	0	49	1
cell98	0	61	55	0	50	0	53	0	49	1	57	4	45	0	29	0	32	0	51	0
cell99	3	51	3	36	47	0	21	19	57	0	31	15	42	7	50	5	59	0	49	0
cell100	0	60	12	44	53	0	19	37	44	3	43	12	44	0	55	0	50	1	55	0
