52 43 0 28 0 16 3 0 0 0 0
49 50 0 15 0 24 15 0 0 0 0
54 8 0 0 0 2 0 0 0 0 0
46 48 0 38 0 26 7 0 1 0 0
47 5 20 9 3 0 0 0 0 0 0
39 43 0 26 0 41 19 0 0 0 0
44 29 20 0 0 0 0 0 0 0 0
56 36 0 0 28 1 0 1 20 0 0
58 0 0 6 0 0 0 0 0 0 0
45 32 0 33 0 13 0 1 0 0 0
42 37 0 7 0 2 1 0 0 0 0
39 53 0 33 1 32 26 15 0 0 0
43 55 7 0 3 0 0 0 0 0 0
53 0 0 0 1 4 1 0 0 1 0
48 1 0 0 0 0 0 0 0 25 0
47 15 23 0 0 0 0 0 0 0 0
30 45 3 18 0 11 2 0 2 0 0
52 25 0 0 29 3 0 0 0 0 0
41 47 0 0 15 0 0 0 0 0 0
54 47 0 3 18 0 1 1 1 0 0
57 22 0 0 16 0 0 0 0 0 0
41 33 0 12 0 19 11 10 0 0 0
56 20 2 1 0 3 0 0 0 0 0
53 0 0 0 0 2 0 0 0 46 0
40 20 0 27 0 2 0 0 0 0 0
44 24 0 20 0 0 0 0 0 0 0
53 23 0 0 0 0 0 3 1 0 0
53 38 3 17 0 9 0 0 0 0 0
47 4 0 0 0 0 0 0 0 2 0
38 45 0 26 0 0 0 0 0 0 0
51 0 8 0 1 0 1 0 0 28 0
56 22 5 0 42 3 0 0 0 2 0
49 2 0 0 1 0 2 3 0 38 0
48 24 0 0 17 0 0 0 8 8 0
47 28 0 4 1 0 0 0 0 0 0
42 35 1 0 38 0 1 0 5 0 0
45 31 0 0 14 0 0 0 10 0 0
46 30 0 0 0 0 0 4 0 0 0
43 4 0 0 0 0 0 0 0 10 0
57 35 0 39 0 16 0 0 0 1 0
55 10 0 15 0 0 0 0 0 0 0
41 0 0 0 0 3 12 1 0 44 0
53 37 0 2 27 0 0 0 10 0 0
60 0 0 0 0 0 0 0 0 1 0
79 9 1 0 0 1 6 0 0 0 0
62 44 0 25 0 0 0 0 3 0 0
41 32 0 30 0 17 0 0 2 0 0
42 0 0 0 8 0 0 0 0 41 0
57 32 0 30 0 35 2 1 0 0 0
60 44 0 25 0 13 5 0 0 0 0
40 19 3 23 0 0 0 1 0 0 0
41 7 0 7 0 0 0 0 0 0 0
43 50 0 30 0 22 10 0 0 0 0
56 40 0 0 0 0 0 0 0 0 0
51 35 0 8 0 0 0 0 0 3 0
44 43 2 45 1 28 17 15 1 0 0
60 45 0 0 42 1 0 0 1 0 0
63 0 0 0 0 0 0 0 0 37 0
55 30 0 7 0 2 0 1 0 2 0
58 37 0 31 0 34 0 0 0 0 0
54 29 0 33 0 10 0 0 0 0 0
52 20 6 0 38 0 0 2 0 0 0
53 51 0 35 0 23 18 1 0 3 0
43 0 7 0 1 0 0 0 0 37 0
33 0 0 0 0 10 0 0 1 3 0
54 36 0 35 1 12 0 0 0 0 0
32 28 0 0 26 1 0 0 20 0 0
51 0 0 1 0 0 3 0 0 0 0
45 54 0 44 0 21 29 31 0 0 0
47 0 1 1 0 0 3 0 1 0 0
51 37 0 19 0 0 0 0 1 0 0
53 0 0 0 1 0 0 0 0 35 0
55 7 4 0 0 0 0 0 0 0 0
63 32 25 3 0 0 0 0 0 0 0
55 5 0 1 0 0 0 0 3 0 0
32 0 0 0 1 0 1 1 0 19 0
57 0 1 4 0 0 0 0 0 0 0
49 48 0 5 0 15 0 0 1 0 0
50 25 10 0 0 0 1 0 0 0 0
53 21 25 0 0 0 0 0 1 0 0
44 37 0 19 0 11 24 3 0 2 0
52 40 0 38 4 29 0 0 0 0 0
55 28 2 0 0 0 0 0 3 0 0
40 16 0 7 0 1 0 2 0 0 0
60 22 36 0 0 0 2 2 0 5 0
51 33 2 0 4 8 5 0 0 0 0
34 54 0 36 2 46 15 3 0 0 0
42 1 1 0 0 0 1 3 5 0 0
47 0 0 0 9 0 0 0 0 19 0
40 0 1 2 0 0 0 0 0 46 0
54 21 0 12 0 1 0 0 0 0 0
50 35 0 11 3 0 0 0 1 0 0
40 20 0 1 0 0 2 0 0 0 0
49 30 1 0 21 0 0 2 0 0 0
43 41 1 30 0 28 17 15 0 0 0
36 18 0 0 6 0 0 1 0 0 0
46 0 0 1 0 0 0 0 0 1 0
61 0 0 0 1 4 0 0 0 0 0
51 36 0 19 0 15 7 5 0 0 0
60 44 0 37 3 12 0 0 1 0 0
