53 45 46 46 53 40 49 53 50 48 0
49 60 53 54 52 48 49 54 54 54 0
54 60 55 44 51 49 62 44 53 51 0
46 53 45 57 47 42 32 57 54 55 0
47 47 60 60 52 49 53 53 52 62 0
44 45 34 49 60 53 56 47 38 50 0
44 51 46 44 60 56 42 54 50 54 0
56 46 51 57 51 64 64 61 58 38 0
58 48 51 49 46 61 53 50 42 40 0
45 43 47 43 43 58 60 43 59 59 0
42 46 55 41 51 50 46 57 51 53 0
39 56 44 45 47 57 56 44 42 50 0
44 55 42 53 55 42 62 55 46 50 0
53 54 48 54 42 41 67 53 45 43 0
51 60 49 51 40 48 54 38 55 51 0
47 40 45 56 47 40 47 60 59 48 0
30 55 50 68 66 50 47 44 40 55 0
52 39 40 45 45 53 48 43 46 57 0
43 50 55 47 41 51 52 60 41 55 0
54 53 47 36 40 43 63 59 59 51 0
57 65 41 41 54 55 46 53 54 53 0
42 42 46 31 45 34 51 67 69 45 0
58 46 34 39 66 43 53 34 62 54 0
53 39 59 45 66 43 50 58 39 48 0
40 44 50 41 51 49 48 48 52 55 0
50 41 43 60 53 48 40 52 46 48 0
53 60 46 39 52 56 62 50 42 53 0
53 48 45 57 43 40 38 38 48 53 0
47 42 53 48 52 51 55 55 58 42 0
38 54 41 54 50 46 48 31 40 50 0
51 40 53 42 50 52 54 47 37 51 0
56 51 52 51 56 56 50 52 50 51 0
49 43 49 52 49 41 60 57 50 59 0
50 40 49 45 46 40 58 39 57 52 0
47 63 44 55 50 47 44 58 44 51 0
47 58 57 50 58 49 56 51 48 43 0
45 59 46 59 54 51 47 52 38 42 0
46 50 49 55 41 59 49 60 54 55 0
43 47 66 60 54 43 36 48 46 52 0
57 43 52 55 57 63 58 47 64 65 0
56 59 42 44 42 45 39 57 54 41 0
41 65 41 48 59 49 59 49 32 52 0
53 49 44 52 51 49 48 55 65 70 0
60 45 56 58 63 55 46 53 50 53 0
83 45 49 69 52 50 59 57 51 46 0
62 47 59 41 51 57 45 61 49 51 0
41 51 54 59 59 45 55 47 34 55 0
43 58 52 55 53 49 43 39 58 46 0
57 44 66 48 56 52 56 46 52 32 0
60 59 45 47 61 47 51 56 51 59 0
40 52 55 55 54 60 62 42 42 58 0
41 50 63 53 45 59 34 53 50 41 0
43 52 41 50 39 63 47 53 61 51 0
56 49 57 52 48 47 48 39 42 59 0
52 45 42 61 46 53 53 46 44 53 0
45 48 41 49 49 43 42 36 64 40 0
60 51 48 47 59 49 33 48 42 50 0
63 46 28 59 60 57 54 51 46 39 0
55 41 50 36 61 52 43 47 40 44 0
58 52 52 54 40 49 56 51 48 44 0
55 40 56 46 44 49 47 49 42 64 0
52 47 38 39 49 48 43 44 56 65 0
53 55 38 47 46 46 55 51 45 62 0
43 51 62 49 45 57 45 55 49 39 0
33 55 47 65 45 63 53 53 50 53 0
54 50 46 48 36 52 54 59 54 52 0
32 43 63 44 56 44 53 61 53 52 0
51 47 41 42 53 52 62 48 50 55 0
45 55 45 52 45 35 54 53 45 51 0
47 56 53 42 59 39 48 41 50 50 0
53 43 55 46 56 55 46 59 53 58 0
53 50 55 44 43 50 40 46 60 41 0
55 47 45 49 41 55 55 49 44 56 0
63 56 42 71 46 51 40 53 42 59 0
55 53 47 63 47 32 52 54 56 60 0
34 59 51 53 62 40 59 53 42 55 0
57 37 52 65 45 52 45 49 59 49 0
49 52 50 53 43 44 43 54 38 55 0
50 45 47 56 49 36 50 52 45 62 0
53 43 42 60 43 49 41 52 53 38 0
44 46 46 56 43 42 60 46 47 62 0
52 40 52 46 58 69 36 43 42 54 0
55 53 49 47 57 47 44 46 47 45 0
41 36 55 60 61 62 43 62 52 40 0
60 50 60 41 56 47 51 53 44 58 0
52 54 48 53 33 55 50 49 52 63 0
34 54 42 40 46 54 52 53 45 47 0
42 45 47 45 56 37 50 51 56 42 0
47 49 52 48 72 52 59 59 42 55 0
40 47 54 56 63 48 41 54 63 55 0
54 57 40 52 45 43 41 52 48 47 0
50 50 44 51 58 51 52 48 45 55 0
40 42 56 60 65 44 45 51 48 49 0
50 49 50 48 59 50 56 58 54 51 0
46 41 58 41 56 45 59 56 56 42 0
36 45 36 72 43 55 48 43 57 46 0
46 51 47 59 62 44 54 60 52 50 0
61 55 50 53 50 61 45 29 32 51 0
54 39 47 40 57 46 49 55 59 49 0
60 56 53 56 47 55 44 55 51 55 0
