0.9811 0.9556 0.0000 0.6087 0.0000 0.4000 0.0612 0.0000 0.0000 0.0000 0.0000
1.0000 0.8333 0.0000 0.2778 0.0000 0.5000 0.3061 0.0000 0.0000 0.0000 0.0000
1.0000 0.1333 0.0000 0.0000 0.0000 0.0408 0.0000 0.0000 0.0000 0.0000 0.0000
1.0000 0.9057 0.0000 0.6667 0.0000 0.6190 0.2188 0.0000 0.0185 0.0000 0.0000
1.0000 0.1064 0.3333 0.1500 0.0577 0.0000 0.0000 0.0000 0.0000 0.0000 0.0000
0.8864 0.9556 0.0000 0.5306 0.0000 0.7736 0.3393 0.0000 0.0000 0.0000 0.0000
1.0000 0.5686 0.4348 0.0000 0.0000 0.0000 0.0000 0.0000 0.0000 0.0000 0.0000
1.0000 0.7826 0.0000 0.0000 0.5490 0.0156 0.0000 0.0164 0.3448 0.0000 0.0000
1.0000 0.0000 0.0000 0.1224 0.0000 0.0000 0.0000 0.0000 0.0000 0.0000 0.0000
1.0000 0.7442 0.0000 0.7674 0.0000 0.2241 0.0000 0.0233 0.0000 0.0000 0.0000
1.0000 0.8043 0.0000 0.1707 0.0000 0.0400 0.0217 0.0000 0.0000 0.0000 0.0000
1.0000 0.9464 0.0000 0.7333 0.0213 0.5614 0.4643 0.3409 0.0000 0.0000 0.0000
0.9773 1.0000 0.1667 0.0000 0.0545 0.0000 0.0000 0.0000 0.0000 0.0000 0.0000
1.0000 0.0000 0.0000 0.0000 0.0238 0.0976 0.0149 0.0000 0.0000 0.0233 0.0000
0.9412 0.0167 0.0000 0.0000 0.0000 0.0000 0.0000 0.0000 0.0000 0.4902 0.0000
1.0000 0.3750 0.5111 0.0000 0.0000 0.0000 0.0000 0.0000 0.0000 0.0000 0.0000
1.0000 0.8182 0.0600 0.2647 0.0000 0.2200 0.0426 0.0000 0.0500 0.0000 0.0000
1.0000 0.6410 0.0000 0.0000 0.6444 0.0566 0.0000 0.0000 0.0000 0.0000 0.0000
0.9535 0.9400 0.0000 0.0000 0.3659 0.0000 0.0000 0.0000 0.0000 0.0000 0.0000
1.0000 0.8868 0.0000 0.0833 0.4500 0.0000 0.0159 0.0169 0.0169 0.0000 0.0000
1.0000 0.3385 0.0000 0.0000 0.2963 0.0000 0.0000 0.0000 0.0000 0.0000 0.0000
0.9762 0.7857 0.0000 0.3871 0.0000 0.5588 0.2157 0.1493 0.0000 0.0000 0.0000
0.9655 0.4348 0.0588 0.0256 0.0000 0.0698 0.0000 0.0000 0.0000 0.0000 0.0000
1.0000 0.0000 0.0000 0.0000 0.0000 0.0465 0.0000 0.0000 0.0000 0.9583 0.0000
1.0000 0.4545 0.0000 0.6585 0.0000 0.0408 0.0000 0.0000 0.0000 0.0000 0.0000
0.8800 0.5854 0.0000 0.3333 0.0000 0.0000 0.0000 0.0000 0.0000 0.0000 0.0000
1.0000 0.3833 0.0000 0.0000 0.0000 0.0000 0.0000 0.0600 0.0238 0.0000 0.0000
1.0000 0.7917 0.0667 0.2982 0.0000 0.2250 0.0000 0.0000 0.0000 0.0000 0.0000
1.0000 0.0952 0.0000 0.0000 0.0000 0.0000 0.0000 0.0000 0.0000 0.0476 0.0000
1.0000 0.8333 0.0000 0.4815 0.0000 0.0000 0.0000 0.0000 0.0000 0.0000 0.0000
1.0000 0.0000 0.1509 0.0000 0.0200 0.0000 0.0185 0.0000 0.0000 0.5490 0.0000
1.0000 0.4314 0.0962 0.0000 0.7500 0.0536 0.0000 0.0000 0.0000 0.0392 0.0000
1.0000 0.0465 0.0000 0.0000 0.0204 0.0000 0.0333 0.0526 0.0000 0.6441 0.0000
0.9600 0.6000 0.0000 0.0000 0.3696 0.0000 0.0000 0.0000 0.1404 0.1538 0.0000
1.0000 0.4444 0.0000 0.0727 0.0200 0.0000 0.0000 0.0000 0.0000 0.0000 0.0000
0.8936 0.6034 0.0175 0.0000 0.6552 0.0000 0.0179 0.0000 0.1042 0.0000 0.0000
1.0000 0.5254 0.0000 0.0000 0.2593 0.0000 0.0000 0.0000 0.2632 0.0000 0.0000
1.0000 0.6000 0.0000 0.0000 0.0000 0.0000 0.0000 0.0667 0.0000 0.0000 0.0000
1.0000 0.0851 0.0000 0.0000 0.0000 0.0000 0.0000 0.0000 0.0000 0.1923 0.0000
1.0000 0.8140 0.0000 0.7091 0.0000 0.2540 0.0000 0.0000 0.0000 0.0154 0.0000
0.9821 0.1695 0.0000 0.3409 0.0000 0.0000 0.0000 0.0000 0.0000 0.0000 0.0000
1.0000 0.0000 0.0000 0.0000 0.0000 0.0612 0.2034 0.0204 0.0000 0.8462 0.0000
1.0000 0.7551 0.0000 0.0385 0.5294 0.0000 0.0000 0.0000 0.1538 0.0000 0.0000
1.0000 0.0000 0.0000 0.0000 0.0000 0.0000 0.0000 0.0000 0.0000 0.0189 0.0000
0.9518 0.2000 0.0204 0.0000 0.0000 0.0200 0.1017 0.0000 0.0000 0.0000 0.0000
1.0000 0.9362 0.0000 0.6098 0.0000 0.0000 0.0000 0.0000 0.0612 0.0000 0.0000
1.0000 0.6275 0.0000 0.5085 0.0000 0.3778 0.0000 0.0000 0.0588 0.0000 0.0000
0.9767 0.0000 0.0000 0.0000 0.1509 0.0000 0.0000 0.0000 0.0000 0.8913 0.0000
1.0000 0.7273 0.0000 0.6250 0.0000 0.6731 0.0357 0.0217 0.0000 0.0000 0.0000
1.0000 0.7458 0.0000 0.5319 0.0000 0.2766 0.0980 0.0000 0.0000 0.0000 0.0000
1.0000 0.3654 0.0545 0.4182 0.0000 0.0000 0.0000 0.0238 0.0000 0.0000 0.0000
1.0000 0.1400 0.0000 0.1321 0.0000 0.0000 0.0000 0.0000 0.0000 0.0000 0.0000
1.0000 0.9615 0.0000 0.6000 0.0000 0.3492 0.2128 0.0000 0.0000 0.0000 0.0000
1.0000 0.8163 0.0000 0.0000 0.0000 0.0000 0.0000 0.0000 0.0000 0.0000 0.0000
0.9808 0.7778 0.0000 0.1311 0.0000 0.0000 0.0000 0.0000 0.0000 0.0566 0.0000
0.9778 0.8958 0.0488 0.9184 0.0204 0.6512 0.4048 0.4167 0.0156 0.0000 0.0000
1.0000 0.8824 0.0000 0.0000 0.7119 0.0204 0.0000 0.0000 0.0238 0.0000 0.0000
1.0000 0.0000 0.0000 0.0000 0.0000 0.0000 0.0000 0.0000 0.0000 0.9487 0.0000
1.0000 0.7317 0.0000 0.1944 0.0000 0.0385 0.0000 0.0213 0.0000 0.0455 0.0000
1.0000 0.7115 0.0000 0.5741 0.0000 0.6939 0.0000 0.0000 0.0000 0.0000 0.0000
0.9818 0.7250 0.0000 0.7174 0.0000 0.2041 0.0000 0.0000 0.0000 0.0000 0.0000
1.0000 0.4255 0.1579 0.0000 0.7755 0.0000 0.0000 0.0455 0.0000 0.0000 0.0000
1.0000 0.9273 0.0000 0.7447 0.0000 0.5000 0.3273 0.0196 0.0000 0.0484 0.0000
1.0000 0.0000 0.1129 0.0000 0.0222 0.0000 0.0000 0.0000 0.0000 0.9487 0.0000
1.0000 0.0000 0.0000 0.0000 0.0000 0.1587 0.0000 0.0000 0.0200 0.0566 0.0000
1.0000 0.7200 0.0000 0.7292 0.0278 0.2308 0.0000 0.0000 0.0000 0.0000 0.0000
1.0000 0.6512 0.0000 0.0000 0.4643 0.0227 0.0000 0.0000 0.3774 0.0000 0.0000
1.0000 0.0000 0.0000 0.0238 0.0000 0.0000 0.0484 0.0000 0.0000 0.0000 0.0000
1.0000 0.9818 0.0000 0.8462 0.0000 0.6000 0.5370 0.5849 0.0000 0.0000 0.0000
1.0000 0.0000 0.0189 0.0238 0.0000 0.0000 0.0625 0.0000 0.0200 0.0000 0.0000
0.9623 0.8605 0.0000 0.4130 0.0000 0.0000 0.0000 0.0000 0.0189 0.0000 0.0000
1.0000 0.0000 0.0000 0.0000 0.0233 0.0000 0.0000 0.0000 0.0000 0.8537 0.0000
1.0000 0.1489 0.0889 0.0000 0.0000 0.0000 0.0000 0.0000 0.0000 0.0000 0.0000
1.0000 0.5714 0.5952 0.0423 0.0000 0.0000 0.0000 0.0000 0.0000 0.0000 0.0000
1.0000 0.0943 0.0000 0.0159 0.0000 0.0000 0.0000 0.0000 0.0536 0.0000 0.0000
0.9412 0.0000 0.0000 0.0000 0.0161 0.0000 0.0169 0.0189 0.0000 0.3455 0.0000
1.0000 0.0000 0.0192 0.0615 0.0000 0.0000 0.0000 0.0000 0.0000 0.0000 0.0000
1.0000 0.9231 0.0000 0.0943 0.0000 0.3409 0.0000 0.0000 0.0263 0.0000 0.0000
1.0000 0.5556 0.2128 0.0000 0.0000 0.0000 0.0200 0.0000 0.0000 0.0000 0.0000
1.0000 0.4884 0.5952 0.0000 0.0000 0.0000 0.0000 0.0000 0.0189 0.0000 0.0000
1.0000 0.8043 0.0000 0.3393 0.0000 0.2619 0.4000 0.0652 0.0000 0.0323 0.0000
1.0000 1.0000 0.0000 0.8261 0.0690 0.4203 0.0000 0.0000 0.0000 0.0000 0.0000
1.0000 0.5283 0.0408 0.0000 0.0000 0.0000 0.0000 0.0000 0.0638 0.0000 0.0000
0.9756 0.4444 0.0000 0.1167 0.0000 0.0161 0.0000 0.0323 0.0000 0.0000 0.0000
1.0000 0.4400 0.6000 0.0000 0.0000 0.0000 0.0392 0.0377 0.0000 0.0862 0.0000
0.9808 0.6111 0.0417 0.0000 0.1212 0.1455 0.1000 0.0000 0.0000 0.0000 0.0000
1.0000 1.0000 0.0000 0.9000 0.0435 0.8519 0.2885 0.0566 0.0000 0.0000 0.0000
1.0000 0.0222 0.0213 0.0000 0.0000 0.0000 0.0200 0.0588 0.0893 0.0000 0.0000
1.0000 0.0000 0.0000 0.0000 0.1250 0.0000 0.0000 0.0000 0.0000 0.3455 0.0000
1.0000 0.0000 0.0185 0.0357 0.0000 0.0000 0.0000 0.0000 0.0000 0.8364 0.0000
1.0000 0.3684 0.0000 0.2308 0.0000 0.0233 0.0000 0.0000 0.0000 0.0000 0.0000
1.0000 0.7000 0.0000 0.2157 0.0517 0.0000 0.0000 0.0000 0.0222 0.0000 0.0000
1.0000 0.4762 0.0000 0.0167 0.0000 0.0000 0.0444 0.0000 0.0000 0.0000 0.0000
0.9800 0.6122 0.0200 0.0000 0.3559 0.0000 0.0000 0.0345 0.0000 0.0000 0.0000
0.9348 1.0000 0.0172 0.7317 0.0000 0.6222 0.2881 0.2679 0.0000 0.0000 0.0000
1.0000 0.4000 0.0000 0.0000 0.1395 0.0000 0.0000 0.0233 0.0000 0.0000 0.0000
1.0000 0.0000 0.0000 0.0169 0.0000 0.0000 0.0000 0.0000 0.0000 0.0200 0.0000
1.0000 0.0000 0.0000 0.0000 0.0200 0.0656 0.0000 0.0000 0.0000 0.0000 0.0000
0.9444 0.9231 0.0000 0.4750 0.0000 0.3261 0.1429 0.0909 0.0000 0.0000 0.0000
1.0000 0.7857 0.0000 0.6607 0.0638 0.2182 0.0000 0.0000 0.0196 0.0000 0.0000
