0.0830 0.0724 0.0000 0.4574 0.0000 0.2280 0.1592 0.0000 0.0000 0.0000
0.1553 0.2934 0.0000 0.0973 0.0000 0.0663 0.3877 0.0000 0.0000 0.0000
0.8202 0.1798 0.0000 0.0000 0.0000 0.0000 0.0000 0.0000 0.0000 0.0000
0.1288 0.1164 0.0000 0.1787 0.0000 0.2800 0.1741 0.1219 0.0000 0.0000
0.5483 0.3741 0.0776 0.0000 0.0000 0.0000 0.0000 0.0000 0.0000 0.0000
0.1646 0.1482 0.0000 0.0893 0.0000 0.0587 0.4581 0.0812 0.0000 0.0000
0.4643 0.2963 0.2394 0.0000 0.0000 0.0000 0.0000 0.0000 0.0000 0.0000
0.1493 0.1994 0.0000 0.0000 0.3029 0.0000 0.0000 0.0000 0.3484 0.0000
1.0000 0.0000 0.0000 0.0000 0.0000 0.0000 0.0000 0.0000 0.0000 0.0000
0.2369 0.2605 0.0000 0.3057 0.0000 0.1969 0.0000 0.0000 0.0000 0.0000
0.2244 0.4364 0.0000 0.2748 0.0000 0.0644 0.0000 0.0000 0.0000 0.0000
0.0732 0.2454 0.0000 0.1553 0.0000 0.0648 0.1565 0.3047 0.0000 0.0000
0.1254 0.6206 0.0000 0.0000 0.2541 0.0000 0.0000 0.0000 0.0000 0.0000
1.0000 0.0000 0.0000 0.0000 0.0000 0.0000 0.0000 0.0000 0.0000 0.0000
0.7155 0.0000 0.0000 0.0000 0.0000 0.0000 0.0000 0.0000 0.0000 0.2845
0.4690 0.2070 0.3241 0.0000 0.0000 0.0000 0.0000 0.0000 0.0000 0.0000
0.1212 0.4655 0.0000 0.2109 0.0000 0.0842 0.1182 0.0000 0.0000 0.0000
0.1345 0.1574 0.0000 0.0000 0.7081 0.0000 0.0000 0.0000 0.0000 0.0000
0.1438 0.4451 0.0000 0.0000 0.3450 0.0000 0.0000 0.0000 0.0661 0.0000
0.2183 0.5222 0.0000 0.0000 0.2596 0.0000 0.0000 0.0000 0.0000 0.0000
0.6328 0.0524 0.0000 0.0000 0.3147 0.0000 0.0000 0.0000 0.0000 0.0000
0.0838 0.1430 0.0000 0.3234 0.0000 0.1993 0.1162 0.1343 0.0000 0.0000
0.5486 0.4514 0.0000 0.0000 0.0000 0.0000 0.0000 0.0000 0.0000 0.0000
0.0715 0.0000 0.0000 0.0000 0.0000 0.0000 0.0000 0.0000 0.0000 0.9285
0.5559 0.1416 0.0000 0.1915 0.0000 0.1110 0.0000 0.0000 0.0000 0.0000
0.2820 0.5624 0.0000 0.1556 0.0000 0.0000 0.0000 0.0000 0.0000 0.0000
0.6249 0.3751 0.0000 0.0000 0.0000 0.0000 0.0000 0.0000 0.0000 0.0000
0.2042 0.4314 0.0000 0.1567 0.0000 0.2077 0.0000 0.0000 0.0000 0.0000
0.8527 0.1473 0.0000 0.0000 0.0000 0.0000 0.0000 0.0000 0.0000 0.0000
0.2852 0.3211 0.0000 0.3937 0.0000 0.0000 0.0000 0.0000 0.0000 0.0000
0.6218 0.0000 0.0000 0.0000 0.0000 0.0000 0.0000 0.0000 0.0000 0.3782
0.3208 0.0723 0.0000 0.0000 0.6069 0.0000 0.0000 0.0000 0.0000 0.0000
0.1535 0.0000 0.0000 0.0000 0.0000 0.0000 0.0000 0.0000 0.0000 0.8465
0.4747 0.3306 0.0000 0.0000 0.1947 0.0000 0.0000 0.0000 0.0000 0.0000
0.4053 0.5947 0.0000 0.0000 0.0000 0.0000 0.0000 0.0000 0.0000 0.0000
0.2072 0.1742 0.0000 0.0000 0.5532 0.0000 0.0000 0.0000 0.0655 0.0000
0.4012 0.2600 0.0000 0.0000 0.1450 0.0000 0.0000 0.0000 0.1938 0.0000
0.2350 0.7650 0.0000 0.0000 0.0000 0.0000 0.0000 0.0000 0.0000 0.0000
0.8717 0.0000 0.0000 0.0000 0.0000 0.0000 0.0000 0.0000 0.0000 0.1283
0.1760 0.3375 0.0000 0.2162 0.0000 0.2702 0.0000 0.0000 0.0000 0.0000
0.4097 0.2951 0.0000 0.2952 0.0000 0.0000 0.0000 0.0000 0.0000 0.0000
0.2122 0.0000 0.0000 0.0000 0.0000 0.0000 0.0000 0.0000 0.0000 0.7878
0.2891 0.0808 0.0000 0.0000 0.3791 0.0000 0.0000 0.0000 0.2510 0.0000
1.0000 0.0000 0.0000 0.0000 0.0000 0.0000 0.0000 0.0000 0.0000 0.0000
0.5993 0.4007 0.0000 0.0000 0.0000 0.0000 0.0000 0.0000 0.0000 0.0000
0.0721 0.0922 0.0000 0.8357 0.0000 0.0000 0.0000 0.0000 0.0000 0.0000
0.1382 0.2026 0.0000 0.2243 0.0000 0.3831 0.0519 0.0000 0.0000 0.0000
0.2746 0.0000 0.0000 0.0000 0.0000 0.0000 0.0000 0.0000 0.0000 0.7254
0.0669 0.3102 0.0000 0.2244 0.0000 0.1988 0.0605 0.1392 0.0000 0.0000
0.3136 0.2927 0.0000 0.0817 0.0000 0.3119 0.0000 0.0000 0.0000 0.0000
0.2882 0.4583 0.0000 0.1850 0.0000 0.0686 0.0000 0.0000 0.0000 0.0000
0.7708 0.1401 0.0000 0.0891 0.0000 0.0000 0.0000 0.0000 0.0000 0.0000
0.0955 0.2477 0.0000 0.2229 0.0000 0.1715 0.2624 0.0000 0.0000 0.0000
0.4053 0.5947 0.0000 0.0000 0.0000 0.0000 0.0000 0.0000 0.0000 0.0000
0.3494 0.4331 0.0000 0.2175 0.0000 0.0000 0.0000 0.0000 0.0000 0.0000
0.0940 0.1651 0.0000 0.0740 0.0000 0.2218 0.0976 0.3475 0.0000 0.0000
0.1006 0.2178 0.0000 0.0000 0.6817 0.0000 0.0000 0.0000 0.0000 0.0000
0.1923 0.0000 0.0000 0.0000 0.0000 0.0000 0.0000 0.0000 0.0000 0.8077
0.2778 0.4051 0.0000 0.3171 0.0000 0.0000 0.0000 0.0000 0.0000 0.0000
0.1964 0.0789 0.0000 0.1445 0.0000 0.5802 0.0000 0.0000 0.0000 0.0000
0.2516 0.0866 0.0000 0.2624 0.0000 0.3321 0.0674 0.0000 0.0000 0.0000
0.2984 0.0740 0.0000 0.0000 0.6276 0.0000 0.0000 0.0000 0.0000 0.0000
0.1429 0.0605 0.0000 0.1740 0.0000 0.1593 0.3176 0.1457 0.0000 0.0000
0.0978 0.0000 0.0000 0.0000 0.0000 0.0000 0.0000 0.0000 0.0000 0.9022
1.0000 0.0000 0.0000 0.0000 0.0000 0.0000 0.0000 0.0000 0.0000 0.0000
0.3918 0.1154 0.0000 0.1891 0.0000 0.1746 0.1290 0.0000 0.0000 0.0000
0.1698 0.1464 0.0000 0.0000 0.2630 0.0000 0.0000 0.0000 0.4208 0.0000
1.0000 0.0000 0.0000 0.0000 0.0000 0.0000 0.0000 0.0000 0.0000 0.0000
0.0786 0.1897 0.0000 0.1483 0.0000 0.1608 0.0659 0.3567 0.0000 0.0000
1.0000 0.0000 0.0000 0.0000 0.0000 0.0000 0.0000 0.0000 0.0000 0.0000
0.1601 0.2775 0.0000 0.5624 0.0000 0.0000 0.0000 0.0000 0.0000 0.0000
0.2333 0.0000 0.0000 0.0000 0.0000 0.0000 0.0000 0.0000 0.0000 0.7667
0.7413 0.2587 0.0000 0.0000 0.0000 0.0000 0.0000 0.0000 0.0000 0.0000
0.1866 0.2127 0.6007 0.0000 0.0000 0.0000 0.0000 0.0000 0.0000 0.0000
1.0000 0.0000 0.0000 0.0000 0.0000 0.0000 0.0000 0.0000 0.0000 0.0000
0.5477 0.0000 0.0000 0.0000 0.0000 0.0000 0.0000 0.0000 0.0000 0.4523
1.0000 0.0000 0.0000 0.0000 0.0000 0.0000 0.0000 0.0000 0.0000 0.0000
0.1264 0.5720 0.0000 0.1459 0.0000 0.1558 0.0000 0.0000 0.0000 0.0000
0.4466 0.2741 0.2792 0.0000 0.0000 0.0000 0.0000 0.0000 0.0000 0.0000
0.4168 0.1552 0.4280 0.0000 0.0000 0.0000 0.0000 0.0000 0.0000 0.0000
0.2612 0.3047 0.0000 0.0846 0.0000 0.1403 0.0535 0.1556 0.0000 0.0000
0.0796 0.1392 0.0000 0.2456 0.0000 0.5356 0.0000 0.0000 0.0000 0.0000
0.2236 0.6447 0.1317 0.0000 0.0000 0.0000 0.0000 0.0000 0.0000 0.0000
0.6456 0.0511 0.0000 0.0852 0.0000 0.2181 0.0000 0.0000 0.0000 0.0000
0.2176 0.5758 0.2066 0.0000 0.0000 0.0000 0.0000 0.0000 0.0000 0.0000
0.3937 0.6063 0.0000 0.0000 0.0000 0.0000 0.0000 0.0000 0.0000 0.0000
0.0776 0.1737 0.0000 0.0769 0.0000 0.3877 0.2841 0.0000 0.0000 0.0000
1.0000 0.0000 0.0000 0.0000 0.0000 0.0000 0.0000 0.0000 0.0000 0.0000
0.7860 0.0000 0.0000 0.0000 0.0000 0.0000 0.0000 0.0000 0.0000 0.2140
0.0950 0.0000 0.0000 0.0000 0.0000 0.0000 0.0000 0.0000 0.0000 0.9050
0.5440 0.2492 0.0000 0.1234 0.0000 0.0835 0.0000 0.0000 0.0000 0.0000
0.2054 0.4923 0.0000 0.3023 0.0000 0.0000 0.0000 0.0000 0.0000 0.0000
0.4485 0.5515 0.0000 0.0000 0.0000 0.0000 0.0000 0.0000 0.0000 0.0000
0.2970 0.3186 0.0000 0.0000 0.3844 0.0000 0.0000 0.0000 0.0000 0.0000
0.1092 0.1445 0.0000 0.2115 0.0000 0.1923 0.1214 0.2211 0.0000 0.0000
0.5845 0.2902 0.0000 0.0000 0.1253 0.0000 0.0000 0.0000 0.0000 0.0000
1.0000 0.0000 0.0000 0.0000 0.0000 0.0000 0.0000 0.0000 0.0000 0.0000
1.0000 0.0000 0.0000 0.0000 0.0000 0.0000 0.0000 0.0000 0.0000 0.0000
0.2154 0.1747 0.0000 0.3566 0.0000 0.0618 0.0669 0.1246 0.0000 0.0000
0.2090 0.1315 0.0000 0.4657 0.0000 0.1938 0.0000 0.0000 0.0000 0.0000
