	mut15	mut15	mut1	mut1	mut2	mut2	mut3	mut3	mut4	mut4	mut5	mut5	mut6	mut6	mut7	mut7	mut8	mut8	mut9	mut9	mut10	mut10	mut11	mut11	mut12	mut12	mut13	mut13	mut14	mut14
cell1	0	45	63	0	60	0	37	0	44	0	46	0	49	0	54	0	51	0	41	13	62	0	55	0	56	1	60	0	46	0
cell2	4	57	13	45	6	38	45	0	47	0	54	0	57	0	53	0	48	0	47	0	35	3	49	0	47	0	47	0	43	0
cell3	0	55	42	3	41	2	40	13	52	0	48	0	54	0	46	0	53	2	32	14	47	2	46	0	40	0	41	1	45	0
cell4	0	53	4	37	42	7	57	0	28	34	46	0	42	0	49	0	51	0	56	2	55	1	44	0	57	0	38	0	66	0
cell5	0	50	54	2	42	1	47	1	52	0	54	0	41	1	56	0	60	0	54	0	59	0	57	0	47	0	58	0	47	0
cell6	0	48	52	0	60	2	51	1	38	0	59	0	44	0	45	2	61	0	20	20	47	0	57	0	44	8	41	0	38	1
cell7	0	44	3	42	61	3	49	0	20	27	63	0	51	0	52	0	28	25	44	0	40	10	52	0	50	0	49	1	39	0
cell8	0	42	42	18	42	0	48	4	47	0	53	0	50	0	46	0	50	0	42	1	51	0	61	0	50	0	42	0	46	0
cell9	0	61	1	50	56	0	28	23	59	0	29	12	36	15	39	0	64	0	36	2	46	0	40	0	50	0	44	0	60	0
cell10	0	46	2	49	45	0	31	29	52	0	52	0	43	0	51	3	55	0	55	0	47	5	49	0	48	0	58	0	47	0
cell11	0	45	0	56	35	10	48	0	13	32	52	0	59	0	44	2	16	16	60	0	28	20	45	3	49	0	55	4	40	1
cell12	0	36	18	29	40	10	37	6	52	0	60	0	35	0	53	0	42	0	41	0	61	0	41	0	58	0	57	0	49	0
cell13	0	48	5	40	55	0	9	37	48	4	9	41	15	27	21	24	43	0	42	0	47	3	54	0	60	0	65	0	50	0
cell14	0	50	5	37	52	10	49	0	18	29	40	3	45	0	52	0	39	12	58	0	60	1	49	0	45	2	59	0	50	0
cell15	0	59	1	44	47	1	48	0	2	40	57	2	43	0	46	3	28	23	47	0	47	3	47	0	59	0	54	0	39	0
cell16	0	51	27	16	43	0	18	28	51	4	36	9	48	0	45	0	61	0	52	0	65	0	51	0	46	0	35	0	53	0
cell17	0	53	30	26	41	6	45	0	53	0	52	1	45	0	53	0	43	2	54	0	51	0	52	0	53	0	66	2	44	4
cell18	0	54	4	39	55	0	7	42	50	0	22	25	18	26	45	5	50	6	50	0	38	0	47	7	44	0	65	0	48	1
cell19	0	41	10	35	26	29	53	0	42	8	50	0	47	0	59	0	60	0	51	0	43	1	48	0	46	6	40	0	54	0
cell20	0	59	19	33	57	3	24	34	58	1	29	27	21	15	43	2	45	0	51	0	44	0	46	0	59	0	49	0	58	5
cell21	0	43	53	0	42	0	58	0	50	0	52	0	44	1	43	0	46	0	36	11	55	0	41	0	39	3	44	0	50	0
cell22	0	43	54	0	45	0	45	0	46	3	40	0	51	0	54	1	40	0	20	21	29	0	46	0	24	30	40	0	51	0
cell23	0	40	24	25	54	1	57	10	45	0	50	0	40	1	51	0	57	0	43	0	65	0	49	2	62	0	50	0	53	0
cell24	0	52	5	43	47	1	41	0	21	28	44	0	54	2	63	0	32	22	57	0	29	17	47	2	59	0	60	0	50	0
cell25	0	44	45	0	41	0	51	0	45	0	47	0	44	0	42	0	60	4	8	51	49	0	45	1	47	1	49	0	67	1
cell26	0	50	46	0	58	0	41	0	54	0	51	0	54	0	46	0	53	1	52	0	53	0	51	0	72	1	41	0	50	0
cell27	1	64	21	23	60	0	50	0	27	21	40	0	48	0	43	2	49	2	57	2	45	3	43	0	57	0	45	0	53	0
cell28	0	43	6	49	38	15	52	0	29	20	53	0	61	1	49	0	19	32	44	0	50	16	41	13	41	0	41	1	49	0
cell29	0	46	10	39	51	2	37	0	31	20	54	0	51	0	52	4	27	13	53	3	30	13	47	2	43	0	38	0	51	1
cell30	0	62	5	45	27	17	53	0	34	12	66	1	56	0	51	0	48	3	49	0	54	0	44	0	51	0	49	7	55	0
cell31	0	47	11	29	53	7	42	0	8	43	44	0	48	1	49	1	40	18	59	0	47	7	49	0	50	0	42	0	48	0
cell32	2	45	54	0	41	0	55	0	53	0	47	0	46	0	48	0	57	0	13	40	53	0	52	0	33	22	54	0	51	2
cell33	0	56	52	0	49	1	49	0	48	0	49	6	54	0	49	0	57	0	55	0	56	0	44	1	52	0	41	0	53	0
cell34	0	47	0	53	33	10	49	2	8	43	40	0	49	0	42	0	22	34	54	0	25	19	42	0	44	0	48	6	38	0
cell35	1	58	4	31	31	28	64	4	52	10	44	1	46	0	56	0	54	0	51	1	53	0	60	0	45	0	48	0	51	0
cell36	0	48	2	53	48	10	53	0	22	32	48	0	52	2	48	0	36	6	47	0	36	19	46	2	54	0	38	8	62	0
cell37	0	53	2	47	53	0	9	38	53	0	47	3	57	0	54	0	39	0	56	0	45	0	47	0	48	0	33	0	57	0
cell38	0	53	1	40	16	37	40	0	54	0	45	0	45	7	40	1	50	0	56	0	43	0	43	0	51	0	51	0	67	0
cell39	1	56	16	28	48	4	30	20	51	4	38	13	46	0	60	0	56	3	52	0	51	0	50	0	55	0	52	0	49	1
cell40	5	53	5	40	63	0	11	34	50	3	48	0	48	0	53	0	50	0	51	0	66	0	57	1	29	0	40	0	46	0
cell41	4	59	23	34	42	0	15	33	61	0	21	37	43	20	48	0	63	0	45	0	55	0	46	0	48	0	55	0	69	0
cell42	0	49	32	12	42	6	55	0	51	0	41	0	54	0	39	0	37	0	51	0	37	3	59	0	44	2	50	0	53	0
cell43	1	54	9	43	31	16	61	0	24	25	46	1	48	0	49	0	38	0	55	0	60	0	46	1	55	0	44	0	43	1
cell44	0	47	13	49	48	0	27	31	57	0	41	3	43	0	46	0	38	0	43	8	40	0	54	0	63	0	56	0	52	0
cell45	0	53	16	45	53	15	72	0	18	37	67	2	42	0	49	0	51	3	58	0	58	0	51	1	46	0	46	0	45	0
cell46	4	48	29	15	43	0	26	28	47	0	27	11	52	1	64	0	56	0	56	0	46	0	48	0	65	0	57	0	51	0
cell47	0	56	5	39	50	0	12	34	49	0	18	14	38	6	54	0	59	0	55	0	56	0	52	1	43	0	55	0	38	0
cell48	0	43	16	49	43	3	47	1	8	35	57	8	66	0	55	0	11	29	49	0	23	29	61	0	45	2	52	0	51	0
cell49	0	45	57	0	50	0	60	0	53	0	41	0	55	1	60	0	50	0	34	2	38	0	55	0	44	7	63	0	54	0
cell50	3	47	57	0	56	0	56	2	44	0	45	1	47	4	50	0	51	0	3	45	36	2	51	0	44	2	49	0	49	0
cell51	0	49	4	61	56	0	56	0	4	50	53	2	57	0	42	0	27	27	49	0	44	9	32	26	51	0	43	8	50	0
cell52	0	45	1	41	37	6	58	0	17	35	61	0	50	1	56	0	17	32	57	3	27	15	58	0	51	3	49	1	47	0
cell53	1	53	65	1	48	0	60	0	52	5	53	2	45	0	45	0	54	0	57	0	42	6	40	0	53	0	41	0	43	2
cell54	0	58	45	5	52	2	54	0	51	0	52	0	44	0	49	0	45	3	24	27	36	0	57	0	30	35	50	3	51	0
cell55	0	57	19	28	47	0	25	25	60	0	38	0	47	0	49	0	44	0	42	0	45	1	49	0	54	0	62	0	50	0
cell56	0	62	34	0	43	0	36	1	45	0	41	0	48	12	49	0	61	0	32	19	47	0	35	0	45	1	51	0	29	0
cell57	0	67	20	29	48	1	53	0	26	30	49	0	52	0	56	1	42	17	42	0	26	15	32	13	38	5	34	7	69	0
cell58	0	57	7	38	58	3	47	0	54	0	50	0	54	0	57	0	46	0	58	0	45	0	42	0	50	0	47	1	56	0
cell59	0	42	53	0	61	0	47	0	49	0	54	0	53	0	55	0	54	0	43	6	45	1	53	0	54	0	61	1	44	0
cell60	0	38	3	38	42	0	52	0	20	23	54	0	43	0	48	6	28	5	50	0	40	17	36	4	46	0	46	1	61	1
cell61	7	40	52	0	45	0	37	10	45	0	51	0	44	0	56	0	59	0	63	0	43	0	42	0	38	0	59	0	52	0
cell62	0	49	0	40	18	26	47	8	22	23	55	0	53	0	44	0	35	23	56	0	36	5	64	0	57	0	46	0	47	3
cell63	0	63	34	0	47	0	51	0	50	0	55	0	59	0	59	0	48	1	40	12	62	0	57	0	31	0	56	0	45	0
cell64	0	46	12	42	44	3	51	0	31	13	45	0	45	1	40	1	39	5	48	0	47	0	46	5	40	0	50	0	62	0
cell65	0	39	27	21	40	12	53	0	34	12	54	0	48	0	46	0	21	25	37	11	63	0	72	0	61	0	43	1	49	0
cell66	0	49	11	30	33	14	39	4	34	11	56	0	50	0	68	0	31	16	50	0	37	1	47	0	50	1	47	0	45	0
cell67	0	47	68	0	46	0	55	0	41	0	58	0	49	0	42	0	43	0	53	1	36	0	56	0	43	0	36	1	54	0
cell68	0	42	12	40	57	2	50	0	24	21	38	9	58	0	45	1	26	26	44	0	25	20	38	1	45	1	44	1	52	0
cell69	1	46	50	0	57	0	55	0	45	3	50	0	48	0	55	0	48	0	45	0	46	1	56	0	55	0	52	0	54	0
cell70	0	40	17	39	41	7	35	11	47	0	57	0	40	0	57	0	52	0	50	0	55	0	56	0	54	0	57	0	44	0
cell71	0	54	2	50	42	1	41	0	33	23	35	0	54	0	51	0	30	10	42	1	34	7	52	4	42	0	39	0	47	0
cell72	0	45	41	1	54	2	39	0	53	0	41	3	57	0	45	0	48	0	19	31	47	1	35	3	47	0	51	1	51	0
cell73	0	52	7	39	43	3	61	0	30	13	47	0	57	0	67	0	31	11	44	0	39	0	42	4	55	1	49	0	48	1
cell74	0	59	1	37	55	1	47	5	4	42	49	0	51	0	60	0	35	24	55	0	22	40	40	6	62	0	38	0	52	0
cell75	0	44	7	37	37	15	51	0	52	1	58	0	49	0	52	0	50	0	51	0	46	0	42	0	61	0	46	0	39	3
cell76	0	54	25	27	34	15	49	1	13	29	50	3	56	0	62	0	29	20	58	0	46	3	48	0	44	0	63	0	47	0
cell77	0	39	57	1	44	0	55	2	57	0	39	0	47	0	44	0	42	0	53	0	44	0	54	0	56	7	56	0	39	1
cell78	0	37	17	37	73	2	45	8	53	0	52	9	48	4	42	0	45	0	42	2	54	0	47	3	42	0	57	2	62	0
cell79	2	50	4	36	46	0	35	27	50	4	44	10	46	0	48	0	49	0	44	0	44	0	49	0	46	0	55	0	47	6
cell80	0	56	28	21	40	11	51	0	67	0	63	1	45	0	47	0	57	0	57	0	53	0	47	0	47	0	54	0	43	3
cell81	0	44	26	16	46	0	66	0	55	0	48	3	57	1	54	0	46	0	49	1	41	0	57	0	38	3	51	0	44	0
cell82	0	43	3	46	39	4	30	21	46	0	23	26	47	0	40	0	50	0	52	0	56	0	62	0	49	0	40	16	26	12
cell83	0	45	1	47	48	1	57	1	15	44	51	0	59	0	34	0	11	40	44	0	10	39	48	6	43	0	38	10	51	2
cell84	1	57	16	30	48	6	39	0	32	27	51	0	41	1	57	0	36	7	52	1	60	7	70	0	40	0	35	0	51	0
cell85	0	48	13	34	44	7	57	0	49	0	60	0	48	0	41	0	37	0	42	0	47	0	64	0	63	0	42	0	41	2
cell86	0	55	8	42	46	0	28	7	53	0	57	0	63	0	45	0	49	5	46	0	58	1	43	1	51	0	49	0	54	0
cell87	0	46	0	43	39	8	56	0	14	46	51	0	36	1	51	0	38	14	42	4	31	23	45	3	54	2	48	4	65	0
cell88	1	51	42	0	63	0	54	1	50	3	41	0	37	0	54	0	44	0	45	0	49	0	58	0	43	0	51	0	56	2
cell89	0	59	40	0	60	0	53	1	47	0	55	0	51	2	56	1	52	5	4	63	40	0	44	0	33	9	54	3	50	0
cell90	0	49	6	53	43	0	21	40	55	0	44	0	50	0	40	0	45	0	53	0	54	0	39	0	44	0	45	0	60	0
cell91	0	50	13	41	58	0	7	55	42	7	29	10	42	10	42	5	53	2	59	0	53	0	47	0	45	0	43	5	40	0
cell92	0	45	0	44	38	7	49	0	30	33	51	0	52	0	44	0	28	12	37	7	51	0	46	0	49	0	58	0	50	0
cell93	0	63	13	40	38	0	11	26	53	0	39	12	46	2	46	0	47	1	31	6	49	0	52	0	45	0	58	0	53	9
cell94	0	60	0	46	42	0	37	5	44	0	60	0	49	0	48	0	37	0	56	0	54	0	50	0	52	0	53	0	53	0
cell95	0	53	58	0	49	0	42	0	53	0	49	0	41	0	53	2	63	0	15	45	47	0	59	0	49	0	67	1	64	0
cell96	0	50	6	47	58	0	13	28	58	1	15	39	45	15	43	0	46	0	50	0	31	0	56	6	43	0	47	0	54	1
cell97	1	47	12	29	55	0	42	14	51	4	48	0	68	1	53	0	49	0	53	0	41	0	52	0	51	0	43	0	48	0
cell98	0	53	10	35	56	1	51	3	28	21	38	4	53	0	38	0	35	15	57	0	39	8	50	0	41	0	65	0	49	0
cell99	0	47	44	0	41	2	49	2	47	0	41	0	37	0	50	0	53	2	9	43	46	0	47	0	9	36	51	0	47	0
cell100	0	51	11	32	45	0	26	26	45	0	47	0	57	0	61	0	47	0	62	0	47	1	54	0	54	0	55	3	44	0
cell101	0	52	3	39	47	0	8	47	55	0	38	10	38	0	39	4	49	0	42	0	41	0	58	0	53	0	44	0	62	0
cell102	2	40	20	39	50	0	36	15	52	1	35	15	39	1	47	0	60	0	48	0	53	0	49	1	56	0	45	0	49	0
cell103	0	64	52	1	52	0	52	0	49	2	57	0	45	0	53	0	50	0	46	0	53	0	41	1	44	12	46	0	59	0
cell104	0	64	0	54	58	0	14	38	45	0	45	6	51	0	56	0	52	1	49	0	54	0	52	0	52	0	44	4	49	9
cell105	2	49	12	33	40	2	13	34	50	0	42	4	46	16	59	0	51	0	47	2	49	0	48	0	54	0	57	0	46	0
cell106	0	55	14	35	57	0	13	37	48	1	31	22	42	17	38	4	52	0	53	5	55	0	57	0	38	0	58	0	49	0
cell107	0	45	10	43	41	0	31	24	33	0	36	14	53	0	53	0	48	0	61	0	63	0	53	0	55	0	37	0	38	14
cell108	0	43	49	0	33	0	67	0	49	0	48	1	73	0	59	1	49	0	18	26	72	0	55	0	25	27	48	0	51	0
cell109	1	49	3	50	36	3	55	0	21	26	51	0	45	0	55	1	10	30	46	5	24	23	59	0	35	0	45	9	60	0
cell110	0	56	2	56	40	0	1	51	50	0	52	0	46	0	51	0	54	0	58	0	52	0	44	0	40	0	47	0	52	0
cell111	0	47	54	4	47	0	54	0	68	0	46	0	51	0	56	0	58	0	52	0	47	0	43	0	52	0	42	0	44	0
cell112	0	53	1	46	51	7	58	0	18	25	51	0	54	0	53	0	33	28	50	0	66	0	53	0	50	0	53	0	47	0
cell113	0	55	10	40	46	0	50	0	29	17	46	4	49	0	54	0	35	27	62	0	22	18	42	9	52	0	45	0	59	0
cell114	0	52	51	0	42	0	57	0	52	0	67	0	51	1	55	0	45	0	11	34	58	0	51	0	46	7	43	0	39	0
cell115	0	52	13	32	48	0	21	32	47	0	56	2	57	0	42	0	56	4	71	0	54	0	52	0	39	0	44	0	50	6
cell116	0	60	27	22	20	24	62	0	67	0	58	0	52	0	44	0	48	0	55	0	49	0	56	0	54	0	52	1	56	0
cell117	0	42	11	45	55	0	17	33	39	0	26	24	51	11	45	5	46	1	51	0	59	0	57	0	49	0	46	0	64	0
cell118	0	45	58	0	52	7	53	0	56	0	51	0	59	6	47	0	44	0	7	40	43	0	45	0	18	18	66	0	51	0
cell119	4	59	2	54	37	16	44	0	10	48	51	0	49	0	39	0	34	18	51	0	29	13	26	30	48	0	57	1	32	0
cell120	0	48	7	44	35	13	50	0	20	33	53	0	49	0	47	1	30	12	54	0	45	0	40	3	41	1	52	2	48	0
cell121	0	60	10	34	37	14	63	0	37	18	58	0	37	1	55	0	38	11	51	0	52	1	53	0	55	0	44	0	48	0
cell122	0	54	52	0	54	0	50	0	59	0	55	0	46	0	51	3	46	0	44	0	59	0	45	0	45	0	56	0	58	0
cell123	0	49	18	25	33	12	21	31	50	0	48	0	51	0	45	1	58	0	53	1	45	1	53	0	50	7	51	0	61	0
cell124	0	50	48	0	43	0	39	7	47	4	53	0	46	0	45	4	51	8	40	16	54	0	51	0	33	14	53	1	41	0
cell125	0	35	53	0	40	0	52	0	41	0	45	0	47	0	53	0	51	1	51	0	49	0	65	1	63	0	51	0	44	0
cell126	1	48	43	2	48	4	55	0	54	0	50	0	42	0	50	0	44	0	7	42	56	0	43	0	66	0	66	0	46	0
cell127	0	49	18	42	50	0	25	14	43	3	43	10	53	0	50	2	47	3	39	0	56	0	47	0	61	0	61	0	49	0
cell128	9	38	4	48	43	0	3	43	59	0	17	26	29	34	33	5	43	1	53	0	52	0	49	0	47	0	39	0	36	0
cell129	2	50	8	40	61	0	23	27	52	0	57	0	58	0	53	0	50	0	53	0	55	5	46	0	49	0	43	12	52	1
cell130	0	53	7	49	46	0	64	0	17	39	42	0	45	0	46	0	13	32	48	0	43	9	60	1	42	0	47	0	57	0
cell131	0	47	4	46	41	18	38	0	53	1	44	0	58	1	50	2	47	2	48	0	60	0	58	0	40	0	50	3	40	0
cell132	2	44	7	42	50	2	56	0	22	31	47	0	57	0	44	1	14	38	42	1	25	43	33	7	55	0	37	6	48	3
cell133	0	55	1	41	51	0	22	30	54	0	52	0	42	0	54	2	46	3	36	0	60	0	50	0	48	0	61	0	42	0
cell134	0	50	64	0	58	0	49	0	54	0	53	0	53	0	55	0	49	1	49	0	42	0	55	0	47	0	51	0	54	0
cell135	0	54	55	0	45	0	55	0	52	0	39	4	43	0	55	0	43	0	47	7	55	0	49	0	53	0	42	0	63	0
cell136	0	49	0	59	25	10	47	0	24	38	56	0	49	2	48	0	20	23	63	1	48	9	38	4	51	0	47	0	48	0
cell137	0	39	18	25	46	0	20	25	56	0	33	22	38	3	36	4	48	0	41	0	46	0	46	0	49	0	60	0	47	0
cell138	0	35	28	27	40	1	50	0	40	11	54	0	49	0	49	0	40	0	45	0	56	0	52	0	55	0	61	0	47	0
cell139	0	51	3	42	47	4	46	0	21	42	51	3	49	0	54	0	18	31	31	1	45	11	55	0	46	0	64	0	56	0
cell140	1	59	7	29	47	0	20	30	56	0	36	11	49	0	58	0	51	0	48	0	55	0	47	1	50	0	30	2	57	2
cell141	3	48	54	0	38	0	46	0	40	1	37	0	43	0	53	1	60	0	9	36	49	0	47	0	57	0	51	0	60	0
cell142	8	43	55	0	41	0	56	0	52	0	61	1	57	1	45	0	64	0	54	0	46	0	51	0	36	2	47	0	57	0
cell143	0	48	16	33	36	2	54	1	23	22	52	0	50	0	53	0	40	7	52	0	52	3	54	2	41	0	58	0	37	0
cell144	1	39	54	0	60	0	48	0	45	0	39	0	38	0	41	6	38	0	50	0	64	0	47	2	60	0	48	0	46	0
cell145	0	39	15	33	40	6	45	0	29	24	58	0	46	0	49	2	56	0	44	0	61	4	69	0	56	0	49	0	45	0
cell146	0	60	34	25	44	0	25	23	46	0	30	23	27	9	40	7	44	0	36	0	40	10	58	0	44	0	43	0	45	0
cell147	0	50	50	0	52	0	48	0	49	0	48	1	49	0	48	0	43	0	31	16	36	0	55	0	41	11	49	0	49	0
cell148	6	55	22	27	36	0	38	1	47	1	43	0	43	0	39	0	52	1	57	0	62	0	54	9	50	0	50	0	42	1
cell149	0	33	10	38	34	14	51	0	30	30	45	2	44	1	49	0	37	11	53	0	51	7	39	0	51	1	57	0	65	0
cell150	1	37	12	32	51	0	38	22	50	2	57	3	46	0	39	0	48	0	39	0	45	0	51	0	41	0	56	0	45	0
cell151	1	39	16	40	33	13	56	0	33	13	50	2	60	0	51	0	50	8	60	2	51	0	57	0	65	0	44	0	46	0
cell152	0	44	19	44	52	0	23	23	56	0	27	16	54	9	47	0	57	0	51	0	51	0	52	0	60	0	66	1	37	0
cell153	0	47	16	42	41	0	15	24	51	1	52	0	50	0	56	0	53	0	59	0	55	0	56	0	61	0	54	0	47	0
cell154	0	35	14	31	39	4	40	0	42	11	65	2	68	0	53	0	43	7	58	0	38	12	45	0	53	0	55	0	43	1
cell155	0	40	52	1	43	0	46	0	49	0	50	0	45	0	60	0	61	0	44	9	40	0	61	0	54	0	48	1	47	0
cell156	0	53	6	47	41	7	49	5	24	22	42	0	47	0	46	7	24	28	59	5	31	20	47	1	46	0	33	8	46	0
cell157	0	53	20	31	43	3	52	0	21	25	51	0	52	0	54	0	21	25	41	3	22	31	38	13	57	0	44	5	51	0
cell158	0	58	10	28	53	1	54	0	10	34	41	3	54	0	52	0	50	8	54	0	58	0	62	0	43	4	62	0	45	0
cell159	0	42	45	0	42	3	49	0	49	0	48	0	52	2	47	0	59	0	50	0	42	0	53	1	50	2	61	0	52	0
cell160	0	41	47	5	47	0	48	0	51	0	44	1	53	0	50	0	61	0	34	0	53	1	53	3	60	0	50	1	51	0
cell161	0	47	5	44	63	0	3	35	44	4	19	27	39	16	52	0	53	0	47	0	42	0	57	0	61	3	48	0	44	0
cell162	0	55	50	0	52	0	57	0	55	0	50	2	45	0	60	0	36	0	46	1	51	3	48	0	43	0	54	2	44	0
cell163	0	50	7	53	21	23	40	0	27	19	45	0	54	0	59	1	42	0	47	7	47	0	60	0	54	0	56	0	53	1
cell164	0	45	2	51	36	16	45	0	25	28	47	0	52	0	52	0	39	25	52	0	33	19	43	3	52	0	48	5	44	3
cell165	0	41	2	42	34	7	52	0	37	1	51	0	50	0	42	0	48	1	45	0	48	0	39	1	58	1	48	0	49	3
cell166	0	54	9	43	23	27	62	0	45	4	55	2	47	0	55	0	36	14	46	1	34	1	49	16	53	0	46	0	43	0
cell167	0	58	4	45	57	1	60	0	11	31	33	3	51	1	50	0	8	56	54	0	25	20	40	20	44	0	52	0	44	0
cell168	0	53	27	18	58	0	37	19	55	0	39	18	53	0	45	0	41	0	51	0	51	1	55	0	45	0	56	0	54	13
cell169	0	47	0	42	56	0	12	50	67	0	9	39	23	27	43	11	49	0	46	0	44	0	62	0	37	0	51	0	43	0
cell170	0	60	5	50	41	0	19	27	42	0	52	3	51	0	56	0	53	1	48	0	50	0	44	1	43	0	39	0	52	0
cell171	0	39	56	0	54	0	48	0	55	0	38	0	40	0	50	0	47	0	44	0	41	0	51	0	52	0	39	0	52	0
cell172	1	49	7	42	46	4	44	0	40	2	57	3	46	0	46	0	16	15	56	1	27	16	25	12	43	0	46	0	55	2
cell173	0	49	2	54	32	7	60	0	8	31	44	0	55	0	47	0	30	24	70	0	20	21	40	10	48	0	57	2	58	0
cell174	0	55	9	49	41	1	48	0	11	40	55	0	51	0	46	0	24	24	52	0	23	23	32	9	47	0	39	16	51	0
cell175	1	50	38	17	37	2	35	17	45	2	54	0	48	0	37	0	53	0	55	2	53	4	42	0	58	0	55	0	51	3
cell176	0	50	15	32	46	12	44	0	35	3	52	0	48	2	53	0	50	0	51	0	61	0	57	0	57	0	56	0	50	0
cell177	0	51	6	44	37	9	28	9	28	18	42	0	54	0	46	1	43	7	55	0	51	0	45	0	43	0	36	0	43	0
cell178	0	50	6	42	42	0	23	28	52	0	14	30	26	22	36	9	50	0	48	0	56	0	57	0	52	0	42	0	45	0
cell179	0	52	7	42	36	11	49	0	40	10	47	2	39	0	49	0	23	33	61	1	45	4	48	0	41	0	37	16	55	0
cell180	0	55	43	0	39	0	57	1	43	0	53	0	51	0	52	0	57	0	19	30	39	4	55	0	47	2	40	0	51	0
cell181	0	51	0	44	54	0	41	8	60	2	47	0	52	0	42	0	57	0	56	0	42	0	36	0	49	0	54	0	50	0
cell182	0	54	1	45	50	0	56	0	53	0	49	0	38	1	59	0	45	0	58	5	44	0	59	0	48	0	54	0	48	1
cell183	0	46	8	37	40	0	9	33	50	4	23	41	45	1	59	0	55	0	52	0	49	0	55	0	49	0	60	0	29	12
cell184	0	61	8	39	48	0	36	13	46	0	37	0	60	0	57	0	54	0	46	0	46	0	51	0	44	13	55	0	46	0
cell185	0	48	8	34	45	11	48	0	20	25	54	0	57	0	53	0	26	19	56	0	54	0	45	0	43	0	38	0	41	2
cell186	0	45	8	53	41	0	56	0	13	23	53	0	53	0	46	0	13	31	51	0	21	27	45	8	56	0	37	8	50	0
cell187	0	40	4	51	52	0	51	0	33	18	48	0	65	0	57	0	12	34	49	3	42	1	68	1	56	0	47	2	60	2
cell188	0	54	38	9	54	0	56	0	45	0	47	1	61	0	65	0	46	5	52	0	40	0	49	0	47	0	45	1	63	0
cell189	1	49	1	42	53	6	16	33	57	0	24	24	52	2	45	6	56	0	41	0	41	0	53	0	52	0	47	0	44	0
cell190	1	47	49	0	44	0	51	0	52	0	55	0	53	0	55	1	45	0	2	39	59	0	54	1	47	11	42	0	72	0
cell191	0	47	39	14	52	0	43	9	47	1	55	2	41	0	38	0	53	0	60	0	49	0	44	0	47	1	45	1	39	3
cell192	2	47	10	55	55	0	18	35	48	0	36	10	47	0	56	0	61	6	49	0	51	0	45	1	54	0	53	0	36	19
cell193	0	45	46	1	50	0	51	0	48	0	57	0	54	0	56	0	43	0	25	38	34	0	50	0	56	0	53	3	54	1
cell194	0	68	0	45	58	0	3	41	61	0	20	38	37	6	41	1	54	0	42	0	59	1	54	0	40	4	49	3	42	11
cell195	0	45	8	49	52	5	43	2	50	0	43	0	44	2	50	0	61	0	48	0	47	0	60	1	47	0	53	0	50	0
cell196	0	57	20	28	49	0	47	6	54	1	47	0	47	0	55	0	60	6	50	0	46	0	50	0	42	0	45	0	42	0
cell197	0	66	0	60	40	16	44	0	46	0	52	0	35	0	53	0	58	0	53	0	58	2	45	0	51	0	55	0	46	0
cell198	1	38	23	29	12	26	44	0	61	1	48	0	55	0	42	2	44	0	55	0	50	0	54	0	43	0	48	0	45	0
cell199	0	65	11	47	53	1	24	27	48	0	38	14	39	8	58	0	34	3	48	0	50	2	45	2	51	0	60	0	58	0
cell200	0	57	58	0	50	1	41	0	54	0	54	0	47	1	37	0	49	0	13	54	52	0	53	0	52	2	44	0	56	0
cell201	0	47	23	37	48	6	39	0	40	11	47	0	44	0	62	0	37	5	51	0	49	0	43	0	40	0	47	0	39	5
cell202	0	66	50	0	41	0	60	0	59	0	44	0	46	0	52	3	46	0	52	0	49	0	50	0	47	0	39	6	48	0
cell203	0	28	17	42	47	0	9	31	41	0	54	9	45	3	58	0	44	0	38	0	42	0	49	0	46	0	58	3	58	0
cell204	0	58	17	36	30	9	32	0	44	11	48	1	47	0	53	0	48	0	67	0	41	0	39	1	54	1	63	0	58	0
cell205	0	45	8	41	45	0	8	37	37	0	31	34	42	0	44	5	56	2	37	0	63	0	55	0	50	3	60	0	38	8
cell206	0	46	49	0	54	0	45	1	50	0	39	3	51	0	52	1	54	0	47	0	37	0	50	0	51	0	43	0	51	0
cell207	0	53	45	5	41	0	44	0	46	0	48	0	52	0	49	0	48	0	56	0	46	0	59	0	62	0	45	0	51	6
cell208	1	43	12	35	27	21	51	0	19	31	48	1	57	0	59	0	52	0	56	0	39	0	45	0	50	0	47	0	55	1
cell209	3	47	1	48	41	16	68	0	26	28	48	0	41	1	65	1	13	31	42	0	41	15	24	16	58	0	45	0	55	0
cell210	1	42	15	33	54	0	19	35	40	0	8	41	5	44	33	13	44	0	48	4	47	0	48	2	41	0	29	0	52	0
cell211	0	47	5	57	53	0	39	15	49	0	28	27	48	5	50	0	54	0	57	0	57	0	46	0	46	0	56	0	58	0
cell212	0	52	51	0	47	0	50	1	56	0	47	5	45	0	52	0	46	0	23	27	60	1	60	0	52	0	58	1	27	0
cell213	0	46	53	2	45	0	44	0	46	0	54	0	53	0	44	0	46	1	48	0	51	0	44	1	46	1	37	4	55	1
cell214	0	42	13	49	45	3	45	0	31	15	47	0	45	0	38	1	35	20	50	0	33	20	32	15	41	3	46	1	43	0
cell215	1	58	4	38	59	5	48	0	18	28	42	1	59	0	52	1	26	35	53	0	42	12	51	0	57	0	51	2	51	0
cell216	0	49	61	0	56	0	52	2	40	0	45	0	59	0	42	0	59	0	6	40	52	0	43	0	49	0	61	0	52	0
cell217	0	54	17	34	53	0	22	33	50	0	30	10	37	7	60	0	44	2	58	0	63	0	39	0	38	0	38	0	52	0
cell218	0	55	41	12	65	17	43	0	58	1	56	0	38	0	44	0	74	0	47	0	34	0	52	0	46	0	45	0	68	0
cell219	0	56	11	40	40	1	13	46	50	0	28	24	32	19	31	9	45	0	58	0	49	1	53	1	49	3	58	0	50	0
cell220	0	53	41	0	37	0	55	3	38	1	55	5	45	10	49	0	46	0	43	0	39	1	45	0	43	7	47	0	41	0
cell221	0	49	8	34	43	3	45	0	21	23	56	0	47	0	54	2	27	20	49	0	35	6	38	0	36	0	38	0	36	0
cell222	0	46	1	43	37	1	45	1	20	22	51	0	52	0	42	0	40	23	56	0	44	14	45	0	48	1	46	0	48	0
cell223	0	49	9	37	47	0	18	49	41	0	29	32	31	8	54	0	51	0	58	0	69	0	45	0	43	0	40	0	46	0
cell224	0	53	27	14	43	0	26	19	58	0	36	0	44	0	39	1	52	0	44	0	57	1	53	0	52	0	45	0	41	0
cell225	0	47	45	0	56	4	41	0	76	0	53	0	39	0	52	0	51	0	66	0	50	0	49	0	48	0	61	0	44	0
cell226	5	41	0	46	53	0	23	18	62	0	31	11	37	19	40	0	45	0	58	0	57	0	41	0	63	0	46	0	48	7
cell227	0	45	16	43	60	1	60	1	12	46	52	0	48	0	50	0	28	36	62	0	46	9	42	0	63	0	39	0	55	0
cell228	0	64	12	46	48	7	43	0	26	17	37	0	53	0	46	2	44	15	54	0	52	0	48	0	56	5	46	0	49	0
cell229	0	43	34	21	58	0	53	0	52	0	52	0	48	2	46	1	51	1	55	0	41	0	47	0	44	0	52	0	38	0
cell230	0	57	15	34	44	0	24	25	60	0	39	0	60	4	49	0	44	0	63	1	49	0	52	0	44	0	39	0	64	0
cell231	0	50	22	34	53	0	44	1	52	0	53	0	52	1	55	1	68	0	47	1	57	0	49	2	57	0	52	0	37	0
cell232	0	56	6	46	37	3	27	32	53	6	10	39	33	11	19	17	47	1	58	0	43	0	55	2	46	0	47	5	52	0
cell233	0	41	32	13	49	8	39	0	54	0	60	0	41	0	51	0	52	0	61	1	47	0	49	0	47	0	65	0	51	2
cell234	0	56	0	55	30	27	50	2	34	26	47	0	41	1	56	0	42	12	46	4	51	0	39	3	53	0	51	0	54	0
cell235	0	57	3	45	46	10	47	0	24	18	42	0	50	2	45	0	40	12	53	0	54	0	60	1	54	0	49	0	42	3
cell236	0	47	15	24	64	0	29	18	49	0	29	20	56	0	44	0	52	0	71	0	50	1	37	2	59	0	39	0	51	4
cell237	0	54	0	54	49	0	18	28	59	1	40	9	41	10	53	0	59	0	68	0	47	0	49	0	49	0	57	0	43	0
cell238	0	47	1	48	53	0	5	47	54	0	22	27	46	0	48	0	38	5	50	0	52	0	42	0	48	0	55	0	35	9
cell239	0	39	47	2	42	0	51	2	39	0	52	0	48	3	53	0	62	0	56	0	50	0	52	0	62	0	53	1	43	0
cell240	0	56	20	41	43	3	63	0	27	34	37	0	52	0	34	0	49	0	52	0	49	0	56	4	60	0	44	0	36	0
cell241	0	54	57	0	54	0	60	0	40	0	54	4	49	0	56	0	55	0	8	49	44	5	61	0	50	0	48	0	56	0
cell242	0	52	1	55	50	7	53	0	28	17	48	0	50	0	52	0	21	34	57	0	38	14	43	0	40	0	55	0	43	2
cell243	0	50	24	26	28	27	48	0	46	0	57	0	45	0	50	3	43	0	52	0	63	0	50	0	35	1	43	1	39	1
cell244	0	52	3	50	48	0	31	12	51	0	56	0	35	0	57	0	43	0	43	0	43	0	49	1	42	0	39	0	35	5
cell245	0	56	45	6	35	2	54	0	54	0	62	0	44	1	53	0	50	0	43	0	53	0	49	1	56	0	46	0	56	0
cell246	0	56	11	43	50	3	27	32	39	2	36	9	42	6	45	1	49	2	40	0	49	3	43	0	40	0	43	0	43	0
cell247	1	49	58	0	44	0	52	0	46	0	53	0	59	0	53	0	51	0	26	30	40	0	41	9	29	22	41	0	43	2
cell248	0	42	13	34	65	0	30	11	37	0	47	4	54	0	49	0	48	0	41	0	53	0	52	3	51	0	49	0	45	0
cell249	0	53	2	45	45	5	52	0	32	19	44	0	55	0	49	0	26	10	57	0	47	6	45	0	61	0	38	0	52	0
cell250	1	48	2	41	42	7	51	0	11	28	41	0	62	0	48	0	13	39	53	0	23	18	45	8	60	0	55	0	54	0
cell251	0	52	46	0	42	0	60	0	49	0	47	0	43	4	63	0	46	0	35	4	59	0	61	0	53	0	52	0	65	0
cell252	0	54	28	19	40	1	52	0	51	0	38	0	63	0	47	0	53	0	51	4	55	7	51	0	49	0	43	0	46	1
cell253	0	51	57	0	48	0	55	0	37	0	57	0	47	0	44	0	35	1	48	0	57	0	51	0	55	0	52	0	52	1
cell254	0	57	9	38	33	9	58	0	19	44	47	0	50	0	59	0	28	23	44	0	63	0	48	0	59	0	47	6	44	1
cell255	0	57	2	43	48	12	56	0	18	24	49	0	43	7	41	0	24	31	38	0	20	35	39	16	48	0	58	0	54	0
cell256	0	63	21	25	48	14	60	0	56	0	39	2	52	4	53	0	46	0	47	0	50	0	39	0	41	0	50	0	49	0
cell257	0	41	4	52	52	0	45	3	32	24	40	1	64	0	55	0	42	9	48	0	29	16	60	4	52	0	49	0	49	0
cell258	0	43	8	45	61	0	10	40	48	0	31	26	27	6	65	1	53	0	42	0	49	0	45	0	54	0	50	0	44	0
cell259	3	35	15	36	69	0	53	0	53	1	48	1	30	5	49	0	40	0	52	1	43	0	37	1	51	0	66	0	52	0
cell260	0	59	7	37	72	1	14	38	47	0	39	12	64	0	47	0	49	0	51	0	61	0	46	2	39	3	51	0	50	0
cell261	3	52	7	46	57	0	12	56	40	0	33	24	44	0	65	0	58	0	43	0	45	0	38	0	54	0	40	0	31	8
cell262	0	41	7	45	32	0	26	15	47	4	41	8	44	0	49	0	57	0	50	0	47	0	39	3	50	0	59	0	54	1
cell263	0	48	12	45	33	12	36	0	15	40	46	0	44	2	47	0	18	44	50	0	36	20	39	1	42	2	54	1	47	0
cell264	0	43	17	36	23	9	52	0	30	15	47	0	48	0	54	0	28	25	59	0	29	13	55	5	42	7	50	0	38	0
cell265	0	51	7	47	51	7	47	0	16	28	48	0	44	1	50	0	32	24	51	1	30	17	61	0	33	3	45	0	58	0
cell266	0	47	47	0	51	0	56	0	49	2	55	0	49	0	48	0	35	0	2	43	44	0	63	0	50	0	51	1	56	0
cell267	0	55	6	44	52	0	27	26	49	0	22	18	45	0	60	1	48	0	60	0	60	0	50	2	58	0	45	3	43	0
cell268	0	41	12	33	40	14	59	0	26	13	41	0	49	0	43	0	54	0	42	3	50	4	61	0	56	0	53	4	51	0
cell269	0	57	16	32	34	21	53	0	34	22	62	0	49	5	55	0	49	0	61	0	43	0	46	1	43	0	49	0	67	0
cell270	0	50	12	32	60	0	48	0	55	0	55	2	48	2	41	8	41	0	49	0	54	0	47	3	45	1	51	8	52	0
cell271	0	57	55	0	52	0	51	2	46	0	46	0	45	0	49	0	54	0	43	0	30	10	51	0	48	0	47	0	47	0
cell272	0	54	14	37	51	0	15	24	49	0	43	17	45	1	41	0	48	0	56	0	43	0	43	1	40	0	49	1	41	1
cell273	0	50	36	11	57	0	55	0	61	0	51	0	34	0	47	0	54	0	45	0	47	0	48	0	51	1	62	0	50	0
cell274	0	48	11	30	42	13	57	0	31	14	37	0	51	0	49	0	31	16	45	0	39	10	60	0	52	0	39	9	57	0
cell275	0	42	50	0	57	0	52	0	48	0	50	1	54	0	46	3	45	0	44	0	53	0	38	0	41	0	45	4	51	0
cell276	0	51	2	51	21	29	51	0	34	8	47	0	70	0	38	0	52	2	54	0	45	0	51	0	61	0	39	1	40	0
cell277	1	52	15	40	34	11	49	1	47	1	55	0	52	0	52	2	48	2	57	0	54	0	45	0	51	0	48	0	44	0
cell278	0	41	3	49	38	10	48	0	28	23	44	0	41	0	56	0	28	18	53	0	37	25	41	6	53	0	49	4	49	1
cell279	1	47	14	38	41	2	48	6	19	32	51	0	50	0	47	0	20	22	55	1	41	8	56	0	40	6	53	0	54	0
cell280	0	55	11	40	34	21	51	0	36	17	58	0	43	0	56	0	70	2	53	0	38	0	60	0	51	0	49	0	49	1
cell281	0	44	3	61	48	6	55	0	8	43	46	0	48	0	49	0	18	34	36	0	33	13	48	7	42	0	39	4	54	0
cell282	0	52	0	54	28	20	54	0	20	29	43	3	54	0	50	0	39	12	46	0	37	3	38	6	48	0	56	0	51	2
cell283	0	45	12	40	38	6	45	0	35	30	49	0	46	0	41	0	36	17	46	0	40	10	50	1	33	0	35	0	54	0
cell284	0	67	4	42	30	28	42	0	22	27	55	0	40	0	50	0	46	0	47	2	39	8	48	0	62	2	49	0	43	0
cell285	1	48	47	0	50	0	50	0	69	0	43	1	50	0	42	0	41	0	46	0	59	0	38	0	54	0	55	0	50	0
cell286	0	56	12	51	53	0	12	34	48	1	15	23	32	20	54	0	37	0	60	0	53	0	46	0	53	0	46	1	50	2
cell287	0	46	31	17	45	1	48	0	40	2	39	0	51	0	67	0	67	0	51	0	45	0	49	0	45	4	58	0	43	5
cell288	1	51	14	51	52	0	17	33	39	1	37	11	38	6	52	0	45	0	60	0	55	1	59	0	38	0	51	0	59	0
cell289	0	41	1	63	48	0	1	60	47	0	5	43	14	26	50	12	52	0	49	0	48	0	47	0	62	0	44	0	50	0
cell290	0	43	7	38	27	4	44	0	32	7	52	0	58	0	29	0	49	1	61	0	47	0	55	0	31	0	56	0	40	0
cell291	2	44	7	43	41	23	52	0	36	19	39	0	45	0	50	0	30	17	34	0	34	12	52	3	58	1	47	2	48	0
cell292	0	46	22	33	54	2	56	0	31	15	51	0	47	0	44	1	54	0	28	0	44	0	44	0	52	0	52	0	45	3
cell293	1	46	7	47	40	0	44	2	52	0	63	0	42	0	41	3	41	0	40	0	57	0	43	0	44	0	45	4	48	2
cell294	0	54	10	47	10	27	50	0	55	1	52	0	55	0	62	2	51	0	54	3	48	0	54	0	51	0	54	0	41	0
cell295	2	33	0	48	42	0	14	42	57	0	12	24	49	0	48	0	49	0	51	0	52	1	50	0	54	0	41	0	18	28
cell296	0	47	11	28	54	5	48	0	20	15	55	0	51	0	66	0	46	0	46	0	39	0	56	0	53	0	38	5	50	0
cell297	0	51	37	15	44	0	27	15	46	1	34	14	41	14	45	0	59	0	46	1	53	0	43	0	39	0	58	0	55	0
cell298	0	47	1	60	44	0	12	33	44	0	27	20	48	0	54	0	62	1	40	0	53	7	43	0	49	0	46	0	43	0
cell299	1	62	43	0	42	0	57	0	47	0	49	0	47	0	61	0	56	0	3	33	60	0	51	0	11	50	61	0	45	0
cell300	1	49	20	28	52	0	51	0	43	0	41	4	33	2	38	0	69	0	53	0	39	0	46	0	57	0	47	0	52	0
cell301	0	46	9	34	53	0	15	33	51	0	46	3	47	0	48	0	44	0	63	0	37	1	45	1	60	0	48	0	53	0
cell302	0	51	11	39	39	0	26	18	53	0	43	19	33	4	39	10	59	1	49	0	49	0	52	0	47	0	62	1	40	5
cell303	0	60	0	51	26	13	37	1	14	35	52	0	55	0	54	0	19	42	49	1	16	31	37	17	52	0	46	6	58	0
cell304	1	54	7	38	44	0	10	41	60	0	53	6	60	0	54	0	49	0	48	0	48	0	55	0	48	0	56	0	38	0
cell305	1	57	36	21	52	0	46	0	49	1	52	0	40	0	52	0	50	0	59	2	60	0	46	0	54	0	53	0	45	0
cell306	0	43	42	0	42	0	65	0	54	0	58	1	40	0	45	0	54	0	34	7	43	0	47	0	45	0	54	0	52	0
cell307	0	44	16	28	48	5	57	5	39	5	50	0	47	0	42	0	24	30	50	0	47	9	35	11	51	2	53	1	62	0
cell308	0	45	51	0	62	3	54	2	51	0	57	2	50	0	56	0	42	1	54	0	50	0	33	0	62	0	47	0	49	2
cell309	0	50	56	0	57	0	48	1	43	0	54	1	46	0	63	0	50	0	30	24	37	1	40	0	49	0	41	1	52	0
cell310	0	63	5	48	47	1	13	44	57	0	32	12	55	1	46	0	47	0	65	0	51	0	53	0	48	0	54	0	22	11
cell311	0	41	7	50	39	4	45	0	5	40	41	2	45	1	32	1	20	21	36	0	28	25	41	4	43	0	46	6	52	0
cell312	0	40	2	49	36	6	44	1	15	31	46	0	49	0	48	0	27	24	50	0	41	10	50	6	42	2	52	0	53	0
cell313	0	57	14	32	58	7	49	0	41	9	45	0	58	0	53	0	45	0	61	0	63	0	57	0	34	0	64	4	43	1
cell314	1	55	23	29	51	0	32	13	48	0	51	0	56	0	61	0	45	0	58	0	64	0	54	0	57	0	54	0	52	0
cell315	0	51	3	39	46	0	12	40	58	0	36	8	38	10	47	10	54	0	55	0	40	1	37	0	57	0	48	0	63	11
cell316	0	54	4	53	36	12	43	4	19	28	42	0	40	0	38	0	42	13	52	0	30	17	40	4	49	1	57	8	42	0
cell317	0	43	2	53	43	4	41	0	32	12	56	4	54	0	49	0	51	0	38	3	53	0	44	0	46	0	42	0	44	0
cell318	0	48	42	7	38	0	48	7	32	0	52	0	71	0	45	0	44	0	47	0	41	3	48	0	41	0	63	0	59	0
cell319	0	74	17	27	52	0	25	29	50	0	23	12	51	0	44	1	64	0	54	0	52	0	54	0	50	0	37	0	40	10
cell320	0	61	29	10	55	0	47	7	50	3	43	7	40	0	53	0	56	3	40	6	47	0	52	0	52	0	61	0	65	0
cell321	6	51	51	0	43	0	52	0	56	0	42	0	62	0	53	0	51	0	8	41	41	0	38	0	52	0	51	7	41	4
cell322	0	46	49	0	53	0	48	0	29	0	54	0	53	0	50	0	41	0	6	49	44	0	46	0	24	31	56	0	47	1
cell323	0	46	27	23	25	22	58	0	59	0	41	0	44	0	43	0	54	0	49	0	52	0	40	1	59	0	49	0	39	0
cell324	0	54	18	29	54	0	12	49	50	0	23	27	42	13	54	2	45	0	40	0	38	0	45	0	60	0	43	7	52	0
cell325	9	35	8	40	41	22	53	0	55	8	55	0	40	6	43	0	30	15	55	0	51	0	53	0	51	0	56	0	59	0
cell326	1	51	24	28	43	11	39	6	29	11	55	0	47	0	61	1	54	0	51	0	52	0	50	0	42	0	58	2	53	1
cell327	0	57	24	26	62	0	8	35	50	0	26	29	33	12	58	0	47	0	41	0	57	0	48	0	51	0	38	5	51	0
cell328	2	57	13	25	70	0	34	13	56	0	50	1	52	0	50	0	55	0	48	0	41	2	42	3	47	0	43	0	43	8
cell329	0	43	8	31	51	0	20	26	59	0	30	18	53	0	55	2	53	0	43	3	38	0	66	0	52	0	59	0	60	0
cell330	0	52	1	46	46	13	50	0	18	15	47	0	45	0	50	0	19	20	43	4	39	0	57	0	49	0	52	0	58	0
cell331	0	45	20	36	55	2	12	32	59	0	44	13	48	0	49	0	48	0	49	0	57	0	49	0	41	0	47	2	37	1
cell332	0	50	35	13	47	3	41	0	44	0	52	0	50	0	38	4	45	1	53	0	54	0	51	0	45	0	45	0	54	0
cell333	1	48	52	3	42	10	44	0	52	6	46	0	43	0	56	0	68	0	58	0	49	1	50	0	62	0	54	0	59	0
cell334	0	43	7	29	51	0	29	22	54	0	44	3	52	0	56	0	53	0	57	0	57	0	41	0	53	0	42	0	45	0
cell335	0	43	5	41	62	0	12	51	68	0	23	26	49	1	45	0	53	0	55	0	39	0	53	0	46	0	53	0	27	13
cell336	0	59	38	6	53	2	45	0	39	0	65	0	48	1	54	1	46	0	48	0	47	0	50	0	45	0	58	0	47	0
cell337	0	65	30	5	47	0	49	0	61	0	56	0	49	2	59	0	49	0	50	3	48	0	58	0	33	0	53	0	59	0
cell338	0	54	0	54	53	0	2	50	44	0	37	14	51	0	54	0	45	0	44	2	58	0	47	0	58	0	55	0	58	0
cell339	0	58	43	9	46	1	50	0	51	0	47	0	38	0	48	1	49	0	43	0	47	0	50	0	42	2	53	0	45	0
cell340	1	52	2	35	59	0	47	0	27	17	50	0	60	0	49	1	45	13	48	0	44	0	51	0	46	1	51	0	42	0
cell341	0	61	12	38	57	2	50	0	10	53	44	0	36	0	60	0	31	23	53	0	48	16	46	2	45	0	55	0	65	0
cell342	0	44	5	35	46	0	22	8	40	0	40	13	50	0	54	0	39	2	54	0	49	7	49	0	61	0	44	2	46	1
cell343	0	53	54	4	53	0	40	0	52	4	57	0	54	0	49	0	48	0	44	0	61	0	59	0	58	0	53	0	59	0
cell344	0	52	46	5	35	0	45	0	43	3	57	0	48	0	52	0	45	0	8	40	43	0	55	2	46	0	56	0	45	0
cell345	0	52	14	33	51	2	51	0	23	25	44	2	47	0	59	0	25	26	61	0	43	11	46	2	43	0	63	4	62	0
cell346	4	46	20	39	44	0	29	10	42	0	54	0	37	0	52	0	41	3	30	0	60	0	52	0	55	0	51	1	45	6
cell347	0	64	18	27	21	27	47	3	46	6	50	0	67	0	40	0	41	10	50	0	41	5	45	0	51	0	43	0	46	0
cell348	1	50	51	1	44	3	61	0	42	7	48	0	52	0	52	0	44	0	29	27	34	0	51	3	52	7	46	0	62	0
cell349	0	44	3	52	43	0	37	17	44	0	54	2	55	0	57	0	65	0	35	0	43	0	53	0	56	0	42	0	45	2
cell350	0	56	8	44	40	10	51	0	24	25	62	0	46	0	50	0	43	15	46	0	29	18	42	3	46	0	47	5	41	2
cell351	1	64	20	13	65	0	50	16	50	0	39	0	47	0	43	0	57	0	52	0	44	2	52	0	58	0	55	0	52	0
cell352	0	54	1	51	47	0	4	58	47	0	18	29	35	8	36	1	50	1	38	2	58	0	43	0	40	0	47	0	60	0
cell353	0	43	68	4	42	1	49	0	43	0	54	5	64	0	59	2	50	0	39	0	62	0	39	0	41	1	57	0	46	0
cell354	0	49	6	40	27	20	27	4	41	1	54	0	56	0	52	0	49	0	55	1	54	0	45	0	50	0	52	0	51	0
cell355	0	45	2	53	35	9	51	0	27	18	49	0	63	1	47	0	58	0	58	0	54	1	51	2	48	0	50	0	41	0
cell356	2	43	13	37	50	1	27	27	54	2	35	24	39	4	49	2	57	0	44	0	51	0	57	0	44	0	36	0	37	0
cell357	0	55	13	32	42	6	57	0	48	14	52	0	58	1	50	0	40	11	55	0	56	0	46	6	42	0	53	0	40	0
cell358	0	49	2	44	45	0	16	37	49	0	52	4	56	0	53	0	54	0	51	0	48	0	52	0	51	0	37	0	47	0
cell359	0	43	8	36	35	15	51	5	17	35	59	0	46	0	45	0	28	19	44	0	54	7	45	0	53	0	53	4	46	0
cell360	0	51	3	46	54	0	36	18	64	0	37	0	38	0	38	0	40	0	49	0	54	0	42	0	62	0	53	1	61	0
cell361	0	50	2	44	59	3	59	0	17	27	37	0	43	0	57	0	24	26	60	0	32	18	50	1	55	0	47	0	52	0
cell362	0	52	11	35	40	14	56	0	51	6	41	0	46	0	54	0	49	1	47	1	48	0	39	3	45	0	51	0	39	0
cell363	0	53	7	43	47	0	29	21	35	1	27	15	42	20	27	17	55	0	54	0	49	0	41	0	52	0	54	3	41	0
cell364	4	33	21	25	38	6	57	2	10	45	49	5	54	0	57	3	63	0	53	0	56	0	59	0	55	0	48	0	52	0
cell365	0	36	13	31	53	2	49	14	47	0	64	2	35	6	41	0	51	0	48	2	54	0	56	0	55	0	54	0	50	0
cell366	0	54	46	1	48	0	50	0	57	0	45	0	44	0	48	1	40	0	14	45	57	0	60	0	41	25	43	0	57	0
cell367	0	34	2	49	44	0	16	29	53	1	24	26	52	0	43	6	44	0	50	3	53	0	57	0	38	0	65	0	28	21
cell368	1	48	14	38	44	4	54	0	26	20	53	0	53	0	60	0	33	0	38	0	49	0	46	0	54	1	50	0	60	0
cell369	0	47	10	38	43	0	57	0	46	0	48	0	49	0	40	0	44	0	60	0	52	0	56	0	40	6	52	0	36	0
cell370	0	44	42	3	55	0	58	1	45	1	52	0	50	2	40	0	61	1	56	0	60	0	56	0	57	2	58	0	50	0
cell371	2	41	21	25	26	8	49	2	52	1	63	0	41	0	44	0	47	0	44	0	50	0	44	0	51	0	63	1	43	0
cell372	0	55	21	36	56	0	17	31	49	0	19	25	27	14	42	0	52	0	63	0	50	0	50	6	41	0	47	0	45	0
cell373	0	52	15	34	46	0	33	16	55	0	37	15	33	23	50	6	36	2	44	0	48	0	46	0	50	0	44	0	50	3
cell374	1	50	43	0	48	0	53	0	48	0	65	0	49	1	54	3	57	0	43	0	70	0	72	0	55	0	45	0	40	0
cell375	0	48	43	12	39	2	60	0	46	0	58	0	59	0	42	0	49	0	45	0	48	0	57	0	57	0	38	0	61	0
cell376	0	36	10	45	35	0	27	16	48	1	63	0	46	0	51	0	54	0	55	0	55	0	51	0	47	0	60	0	45	6
cell377	0	53	5	34	17	28	51	0	45	10	39	2	36	0	38	0	47	0	54	0	43	1	49	0	54	0	38	0	54	1
cell378	0	54	24	19	37	5	53	1	27	8	52	0	50	0	43	0	45	8	45	0	45	0	55	0	63	0	38	1	44	0
cell379	0	49	2	50	48	0	11	46	48	4	16	24	17	34	41	13	54	0	69	4	45	0	53	0	55	0	47	0	42	0
cell380	0	54	26	34	46	2	37	5	38	12	42	16	53	0	51	0	22	28	51	0	47	0	69	0	41	0	55	0	49	0
cell381	0	49	1	49	49	3	45	0	15	18	47	2	38	0	49	5	10	41	58	0	27	21	33	1	40	0	45	1	52	0
cell382	0	53	42	0	58	0	38	0	53	0	59	0	52	1	46	0	49	1	45	0	52	0	40	0	45	0	50	0	54	1
cell383	1	55	19	47	63	1	12	31	42	0	50	5	54	0	45	0	49	0	51	0	56	3	43	0	44	0	46	2	43	1
cell384	0	43	16	24	48	0	22	30	62	1	39	10	53	0	46	0	44	0	52	0	52	6	65	0	36	0	53	0	54	2
cell385	3	43	33	12	53	7	51	0	43	2	35	1	54	1	49	5	54	0	53	0	52	0	40	0	55	0	37	0	49	0
cell386	0	41	18	27	31	23	37	0	39	1	41	0	59	0	49	2	34	3	54	0	45	0	40	1	59	0	53	0	42	0
cell387	0	43	60	1	60	4	51	0	50	0	38	0	51	0	44	1	53	0	21	15	48	0	52	0	54	0	46	0	43	0
cell388	0	49	18	45	46	0	27	24	51	3	32	11	40	11	44	0	55	0	48	0	46	0	53	0	52	0	50	0	52	0
cell389	0	52	11	35	37	12	56	0	49	1	47	0	35	0	57	0	55	0	57	1	53	0	52	0	43	0	49	0	38	1
cell390	0	36	10	41	50	2	42	4	42	11	48	0	56	0	52	0	36	14	53	0	45	0	46	0	44	0	41	1	46	0
cell391	0	54	12	48	38	14	54	0	27	24	43	0	52	0	43	0	25	31	54	0	41	17	54	4	37	0	33	2	52	0
cell392	0	49	37	29	52	5	49	0	53	0	39	0	45	0	50	0	54	0	51	0	45	0	46	0	49	1	47	4	55	0
cell393	0	57	9	40	52	0	30	11	48	0	44	15	47	0	64	0	60	0	45	2	48	0	45	0	42	6	56	0	56	1
cell394	0	53	34	6	42	0	37	13	53	0	64	1	54	3	57	1	51	0	56	0	36	2	51	0	51	0	51	0	45	0
cell395	0	43	27	19	42	0	38	6	43	0	36	20	54	0	54	0	53	0	45	0	54	0	40	0	46	2	45	0	43	1
cell396	0	52	3	48	42	0	15	31	47	0	52	0	42	0	50	0	47	0	47	9	47	0	65	0	37	3	36	1	55	0
cell397	0	48	27	26	52	1	45	0	53	6	52	0	46	0	49	0	56	0	51	0	52	0	48	0	47	0	47	0	46	0
cell398	0	38	45	0	41	0	42	0	39	1	57	0	46	0	50	0	60	0	41	3	54	1	53	0	38	0	48	0	54	3
cell399	0	38	35	2	54	0	42	0	59	0	50	0	56	0	42	3	56	0	70	0	39	0	38	0	43	4	45	0	53	0
cell400	3	42	11	56	40	0	46	0	41	0	46	0	56	1	68	1	63	0	51	0	42	0	54	5	54	0	45	0	55	0
cell401	0	43	7	41	54	0	20	40	48	0	30	20	38	0	53	0	48	0	49	0	44	0	59	0	46	0	31	1	67	0
cell402	0	52	3	47	48	0	17	42	60	0	30	25	35	19	61	0	38	0	48	0	52	0	61	0	56	0	53	0	44	0
cell403	0	52	6	53	44	3	47	0	48	4	52	0	45	1	40	3	41	8	48	1	44	0	48	0	41	0	59	0	41	0
cell404	0	48	51	0	51	0	38	2	47	0	45	5	48	4	51	0	55	0	35	12	52	3	49	0	51	0	53	2	37	2
cell405	0	44	0	30	16	39	48	0	35	5	38	0	50	0	56	0	49	0	51	0	40	0	45	0	44	0	55	1	42	0
cell406	0	50	13	35	44	14	50	0	15	24	47	0	59	0	51	0	40	2	51	0	26	21	46	6	53	0	38	11	51	0
cell407	0	66	19	31	61	0	48	0	52	7	43	0	50	0	48	0	51	0	53	0	51	1	50	0	58	0	48	0	58	0
cell408	1	54	23	21	50	0	39	5	53	1	39	0	47	1	53	0	52	1	42	0	62	0	42	1	63	3	51	1	52	0
cell409	0	53	6	38	55	0	16	48	39	1	30	20	54	10	35	1	48	0	67	0	52	1	46	0	49	0	44	2	54	1
cell410	0	59	13	47	39	1	52	0	30	30	48	6	46	0	55	0	37	17	46	1	38	6	60	0	61	0	64	0	35	1
cell411	1	57	3	42	50	5	44	0	31	14	44	0	40	0	44	0	29	19	44	0	22	22	43	6	45	1	36	7	67	0
cell412	0	55	45	0	58	0	50	0	48	0	51	0	52	0	54	0	49	0	40	13	50	0	68	0	48	3	48	0	43	0
cell413	0	55	9	39	31	9	62	0	29	24	47	1	59	0	47	0	29	23	46	1	37	12	56	0	37	2	51	0	52	0
cell414	0	59	37	30	61	0	38	3	52	0	43	1	47	2	39	0	53	0	54	0	57	0	43	0	53	0	56	0	51	0
cell415	0	50	17	25	28	17	46	4	63	0	53	0	52	0	55	1	56	0	41	0	41	0	50	1	57	0	44	1	53	0
cell416	0	45	22	30	39	0	20	33	41	7	29	15	56	0	61	0	41	0	44	0	66	0	57	0	52	3	51	0	33	18
cell417	0	54	2	51	41	0	5	45	47	0	37	14	29	14	48	1	63	0	57	0	63	0	40	6	61	0	53	0	47	7
cell418	0	43	35	0	50	0	53	2	52	9	46	0	62	0	45	0	62	0	18	31	48	0	51	1	49	2	54	0	49	0
cell419	1	48	24	34	47	0	7	44	49	2	42	15	39	14	41	2	44	0	48	0	65	0	47	0	46	1	47	0	60	0
cell420	0	57	18	34	41	2	43	0	13	34	48	0	56	0	31	0	34	8	56	0	51	6	48	0	56	0	50	0	56	0
cell421	1	49	0	45	40	13	49	0	32	19	45	0	40	0	56	0	49	0	45	0	51	0	50	0	47	0	48	0	59	0
cell422	7	37	11	32	28	23	47	0	53	0	37	0	53	0	49	0	47	0	59	0	49	1	45	0	45	0	45	4	40	0
cell423	0	51	7	45	60	0	18	31	43	0	27	28	30	13	50	0	52	0	39	0	48	0	35	0	41	0	61	0	51	0
cell424	0	45	17	33	39	8	31	22	56	0	35	27	49	0	66	0	52	0	49	0	46	0	48	0	54	0	65	0	39	10
cell425	0	60	1	45	53	5	44	2	22	20	47	0	46	0	54	0	35	3	62	0	48	2	45	4	46	0	46	0	51	0
cell426	0	45	6	55	35	19	45	0	25	21	57	0	56	0	53	2	36	24	58	0	34	13	50	0	51	0	55	0	35	5
cell427	0	39	3	37	37	2	3	48	57	2	5	43	52	0	48	0	53	0	45	0	45	0	46	0	47	0	57	0	49	0
cell428	0	58	5	46	43	0	13	47	34	0	17	29	47	0	34	0	37	5	55	0	60	1	43	0	59	0	54	2	44	15
cell429	0	56	4	33	46	9	45	0	9	35	49	0	42	0	40	0	13	35	43	0	21	35	29	24	37	0	48	1	47	0
cell430	0	43	64	0	71	0	48	0	56	0	34	1	52	1	46	8	37	0	30	24	44	0	47	0	47	4	50	0	34	2
cell431	0	41	23	23	43	0	51	0	49	0	56	0	54	1	59	0	43	0	45	0	54	0	45	0	62	0	62	0	42	0
cell432	0	45	5	32	52	0	54	0	24	17	71	0	56	0	46	0	29	17	47	0	44	5	47	5	50	0	41	3	59	0
cell433	6	42	18	26	50	0	31	34	58	0	34	18	40	24	45	0	52	0	44	0	62	0	43	0	45	0	52	0	56	0
cell434	0	64	0	51	34	3	48	2	12	35	47	0	50	0	53	0	39	19	38	0	35	19	37	18	47	7	50	7	55	2
cell435	0	55	8	51	28	11	53	0	21	37	46	5	56	0	45	2	33	19	50	0	56	0	51	0	56	0	61	0	49	1
cell436	1	38	16	26	47	0	21	28	53	0	43	7	40	0	50	5	34	4	51	0	53	0	65	0	53	0	55	0	51	2
cell437	2	38	44	0	45	0	43	0	51	0	57	0	50	0	35	3	49	0	5	48	48	9	56	0	56	0	47	0	43	5
cell438	0	32	5	24	41	9	47	0	25	21	43	2	51	0	50	0	36	10	42	0	52	2	48	1	45	0	43	0	48	0
cell439	0	42	44	0	50	0	52	2	65	0	69	0	52	0	47	0	41	7	14	44	47	0	52	0	36	0	57	0	37	0
cell440	0	44	51	0	53	6	61	3	52	0	73	0	61	0	55	7	50	3	19	28	42	0	54	0	58	0	45	0	47	0
cell441	1	58	3	40	21	20	50	0	47	0	54	0	43	0	53	0	43	0	48	0	54	0	53	0	45	2	55	0	45	0
cell442	0	46	30	16	47	0	52	0	65	0	46	0	58	3	54	2	52	0	36	0	55	0	48	0	56	1	55	0	42	0
cell443	0	51	3	40	35	8	55	0	18	41	42	0	45	0	49	0	26	27	58	1	29	16	40	11	61	1	35	0	62	0
cell444	0	38	4	42	49	4	40	0	35	17	36	0	46	0	43	0	30	17	44	0	53	0	59	0	60	0	42	0	45	0
cell445	1	51	4	54	54	0	23	28	51	1	14	42	16	20	39	8	49	0	46	0	47	1	43	0	52	2	52	0	51	0
cell446	1	51	53	0	45	0	48	0	47	1	59	0	52	0	49	0	53	0	12	36	55	0	49	10	32	12	52	0	54	0
cell447	0	43	1	36	17	32	53	1	60	0	52	0	56	0	43	0	56	0	54	0	52	0	49	2	51	0	40	0	48	0
cell448	1	43	8	45	43	2	62	0	19	37	51	2	44	2	54	0	34	19	55	0	17	36	43	7	47	0	26	19	48	1
cell449	0	45	0	55	30	17	39	0	25	24	65	0	55	2	47	1	29	22	43	0	43	6	43	0	42	0	48	3	50	0
cell450	4	54	12	33	39	9	46	0	30	18	35	0	43	0	59	0	25	21	53	0	48	0	53	0	40	0	45	2	55	0
cell451	0	40	13	47	48	0	51	0	26	24	35	0	56	0	57	0	14	31	58	0	37	2	43	1	52	0	58	0	48	0
cell452	0	50	3	59	43	0	4	39	54	0	18	53	28	17	43	0	50	0	54	0	50	0	58	0	52	0	40	0	42	0
cell453	0	53	5	59	43	8	53	0	33	22	53	0	35	0	55	0	35	11	41	0	32	32	42	6	51	0	31	19	44	0
cell454	0	39	9	31	46	0	43	23	48	0	49	0	49	0	34	0	64	0	57	1	40	0	42	0	56	0	43	0	44	1
cell455	0	46	9	31	49	0	23	37	48	0	21	26	65	0	62	0	39	2	61	0	39	0	62	0	38	0	52	0	37	16
cell456	0	51	39	14	62	1	49	0	54	0	51	2	51	0	54	1	56	0	46	0	53	0	46	0	46	0	50	0	48	0
cell457	0	49	32	15	48	0	48	12	56	1	54	1	56	0	49	0	50	0	36	1	47	2	41	0	54	0	44	0	51	0
cell458	0	45	59	2	47	1	51	0	39	1	55	0	43	0	44	0	43	0	72	0	40	1	43	0	57	0	43	0	44	0
cell459	0	47	16	30	59	1	15	35	53	0	49	5	40	0	41	0	50	0	48	0	44	0	48	0	62	0	53	1	40	6
cell460	0	47	17	33	48	3	64	0	14	39	63	0	53	1	41	0	22	32	49	0	24	34	55	4	43	2	56	0	52	0
cell461	0	44	7	48	37	8	50	2	10	34	52	0	47	0	40	0	38	11	49	0	33	8	49	0	52	0	62	0	49	0
cell462	0	57	1	56	50	2	39	18	50	0	27	23	46	3	41	17	49	2	65	0	46	0	39	0	60	0	46	0	51	0
cell463	2	55	19	43	40	6	51	1	24	27	61	0	43	0	55	2	27	26	55	0	28	11	42	7	45	0	35	17	55	0
cell464	0	43	1	49	29	14	58	1	24	37	37	0	56	0	50	0	39	0	40	3	52	0	47	0	66	0	45	0	48	0
cell465	0	42	13	43	43	1	48	1	30	19	45	0	56	0	52	0	43	8	48	0	38	16	47	1	46	2	42	7	59	0
cell466	0	46	18	24	51	9	51	0	28	26	65	0	54	0	51	0	25	19	48	1	34	5	32	8	46	3	48	5	60	0
cell467	0	51	16	51	47	10	62	0	39	20	52	0	60	0	44	0	27	29	47	0	39	12	55	1	42	2	45	3	64	0
cell468	0	59	0	53	51	3	52	0	7	50	44	8	50	0	44	0	20	32	56	0	37	15	32	7	57	0	46	0	48	0
cell469	0	52	12	33	54	0	15	29	61	0	29	31	48	0	62	0	55	0	61	0	58	0	50	0	56	5	58	0	40	20
cell470	0	46	1	57	56	0	17	38	36	2	31	35	23	27	48	10	52	0	39	0	60	0	49	0	53	0	41	0	40	0
cell471	0	40	0	43	45	0	5	54	34	0	36	13	58	10	36	4	58	0	37	0	54	0	49	0	42	0	53	0	47	0
cell472	0	61	4	36	34	17	55	1	31	12	54	0	49	0	44	0	51	1	42	0	42	1	45	0	59	0	57	0	45	0
cell473	0	49	7	50	58	1	49	1	12	30	60	0	47	0	40	0	21	34	51	0	36	14	59	1	44	0	57	0	49	0
cell474	0	56	11	40	38	9	55	0	48	0	42	0	49	0	55	0	38	1	52	0	57	3	43	0	56	0	56	0	52	1
cell475	0	42	16	30	39	11	48	0	35	21	50	0	46	0	55	0	56	11	56	0	53	0	47	1	65	0	44	0	41	2
cell476	0	38	10	44	41	12	52	0	25	22	47	0	55	0	51	0	30	14	55	0	51	0	54	0	57	0	33	0	49	0
cell477	0	40	0	54	32	9	55	0	17	25	34	1	43	0	61	0	22	35	55	1	26	20	47	0	58	0	52	0	62	0
cell478	1	45	8	36	45	0	15	44	51	0	11	30	28	22	34	1	62	0	42	1	38	0	63	0	46	0	49	0	50	0
cell479	0	56	13	33	46	6	33	19	56	0	34	16	33	4	53	0	47	0	52	0	48	0	40	0	58	0	46	0	35	9
cell480	4	51	1	52	57	0	9	41	49	0	14	24	22	21	47	1	47	0	38	1	57	0	68	1	47	0	41	0	41	0
cell481	0	45	44	2	70	0	42	0	63	0	46	0	52	0	49	0	58	0	39	0	54	2	52	10	53	0	46	0	57	0
cell482	0	61	28	27	55	1	48	0	44	12	47	0	55	2	56	0	26	24	49	0	49	1	50	0	48	1	54	0	55	0
cell483	0	51	10	52	69	2	56	0	26	22	43	0	62	0	51	0	35	7	32	0	30	21	40	5	48	7	54	8	47	0
cell484	4	47	53	0	45	0	60	0	52	0	50	0	59	1	39	0	40	0	1	46	59	0	45	0	18	43	43	0	57	3
cell485	0	40	43	14	49	4	60	0	57	0	57	2	41	0	51	0	50	1	37	0	50	0	53	0	46	0	46	0	36	0
cell486	0	46	58	0	47	1	49	0	61	0	46	5	46	8	48	2	58	0	34	10	51	0	48	0	43	9	65	0	51	0
cell487	0	48	38	19	59	2	48	1	48	2	46	2	45	0	48	0	43	2	50	0	36	0	60	0	55	0	53	0	53	0
cell488	2	45	5	46	40	0	49	0	13	33	47	0	45	0	60	4	8	41	48	0	19	34	57	0	47	0	40	8	44	0
cell489	0	56	1	65	46	0	19	39	46	0	23	24	57	0	56	0	57	0	42	0	51	0	57	0	47	0	51	6	48	0
cell490	4	54	1	55	49	5	43	0	5	19	44	0	50	0	39	1	12	31	48	0	41	14	31	18	43	3	42	0	49	0
cell491	0	51	15	39	43	8	52	0	43	11	49	5	53	0	38	1	64	0	48	0	43	8	46	0	47	0	54	0	56	0
cell492	0	45	2	61	57	0	21	31	59	1	4	52	41	18	39	19	46	1	45	0	51	0	58	0	59	0	49	3	61	0
cell493	0	52	49	0	36	0	42	0	39	0	45	0	54	0	56	0	51	0	17	32	42	0	55	0	55	0	38	0	63	0
cell494	2	61	15	38	57	0	25	32	66	0	37	11	45	7	29	8	50	0	56	0	42	0	54	0	49	0	39	0	51	0
cell495	0	47	4	40	35	2	49	3	48	0	52	0	40	0	45	0	36	1	53	0	70	0	44	1	44	0	41	0	53	0
cell496	0	45	14	37	47	0	40	6	65	0	49	0	46	0	54	0	45	0	50	2	38	0	60	1	34	0	48	0	51	0
cell497	2	51	53	0	59	0	51	0	48	0	64	0	45	1	49	0	48	0	8	37	53	0	48	0	52	0	53	0	49	0
cell498	6	47	24	28	52	0	18	22	35	0	30	21	50	1	53	0	63	0	59	0	54	0	43	0	52	0	47	0	40	6
cell499	0	55	0	50	46	0	54	0	56	3	42	0	43	0	63	0	51	0	48	0	44	3	39	0	56	0	41	1	53	3
cell500	0	58	58	0	47	0	45	0	47	0	53	0	52	2	47	0	42	1	26	19	50	0	53	0	42	0	51	0	41	0
