45 0 0 0 0 0 0 0 0 13 0 0 1 0 0 0
57 45 38 0 0 0 0 0 0 0 3 0 0 0 0 0
55 3 2 13 0 0 0 0 2 14 2 0 0 1 0 0
53 37 7 0 34 0 0 0 0 2 1 0 0 0 0 0
50 2 1 1 0 0 1 0 0 0 0 0 0 0 0 0
48 0 2 1 0 0 0 2 0 20 0 0 8 0 1 0
44 42 3 0 27 0 0 0 25 0 10 0 0 1 0 0
42 18 0 4 0 0 0 0 0 1 0 0 0 0 0 0
61 50 0 23 0 12 15 0 0 2 0 0 0 0 0 0
46 49 0 29 0 0 0 3 0 0 5 0 0 0 0 0
45 56 10 0 32 0 0 2 16 0 20 3 0 4 1 0
36 29 10 6 0 0 0 0 0 0 0 0 0 0 0 0
48 40 0 37 4 41 27 24 0 0 3 0 0 0 0 0
50 37 10 0 29 3 0 0 12 0 1 0 2 0 0 0
59 44 1 0 40 2 0 3 23 0 3 0 0 0 0 0
51 16 0 28 4 9 0 0 0 0 0 0 0 0 0 0
53 26 6 0 0 1 0 0 2 0 0 0 0 2 4 0
54 39 0 42 0 25 26 5 6 0 0 7 0 0 1 0
41 35 29 0 8 0 0 0 0 0 1 0 6 0 0 0
59 33 3 34 1 27 15 2 0 0 0 0 0 0 5 0
43 0 0 0 0 0 1 0 0 11 0 0 3 0 0 0
43 0 0 0 3 0 0 1 0 21 0 0 30 0 0 0
40 25 1 10 0 0 1 0 0 0 0 2 0 0 0 0
52 43 1 0 28 0 2 0 22 0 17 2 0 0 0 0
44 0 0 0 0 0 0 0 4 51 0 1 1 0 1 0
50 0 0 0 0 0 0 0 1 0 0 0 1 0 0 0
64 23 0 0 21 0 0 2 2 2 3 0 0 0 0 0
43 49 15 0 20 0 1 0 32 0 16 13 0 1 0 0
46 39 2 0 20 0 0 4 13 3 13 2 0 0 1 0
62 45 17 0 12 1 0 0 3 0 0 0 0 7 0 0
47 29 7 0 43 0 1 1 18 0 7 0 0 0 0 0
45 0 0 0 0 0 0 0 0 40 0 0 22 0 2 0
56 0 1 0 0 6 0 0 0 0 0 1 0 0 0 0
47 53 10 2 43 0 0 0 34 0 19 0 0 6 0 0
58 31 28 4 10 1 0 0 0 1 0 0 0 0 0 0
48 53 10 0 32 0 2 0 6 0 19 2 0 8 0 0
53 47 0 38 0 3 0 0 0 0 0 0 0 0 0 0
53 40 37 0 0 0 7 1 0 0 0 0 0 0 0 0
56 28 4 20 4 13 0 0 3 0 0 0 0 0 1 0
53 40 0 34 3 0 0 0 0 0 0 1 0 0 0 0
59 34 0 33 0 37 20 0 0 0 0 0 0 0 0 0
49 12 6 0 0 0 0 0 0 0 3 0 2 0 0 0
54 43 16 0 25 1 0 0 0 0 0 1 0 0 1 0
47 49 0 31 0 3 0 0 0 8 0 0 0 0 0 0
53 45 15 0 37 2 0 0 3 0 0 1 0 0 0 0
48 15 0 28 0 11 1 0 0 0 0 0 0 0 0 0
56 39 0 34 0 14 6 0 0 0 0 1 0 0 0 0
43 49 3 1 35 8 0 0 29 0 29 0 2 0 0 0
45 0 0 0 0 0 1 0 0 2 0 0 7 0 0 0
47 0 0 2 0 1 4 0 0 45 2 0 2 0 0 0
49 61 0 0 50 2 0 0 27 0 9 26 0 8 0 0
45 41 6 0 35 0 1 0 32 3 15 0 3 1 0 0
53 1 0 0 5 2 0 0 0 0 6 0 0 0 2 0
58 5 2 0 0 0 0 0 3 27 0 0 35 3 0 0
57 28 0 25 0 0 0 0 0 0 1 0 0 0 0 0
62 0 0 1 0 0 12 0 0 19 0 0 1 0 0 0
67 29 1 0 30 0 0 1 17 0 15 13 5 7 0 0
57 38 3 0 0 0 0 0 0 0 0 0 0 1 0 0
42 0 0 0 0 0 0 0 0 6 1 0 0 1 0 0
38 38 0 0 23 0 0 6 5 0 17 4 0 1 1 0
40 0 0 10 0 0 0 0 0 0 0 0 0 0 0 0
49 40 26 8 23 0 0 0 23 0 5 0 0 0 3 0
63 0 0 0 0 0 0 0 1 12 0 0 0 0 0 0
46 42 3 0 13 0 1 1 5 0 0 5 0 0 0 0
39 21 12 0 12 0 0 0 25 11 0 0 0 1 0 0
49 30 14 4 11 0 0 0 16 0 1 0 1 0 0 0
47 0 0 0 0 0 0 0 0 1 0 0 0 1 0 0
42 40 2 0 21 9 0 1 26 0 20 1 1 1 0 0
46 0 0 0 3 0 0 0 0 0 1 0 0 0 0 0
40 39 7 11 0 0 0 0 0 0 0 0 0 0 0 0
54 50 1 0 23 0 0 0 10 1 7 4 0 0 0 0
45 1 2 0 0 3 0 0 0 31 1 3 0 1 0 0
52 39 3 0 13 0 0 0 11 0 0 4 1 0 1 0
59 37 1 5 42 0 0 0 24 0 40 6 0 0 0 0
44 37 15 0 1 0 0 0 0 0 0 0 0 0 3 0
54 27 15 1 29 3 0 0 20 0 3 0 0 0 0 0
39 1 0 2 0 0 0 0 0 0 0 0 7 0 1 0
37 37 2 8 0 9 4 0 0 2 0 3 0 2 0 0
50 36 0 27 4 10 0 0 0 0 0 0 0 0 6 0
56 21 11 0 0 1 0 0 0 0 0 0 0 0 3 0
44 16 0 0 0 3 1 0 0 1 0 0 3 0 0 0
43 46 4 21 0 26 0 0 0 0 0 0 0 16 12 0
45 47 1 1 44 0 0 0 40 0 39 6 0 10 2 0
57 30 6 0 27 0 1 0 7 1 7 0 0 0 0 0
48 34 7 0 0 0 0 0 0 0 0 0 0 0 2 0
55 42 0 7 0 0 0 0 5 0 1 1 0 0 0 0
46 43 8 0 46 0 1 0 14 4 23 3 2 4 0 0
51 0 0 1 3 0 0 0 0 0 0 0 0 0 2 0
59 0 0 1 0 0 2 1 5 63 0 0 9 3 0 0
49 53 0 40 0 0 0 0 0 0 0 0 0 0 0 0
50 41 0 55 7 10 10 5 2 0 0 0 0 5 0 0
45 44 7 0 33 0 0 0 12 7 0 0 0 0 0 0
63 40 0 26 0 12 2 0 1 6 0 0 0 0 9 0
60 46 0 5 0 0 0 0 0 0 0 0 0 0 0 0
53 0 0 0 0 0 0 2 0 45 0 0 0 1 0 0
50 47 0 28 1 39 15 0 0 0 0 6 0 0 1 0
47 29 0 14 4 0 1 0 0 0 0 0 0 0 0 0
53 35 1 3 21 4 0 0 15 0 8 0 0 0 0 0
47 0 2 2 0 0 0 0 2 43 0 0 36 0 0 0
51 32 0 26 0 0 0 0 0 0 1 0 0 3 0 0
52 39 0 47 0 10 0 4 0 0 0 0 0 0 0 0
40 39 0 15 1 15 1 0 0 0 0 1 0 0 0 0
64 1 0 0 2 0 0 0 0 0 0 1 12 0 0 0
64 54 0 38 0 6 0 0 1 0 0 0 0 4 9 0
49 33 2 34 0 4 16 0 0 2 0 0 0 0 0 0
55 35 0 37 1 22 17 4 0 5 0 0 0 0 0 0
45 43 0 24 0 14 0 0 0 0 0 0 0 0 14 0
43 0 0 0 0 1 0 1 0 26 0 0 27 0 0 0
49 50 3 0 26 0 0 1 30 5 23 0 0 9 0 0
56 56 0 51 0 0 0 0 0 0 0 0 0 0 0 0
47 4 0 0 0 0 0 0 0 0 0 0 0 0 0 0
53 46 7 0 25 0 0 0 28 0 0 0 0 0 0 0
55 40 0 0 17 4 0 0 27 0 18 9 0 0 0 0
52 0 0 0 0 0 1 0 0 34 0 0 7 0 0 0
52 32 0 32 0 2 0 0 4 0 0 0 0 0 6 0
60 22 24 0 0 0 0 0 0 0 0 0 0 1 0 0
42 45 0 33 0 24 11 5 1 0 0 0 0 0 0 0
45 0 7 0 0 0 6 0 0 40 0 0 18 0 0 0
59 54 16 0 48 0 0 0 18 0 13 30 0 1 0 0
48 44 13 0 33 0 0 1 12 0 0 3 1 2 0 0
60 34 14 0 18 0 1 0 11 0 1 0 0 0 0 0
54 0 0 0 0 0 0 3 0 0 0 0 0 0 0 0
49 25 12 31 0 0 0 1 0 1 1 0 7 0 0 0
50 0 0 7 4 0 0 4 8 16 0 0 14 1 0 0
35 0 0 0 0 0 0 0 1 0 0 1 0 0 0 0
48 2 4 0 0 0 0 0 0 42 0 0 0 0 0 0
49 42 0 14 3 10 0 2 3 0 0 0 0 0 0 0
38 48 0 43 0 26 34 5 1 0 0 0 0 0 0 0
50 40 0 27 0 0 0 0 0 0 5 0 0 12 1 0
53 49 0 0 39 0 0 0 32 0 9 1 0 0 0 0
47 46 18 0 1 0 1 2 2 0 0 0 0 3 0 0
44 42 2 0 31 0 0 1 38 1 43 7 0 6 3 0
55 41 0 30 0 0 0 2 3 0 0 0 0 0 0 0
50 0 0 0 0 0 0 0 1 0 0 0 0 0 0 0
54 0 0 0 0 4 0 0 0 7 0 0 0 0 0 0
49 59 10 0 38 0 2 0 23 1 9 4 0 0 0 0
39 25 0 25 0 22 3 4 0 0 0 0 0 0 0 0
35 27 1 0 11 0 0 0 0 0 0 0 0 0 0 0
51 42 4 0 42 3 0 0 31 1 11 0 0 0 0 0
59 29 0 30 0 11 0 0 0 0 0 1 0 2 2 0
48 0 0 0 1 0 0 1 0 36 0 0 0 0 0 0
43 0 0 0 0 1 1 0 0 0 0 0 2 0 0 0
48 33 2 1 22 0 0 0 7 0 3 2 0 0 0 0
39 0 0 0 0 0 0 6 0 0 0 2 0 0 0 0
39 33 6 0 24 0 0 2 0 0 4 0 0 0 0 0
60 25 0 23 0 23 9 7 0 0 10 0 0 0 0 0
50 0 0 0 0 1 0 0 0 16 0 0 11 0 0 0
55 27 0 1 1 0 0 0 1 0 0 9 0 0 1 0
33 38 14 0 30 2 1 0 11 0 7 0 1 0 0 0
37 32 0 22 2 3 0 0 0 0 0 0 0 0 0 0
39 40 13 0 13 2 0 0 8 2 0 0 0 0 0 0
44 44 0 23 0 16 9 0 0 0 0 0 0 1 0 0
47 42 0 24 1 0 0 0 0 0 0 0 0 0 0 0
35 31 4 0 11 2 0 0 7 0 12 0 0 0 1 0
40 1 0 0 0 0 0 0 0 9 0 0 0 1 0 0
53 47 7 5 22 0 0 7 28 5 20 1 0 8 0 0
53 31 3 0 25 0 0 0 25 3 31 13 0 5 0 0
58 28 1 0 34 3 0 0 8 0 0 0 4 0 0 0
42 0 3 0 0 0 2 0 0 0 0 1 2 0 0 0
41 5 0 0 0 1 0 0 0 0 1 3 0 1 0 0
47 44 0 35 4 27 16 0 0 0 0 0 3 0 0 0
55 0 0 0 0 2 0 0 0 1 3 0 0 2 0 0
50 53 23 0 19 0 0 1 0 7 0 0 0 0 1 0
45 51 16 0 28 0 0 0 25 0 19 3 0 5 3 0
41 42 7 0 1 0 0 0 1 0 0 1 1 0 3 0
54 43 27 0 4 2 0 0 14 1 1 16 0 0 0 0
58 45 1 0 31 3 1 0 56 0 20 20 0 0 0 0
53 18 0 19 0 18 0 0 0 0 1 0 0 0 13 0
47 42 0 50 0 39 27 11 0 0 0 0 0 0 0 0
60 50 0 27 0 3 0 0 1 0 0 1 0 0 0 0
39 0 0 0 0 0 0 0 0 0 0 0 0 0 0 0
49 42 4 0 2 3 0 0 15 1 16 12 0 0 2 0
49 54 7 0 31 0 0 0 24 0 21 10 0 2 0 0
55 49 1 0 40 0 0 0 24 0 23 9 0 16 0 0
50 17 2 17 2 0 0 0 0 2 4 0 0 0 3 0
50 32 12 0 3 0 2 0 0 0 0 0 0 0 0 0
51 44 9 9 18 0 0 1 7 0 0 0 0 0 0 0
50 42 0 28 0 30 22 9 0 0 0 0 0 0 0 0
52 42 11 0 10 2 0 0 33 1 4 0 0 16 0 0
55 0 0 1 0 0 0 0 0 30 4 0 2 0 0 0
51 44 0 8 2 0 0 0 0 0 0 0 0 0 0 0
54 45 0 0 0 0 1 0 0 5 0 0 0 0 1 0
46 37 0 33 4 41 1 0 0 0 0 0 0 0 12 0
61 39 0 13 0 0 0 0 0 0 0 0 13 0 0 0
48 34 11 0 25 0 0 0 19 0 0 0 0 0 2 0
45 53 0 0 23 0 0 0 31 0 27 8 0 8 0 0
40 51 0 0 18 0 0 0 34 3 1 1 0 2 2 0
54 9 0 0 0 1 0 0 5 0 0 0 0 1 0 0
49 42 6 33 0 24 2 6 0 0 0 0 0 0 0 0
47 0 0 0 0 0 0 1 0 39 0 1 11 0 0 0
47 14 0 9 1 2 0 0 0 0 0 0 1 1 3 0
47 55 0 35 0 10 0 0 6 0 0 1 0 0 19 0
45 1 0 0 0 0 0 0 0 38 0 0 0 3 1 0
68 45 0 41 0 38 6 1 0 0 1 0 4 3 11 0
45 49 5 2 0 0 2 0 0 0 0 1 0 0 0 0
57 28 0 6 1 0 0 0 6 0 0 0 0 0 0 0
66 60 16 0 0 0 0 0 0 0 2 0 0 0 0 0
38 29 26 0 1 0 0 2 0 0 0 0 0 0 0 0
65 47 1 27 0 14 8 0 3 0 2 2 0 0 0 0
57 0 1 0 0 0 1 0 0 54 0 0 2 0 0 0
47 37 6 0 11 0 0 0 5 0 0 0 0 0 5 0
66 0 0 0 0 0 0 3 0 0 0 0 0 6 0 0
28 42 0 31 0 9 3 0 0 0 0 0 0 3 0 0
58 36 9 0 11 1 0 0 0 0 0 1 1 0 0 0
45 41 0 37 0 34 0 5 2 0 0 0 3 0 8 0
46 0 0 1 0 3 0 1 0 0 0 0 0 0 0 0
53 5 0 0 0 0 0 0 0 0 0 0 0 0 6 0
43 35 21 0 31 1 0 0 0 0 0 0 0 0 1 0
47 48 16 0 28 0 1 1 31 0 15 16 0 0 0 0
42 33 0 35 0 41 44 13 0 4 0 2 0 0 0 0
47 57 0 15 0 27 5 0 0 0 0 0 0 0 0 0
52 0 0 1 0 5 0 0 0 27 1 0 0 1 0 0
46 2 0 0 0 0 0 0 1 0 0 1 1 4 1 0
42 49 3 0 15 0 0 1 20 0 20 15 3 1 0 0
58 38 5 0 28 1 0 1 35 0 12 0 0 2 0 0
49 0 0 2 0 0 0 0 0 40 0 0 0 0 0 0
54 34 0 33 0 10 7 0 2 0 0 0 0 0 0 0
55 12 17 0 1 0 0 0 0 0 0 0 0 0 0 0
56 40 1 46 0 24 19 9 0 0 1 1 3 0 0 0
53 0 0 3 1 5 10 0 0 0 1 0 7 0 0 0
49 34 3 0 23 0 0 2 20 0 6 0 0 0 0 0
46 43 1 1 22 0 0 0 23 0 14 0 1 0 0 0
49 37 0 49 0 32 8 0 0 0 0 0 0 0 0 0
53 14 0 19 0 0 0 1 0 0 1 0 0 0 0 0
47 0 4 0 0 0 0 0 0 0 0 0 0 0 0 0
41 46 0 18 0 11 19 0 0 0 0 0 0 0 7 0
45 43 1 1 46 0 0 0 36 0 9 0 0 0 0 0
64 46 7 0 17 0 0 2 15 0 0 0 5 0 0 0
43 21 0 0 0 0 2 1 1 0 0 0 0 0 0 0
57 34 0 25 0 0 4 0 0 1 0 0 0 0 0 0
50 34 0 1 0 0 1 1 0 1 0 2 0 0 0 0
56 46 3 32 6 39 11 17 1 0 0 2 0 5 0 0
41 13 8 0 0 0 0 0 0 1 0 0 0 0 2 0
56 55 27 2 26 0 1 0 12 4 0 3 0 0 0 0
57 45 10 0 18 0 2 0 12 0 0 1 0 0 3 0
47 24 0 18 0 20 0 0 0 0 1 2 0 0 4 0
54 54 0 28 1 9 10 0 0 0 0 0 0 0 0 0
47 48 0 47 0 27 0 0 5 0 0 0 0 0 9 0
39 2 0 2 0 0 3 0 0 0 0 0 0 1 0 0
56 41 3 0 34 0 0 0 0 0 0 4 0 0 0 0
54 0 0 0 0 4 0 0 0 49 5 0 0 0 0 0
52 55 7 0 17 0 0 0 34 0 14 0 0 0 2 0
50 26 27 0 0 0 0 3 0 0 0 0 1 1 1 0
52 50 0 12 0 0 0 0 0 0 0 1 0 0 5 0
56 6 2 0 0 0 1 0 0 0 0 1 0 0 0 0
56 43 3 32 2 9 6 1 2 0 3 0 0 0 0 0
49 0 0 0 0 0 0 0 0 30 0 9 22 0 2 0
42 34 0 11 0 4 0 0 0 0 0 3 0 0 0 0
53 45 5 0 19 0 0 0 10 0 6 0 0 0 0 0
48 41 7 0 28 0 0 0 39 0 18 8 0 0 0 0
52 0 0 0 0 0 4 0 0 4 0 0 0 0 0 0
54 19 1 0 0 0 0 0 0 4 7 0 0 0 1 0
51 0 0 0 0 0 0 0 1 0 0 0 0 0 1 0
57 38 9 0 44 0 0 0 23 0 0 0 0 6 1 0
57 43 12 0 24 0 7 0 31 0 35 16 0 0 0 0
63 25 14 0 0 2 4 0 0 0 0 0 0 0 0 0
41 52 0 3 24 1 0 0 9 0 16 4 0 0 0 0
43 45 0 40 0 26 6 1 0 0 0 0 0 0 0 0
35 36 0 0 1 1 5 0 0 1 0 1 0 0 0 0
59 37 1 38 0 12 0 0 0 0 0 2 3 0 0 0
52 46 0 56 0 24 0 0 0 0 0 0 0 0 8 0
41 45 0 15 4 8 0 0 0 0 0 3 0 0 1 0
48 45 12 0 40 0 2 0 44 0 20 1 2 1 0 0
43 36 9 0 15 0 0 0 25 0 13 5 7 0 0 0
51 47 7 0 28 0 1 0 24 1 17 0 3 0 0 0
47 0 0 0 2 0 0 0 0 43 0 0 0 1 0 0
55 44 0 26 0 18 0 1 0 0 0 2 0 3 0 0
41 33 14 0 13 0 0 0 0 3 4 0 0 4 0 0
57 32 21 0 22 0 5 0 0 0 0 1 0 0 0 0
50 32 0 0 0 2 2 8 0 0 0 3 1 8 0 0
57 0 0 2 0 0 0 0 0 0 10 0 0 0 0 0
54 37 0 24 0 17 1 0 0 0 0 1 0 1 1 0
50 11 0 0 0 0 0 0 0 0 0 0 1 0 0 0
48 30 13 0 14 0 0 0 16 0 10 0 0 9 0 0
42 0 0 0 0 1 0 3 0 0 0 0 0 4 0 0
51 51 29 0 8 0 0 0 2 0 0 0 0 1 0 0
52 40 11 1 1 0 0 2 2 0 0 0 0 0 0 0
41 49 10 0 23 0 0 0 18 0 25 6 0 4 1 0
47 38 2 6 32 0 0 0 22 1 8 0 6 0 0 0
55 40 21 0 17 0 0 0 2 0 0 0 0 0 1 0
44 61 6 0 43 0 0 0 34 0 13 7 0 4 0 0
52 54 20 0 29 3 0 0 12 0 3 6 0 0 2 0
45 40 6 0 30 0 0 0 17 0 10 1 0 0 0 0
67 42 28 0 27 0 0 0 0 2 8 0 2 0 0 0
48 0 0 0 0 1 0 0 0 0 0 0 0 0 0 0
56 51 0 34 1 23 20 0 0 0 0 0 0 1 2 0
46 17 1 0 2 0 0 0 0 0 0 0 4 0 5 0
51 51 0 33 1 11 6 0 0 0 1 0 0 0 0 0
41 63 0 60 0 43 26 12 0 0 0 0 0 0 0 0
43 38 4 0 7 0 0 0 1 0 0 0 0 0 0 0
44 43 23 0 19 0 0 0 17 0 12 3 1 2 0 0
46 33 2 0 15 0 0 1 0 0 0 0 0 0 3 0
46 47 0 2 0 0 0 3 0 0 0 0 0 4 2 0
54 47 27 0 1 0 0 2 0 3 0 0 0 0 0 0
33 48 0 42 0 24 0 0 0 0 1 0 0 0 28 0
47 28 5 0 15 0 0 0 0 0 0 0 0 5 0 0
51 15 0 15 1 14 14 0 0 1 0 0 0 0 0 0
47 60 0 33 0 20 0 0 1 0 7 0 0 0 0 0
62 0 0 0 0 0 0 0 0 33 0 0 50 0 0 0
49 28 0 0 0 4 2 0 0 0 0 0 0 0 0 0
46 34 0 33 0 3 0 0 0 0 1 1 0 0 0 0
51 39 0 18 0 19 4 10 1 0 0 0 0 1 5 0
60 51 13 1 35 0 0 0 42 1 31 17 0 6 0 0
54 38 0 41 0 6 0 0 0 0 0 0 0 0 0 0
57 21 0 0 1 0 0 0 0 2 0 0 0 0 0 0
43 0 0 0 0 1 0 0 0 7 0 0 0 0 0 0
44 28 5 5 5 0 0 0 30 0 9 11 2 1 0 0
45 0 3 2 0 2 0 0 1 0 0 0 0 0 2 0
50 0 0 1 0 1 0 0 0 24 1 0 0 1 0 0
63 48 1 44 0 12 1 0 0 0 0 0 0 0 11 0
41 50 4 0 40 2 1 1 21 0 25 4 0 6 0 0
40 49 6 1 31 0 0 0 24 0 10 6 2 0 0 0
57 32 7 0 9 0 0 0 0 0 0 0 0 4 1 0
55 29 0 13 0 0 0 0 0 0 0 0 0 0 0 0
51 39 0 40 0 8 10 10 0 0 1 0 0 0 11 0
54 53 12 4 28 0 0 0 13 0 17 4 1 8 0 0
43 53 4 0 12 4 0 0 0 3 0 0 0 0 0 0
48 7 0 7 0 0 0 0 0 0 3 0 0 0 0 0
74 27 0 29 0 12 0 1 0 0 0 0 0 0 10 0
61 10 0 7 3 7 0 0 3 6 0 0 0 0 0 0
51 0 0 0 0 0 0 0 0 41 0 0 0 7 4 0
46 0 0 0 0 0 0 0 0 49 0 0 31 0 1 0
46 23 22 0 0 0 0 0 0 0 0 1 0 0 0 0
54 29 0 49 0 27 13 2 0 0 0 0 0 7 0 0
35 40 22 0 8 0 6 0 15 0 0 0 0 0 0 0
51 28 11 6 11 0 0 1 0 0 0 0 0 2 1 0
57 26 0 35 0 29 12 0 0 0 0 0 0 5 0 0
57 25 0 13 0 1 0 0 0 0 2 3 0 0 8 0
43 31 0 26 0 18 0 2 0 3 0 0 0 0 0 0
52 46 13 0 15 0 0 0 20 4 0 0 0 0 0 0
45 36 2 32 0 13 0 0 0 0 0 0 0 2 1 0
50 13 3 0 0 0 0 4 1 0 0 0 0 0 0 0
48 3 10 0 6 0 0 0 0 0 1 0 0 0 0 0
43 29 0 22 0 3 0 0 0 0 0 0 0 0 0 0
43 41 0 51 0 26 1 0 0 0 0 0 0 0 13 0
59 6 2 0 0 0 1 1 0 0 0 0 0 0 0 0
65 5 0 0 0 0 2 0 0 3 0 0 0 0 0 0
54 54 0 50 0 14 0 0 0 2 0 0 0 0 0 0
58 9 1 0 0 0 0 1 0 0 0 0 2 0 0 0
52 35 0 0 17 0 0 1 13 0 0 0 1 0 0 0
61 38 2 0 53 0 0 0 23 0 16 2 0 0 0 0
44 35 0 8 0 13 0 0 2 0 7 0 0 2 1 0
53 4 0 0 4 0 0 0 0 0 0 0 0 0 0 0
52 5 0 0 3 0 0 0 0 40 0 2 0 0 0 0
52 33 2 0 25 2 0 0 26 0 11 2 0 4 0 0
46 39 0 10 0 0 0 0 3 0 0 0 0 1 6 0
64 27 27 3 6 0 0 0 10 0 5 0 0 0 0 0
50 1 3 0 7 0 0 0 0 27 0 3 7 0 0 0
44 52 0 17 0 2 0 0 0 0 0 0 0 0 2 0
56 44 10 0 25 0 0 0 15 0 18 3 0 5 2 0
64 13 0 16 0 0 0 0 0 0 2 0 0 0 0 0
54 51 0 58 0 29 8 1 1 2 0 0 0 0 0 0
43 4 1 0 0 5 0 2 0 0 0 0 1 0 0 0
49 40 20 4 1 0 0 0 0 1 0 0 0 0 0 0
45 53 9 0 18 0 1 0 0 0 1 2 0 0 0 0
43 37 1 27 2 24 4 2 0 0 0 0 0 0 0 0
55 32 6 0 14 0 1 0 11 0 0 6 0 0 0 0
49 44 0 37 0 4 0 0 0 0 0 0 0 0 0 0
43 36 15 5 35 0 0 0 19 0 7 0 0 4 0 0
51 46 0 18 0 0 0 0 0 0 0 0 0 1 0 0
50 44 3 0 27 0 0 0 26 0 18 1 0 0 0 0
52 35 14 0 6 0 0 0 1 1 0 3 0 0 0 0
53 43 0 21 1 15 20 17 0 0 0 0 0 3 0 0
33 25 6 2 45 5 0 3 0 0 0 0 0 0 0 0
36 31 2 14 0 2 6 0 0 2 0 0 0 0 0 0
54 1 0 0 0 0 0 1 0 45 0 0 25 0 0 0
34 49 0 29 1 26 0 6 0 3 0 0 0 0 21 0
48 38 4 0 20 0 0 0 0 0 0 0 1 0 0 0
47 38 0 0 0 0 0 0 0 0 0 0 6 0 0 0
44 3 0 1 1 0 2 0 1 0 0 0 2 0 0 0
41 25 8 2 1 0 0 0 0 0 0 0 0 1 0 0
55 36 0 31 0 25 14 0 0 0 0 6 0 0 0 0
52 34 0 16 0 15 23 6 2 0 0 0 0 0 3 0
50 0 0 0 0 0 1 3 0 0 0 0 0 0 0 0
48 12 2 0 0 0 0 0 0 0 0 0 0 0 0 0
36 45 0 16 1 0 0 0 0 0 0 0 0 0 6 0
53 34 28 0 10 2 0 0 0 0 1 0 0 0 1 0
54 19 5 1 8 0 0 0 8 0 0 0 0 1 0 0
49 50 0 46 4 24 34 13 0 4 0 0 0 0 0 0
54 34 2 5 12 16 0 0 28 0 0 0 0 0 0 0
49 49 3 0 18 2 0 5 41 0 21 1 0 1 0 0
53 0 0 0 0 0 1 0 1 0 0 0 0 0 1 0
55 47 1 31 0 5 0 0 0 0 3 0 0 2 1 0
43 24 0 30 1 10 0 0 0 0 6 0 0 0 2 0
43 12 7 0 2 1 1 5 0 0 0 0 0 0 0 0
41 27 23 0 1 0 0 2 3 0 0 1 0 0 0 0
43 1 4 0 0 0 0 1 0 15 0 0 0 0 0 0
49 45 0 24 3 11 11 0 0 0 0 0 0 0 0 0
52 35 12 0 1 0 0 0 0 1 0 0 0 0 1 0
36 41 2 4 11 0 0 0 14 0 0 0 0 1 0 0
54 48 14 0 24 0 0 0 31 0 17 4 0 2 0 0
49 29 5 0 0 0 0 0 0 0 0 0 1 4 0 0
57 40 0 11 0 15 0 0 0 2 0 0 6 0 1 0
53 6 0 13 0 1 3 1 0 0 2 0 0 0 0 0
43 19 0 6 0 20 0 0 0 0 0 0 2 0 1 0
52 48 0 31 0 0 0 0 0 9 0 0 3 1 0 0
48 26 1 0 6 0 0 0 0 0 0 0 0 0 0 0
38 0 0 0 1 0 0 0 0 3 1 0 0 0 3 0
38 2 0 0 0 0 0 3 0 0 0 0 4 0 0 0
42 56 0 0 0 0 1 1 0 0 0 5 0 0 0 0
43 41 0 40 0 20 0 0 0 0 0 0 0 1 0 0
52 47 0 42 0 25 19 0 0 0 0 0 0 0 0 0
52 53 3 0 4 0 1 3 8 1 0 0 0 0 0 0
48 0 0 2 0 5 4 0 0 12 3 0 0 2 2 0
44 30 39 0 5 0 0 0 0 0 0 0 0 1 0 0
50 35 14 0 24 0 0 0 2 0 21 6 0 11 0 0
66 31 0 0 7 0 0 0 0 0 1 0 0 0 0 0
54 21 0 5 1 0 1 0 1 0 0 1 3 1 0 0
53 38 0 48 1 20 10 1 0 0 1 0 0 2 1 0
59 47 1 0 30 6 0 0 17 1 6 0 0 0 1 0
57 42 5 0 14 0 0 0 19 0 22 6 1 7 0 0
55 0 0 0 0 0 0 0 0 13 0 0 3 0 0 0
55 39 9 0 24 1 0 0 23 1 12 0 2 0 0 0
59 30 0 3 0 1 2 0 0 0 0 0 0 0 0 0
50 25 17 4 0 0 0 1 0 0 0 1 0 1 0 0
45 30 0 33 7 15 0 0 0 0 0 0 3 0 18 0
54 51 0 45 0 14 14 1 0 0 0 6 0 0 7 0
43 0 0 2 9 0 0 0 0 31 0 1 2 0 0 0
48 34 0 44 2 15 14 2 0 0 0 0 1 0 0 0
57 34 2 0 34 0 0 0 8 0 6 0 0 0 0 0
49 45 13 0 19 0 0 0 0 0 0 0 0 0 0 0
37 32 23 0 0 0 0 0 0 0 1 0 0 4 0 0
51 45 0 31 0 28 13 0 0 0 0 0 0 0 0 0
45 33 8 22 0 27 0 0 0 0 0 0 0 0 10 0
60 45 5 2 20 0 0 0 3 0 2 4 0 0 0 0
45 55 19 0 21 0 0 2 24 0 13 0 0 0 5 0
39 37 2 48 2 43 0 0 0 0 0 0 0 0 0 0
58 46 0 47 0 29 0 0 5 0 1 0 0 2 15 0
56 33 9 0 35 0 0 0 35 0 35 24 0 1 0 0
43 0 0 0 0 1 1 8 0 24 0 0 4 0 2 0
41 23 0 0 0 0 1 0 0 0 0 0 0 0 0 0
45 32 0 0 17 0 0 0 17 0 5 5 0 3 0 0
42 26 0 34 0 18 24 0 0 0 0 0 0 0 0 0
64 51 3 2 35 0 0 0 19 0 19 18 7 7 2 0
55 51 11 0 37 5 0 2 19 0 0 0 0 0 1 0
38 26 0 28 0 7 0 5 4 0 0 0 0 0 2 0
38 0 0 0 0 0 0 3 0 48 9 0 0 0 5 0
32 24 9 0 21 2 0 0 10 0 2 1 0 0 0 0
42 0 0 2 0 0 0 0 7 44 0 0 0 0 0 0
44 0 6 3 0 0 0 7 3 28 0 0 0 0 0 0
58 40 20 0 0 0 0 0 0 0 0 0 2 0 0 0
46 16 0 0 0 0 3 2 0 0 0 0 1 0 0 0
51 40 8 0 41 0 0 0 27 1 16 11 1 0 0 0
38 42 4 0 17 0 0 0 17 0 0 0 0 0 0 0
51 54 0 28 1 42 20 8 0 0 1 0 2 0 0 0
51 0 0 0 1 0 0 0 0 36 0 10 12 0 0 0
43 36 32 1 0 0 0 0 0 0 0 2 0 0 0 0
43 45 2 0 37 2 2 0 19 0 36 7 0 19 1 0
45 55 17 0 24 0 2 1 22 0 6 0 0 3 0 0
54 33 9 0 18 0 0 0 21 0 0 0 0 2 0 0
40 47 0 0 24 0 0 0 31 0 2 1 0 0 0 0
50 59 0 39 0 53 17 0 0 0 0 0 0 0 0 0
53 59 8 0 22 0 0 0 11 0 32 6 0 19 0 0
39 31 0 23 0 0 0 0 0 1 0 0 0 0 1 0
46 31 0 37 0 26 0 0 2 0 0 0 0 0 16 0
51 14 1 0 0 2 0 1 0 0 0 0 0 0 0 0
49 15 0 12 1 1 0 0 0 1 2 0 0 0 0 0
45 2 1 0 1 0 0 0 0 0 1 0 0 0 0 0
47 30 1 35 0 5 0 0 0 0 0 0 0 1 6 0
47 33 3 0 39 0 1 0 32 0 34 4 2 0 0 0
44 48 8 2 34 0 0 0 11 0 8 0 0 0 0 0
57 56 2 18 0 23 3 17 2 0 0 0 0 0 0 0
55 43 6 1 27 0 0 2 26 0 11 7 0 17 0 0
43 49 14 1 37 0 0 0 0 3 0 0 0 0 0 0
42 43 1 1 19 0 0 0 8 0 16 1 2 7 0 0
46 24 9 0 26 0 0 0 19 1 5 8 3 5 0 0
51 51 10 0 20 0 0 0 29 0 12 1 2 3 0 0
59 53 3 0 50 8 0 0 32 0 15 7 0 0 0 0
52 33 0 29 0 31 0 0 0 0 0 0 5 0 20 0
46 57 0 38 2 35 27 10 0 0 0 0 0 0 0 0
40 43 0 54 0 13 10 4 0 0 0 0 0 0 0 0
61 36 17 1 12 0 0 0 1 0 1 0 0 0 0 0
49 50 1 1 30 0 0 0 34 0 14 1 0 0 0 0
56 40 9 0 0 0 0 0 1 0 3 0 0 0 1 0
42 30 11 0 21 0 0 0 11 0 0 1 0 0 2 0
38 44 12 0 22 0 0 0 14 0 0 0 0 0 0 0
40 54 9 0 25 1 0 0 35 1 20 0 0 0 0 0
45 36 0 44 0 30 22 1 0 1 0 0 0 0 0 0
56 33 6 19 0 16 4 0 0 0 0 0 0 0 9 0
51 52 0 41 0 24 21 1 0 1 0 1 0 0 0 0
45 2 0 0 0 0 0 0 0 0 2 10 0 0 0 0
61 27 1 0 12 0 2 0 24 0 1 0 1 0 0 0
51 52 2 0 22 0 0 0 7 0 21 5 7 8 0 0
47 0 0 0 0 0 1 0 0 46 0 0 43 0 3 0
40 14 4 0 0 2 0 0 1 0 0 0 0 0 0 0
46 0 1 0 0 5 8 2 0 10 0 0 9 0 0 0
48 19 2 1 2 2 0 0 2 0 0 0 0 0 0 0
45 46 0 0 33 0 0 4 41 0 34 0 0 8 0 0
56 65 0 39 0 24 0 0 0 0 0 0 0 6 0 0
54 55 5 0 19 0 0 1 31 0 14 18 3 0 0 0
51 39 8 0 11 5 0 1 0 0 8 0 0 0 0 0
45 61 0 31 1 52 18 19 1 0 0 0 0 3 0 0
52 0 0 0 0 0 0 0 0 32 0 0 0 0 0 0
61 38 0 32 0 11 7 8 0 0 0 0 0 0 0 0
47 40 2 3 0 0 0 0 1 0 0 1 0 0 0 0
45 37 0 6 0 0 0 0 0 2 0 1 0 0 0 0
51 0 0 0 0 0 1 0 0 37 0 0 0 0 0 0
47 28 0 22 0 21 1 0 0 0 0 0 0 0 6 0
55 50 0 0 3 0 0 0 0 0 3 0 0 1 3 0
58 0 0 0 0 0 2 0 1 19 0 0 0 0 0 0
