1.0000 0.0000 0.0000 0.0000 0.0000 0.0000 0.0000 0.0000 0.0000 0.2407 0.0000 0.0000 0.0175 0.0000 0.0000 0.0000
0.9344 0.7759 0.8636 0.0000 0.0000 0.0000 0.0000 0.0000 0.0000 0.0000 0.0789 0.0000 0.0000 0.0000 0.0000 0.0000
1.0000 0.0667 0.0465 0.2453 0.0000 0.0000 0.0000 0.0000 0.0364 0.3043 0.0408 0.0000 0.0000 0.0238 0.0000 0.0000
1.0000 0.9024 0.1429 0.0000 0.5484 0.0000 0.0000 0.0000 0.0000 0.0345 0.0179 0.0000 0.0000 0.0000 0.0000 0.0000
1.0000 0.0357 0.0233 0.0208 0.0000 0.0000 0.0238 0.0000 0.0000 0.0000 0.0000 0.0000 0.0000 0.0000 0.0000 0.0000
1.0000 0.0000 0.0323 0.0192 0.0000 0.0000 0.0000 0.0426 0.0000 0.5000 0.0000 0.0000 0.1538 0.0000 0.0256 0.0000
1.0000 0.9333 0.0469 0.0000 0.5745 0.0000 0.0000 0.0000 0.4717 0.0000 0.2000 0.0000 0.0000 0.0200 0.0000 0.0000
1.0000 0.3000 0.0000 0.0769 0.0000 0.0000 0.0000 0.0000 0.0000 0.0233 0.0000 0.0000 0.0000 0.0000 0.0000 0.0000
1.0000 0.9804 0.0000 0.4510 0.0000 0.2927 0.2941 0.0000 0.0000 0.0526 0.0000 0.0000 0.0000 0.0000 0.0000 0.0000
1.0000 0.9608 0.0000 0.4833 0.0000 0.0000 0.0000 0.0556 0.0000 0.0000 0.0962 0.0000 0.0000 0.0000 0.0000 0.0000
1.0000 1.0000 0.2222 0.0000 0.7111 0.0000 0.0000 0.0435 0.5000 0.0000 0.4167 0.0625 0.0000 0.0678 0.0244 0.0000
1.0000 0.6170 0.2000 0.1395 0.0000 0.0000 0.0000 0.0000 0.0000 0.0000 0.0000 0.0000 0.0000 0.0000 0.0000 0.0000
1.0000 0.8889 0.0000 0.8043 0.0769 0.8200 0.6429 0.5333 0.0000 0.0000 0.0600 0.0000 0.0000 0.0000 0.0000 0.0000
1.0000 0.8810 0.1613 0.0000 0.6170 0.0698 0.0000 0.0000 0.2353 0.0000 0.0164 0.0000 0.0426 0.0000 0.0000 0.0000
1.0000 0.9778 0.0208 0.0000 0.9524 0.0339 0.0000 0.0612 0.4510 0.0000 0.0600 0.0000 0.0000 0.0000 0.0000 0.0000
1.0000 0.3721 0.0000 0.6087 0.0727 0.2000 0.0000 0.0000 0.0000 0.0000 0.0000 0.0000 0.0000 0.0000 0.0000 0.0000
1.0000 0.4643 0.1277 0.0000 0.0000 0.0189 0.0000 0.0000 0.0444 0.0000 0.0000 0.0000 0.0000 0.0294 0.0833 0.0000
1.0000 0.9070 0.0000 0.8571 0.0000 0.5319 0.5909 0.1000 0.1071 0.0000 0.0000 0.1296 0.0000 0.0000 0.0204 0.0000
1.0000 0.7778 0.5273 0.0000 0.1600 0.0000 0.0000 0.0000 0.0000 0.0000 0.0227 0.0000 0.1154 0.0000 0.0000 0.0000
1.0000 0.6346 0.0500 0.5862 0.0169 0.4821 0.4167 0.0444 0.0000 0.0000 0.0000 0.0000 0.0000 0.0000 0.0794 0.0000
1.0000 0.0000 0.0000 0.0000 0.0000 0.0000 0.0222 0.0000 0.0000 0.2340 0.0000 0.0000 0.0714 0.0000 0.0000 0.0000
1.0000 0.0000 0.0000 0.0000 0.0612 0.0000 0.0000 0.0182 0.0000 0.5122 0.0000 0.0000 0.5556 0.0000 0.0000 0.0000
1.0000 0.5102 0.0182 0.1493 0.0000 0.0000 0.0244 0.0000 0.0000 0.0000 0.0000 0.0392 0.0000 0.0000 0.0000 0.0000
1.0000 0.8958 0.0208 0.0000 0.5714 0.0000 0.0357 0.0000 0.4074 0.0000 0.3696 0.0408 0.0000 0.0000 0.0000 0.0000
1.0000 0.0000 0.0000 0.0000 0.0000 0.0000 0.0000 0.0000 0.0625 0.8644 0.0000 0.0217 0.0208 0.0000 0.0147 0.0000
1.0000 0.0000 0.0000 0.0000 0.0000 0.0000 0.0000 0.0000 0.0185 0.0000 0.0000 0.0000 0.0137 0.0000 0.0000 0.0000
0.9846 0.5227 0.0000 0.0000 0.4375 0.0000 0.0000 0.0444 0.0392 0.0339 0.0625 0.0000 0.0000 0.0000 0.0000 0.0000
1.0000 0.8909 0.2830 0.0000 0.4082 0.0000 0.0161 0.0000 0.6275 0.0000 0.2424 0.2407 0.0000 0.0238 0.0000 0.0000
1.0000 0.7959 0.0377 0.0000 0.3922 0.0000 0.0000 0.0714 0.3250 0.0536 0.3023 0.0408 0.0000 0.0000 0.0192 0.0000
1.0000 0.9000 0.3864 0.0000 0.2609 0.0149 0.0000 0.0000 0.0588 0.0000 0.0000 0.0000 0.0000 0.1250 0.0000 0.0000
1.0000 0.7250 0.1167 0.0000 0.8431 0.0000 0.0204 0.0200 0.3103 0.0000 0.1296 0.0000 0.0000 0.0000 0.0000 0.0000
0.9574 0.0000 0.0000 0.0000 0.0000 0.0000 0.0000 0.0000 0.0000 0.7547 0.0000 0.0000 0.4000 0.0000 0.0377 0.0000
1.0000 0.0000 0.0200 0.0000 0.0000 0.1091 0.0000 0.0000 0.0000 0.0000 0.0000 0.0222 0.0000 0.0000 0.0000 0.0000
1.0000 1.0000 0.2326 0.0392 0.8431 0.0000 0.0000 0.0000 0.6071 0.0000 0.4318 0.0000 0.0000 0.1111 0.0000 0.0000
0.9831 0.8857 0.4746 0.0588 0.1613 0.0222 0.0000 0.0000 0.0000 0.0192 0.0000 0.0000 0.0000 0.0000 0.0000 0.0000
1.0000 0.9636 0.1724 0.0000 0.5926 0.0000 0.0370 0.0000 0.1429 0.0000 0.3455 0.0417 0.0000 0.1739 0.0000 0.0000
1.0000 0.9592 0.0000 0.8085 0.0000 0.0600 0.0000 0.0000 0.0000 0.0000 0.0000 0.0000 0.0000 0.0000 0.0000 0.0000
1.0000 0.9756 0.6981 0.0000 0.0000 0.0000 0.1346 0.0244 0.0000 0.0000 0.0000 0.0000 0.0000 0.0000 0.0000 0.0000
0.9825 0.6364 0.0769 0.4000 0.0727 0.2549 0.0000 0.0000 0.0508 0.0000 0.0000 0.0000 0.0000 0.0000 0.0200 0.0000
0.9138 0.8889 0.0000 0.7556 0.0566 0.0000 0.0000 0.0000 0.0000 0.0000 0.0000 0.0172 0.0000 0.0000 0.0000 0.0000
0.9365 0.5965 0.0000 0.6875 0.0000 0.6379 0.3175 0.0000 0.0000 0.0000 0.0000 0.0000 0.0000 0.0000 0.0000 0.0000
1.0000 0.2727 0.1250 0.0000 0.0000 0.0000 0.0000 0.0000 0.0000 0.0000 0.0750 0.0000 0.0435 0.0000 0.0000 0.0000
0.9818 0.8269 0.3404 0.0000 0.5102 0.0213 0.0000 0.0000 0.0000 0.0000 0.0000 0.0213 0.0000 0.0000 0.0227 0.0000
1.0000 0.7903 0.0000 0.5345 0.0000 0.0682 0.0000 0.0000 0.0000 0.1569 0.0000 0.0000 0.0000 0.0000 0.0000 0.0000
1.0000 0.7377 0.2206 0.0000 0.6727 0.0290 0.0000 0.0000 0.0556 0.0000 0.0000 0.0192 0.0000 0.0000 0.0000 0.0000
0.9231 0.3409 0.0000 0.5185 0.0000 0.2895 0.0189 0.0000 0.0000 0.0000 0.0000 0.0000 0.0000 0.0000 0.0000 0.0000
1.0000 0.8864 0.0000 0.7391 0.0000 0.4375 0.1364 0.0000 0.0000 0.0000 0.0000 0.0189 0.0000 0.0000 0.0000 0.0000
1.0000 0.7538 0.0652 0.0208 0.8140 0.1231 0.0000 0.0000 0.7250 0.0000 0.5577 0.0000 0.0426 0.0000 0.0000 0.0000
1.0000 0.0000 0.0000 0.0000 0.0000 0.0000 0.0179 0.0000 0.0000 0.0556 0.0000 0.0000 0.1373 0.0000 0.0000 0.0000
0.9400 0.0000 0.0000 0.0345 0.0000 0.0217 0.0784 0.0000 0.0000 0.9375 0.0526 0.0000 0.0435 0.0000 0.0000 0.0000
1.0000 0.9385 0.0000 0.0000 0.9259 0.0364 0.0000 0.0000 0.5000 0.0000 0.1698 0.4483 0.0000 0.1569 0.0000 0.0000
1.0000 0.9762 0.1395 0.0000 0.6731 0.0000 0.0196 0.0000 0.6531 0.0500 0.3571 0.0000 0.0556 0.0200 0.0000 0.0000
0.9815 0.0152 0.0000 0.0000 0.0877 0.0364 0.0000 0.0000 0.0000 0.0000 0.1250 0.0000 0.0000 0.0000 0.0444 0.0000
1.0000 0.1000 0.0370 0.0000 0.0000 0.0000 0.0000 0.0000 0.0625 0.5294 0.0000 0.0000 0.5385 0.0566 0.0000 0.0000
1.0000 0.5957 0.0000 0.5000 0.0000 0.0000 0.0000 0.0000 0.0000 0.0000 0.0217 0.0000 0.0000 0.0000 0.0000 0.0000
1.0000 0.0000 0.0000 0.0270 0.0000 0.0000 0.2000 0.0000 0.0000 0.3725 0.0000 0.0000 0.0217 0.0000 0.0000 0.0000
1.0000 0.5918 0.0204 0.0000 0.5357 0.0000 0.0000 0.0175 0.2881 0.0000 0.3659 0.2889 0.1163 0.1707 0.0000 0.0000
1.0000 0.8444 0.0492 0.0000 0.0000 0.0000 0.0000 0.0000 0.0000 0.0000 0.0000 0.0000 0.0000 0.0208 0.0000 0.0000
1.0000 0.0000 0.0000 0.0000 0.0000 0.0000 0.0000 0.0000 0.0000 0.1224 0.0217 0.0000 0.0000 0.0161 0.0000 0.0000
1.0000 0.9268 0.0000 0.0000 0.5349 0.0000 0.0000 0.1111 0.1515 0.0000 0.2982 0.1000 0.0000 0.0213 0.0161 0.0000
0.8511 0.0000 0.0000 0.2128 0.0000 0.0000 0.0000 0.0000 0.0000 0.0000 0.0000 0.0000 0.0000 0.0000 0.0000 0.0000
1.0000 1.0000 0.5909 0.1455 0.5111 0.0000 0.0000 0.0000 0.3966 0.0000 0.1220 0.0000 0.0000 0.0000 0.0600 0.0000
1.0000 0.0000 0.0000 0.0000 0.0000 0.0000 0.0000 0.0000 0.0204 0.2308 0.0000 0.0000 0.0000 0.0000 0.0000 0.0000
1.0000 0.7778 0.0638 0.0000 0.2955 0.0000 0.0217 0.0244 0.1136 0.0000 0.0000 0.0980 0.0000 0.0000 0.0000 0.0000
1.0000 0.4375 0.2308 0.0000 0.2609 0.0000 0.0000 0.0000 0.5435 0.2292 0.0000 0.0000 0.0000 0.0227 0.0000 0.0000
1.0000 0.7317 0.2979 0.0930 0.2444 0.0000 0.0000 0.0000 0.3404 0.0000 0.0263 0.0000 0.0196 0.0000 0.0000 0.0000
1.0000 0.0000 0.0000 0.0000 0.0000 0.0000 0.0000 0.0000 0.0000 0.0185 0.0000 0.0000 0.0000 0.0270 0.0000 0.0000
1.0000 0.7692 0.0339 0.0000 0.4667 0.1915 0.0000 0.0217 0.5000 0.0000 0.4444 0.0256 0.0217 0.0222 0.0000 0.0000
0.9787 0.0000 0.0000 0.0000 0.0625 0.0000 0.0000 0.0000 0.0000 0.0000 0.0213 0.0000 0.0000 0.0000 0.0000 0.0000
1.0000 0.6964 0.1458 0.2391 0.0000 0.0000 0.0000 0.0000 0.0000 0.0000 0.0000 0.0000 0.0000 0.0000 0.0000 0.0000
1.0000 0.9615 0.0233 0.0000 0.4107 0.0000 0.0000 0.0000 0.2500 0.0233 0.1707 0.0714 0.0000 0.0000 0.0000 0.0000
1.0000 0.0238 0.0357 0.0000 0.0000 0.0682 0.0000 0.0000 0.0000 0.6200 0.0208 0.0789 0.0000 0.0192 0.0000 0.0000
1.0000 0.8478 0.0652 0.0000 0.3023 0.0000 0.0000 0.0000 0.2619 0.0000 0.0000 0.0870 0.0179 0.0000 0.0204 0.0000
1.0000 0.9737 0.0179 0.0962 0.9130 0.0000 0.0000 0.0000 0.4068 0.0000 0.6452 0.1304 0.0000 0.0000 0.0000 0.0000
1.0000 0.8409 0.2885 0.0000 0.0189 0.0000 0.0000 0.0000 0.0000 0.0000 0.0000 0.0000 0.0000 0.0000 0.0714 0.0000
1.0000 0.5192 0.3061 0.0200 0.6905 0.0566 0.0000 0.0000 0.4082 0.0000 0.0612 0.0000 0.0000 0.0000 0.0000 0.0000
1.0000 0.0172 0.0000 0.0351 0.0000 0.0000 0.0000 0.0000 0.0000 0.0000 0.0000 0.0000 0.1111 0.0000 0.0250 0.0000
1.0000 0.6852 0.0267 0.1509 0.0000 0.1475 0.0769 0.0000 0.0000 0.0455 0.0000 0.0600 0.0000 0.0339 0.0000 0.0000
0.9615 0.9000 0.0000 0.4355 0.0741 0.1852 0.0000 0.0000 0.0000 0.0000 0.0000 0.0000 0.0000 0.0000 0.1132 0.0000
1.0000 0.4286 0.2157 0.0000 0.0000 0.0156 0.0000 0.0000 0.0000 0.0000 0.0000 0.0000 0.0000 0.0000 0.0652 0.0000
1.0000 0.3810 0.0000 0.0000 0.0000 0.0588 0.0172 0.0000 0.0000 0.0200 0.0000 0.0000 0.0732 0.0000 0.0000 0.0000
1.0000 0.9388 0.0930 0.4118 0.0000 0.5306 0.0000 0.0000 0.0000 0.0000 0.0000 0.0000 0.0000 0.2857 0.3158 0.0000
1.0000 0.9792 0.0204 0.0172 0.7458 0.0000 0.0000 0.0000 0.7843 0.0000 0.7959 0.1111 0.0000 0.2083 0.0377 0.0000
0.9828 0.6522 0.1111 0.0000 0.4576 0.0000 0.0238 0.0000 0.1628 0.0189 0.1045 0.0000 0.0000 0.0000 0.0000 0.0000
1.0000 0.7234 0.1373 0.0000 0.0000 0.0000 0.0000 0.0000 0.0000 0.0000 0.0000 0.0000 0.0000 0.0000 0.0465 0.0000
1.0000 0.8400 0.0000 0.2000 0.0000 0.0000 0.0000 0.0000 0.0926 0.0000 0.0169 0.0227 0.0000 0.0000 0.0000 0.0000
1.0000 1.0000 0.1702 0.0000 0.7667 0.0000 0.0270 0.0000 0.2692 0.0870 0.4259 0.0625 0.0357 0.0769 0.0000 0.0000
0.9808 0.0000 0.0000 0.0182 0.0566 0.0000 0.0000 0.0000 0.0000 0.0000 0.0000 0.0000 0.0000 0.0000 0.0345 0.0000
1.0000 0.0000 0.0000 0.0185 0.0000 0.0000 0.0377 0.0175 0.0877 0.9403 0.0000 0.0000 0.2143 0.0526 0.0000 0.0000
1.0000 0.8983 0.0000 0.6557 0.0000 0.0000 0.0000 0.0000 0.0000 0.0000 0.0000 0.0000 0.0000 0.0000 0.0000 0.0000
1.0000 0.7593 0.0000 0.8871 0.1429 0.2564 0.1923 0.1064 0.0364 0.0000 0.0000 0.0000 0.0000 0.1042 0.0000 0.0000
1.0000 1.0000 0.1556 0.0000 0.5238 0.0000 0.0000 0.0000 0.3000 0.1591 0.0000 0.0000 0.0000 0.0000 0.0000 0.0000
1.0000 0.7547 0.0000 0.7027 0.0000 0.2353 0.0417 0.0000 0.0208 0.1622 0.0000 0.0000 0.0000 0.0000 0.1452 0.0000
1.0000 1.0000 0.0000 0.1190 0.0000 0.0000 0.0000 0.0000 0.0000 0.0000 0.0000 0.0000 0.0000 0.0000 0.0000 0.0000
1.0000 0.0000 0.0000 0.0000 0.0000 0.0000 0.0000 0.0364 0.0000 0.7500 0.0000 0.0000 0.0000 0.0147 0.0000 0.0000
1.0000 0.8868 0.0000 0.6829 0.0169 0.7222 0.2500 0.0000 0.0000 0.0000 0.0000 0.0968 0.0000 0.0000 0.0182 0.0000
0.9792 0.7073 0.0000 0.2500 0.0727 0.0000 0.0145 0.0000 0.0000 0.0000 0.0000 0.0000 0.0000 0.0000 0.0000 0.0000
1.0000 0.7778 0.0175 0.0556 0.4286 0.0952 0.0000 0.0000 0.3000 0.0000 0.1702 0.0000 0.0000 0.0000 0.0000 0.0000
1.0000 0.0000 0.0465 0.0392 0.0000 0.0000 0.0000 0.0000 0.0364 0.8269 0.0000 0.0000 0.8000 0.0000 0.0000 0.0000
1.0000 0.7442 0.0000 0.5000 0.0000 0.0000 0.0000 0.0000 0.0000 0.0000 0.0208 0.0000 0.0000 0.0517 0.0000 0.0000
1.0000 0.9286 0.0000 0.8545 0.0000 0.2083 0.0000 0.0930 0.0000 0.0000 0.0000 0.0000 0.0000 0.0000 0.0000 0.0000
0.9524 0.6610 0.0000 0.2941 0.0189 0.3000 0.0250 0.0000 0.0000 0.0000 0.0000 0.0200 0.0000 0.0000 0.0000 0.0000
1.0000 0.0189 0.0000 0.0000 0.0392 0.0000 0.0000 0.0000 0.0000 0.0000 0.0000 0.0238 0.2143 0.0000 0.0000 0.0000
1.0000 1.0000 0.0000 0.7308 0.0000 0.1176 0.0000 0.0000 0.0189 0.0000 0.0000 0.0000 0.0000 0.0833 0.1552 0.0000
0.9608 0.7333 0.0476 0.7234 0.0000 0.0870 0.2581 0.0000 0.0000 0.0408 0.0000 0.0000 0.0000 0.0000 0.0000 0.0000
1.0000 0.7143 0.0000 0.7400 0.0204 0.4151 0.2881 0.0952 0.0000 0.0862 0.0000 0.0000 0.0000 0.0000 0.0000 0.0000
1.0000 0.8113 0.0000 0.4364 0.0000 0.2800 0.0000 0.0000 0.0000 0.0000 0.0000 0.0000 0.0000 0.0000 0.2692 0.0000
1.0000 0.0000 0.0000 0.0000 0.0000 0.0204 0.0000 0.0167 0.0000 0.5909 0.0000 0.0000 0.5192 0.0000 0.0000 0.0000
0.9800 0.9434 0.0769 0.0000 0.5532 0.0000 0.0000 0.0179 0.7500 0.0980 0.4894 0.0000 0.0000 0.1667 0.0000 0.0000
1.0000 0.9655 0.0000 0.9808 0.0000 0.0000 0.0000 0.0000 0.0000 0.0000 0.0000 0.0000 0.0000 0.0000 0.0000 0.0000
1.0000 0.0690 0.0000 0.0000 0.0000 0.0000 0.0000 0.0000 0.0000 0.0000 0.0000 0.0000 0.0000 0.0000 0.0000 0.0000
1.0000 0.9787 0.1207 0.0000 0.5814 0.0000 0.0000 0.0000 0.4590 0.0000 0.0000 0.0000 0.0000 0.0000 0.0000 0.0000
1.0000 0.8000 0.0000 0.0000 0.3696 0.0800 0.0000 0.0000 0.4355 0.0000 0.4500 0.1765 0.0000 0.0000 0.0000 0.0000
1.0000 0.0000 0.0000 0.0000 0.0000 0.0000 0.0192 0.0000 0.0000 0.7556 0.0000 0.0000 0.1321 0.0000 0.0000 0.0000
1.0000 0.7111 0.0000 0.6038 0.0000 0.0345 0.0000 0.0000 0.0667 0.0000 0.0000 0.0000 0.0000 0.0000 0.1071 0.0000
1.0000 0.4490 0.5455 0.0000 0.0000 0.0000 0.0000 0.0000 0.0000 0.0000 0.0000 0.0000 0.0000 0.0189 0.0000 0.0000
1.0000 0.8036 0.0000 0.6600 0.0000 0.4800 0.1774 0.1000 0.0213 0.0000 0.0000 0.0000 0.0000 0.0000 0.0000 0.0000
1.0000 0.0000 0.1186 0.0000 0.0000 0.0000 0.0923 0.0000 0.0000 0.8511 0.0000 0.0000 0.5000 0.0000 0.0000 0.0000
0.9365 0.9643 0.3019 0.0000 0.8276 0.0000 0.0000 0.0000 0.3462 0.0000 0.3095 0.5357 0.0000 0.0172 0.0000 0.0000
1.0000 0.8627 0.2708 0.0000 0.6226 0.0000 0.0000 0.0208 0.2857 0.0000 0.0000 0.0698 0.0238 0.0370 0.0000 0.0000
1.0000 0.7727 0.2745 0.0000 0.3273 0.0000 0.0263 0.0000 0.2245 0.0000 0.0189 0.0000 0.0000 0.0000 0.0000 0.0000
1.0000 0.0000 0.0000 0.0000 0.0000 0.0000 0.0000 0.0556 0.0000 0.0000 0.0000 0.0000 0.0000 0.0000 0.0000 0.0000
1.0000 0.5814 0.2667 0.5962 0.0000 0.0000 0.0000 0.0217 0.0000 0.0185 0.0217 0.0000 0.1228 0.0000 0.0000 0.0000
1.0000 0.0000 0.0000 0.1522 0.0784 0.0000 0.0000 0.0816 0.1356 0.2857 0.0000 0.0000 0.2979 0.0185 0.0000 0.0000
1.0000 0.0000 0.0000 0.0000 0.0000 0.0000 0.0000 0.0000 0.0192 0.0000 0.0000 0.0152 0.0000 0.0000 0.0000 0.0000
0.9796 0.0444 0.0769 0.0000 0.0000 0.0000 0.0000 0.0000 0.0000 0.8571 0.0000 0.0000 0.0000 0.0000 0.0000 0.0000
1.0000 0.7000 0.0000 0.3590 0.0652 0.1887 0.0000 0.0385 0.0600 0.0000 0.0000 0.0000 0.0000 0.0000 0.0000 0.0000
0.8085 0.9231 0.0000 0.9348 0.0000 0.6047 0.5397 0.1316 0.0227 0.0000 0.0000 0.0000 0.0000 0.0000 0.0000 0.0000
0.9615 0.8333 0.0000 0.5400 0.0000 0.0000 0.0000 0.0000 0.0000 0.0000 0.0833 0.0000 0.0000 0.2182 0.0189 0.0000
1.0000 0.8750 0.0000 0.0000 0.6964 0.0000 0.0000 0.0000 0.7111 0.0000 0.1731 0.0164 0.0000 0.0000 0.0000 0.0000
1.0000 0.9200 0.3051 0.0000 0.0185 0.0000 0.0169 0.0385 0.0408 0.0000 0.0000 0.0000 0.0000 0.0566 0.0000 0.0000
0.9565 0.8571 0.0385 0.0000 0.5849 0.0000 0.0000 0.0222 0.7308 0.0233 0.6324 0.1750 0.0000 0.1395 0.0588 0.0000
1.0000 0.9762 0.0000 0.5769 0.0000 0.0000 0.0000 0.0357 0.0612 0.0000 0.0000 0.0000 0.0000 0.0000 0.0000 0.0000
1.0000 0.0000 0.0000 0.0000 0.0000 0.0000 0.0000 0.0000 0.0200 0.0000 0.0000 0.0000 0.0000 0.0000 0.0000 0.0000
1.0000 0.0000 0.0000 0.0000 0.0000 0.0930 0.0000 0.0000 0.0000 0.1296 0.0000 0.0000 0.0000 0.0000 0.0000 0.0000
1.0000 1.0000 0.2857 0.0000 0.6129 0.0000 0.0392 0.0000 0.5349 0.0156 0.1579 0.0952 0.0000 0.0000 0.0000 0.0000
1.0000 0.5814 0.0000 0.5556 0.0000 0.4000 0.0732 0.1000 0.0000 0.0000 0.0000 0.0000 0.0000 0.0000 0.0000 0.0000
1.0000 0.4909 0.0244 0.0000 0.2157 0.0000 0.0000 0.0000 0.0000 0.0000 0.0000 0.0000 0.0000 0.0000 0.0000 0.0000
1.0000 0.9333 0.0784 0.0000 0.6667 0.0556 0.0000 0.0000 0.6327 0.0312 0.1964 0.0000 0.0000 0.0000 0.0000 0.0000
0.9833 0.8056 0.0000 0.6000 0.0000 0.2340 0.0000 0.0000 0.0000 0.0000 0.0000 0.0208 0.0000 0.0625 0.0339 0.0000
0.9412 0.0000 0.0000 0.0000 0.0244 0.0000 0.0000 0.0185 0.0000 0.8000 0.0000 0.0000 0.0000 0.0000 0.0000 0.0000
0.8431 0.0000 0.0000 0.0000 0.0000 0.0161 0.0172 0.0000 0.0000 0.0000 0.0000 0.0000 0.0526 0.0000 0.0000 0.0000
1.0000 0.6735 0.0526 0.0182 0.4889 0.0000 0.0000 0.0000 0.1489 0.0000 0.0545 0.0357 0.0000 0.0000 0.0000 0.0000
0.9750 0.0000 0.0000 0.0000 0.0000 0.0000 0.0000 0.1277 0.0000 0.0000 0.0000 0.0408 0.0000 0.0000 0.0000 0.0000
1.0000 0.6875 0.1304 0.0000 0.4528 0.0000 0.0000 0.0392 0.0000 0.0000 0.0615 0.0000 0.0000 0.0000 0.0000 0.0000
1.0000 0.4237 0.0000 0.4792 0.0000 0.4340 0.2500 0.1489 0.0000 0.0000 0.2000 0.0000 0.0000 0.0000 0.0000 0.0000
1.0000 0.0000 0.0000 0.0000 0.0000 0.0204 0.0000 0.0000 0.0000 0.3404 0.0000 0.0000 0.2115 0.0000 0.0000 0.0000
0.9016 0.5510 0.0000 0.0256 0.0208 0.0000 0.0000 0.0000 0.0189 0.0000 0.0000 0.1429 0.0000 0.0000 0.0233 0.0000
1.0000 0.7917 0.2917 0.0000 0.5000 0.0426 0.0222 0.0000 0.2292 0.0000 0.1207 0.0000 0.0192 0.0000 0.0000 0.0000
0.9737 0.7273 0.0000 0.3667 0.0385 0.0500 0.0000 0.0000 0.0000 0.0000 0.0000 0.0000 0.0000 0.0000 0.0000 0.0000
0.9750 0.7143 0.2826 0.0000 0.2826 0.0385 0.0000 0.0000 0.1379 0.0323 0.0000 0.0000 0.0000 0.0000 0.0000 0.0000
1.0000 0.6984 0.0000 0.5000 0.0000 0.3721 0.1429 0.0000 0.0000 0.0000 0.0000 0.0000 0.0000 0.0149 0.0000 0.0000
1.0000 0.7241 0.0000 0.6154 0.0192 0.0000 0.0000 0.0000 0.0000 0.0000 0.0000 0.0000 0.0000 0.0000 0.0000 0.0000
1.0000 0.6889 0.0930 0.0000 0.2075 0.0299 0.0000 0.0000 0.1400 0.0000 0.2400 0.0000 0.0000 0.0000 0.0227 0.0000
1.0000 0.0189 0.0000 0.0000 0.0000 0.0000 0.0000 0.0000 0.0000 0.1698 0.0000 0.0000 0.0000 0.0204 0.0000 0.0000
1.0000 0.8868 0.1458 0.0926 0.4783 0.0000 0.0000 0.1321 0.5385 0.0781 0.3922 0.0208 0.0000 0.1951 0.0000 0.0000
1.0000 0.6078 0.0652 0.0000 0.5435 0.0000 0.0000 0.0000 0.5435 0.0682 0.5849 0.2549 0.0000 0.1020 0.0000 0.0000
1.0000 0.7368 0.0185 0.0000 0.7727 0.0682 0.0000 0.0000 0.1379 0.0000 0.0000 0.0000 0.0851 0.0000 0.0000 0.0000
1.0000 0.0000 0.0667 0.0000 0.0000 0.0000 0.0370 0.0000 0.0000 0.0000 0.0000 0.0185 0.0385 0.0000 0.0000 0.0000
1.0000 0.0962 0.0000 0.0000 0.0000 0.0222 0.0000 0.0000 0.0000 0.0000 0.0185 0.0536 0.0000 0.0196 0.0000 0.0000
1.0000 0.8980 0.0000 0.9211 0.0833 0.5870 0.2909 0.0000 0.0000 0.0000 0.0000 0.0000 0.0469 0.0000 0.0000 0.0000
1.0000 0.0000 0.0000 0.0000 0.0000 0.0385 0.0000 0.0000 0.0000 0.0213 0.0556 0.0000 0.0000 0.0357 0.0000 0.0000
1.0000 0.8833 0.5227 0.0000 0.4130 0.0000 0.0000 0.0167 0.0000 0.1296 0.0000 0.0000 0.0000 0.0000 0.0185 0.0000
1.0000 0.9623 0.3077 0.0000 0.5283 0.0000 0.0000 0.0000 0.3906 0.0000 0.3654 0.0652 0.0000 0.0943 0.0638 0.0000
1.0000 0.9545 0.1707 0.0000 0.0263 0.0000 0.0000 0.0000 0.0204 0.0000 0.0000 0.0250 0.0169 0.0000 0.0577 0.0000
1.0000 0.8269 0.5400 0.0000 0.0816 0.0351 0.0000 0.0000 0.2800 0.0213 0.0286 0.2462 0.0000 0.0000 0.0000 0.0000
1.0000 0.9184 0.0172 0.0000 0.7381 0.0833 0.0192 0.0000 0.8750 0.0000 0.4444 0.3333 0.0000 0.0000 0.0000 0.0000
1.0000 0.4000 0.0000 0.3393 0.0000 0.3158 0.0000 0.0000 0.0000 0.0000 0.0192 0.0000 0.0000 0.0000 0.1940 0.0000
1.0000 1.0000 0.0000 0.8065 0.0000 0.8125 0.5400 0.2037 0.0000 0.0000 0.0000 0.0000 0.0000 0.0000 0.0000 0.0000
1.0000 0.9091 0.0000 0.5870 0.0000 0.0545 0.0000 0.0000 0.0185 0.0000 0.0000 0.0222 0.0000 0.0000 0.0000 0.0000
1.0000 0.0000 0.0000 0.0000 0.0000 0.0000 0.0000 0.0000 0.0000 0.0000 0.0000 0.0000 0.0000 0.0000 0.0000 0.0000
0.9800 0.8571 0.0800 0.0000 0.0476 0.0500 0.0000 0.0000 0.4839 0.0175 0.3721 0.3243 0.0000 0.0000 0.0351 0.0000
1.0000 0.9643 0.1795 0.0000 0.7949 0.0000 0.0000 0.0000 0.4444 0.0000 0.5122 0.2000 0.0000 0.0339 0.0000 0.0000
1.0000 0.8448 0.0238 0.0000 0.7843 0.0000 0.0000 0.0000 0.5000 0.0000 0.5000 0.2195 0.0000 0.2909 0.0000 0.0000
0.9804 0.3091 0.0513 0.3269 0.0426 0.0000 0.0000 0.0000 0.0000 0.0351 0.0702 0.0000 0.0000 0.0000 0.0556 0.0000
1.0000 0.6809 0.2069 0.0000 0.0789 0.0000 0.0400 0.0000 0.0000 0.0000 0.0000 0.0000 0.0000 0.0000 0.0000 0.0000
1.0000 0.8800 0.1957 0.2432 0.3913 0.0000 0.0000 0.0213 0.1400 0.0000 0.0000 0.0000 0.0000 0.0000 0.0000 0.0000
1.0000 0.8750 0.0000 0.5490 0.0000 0.6818 0.4583 0.2000 0.0000 0.0000 0.0000 0.0000 0.0000 0.0000 0.0000 0.0000
1.0000 0.8571 0.2340 0.0000 0.2000 0.0408 0.0000 0.0000 0.5893 0.0161 0.0816 0.0000 0.0000 0.3019 0.0000 0.0000
1.0000 0.0000 0.0000 0.0172 0.0000 0.0000 0.0000 0.0000 0.0000 0.6122 0.0930 0.0000 0.0408 0.0000 0.0000 0.0000
1.0000 1.0000 0.0000 0.1633 0.0323 0.0000 0.0000 0.0000 0.0000 0.0000 0.0000 0.0000 0.0000 0.0000 0.0000 0.0000
1.0000 0.9783 0.0000 0.0000 0.0000 0.0000 0.0256 0.0000 0.0000 0.0794 0.0000 0.0000 0.0000 0.0000 0.0204 0.0000
1.0000 0.8222 0.0000 0.7857 0.0741 0.6406 0.0217 0.0000 0.0000 0.0000 0.0000 0.0000 0.0000 0.0000 0.2927 0.0000
1.0000 0.8298 0.0000 0.2653 0.0000 0.0000 0.0000 0.0000 0.0000 0.0000 0.0000 0.0000 0.2281 0.0000 0.0000 0.0000
1.0000 0.8095 0.1964 0.0000 0.5556 0.0000 0.0000 0.0000 0.4222 0.0000 0.0000 0.0000 0.0000 0.0000 0.0465 0.0000
1.0000 0.8689 0.0000 0.0000 0.6389 0.0000 0.0000 0.0000 0.7045 0.0000 0.5625 0.1509 0.0000 0.1778 0.0000 0.0000
1.0000 0.9273 0.0000 0.0000 0.3529 0.0000 0.0000 0.0000 0.7391 0.0577 0.0233 0.0145 0.0000 0.0408 0.0323 0.0000
1.0000 0.1915 0.0000 0.0000 0.0000 0.0208 0.0000 0.0000 0.0980 0.0000 0.0000 0.0000 0.0000 0.0217 0.0000 0.0000
0.9800 0.9767 0.1017 0.6735 0.0000 0.5000 0.0370 0.1176 0.0000 0.0000 0.0000 0.0000 0.0000 0.0000 0.0000 0.0000
0.9792 0.0000 0.0000 0.0000 0.0000 0.0000 0.0000 0.0179 0.0000 0.9512 0.0000 0.0182 0.1897 0.0000 0.0000 0.0000
1.0000 0.2642 0.0000 0.1731 0.0208 0.0351 0.0000 0.0000 0.0000 0.0000 0.0000 0.0000 0.0208 0.0217 0.0714 0.0000
0.9592 0.8462 0.0000 0.6604 0.0000 0.2174 0.0000 0.0000 0.0896 0.0000 0.0000 0.0217 0.0000 0.0000 0.3455 0.0000
1.0000 0.0213 0.0000 0.0000 0.0000 0.0000 0.0000 0.0000 0.0000 0.6032 0.0000 0.0000 0.0000 0.0536 0.0182 0.0000
1.0000 1.0000 0.0000 0.9318 0.0000 0.6552 0.1395 0.0238 0.0000 0.0000 0.0167 0.0000 0.0909 0.0577 0.2075 0.0000
1.0000 0.8596 0.0877 0.0444 0.0000 0.0000 0.0435 0.0000 0.0000 0.0000 0.0000 0.0164 0.0000 0.0000 0.0000 0.0000
1.0000 0.5833 0.0000 0.1132 0.0182 0.0000 0.0000 0.0000 0.0909 0.0000 0.0000 0.0000 0.0000 0.0000 0.0000 0.0000
1.0000 1.0000 0.2857 0.0000 0.0000 0.0000 0.0000 0.0000 0.0000 0.0000 0.0333 0.0000 0.0000 0.0000 0.0000 0.0000
0.9744 0.5577 0.6842 0.0000 0.0161 0.0000 0.0000 0.0455 0.0000 0.0000 0.0000 0.0000 0.0000 0.0000 0.0000 0.0000
1.0000 0.8103 0.0185 0.5294 0.0000 0.2692 0.1702 0.0000 0.0811 0.0000 0.0385 0.0426 0.0000 0.0000 0.0000 0.0000
1.0000 0.0000 0.0196 0.0000 0.0000 0.0000 0.0208 0.0000 0.0000 0.8060 0.0000 0.0000 0.0370 0.0000 0.0000 0.0000
1.0000 0.6167 0.1111 0.0000 0.2157 0.0000 0.0000 0.0000 0.1190 0.0000 0.0000 0.0000 0.0000 0.0000 0.1136 0.0000
1.0000 0.0000 0.0000 0.0000 0.0000 0.0000 0.0000 0.0545 0.0000 0.0000 0.0000 0.0000 0.0000 0.1333 0.0000 0.0000
1.0000 0.7119 0.0000 0.7750 0.0000 0.1429 0.0625 0.0000 0.0000 0.0000 0.0000 0.0000 0.0000 0.0492 0.0000 0.0000
1.0000 0.6792 0.2308 0.0000 0.2000 0.0204 0.0000 0.0000 0.0000 0.0000 0.0000 0.0250 0.0182 0.0000 0.0000 0.0000
1.0000 0.8367 0.0000 0.8222 0.0000 0.5231 0.0000 0.1020 0.0345 0.0000 0.0000 0.0000 0.0566 0.0000 0.1739 0.0000
1.0000 0.0000 0.0000 0.0217 0.0000 0.0714 0.0000 0.0189 0.0000 0.0000 0.0000 0.0000 0.0000 0.0000 0.0000 0.0000
1.0000 0.1000 0.0000 0.0000 0.0000 0.0000 0.0000 0.0000 0.0000 0.0000 0.0000 0.0000 0.0000 0.0000 0.1053 0.0000
0.9773 0.7447 0.4375 0.0000 0.6200 0.0204 0.0000 0.0000 0.0000 0.0000 0.0000 0.0000 0.0000 0.0000 0.0179 0.0000
0.9400 0.9796 0.2807 0.0000 0.5185 0.0000 0.0238 0.0152 0.7045 0.0000 0.2679 0.4000 0.0000 0.0000 0.0000 0.0000
0.9767 0.6875 0.0000 0.6481 0.0000 0.8367 0.8980 0.2826 0.0000 0.0769 0.0000 0.0400 0.0000 0.0000 0.0000 0.0000
1.0000 0.9194 0.0000 0.2778 0.0000 0.4909 0.0943 0.0000 0.0000 0.0000 0.0000 0.0000 0.0000 0.0000 0.0000 0.0000
1.0000 0.0000 0.0000 0.0196 0.0000 0.0962 0.0000 0.0000 0.0000 0.5400 0.0164 0.0000 0.0000 0.0169 0.0000 0.0000
1.0000 0.0364 0.0000 0.0000 0.0000 0.0000 0.0000 0.0000 0.0213 0.0000 0.0000 0.0222 0.0213 0.0976 0.0179 0.0000
1.0000 0.7903 0.0625 0.0000 0.3261 0.0000 0.0000 0.0256 0.3636 0.0000 0.3774 0.3191 0.0682 0.0213 0.0000 0.0000
0.9831 0.9048 0.0781 0.0000 0.6087 0.0233 0.0000 0.0189 0.5738 0.0000 0.2222 0.0000 0.0000 0.0377 0.0000 0.0000
1.0000 0.0000 0.0000 0.0370 0.0000 0.0000 0.0000 0.0000 0.0000 0.8696 0.0000 0.0000 0.0000 0.0000 0.0000 0.0000
1.0000 0.6667 0.0000 0.6000 0.0000 0.2500 0.1591 0.0000 0.0435 0.0000 0.0000 0.0000 0.0000 0.0000 0.0000 0.0000
1.0000 0.2264 0.2073 0.0000 0.0169 0.0000 0.0000 0.0000 0.0000 0.0000 0.0000 0.0000 0.0000 0.0000 0.0000 0.0000
1.0000 0.7843 0.0244 0.7797 0.0000 0.4615 0.3725 0.2250 0.0000 0.0000 0.0200 0.0185 0.0577 0.0000 0.0000 0.0000
1.0000 0.0000 0.0000 0.0517 0.0256 0.0833 0.1818 0.0000 0.0000 0.0000 0.0250 0.0000 0.1400 0.0000 0.0000 0.0000
1.0000 0.8095 0.0652 0.0000 0.5227 0.0000 0.0000 0.0357 0.4255 0.0000 0.1463 0.0000 0.0000 0.0000 0.0000 0.0000
1.0000 0.9773 0.0263 0.0217 0.5238 0.0000 0.0000 0.0000 0.3651 0.0000 0.2414 0.0000 0.0204 0.0000 0.0000 0.0000
1.0000 0.8043 0.0000 0.7313 0.0000 0.5246 0.2051 0.0000 0.0000 0.0000 0.0000 0.0000 0.0000 0.0000 0.0000 0.0000
1.0000 0.3415 0.0000 0.4222 0.0000 0.0000 0.0000 0.0250 0.0000 0.0000 0.0172 0.0000 0.0000 0.0000 0.0000 0.0000
1.0000 0.0000 0.0667 0.0000 0.0000 0.0000 0.0000 0.0000 0.0000 0.0000 0.0000 0.0000 0.0000 0.0000 0.0000 0.0000
0.8913 1.0000 0.0000 0.4390 0.0000 0.2619 0.3393 0.0000 0.0000 0.0000 0.0000 0.0000 0.0000 0.0000 0.1273 0.0000
1.0000 0.7288 0.0164 0.0164 0.7931 0.0000 0.0000 0.0000 0.5625 0.0000 0.1636 0.0000 0.0000 0.0000 0.0000 0.0000
1.0000 0.7931 0.1273 0.0000 0.3953 0.0000 0.0000 0.0417 0.2542 0.0000 0.0000 0.0000 0.0820 0.0000 0.0000 0.0000
1.0000 0.3818 0.0000 0.0000 0.0000 0.0000 0.0400 0.0213 0.0192 0.0000 0.0000 0.0000 0.0000 0.0000 0.0000 0.0000
1.0000 0.6939 0.0000 0.5102 0.0000 0.0000 0.0625 0.0000 0.0000 0.0156 0.0000 0.0000 0.0000 0.0000 0.0000 0.0000
1.0000 0.6071 0.0000 0.0222 0.0000 0.0000 0.0189 0.0179 0.0000 0.0208 0.0000 0.0392 0.0000 0.0000 0.0000 0.0000
1.0000 0.8846 0.0750 0.5424 0.1017 0.7959 0.2500 0.4722 0.0208 0.0000 0.0000 0.0351 0.0000 0.0962 0.0000 0.0000
1.0000 0.2889 0.1404 0.0000 0.0000 0.0000 0.0000 0.0000 0.0000 0.0161 0.0000 0.0000 0.0000 0.0000 0.0377 0.0000
1.0000 1.0000 0.4737 0.0385 0.4333 0.0000 0.0238 0.0000 0.2222 0.0800 0.0000 0.0714 0.0000 0.0000 0.0000 0.0000
1.0000 0.9375 0.1786 0.0000 0.4286 0.0000 0.0385 0.0000 0.2308 0.0000 0.0000 0.0164 0.0000 0.0000 0.0667 0.0000
1.0000 0.6154 0.0000 0.3830 0.0000 0.4082 0.0000 0.0000 0.0000 0.0000 0.0196 0.0513 0.0000 0.0000 0.0727 0.0000
1.0000 1.0000 0.0000 0.6087 0.0167 0.1837 0.1961 0.0000 0.0000 0.0000 0.0000 0.0000 0.0000 0.0000 0.0000 0.0000
1.0000 0.9796 0.0000 0.9038 0.0000 0.5510 0.0000 0.0000 0.1163 0.0000 0.0000 0.0000 0.0000 0.0000 0.2045 0.0000
1.0000 0.0408 0.0000 0.0377 0.0000 0.0000 0.0588 0.0000 0.0000 0.0000 0.0000 0.0000 0.0000 0.0185 0.0000 0.0000
1.0000 0.6721 0.0652 0.0000 0.5574 0.0000 0.0000 0.0000 0.0000 0.0000 0.0000 0.0667 0.0000 0.0000 0.0000 0.0000
1.0000 0.0000 0.0000 0.0000 0.0000 0.0690 0.0000 0.0000 0.0000 0.8596 0.1020 0.0000 0.0000 0.0000 0.0000 0.0000
1.0000 0.9821 0.1228 0.0000 0.3778 0.0000 0.0000 0.0000 0.6182 0.0000 0.2692 0.0000 0.0000 0.0000 0.0444 0.0000
1.0000 0.5200 0.4909 0.0000 0.0000 0.0000 0.0000 0.0566 0.0000 0.0000 0.0000 0.0000 0.0278 0.0227 0.0250 0.0000
1.0000 0.9434 0.0000 0.2791 0.0000 0.0000 0.0000 0.0000 0.0000 0.0000 0.0000 0.0200 0.0000 0.0000 0.1250 0.0000
1.0000 0.1176 0.0541 0.0000 0.0000 0.0000 0.0222 0.0000 0.0000 0.0000 0.0000 0.0200 0.0000 0.0000 0.0000 0.0000
1.0000 0.7963 0.0566 0.5424 0.0488 0.2000 0.1250 0.0217 0.0392 0.0000 0.0577 0.0000 0.0000 0.0000 0.0000 0.0000
0.9800 0.0000 0.0000 0.0000 0.0000 0.0000 0.0000 0.0000 0.0000 0.5357 0.0000 0.1800 0.4314 0.0000 0.0444 0.0000
1.0000 0.7234 0.0000 0.2683 0.0000 0.0784 0.0000 0.0000 0.0000 0.0000 0.0000 0.0545 0.0000 0.0000 0.0000 0.0000
1.0000 0.9574 0.1000 0.0000 0.3725 0.0000 0.0000 0.0000 0.2778 0.0000 0.1132 0.0000 0.0000 0.0000 0.0000 0.0000
0.9796 0.9535 0.1429 0.0000 0.7179 0.0000 0.0000 0.0000 0.7500 0.0000 0.4390 0.1509 0.0000 0.0000 0.0000 0.0000
1.0000 0.0000 0.0000 0.0000 0.0000 0.0000 0.0851 0.0000 0.0000 0.1026 0.0000 0.0000 0.0000 0.0000 0.0000 0.0000
1.0000 0.4043 0.0244 0.0000 0.0000 0.0000 0.0000 0.0000 0.0000 0.0727 0.1129 0.0000 0.0000 0.0000 0.0213 0.0000
1.0000 0.0000 0.0000 0.0000 0.0000 0.0000 0.0000 0.0000 0.0278 0.0000 0.0000 0.0000 0.0000 0.0000 0.0189 0.0000
1.0000 0.8085 0.2143 0.0000 0.6984 0.0000 0.0000 0.0000 0.4510 0.0000 0.0000 0.0000 0.0000 0.1132 0.0222 0.0000
1.0000 0.9556 0.2000 0.0000 0.5714 0.0000 0.1400 0.0000 0.5636 0.0000 0.6364 0.2909 0.0000 0.0000 0.0000 0.0000
1.0000 0.5435 0.2258 0.0000 0.0000 0.0488 0.0714 0.0000 0.0000 0.0000 0.0000 0.0000 0.0000 0.0000 0.0000 0.0000
1.0000 0.9286 0.0000 0.0625 0.4286 0.0244 0.0000 0.0000 0.1765 0.0000 0.3556 0.0625 0.0000 0.0000 0.0000 0.0000
1.0000 0.8491 0.0000 0.8000 0.0000 0.4561 0.1818 0.0152 0.0000 0.0000 0.0000 0.0000 0.0000 0.0000 0.0000 0.0000
0.9211 0.7059 0.0000 0.0000 0.0185 0.0204 0.1429 0.0000 0.0000 0.0189 0.0000 0.0263 0.0000 0.0000 0.0000 0.0000
1.0000 0.8409 0.0137 0.7308 0.0000 0.2353 0.0000 0.0000 0.0000 0.0000 0.0000 0.0417 0.0714 0.0000 0.0000 0.0000
0.9455 0.8679 0.0000 0.8235 0.0000 0.4211 0.0000 0.0000 0.0000 0.0000 0.0000 0.0000 0.0000 0.0000 0.2051 0.0000
1.0000 0.8654 0.0000 0.3659 0.0784 0.1633 0.0000 0.0000 0.0000 0.0000 0.0000 0.0714 0.0000 0.0000 0.0182 0.0000
1.0000 0.7895 0.2667 0.0000 0.7273 0.0000 0.0435 0.0000 0.7097 0.0000 0.3571 0.0250 0.0455 0.0182 0.0000 0.0000
1.0000 0.6792 0.2812 0.0000 0.3333 0.0000 0.0000 0.0000 0.4717 0.0000 0.3095 0.0833 0.1429 0.0000 0.0000 0.0000
1.0000 0.8704 0.1207 0.0000 0.6364 0.0000 0.0222 0.0000 0.4286 0.0192 0.3617 0.0000 0.0833 0.0000 0.0000 0.0000
1.0000 0.0000 0.0000 0.0000 0.0392 0.0000 0.0000 0.0000 0.0000 0.9556 0.0000 0.0000 0.0000 0.0192 0.0000 0.0000
1.0000 0.8800 0.0000 0.4906 0.0000 0.4500 0.0000 0.0164 0.0000 0.0000 0.0000 0.0385 0.0000 0.0625 0.0000 0.0000
1.0000 0.7333 0.2593 0.0000 0.3333 0.0000 0.0000 0.0000 0.0000 0.0667 0.0741 0.0000 0.0000 0.0702 0.0000 0.0000
1.0000 0.6667 0.3818 0.0000 0.3929 0.0000 0.0926 0.0000 0.0000 0.0000 0.0000 0.0213 0.0000 0.0000 0.0000 0.0000
1.0000 0.7273 0.0000 0.0000 0.0000 0.0351 0.0400 0.1633 0.0000 0.0000 0.0000 0.0600 0.0217 0.1356 0.0000 0.0000
1.0000 0.0000 0.0000 0.0377 0.0000 0.0000 0.0000 0.0000 0.0000 0.0000 0.2500 0.0000 0.0000 0.0000 0.0000 0.0000
1.0000 0.7255 0.0000 0.6154 0.0000 0.2833 0.0217 0.0000 0.0000 0.0000 0.0000 0.0227 0.0000 0.0200 0.0238 0.0000
1.0000 0.2340 0.0000 0.0000 0.0000 0.0000 0.0000 0.0000 0.0000 0.0000 0.0000 0.0000 0.0192 0.0000 0.0000 0.0000
1.0000 0.7317 0.2364 0.0000 0.3111 0.0000 0.0000 0.0000 0.3404 0.0000 0.2041 0.0000 0.0000 0.1875 0.0000 0.0000
1.0000 0.0000 0.0000 0.0000 0.0000 0.0196 0.0000 0.0612 0.0000 0.0000 0.0000 0.0000 0.0000 0.0816 0.0000 0.0000
1.0000 0.9623 0.5800 0.0000 0.1905 0.0000 0.0000 0.0000 0.0370 0.0000 0.0000 0.0000 0.0000 0.0250 0.0000 0.0000
0.9811 0.7273 0.2444 0.0200 0.0208 0.0000 0.0000 0.0370 0.0400 0.0000 0.0000 0.0000 0.0000 0.0000 0.0000 0.0000
1.0000 0.9423 0.2083 0.0000 0.4510 0.0000 0.0000 0.0000 0.3913 0.0000 0.4032 0.1277 0.0000 0.0755 0.0200 0.0000
0.9792 0.7308 0.0465 0.1111 0.6275 0.0000 0.0000 0.0000 0.5238 0.0179 0.1633 0.0000 0.1304 0.0000 0.0000 0.0000
1.0000 0.7843 0.3818 0.0000 0.3208 0.0000 0.0000 0.0000 0.0278 0.0000 0.0000 0.0000 0.0000 0.0000 0.0200 0.0000
1.0000 0.9531 0.1111 0.0000 0.8431 0.0000 0.0000 0.0000 0.6538 0.0000 0.2826 0.1273 0.0000 0.0930 0.0000 0.0000
1.0000 1.0000 0.4167 0.0000 0.5918 0.0652 0.0000 0.0000 0.2353 0.0000 0.0750 0.1364 0.0000 0.0000 0.0377 0.0000
1.0000 0.7692 0.1364 0.0000 0.4615 0.0000 0.0000 0.0000 0.3208 0.0000 0.2000 0.0196 0.0000 0.0000 0.0000 0.0000
1.0000 0.9130 0.4828 0.0000 0.5510 0.0000 0.0000 0.0000 0.0000 0.0408 0.1702 0.0000 0.0312 0.0000 0.0000 0.0000
0.9796 0.0000 0.0000 0.0000 0.0000 0.0227 0.0000 0.0000 0.0000 0.0000 0.0000 0.0000 0.0000 0.0000 0.0000 0.0000
1.0000 0.8095 0.0000 0.7391 0.0204 0.6053 0.3846 0.0000 0.0000 0.0000 0.0000 0.0000 0.0000 0.0213 0.0385 0.0000
1.0000 0.3542 0.0217 0.0000 0.0476 0.0000 0.0000 0.0000 0.0000 0.0000 0.0000 0.0000 0.0816 0.0000 0.1042 0.0000
0.9808 0.7846 0.0000 0.6600 0.0250 0.2292 0.1364 0.0000 0.0000 0.0000 0.0179 0.0000 0.0000 0.0000 0.0000 0.0000
1.0000 0.9844 0.0000 0.9836 0.0000 0.8958 0.6500 0.1935 0.0000 0.0000 0.0000 0.0000 0.0000 0.0000 0.0000 0.0000
1.0000 0.8444 0.1290 0.0000 0.1795 0.0000 0.0000 0.0000 0.0200 0.0000 0.0000 0.0000 0.0000 0.0000 0.0000 0.0000
0.9565 0.8600 0.3594 0.0000 0.3455 0.0000 0.0000 0.0000 0.3617 0.0000 0.2609 0.0545 0.0169 0.0408 0.0000 0.0000
1.0000 0.6000 0.0357 0.0000 0.3261 0.0000 0.0000 0.0222 0.0000 0.0000 0.0000 0.0000 0.0000 0.0000 0.0625 0.0000
0.9787 0.8704 0.0000 0.0435 0.0000 0.0000 0.0000 0.0682 0.0000 0.0000 0.0000 0.0000 0.0000 0.0816 0.0400 0.0000
1.0000 0.8246 0.7297 0.0000 0.0179 0.0000 0.0000 0.0312 0.0000 0.0526 0.0000 0.0000 0.0000 0.0000 0.0000 0.0000
0.9429 1.0000 0.0000 0.7500 0.0000 0.6667 0.0000 0.0000 0.0000 0.0000 0.0189 0.0000 0.0000 0.0000 0.6087 0.0000
1.0000 0.7179 0.0847 0.0000 0.4286 0.0000 0.0000 0.0000 0.0000 0.0000 0.0000 0.0000 0.0000 0.1163 0.0000 0.0000
1.0000 0.2885 0.0000 0.3571 0.0213 0.2917 0.2545 0.0000 0.0000 0.0213 0.0000 0.0000 0.0000 0.0000 0.0000 0.0000
1.0000 0.9836 0.0000 0.7333 0.0000 0.4255 0.0000 0.0000 0.0159 0.0000 0.1167 0.0000 0.0000 0.0000 0.0000 0.0000
0.9841 0.0000 0.0000 0.0000 0.0000 0.0000 0.0000 0.0000 0.0000 0.9167 0.0000 0.0000 0.8197 0.0000 0.0000 0.0000
0.9800 0.5833 0.0000 0.0000 0.0000 0.0889 0.0571 0.0000 0.0000 0.0000 0.0000 0.0000 0.0000 0.0000 0.0000 0.0000
1.0000 0.7907 0.0000 0.6875 0.0000 0.0612 0.0000 0.0000 0.0000 0.0000 0.0263 0.0217 0.0000 0.0000 0.0000 0.0000
1.0000 0.7800 0.0000 0.4091 0.0000 0.3065 0.1081 0.2041 0.0167 0.0000 0.0000 0.0000 0.0000 0.0159 0.1111 0.0000
1.0000 1.0000 0.3333 0.0263 0.7143 0.0000 0.0000 0.0000 0.6885 0.0200 0.6596 0.3148 0.0000 0.1154 0.0000 0.0000
0.9818 0.8444 0.0000 0.8039 0.0000 0.1017 0.0000 0.0000 0.0000 0.0000 0.0000 0.0000 0.0000 0.0000 0.0000 0.0000
0.9828 0.3684 0.0000 0.0000 0.0200 0.0000 0.0000 0.0000 0.0000 0.0328 0.0000 0.0000 0.0000 0.0000 0.0000 0.0000
1.0000 0.0000 0.0000 0.0000 0.0000 0.0169 0.0000 0.0000 0.0000 0.1707 0.0000 0.0000 0.0000 0.0000 0.0000 0.0000
1.0000 0.6364 0.0943 0.0806 0.1136 0.0000 0.0000 0.0000 0.5556 0.0000 0.1607 0.2391 0.0377 0.0185 0.0000 0.0000
1.0000 0.0000 0.0462 0.0357 0.0000 0.0339 0.0000 0.0000 0.0233 0.0000 0.0000 0.0000 0.0000 0.0000 0.0392 0.0000
1.0000 0.0000 0.0000 0.0204 0.0000 0.0182 0.0000 0.0000 0.0000 0.4444 0.0263 0.0000 0.0000 0.0238 0.0000 0.0000
1.0000 0.9057 0.0208 0.7719 0.0000 0.2727 0.0179 0.0000 0.0000 0.0000 0.0000 0.0000 0.0000 0.0000 0.3333 0.0000
1.0000 0.8772 0.0930 0.0000 0.8889 0.0465 0.0217 0.0303 0.5122 0.0000 0.4717 0.0889 0.0000 0.1154 0.0000 0.0000
1.0000 0.9608 0.1429 0.0222 0.6739 0.0000 0.0000 0.0000 0.4706 0.0000 0.1961 0.1071 0.0455 0.0000 0.0000 0.0000
1.0000 0.6957 0.1077 0.0000 0.1800 0.0000 0.0000 0.0000 0.0000 0.0000 0.0000 0.0000 0.0000 0.0588 0.0227 0.0000
0.9821 0.5577 0.0000 0.2889 0.0000 0.0000 0.0000 0.0000 0.0000 0.0000 0.0000 0.0000 0.0000 0.0000 0.0000 0.0000
1.0000 0.9286 0.0000 0.7692 0.0000 0.1818 0.2083 0.1754 0.0000 0.0000 0.0244 0.0000 0.0000 0.0000 0.1486 0.0000
1.0000 0.9298 0.2500 0.0851 0.5957 0.0000 0.0000 0.0000 0.2364 0.0000 0.3617 0.0909 0.0200 0.1231 0.0000 0.0000
1.0000 0.9636 0.0851 0.0000 0.2727 0.0667 0.0000 0.0000 0.0000 0.0732 0.0000 0.0000 0.0000 0.0000 0.0000 0.0000
1.0000 0.1429 0.0000 0.1273 0.0000 0.0000 0.0000 0.0000 0.0000 0.0000 0.0682 0.0000 0.0000 0.0000 0.0000 0.0000
1.0000 0.6136 0.0000 0.5370 0.0000 0.3429 0.0000 0.0222 0.0000 0.0000 0.0000 0.0000 0.0000 0.0000 0.2000 0.0000
1.0000 0.2564 0.0000 0.1296 0.0566 0.1400 0.0000 0.0000 0.0508 0.1304 0.0000 0.0000 0.0000 0.0000 0.0000 0.0000
0.8947 0.0000 0.0000 0.0000 0.0000 0.0000 0.0000 0.0000 0.0000 0.8367 0.0000 0.0000 0.0000 0.1207 0.0889 0.0000
1.0000 0.0000 0.0000 0.0000 0.0000 0.0000 0.0000 0.0000 0.0000 0.8909 0.0000 0.0000 0.5636 0.0000 0.0208 0.0000
1.0000 0.4600 0.4681 0.0000 0.0000 0.0000 0.0000 0.0000 0.0000 0.0000 0.0000 0.0244 0.0000 0.0000 0.0000 0.0000
1.0000 0.6170 0.0000 0.8033 0.0000 0.5400 0.2364 0.0357 0.0000 0.0000 0.0000 0.0000 0.0000 0.1400 0.0000 0.0000
0.7955 0.8333 0.3492 0.0000 0.1270 0.0000 0.1304 0.0000 0.3333 0.0000 0.0000 0.0000 0.0000 0.0000 0.0000 0.0000
0.9808 0.5385 0.2037 0.1333 0.2750 0.0000 0.0000 0.0161 0.0000 0.0000 0.0000 0.0000 0.0000 0.0333 0.0185 0.0000
1.0000 0.5200 0.0000 0.8140 0.0000 0.5273 0.2667 0.0000 0.0000 0.0000 0.0000 0.0000 0.0000 0.1163 0.0000 0.0000
0.9661 0.6579 0.0000 0.2766 0.0000 0.0196 0.0000 0.0000 0.0000 0.0000 0.0465 0.0667 0.0000 0.0000 0.1569 0.0000
1.0000 0.7949 0.0000 0.5652 0.0000 0.3750 0.0000 0.0351 0.0000 0.0652 0.0000 0.0000 0.0000 0.0000 0.0000 0.0000
1.0000 0.9787 0.2203 0.0000 0.4545 0.0000 0.0000 0.0000 0.5128 0.0851 0.0000 0.0000 0.0000 0.0000 0.0000 0.0000
1.0000 0.6429 0.0351 0.7273 0.0000 0.2281 0.0000 0.0000 0.0000 0.0000 0.0000 0.0000 0.0000 0.0408 0.0263 0.0000
1.0000 0.2708 0.0600 0.0000 0.0000 0.0000 0.0000 0.0952 0.0217 0.0000 0.0000 0.0000 0.0000 0.0000 0.0000 0.0000
0.9796 0.0545 0.1923 0.0000 0.1034 0.0000 0.0000 0.0000 0.0000 0.0000 0.0200 0.0000 0.0000 0.0000 0.0000 0.0000
1.0000 0.8056 0.0000 0.4314 0.0000 0.0638 0.0000 0.0000 0.0000 0.0000 0.0000 0.0000 0.0000 0.0000 0.0000 0.0000
1.0000 0.8913 0.0000 0.8095 0.0000 0.5306 0.0200 0.0000 0.0000 0.0000 0.0000 0.0000 0.0000 0.0000 0.3250 0.0000
1.0000 0.1364 0.0364 0.0000 0.0000 0.0000 0.0204 0.0182 0.0000 0.0000 0.0000 0.0000 0.0000 0.0000 0.0000 0.0000
1.0000 0.1429 0.0000 0.0000 0.0000 0.0000 0.0392 0.0000 0.0000 0.0566 0.0000 0.0000 0.0000 0.0000 0.0000 0.0000
1.0000 1.0000 0.0000 0.9615 0.0000 0.2745 0.0000 0.0000 0.0000 0.0435 0.0000 0.0000 0.0000 0.0000 0.0000 0.0000
1.0000 0.1731 0.0213 0.0000 0.0000 0.0000 0.0000 0.0204 0.0000 0.0000 0.0000 0.0000 0.0455 0.0000 0.0000 0.0000
0.9811 0.9459 0.0000 0.0000 0.3864 0.0000 0.0000 0.0200 0.2241 0.0000 0.0000 0.0000 0.0213 0.0000 0.0000 0.0000
1.0000 0.7600 0.0339 0.0000 0.8413 0.0000 0.0000 0.0000 0.4259 0.0000 0.2500 0.0417 0.0000 0.0000 0.0000 0.0000
1.0000 0.8750 0.0000 0.2667 0.0000 0.2453 0.0000 0.0000 0.0488 0.0000 0.1250 0.0000 0.0000 0.0435 0.0213 0.0000
1.0000 0.0690 0.0000 0.0000 0.0714 0.0000 0.0000 0.0000 0.0000 0.0000 0.0000 0.0000 0.0000 0.0000 0.0000 0.0000
1.0000 0.0980 0.0000 0.0000 0.0652 0.0000 0.0000 0.0000 0.0000 0.8333 0.0000 0.0351 0.0000 0.0000 0.0000 0.0000
1.0000 0.7021 0.0377 0.0000 0.5208 0.0435 0.0000 0.0000 0.5098 0.0000 0.2037 0.0417 0.0000 0.0597 0.0000 0.0000
0.9200 0.6610 0.0000 0.2564 0.0000 0.0000 0.0000 0.0000 0.0682 0.0000 0.0000 0.0000 0.0000 0.0192 0.1176 0.0000
1.0000 0.6000 0.5625 0.0600 0.1154 0.0000 0.0000 0.0000 0.1961 0.0000 0.1087 0.0000 0.0000 0.0000 0.0000 0.0000
0.9804 0.0192 0.0638 0.0000 0.1429 0.0000 0.0000 0.0000 0.0000 0.4821 0.0000 0.0556 0.1186 0.0000 0.0000 0.0000
1.0000 0.9455 0.0000 0.3148 0.0000 0.0357 0.0000 0.0000 0.0000 0.0000 0.0000 0.0000 0.0000 0.0000 0.0426 0.0000
1.0000 0.8462 0.2000 0.0000 0.5102 0.0000 0.0000 0.0000 0.2586 0.0000 0.3830 0.0667 0.0000 0.0962 0.0465 0.0000
0.9846 0.3939 0.0000 0.2424 0.0000 0.0000 0.0000 0.0000 0.0000 0.0000 0.0435 0.0000 0.0000 0.0000 0.0000 0.0000
1.0000 0.9808 0.0000 0.9355 0.0000 0.6170 0.1860 0.0270 0.0196 0.0500 0.0000 0.0000 0.0000 0.0000 0.0000 0.0000
1.0000 0.0556 0.0233 0.0000 0.0000 0.0847 0.0000 0.0328 0.0000 0.0000 0.0000 0.0000 0.0238 0.0000 0.0000 0.0000
1.0000 0.8696 0.4255 0.1290 0.0238 0.0000 0.0000 0.0000 0.0000 0.0179 0.0000 0.0000 0.0000 0.0000 0.0000 0.0000
1.0000 0.9636 0.2045 0.0000 0.4000 0.0000 0.0156 0.0000 0.0000 0.0000 0.0182 0.0377 0.0000 0.0000 0.0000 0.0000
0.9556 0.7400 0.0196 0.5000 0.0357 0.4068 0.0930 0.0392 0.0000 0.0000 0.0000 0.0000 0.0000 0.0000 0.0000 0.0000
1.0000 0.7111 0.1250 0.0000 0.2258 0.0000 0.0169 0.0000 0.2157 0.0000 0.0000 0.1154 0.0000 0.0000 0.0000 0.0000
1.0000 0.9565 0.0000 0.6981 0.0000 0.0714 0.0000 0.0000 0.0000 0.0000 0.0000 0.0000 0.0000 0.0000 0.0000 0.0000
1.0000 0.8182 0.3000 0.0893 0.6731 0.0000 0.0000 0.0000 0.4043 0.0000 0.1148 0.0000 0.0000 0.0702 0.0000 0.0000
1.0000 0.9388 0.0000 0.3333 0.0000 0.0000 0.0000 0.0000 0.0000 0.0000 0.0000 0.0000 0.0000 0.0185 0.0000 0.0000
1.0000 0.9565 0.0484 0.0000 0.6136 0.0000 0.0000 0.0000 0.5200 0.0000 0.3600 0.0196 0.0000 0.0000 0.0000 0.0000
1.0000 0.7609 0.2593 0.0000 0.1053 0.0000 0.0000 0.0000 0.0200 0.0208 0.0000 0.0714 0.0000 0.0000 0.0000 0.0000
1.0000 0.8600 0.0000 0.4200 0.0278 0.3571 0.3226 0.3864 0.0000 0.0000 0.0000 0.0000 0.0000 0.0526 0.0000 0.0000
0.8919 0.5435 0.1364 0.0339 0.8182 0.0926 0.0000 0.0500 0.0000 0.0000 0.0000 0.0000 0.0000 0.0000 0.0000 0.0000
1.0000 0.7045 0.0364 0.2222 0.0000 0.0303 0.1463 0.0000 0.0000 0.0400 0.0000 0.0000 0.0000 0.0000 0.0000 0.0000
1.0000 0.0213 0.0000 0.0000 0.0000 0.0000 0.0000 0.0204 0.0000 0.7627 0.0000 0.0000 0.3788 0.0000 0.0000 0.0000
1.0000 0.9608 0.0000 0.6444 0.0185 0.5200 0.0000 0.1224 0.0000 0.0566 0.0000 0.0000 0.0000 0.0000 0.4286 0.0000
0.9796 0.7308 0.0833 0.0000 0.4348 0.0000 0.0000 0.0000 0.0000 0.0000 0.0000 0.0000 0.0182 0.0000 0.0000 0.0000
1.0000 0.7917 0.0000 0.0000 0.0000 0.0000 0.0000 0.0000 0.0000 0.0000 0.0000 0.0000 0.1304 0.0000 0.0000 0.0000
1.0000 0.0667 0.0000 0.0169 0.0217 0.0000 0.0385 0.0000 0.0161 0.0000 0.0000 0.0000 0.0339 0.0000 0.0000 0.0000
0.9535 0.5435 0.2353 0.0392 0.0189 0.0000 0.0000 0.0000 0.0000 0.0000 0.0000 0.0000 0.0000 0.0156 0.0000 0.0000
1.0000 0.6316 0.0000 0.6458 0.0000 0.5682 0.3415 0.0000 0.0000 0.0000 0.0000 0.1071 0.0000 0.0000 0.0000 0.0000
1.0000 0.6939 0.0000 0.3265 0.0000 0.2885 0.4107 0.1071 0.0526 0.0000 0.0000 0.0000 0.0000 0.0000 0.0566 0.0000
0.9804 0.0000 0.0000 0.0000 0.0000 0.0000 0.0200 0.0526 0.0000 0.0000 0.0000 0.0000 0.0000 0.0000 0.0000 0.0000
1.0000 0.2182 0.0488 0.0000 0.0000 0.0000 0.0000 0.0000 0.0000 0.0000 0.0000 0.0000 0.0000 0.0000 0.0000 0.0000
1.0000 0.8182 0.0000 0.3721 0.0204 0.0000 0.0000 0.0000 0.0000 0.0000 0.0000 0.0000 0.0000 0.0000 0.1176 0.0000
1.0000 0.8718 0.6222 0.0000 0.1818 0.0488 0.0000 0.0000 0.0000 0.0000 0.0227 0.0000 0.0000 0.0000 0.0182 0.0000
1.0000 0.4419 0.1190 0.0185 0.2286 0.0000 0.0000 0.0000 0.1509 0.0000 0.0000 0.0000 0.0000 0.0256 0.0000 0.0000
1.0000 0.9615 0.0000 0.8070 0.0769 0.6000 0.6667 0.2407 0.0000 0.0548 0.0000 0.0000 0.0000 0.0000 0.0000 0.0000
1.0000 0.5667 0.0417 0.1190 0.2400 0.2759 0.0000 0.0000 0.5600 0.0000 0.0000 0.0000 0.0000 0.0000 0.0000 0.0000
1.0000 0.9800 0.0577 0.0000 0.5455 0.0408 0.0000 0.0926 0.8039 0.0000 0.4375 0.0294 0.0000 0.0217 0.0000 0.0000
1.0000 0.0000 0.0000 0.0000 0.0000 0.0000 0.0189 0.0000 0.0200 0.0000 0.0000 0.0000 0.0000 0.0000 0.0182 0.0000
0.9821 0.7121 0.0156 0.7209 0.0000 0.0909 0.0000 0.0000 0.0000 0.0000 0.0508 0.0000 0.0000 0.0417 0.0227 0.0000
1.0000 0.6000 0.0000 0.5769 0.0159 0.2041 0.0000 0.0000 0.0000 0.0000 0.1034 0.0000 0.0000 0.0000 0.0357 0.0000
0.9348 0.2667 0.1167 0.0000 0.0444 0.0278 0.0182 0.0926 0.0000 0.0000 0.0000 0.0000 0.0000 0.0000 0.0000 0.0000
1.0000 0.6000 0.4259 0.0000 0.0250 0.0000 0.0000 0.0392 0.0811 0.0000 0.0000 0.0244 0.0000 0.0000 0.0000 0.0000
1.0000 0.0164 0.0625 0.0000 0.0000 0.0000 0.0000 0.0222 0.0000 0.4167 0.0000 0.0000 0.0000 0.0000 0.0000 0.0000
1.0000 0.7143 0.0000 0.4706 0.0556 0.2558 0.2157 0.0000 0.0000 0.0000 0.0000 0.0000 0.0000 0.0000 0.0000 0.0000
1.0000 0.7609 0.2449 0.0000 0.0200 0.0000 0.0000 0.0000 0.0000 0.0172 0.0000 0.0000 0.0000 0.0000 0.0256 0.0000
1.0000 0.8039 0.0385 0.0870 0.2075 0.0000 0.0000 0.0000 0.2800 0.0000 0.0000 0.0000 0.0000 0.0238 0.0000 0.0000
1.0000 0.8000 0.2692 0.0000 0.4706 0.0000 0.0000 0.0000 0.5536 0.0000 0.2931 0.0690 0.0000 0.0571 0.0000 0.0000
1.0000 0.4394 0.0877 0.0000 0.0000 0.0000 0.0000 0.0000 0.0000 0.0000 0.0000 0.0000 0.0200 0.0784 0.0000 0.0000
1.0000 0.8163 0.0000 0.2683 0.0000 0.2542 0.0000 0.0000 0.0000 0.0426 0.0000 0.0000 0.1250 0.0000 0.0175 0.0000
1.0000 0.1500 0.0000 0.2600 0.0000 0.0154 0.0526 0.0172 0.0000 0.0000 0.0526 0.0000 0.0000 0.0000 0.0000 0.0000
1.0000 0.4130 0.0000 0.1364 0.0000 0.3571 0.0000 0.0000 0.0000 0.0000 0.0000 0.0000 0.0417 0.0000 0.0227 0.0000
1.0000 0.9412 0.0000 0.6739 0.0000 0.0000 0.0000 0.0000 0.0000 0.1607 0.0000 0.0000 0.0750 0.0270 0.0000 0.0000
1.0000 0.4906 0.0189 0.0000 0.1017 0.0000 0.0000 0.0000 0.0000 0.0000 0.0000 0.0000 0.0000 0.0000 0.0000 0.0000
1.0000 0.0000 0.0000 0.0000 0.0250 0.0000 0.0000 0.0000 0.0000 0.0682 0.0182 0.0000 0.0000 0.0000 0.0526 0.0000
1.0000 0.0541 0.0000 0.0000 0.0000 0.0000 0.0000 0.0667 0.0000 0.0000 0.0000 0.0000 0.0851 0.0000 0.0000 0.0000
0.9333 0.8358 0.0000 0.0000 0.0000 0.0000 0.0175 0.0145 0.0000 0.0000 0.0000 0.0847 0.0000 0.0000 0.0000 0.0000
1.0000 0.8542 0.0000 0.6667 0.0000 0.4000 0.0000 0.0000 0.0000 0.0000 0.0000 0.0000 0.0000 0.0312 0.0000 0.0000
1.0000 0.9400 0.0000 0.7119 0.0000 0.4545 0.3519 0.0000 0.0000 0.0000 0.0000 0.0000 0.0000 0.0000 0.0000 0.0000
1.0000 0.8983 0.0638 0.0000 0.0769 0.0000 0.0217 0.0698 0.1633 0.0204 0.0000 0.0000 0.0000 0.0000 0.0000 0.0000
1.0000 0.0000 0.0000 0.0500 0.0000 0.1000 0.0769 0.0000 0.0000 0.2553 0.0545 0.0000 0.0000 0.0364 0.0513 0.0000
1.0000 1.0000 0.7091 0.0000 0.1250 0.0000 0.0000 0.0000 0.0000 0.0000 0.0000 0.0000 0.0000 0.0179 0.0000 0.0000
1.0000 0.7292 0.2414 0.0000 0.6154 0.0000 0.0000 0.0000 0.0476 0.0000 0.4468 0.1154 0.0000 0.2245 0.0000 0.0000
1.0000 0.6200 0.0000 0.0000 0.1186 0.0000 0.0000 0.0000 0.0000 0.0000 0.0192 0.0000 0.0000 0.0000 0.0000 0.0000
0.9818 0.4773 0.0000 0.1136 0.0185 0.0000 0.0208 0.0000 0.0189 0.0000 0.0000 0.0233 0.0455 0.0192 0.0000 0.0000
1.0000 0.8636 0.0000 0.7500 0.0250 0.4000 0.1562 0.0278 0.0000 0.0000 0.0189 0.0000 0.0000 0.0435 0.0182 0.0000
1.0000 0.7833 0.0250 0.0000 0.5000 0.1111 0.0000 0.0000 0.3148 0.0213 0.1364 0.0000 0.0000 0.0000 0.0278 0.0000
0.9828 0.9333 0.0909 0.0000 0.3111 0.0000 0.0000 0.0000 0.3958 0.0000 0.5000 0.1224 0.0217 0.1628 0.0000 0.0000
1.0000 0.0000 0.0000 0.0000 0.0000 0.0000 0.0000 0.0000 0.0000 0.2453 0.0000 0.0000 0.0588 0.0000 0.0000 0.0000
1.0000 0.8125 0.2250 0.0000 0.4528 0.0208 0.0000 0.0000 0.4423 0.0213 0.2449 0.0000 0.0513 0.0000 0.0000 0.0000
1.0000 0.4478 0.0000 0.0732 0.0000 0.0227 0.0408 0.0000 0.0000 0.0000 0.0000 0.0000 0.0000 0.0000 0.0000 0.0000
1.0000 0.5952 0.3778 0.0800 0.0000 0.0000 0.0000 0.0179 0.0000 0.0000 0.0000 0.0196 0.0000 0.0222 0.0000 0.0000
1.0000 0.5769 0.0000 0.6226 0.1458 0.3409 0.0000 0.0000 0.0000 0.0000 0.0000 0.0000 0.0545 0.0000 0.3529 0.0000
1.0000 0.9623 0.0000 0.9000 0.0000 0.2745 0.3256 0.0204 0.0000 0.0000 0.0000 0.1304 0.0000 0.0000 0.1296 0.0000
1.0000 0.0000 0.0000 0.0364 0.1475 0.0000 0.0000 0.0000 0.0000 0.6327 0.0000 0.0192 0.0392 0.0000 0.0000 0.0000
0.9796 0.5862 0.0000 0.8627 0.0392 0.2632 0.2642 0.0465 0.0000 0.0000 0.0000 0.0000 0.0213 0.0000 0.0000 0.0000
1.0000 0.6538 0.0465 0.0000 0.7234 0.0000 0.0000 0.0000 0.1905 0.0000 0.1053 0.0000 0.0000 0.0000 0.0000 0.0000
0.9800 1.0000 0.2453 0.0000 0.3725 0.0000 0.0000 0.0000 0.0000 0.0000 0.0000 0.0000 0.0000 0.0000 0.0000 0.0000
0.8409 0.7442 0.4510 0.0000 0.0000 0.0000 0.0000 0.0000 0.0000 0.0000 0.0200 0.0000 0.0000 0.0816 0.0000 0.0000
1.0000 0.8654 0.0000 0.6327 0.0000 0.5091 0.3023 0.0000 0.0000 0.0000 0.0000 0.0000 0.0000 0.0000 0.0000 0.0000
1.0000 0.6600 0.1702 0.4151 0.0000 0.4355 0.0000 0.0000 0.0000 0.0000 0.0000 0.0000 0.0000 0.0000 0.2041 0.0000
1.0000 0.9783 0.0862 0.0435 0.4762 0.0000 0.0000 0.0000 0.0789 0.0000 0.0400 0.0816 0.0000 0.0000 0.0000 0.0000
1.0000 0.9016 0.3519 0.0000 0.4565 0.0000 0.0000 0.0364 0.4000 0.0000 0.2766 0.0000 0.0000 0.0000 0.1250 0.0000
1.0000 0.9250 0.0513 0.9412 0.0339 0.8958 0.0000 0.0000 0.0000 0.0000 0.0000 0.0000 0.0000 0.0000 0.0000 0.0000
1.0000 0.9020 0.0000 0.7833 0.0000 0.6304 0.0000 0.0000 0.1190 0.0000 0.0164 0.0000 0.0000 0.0357 0.2542 0.0000
1.0000 0.8919 0.1636 0.0000 0.7955 0.0000 0.0000 0.0000 0.7292 0.0000 0.6250 0.4528 0.0000 0.0204 0.0000 0.0000
1.0000 0.0000 0.0000 0.0000 0.0000 0.0286 0.0189 0.1481 0.0000 0.4444 0.0000 0.0000 0.0784 0.0000 0.0556 0.0000
1.0000 0.5000 0.0000 0.0000 0.0000 0.0000 0.0182 0.0000 0.0000 0.0000 0.0000 0.0000 0.0000 0.0000 0.0000 0.0000
1.0000 0.8649 0.0000 0.0000 0.4146 0.0000 0.0000 0.0000 0.3696 0.0000 0.1020 0.0962 0.0000 0.0682 0.0000 0.0000
0.8750 0.5909 0.0000 0.5231 0.0000 0.3462 0.3750 0.0000 0.0000 0.0000 0.0000 0.0000 0.0000 0.0000 0.0000 0.0000
1.0000 1.0000 0.0811 0.0400 0.7447 0.0000 0.0000 0.0000 0.3276 0.0000 0.3519 0.3273 0.1296 0.1228 0.0351 0.0000
1.0000 0.8644 0.2821 0.0000 0.6379 0.0980 0.0000 0.0426 0.3654 0.0000 0.0000 0.0000 0.0000 0.0000 0.0200 0.0000
0.9744 0.6190 0.0000 0.5714 0.0000 0.1400 0.0000 0.0909 0.1053 0.0000 0.0000 0.0000 0.0000 0.0000 0.0377 0.0000
0.9500 0.0000 0.0000 0.0000 0.0000 0.0000 0.0000 0.0789 0.0000 0.9057 0.1579 0.0000 0.0000 0.0000 0.1042 0.0000
1.0000 0.8276 0.1800 0.0000 0.4565 0.0444 0.0000 0.0000 0.2174 0.0000 0.0370 0.0204 0.0000 0.0000 0.0000 0.0000
1.0000 0.0000 0.0000 0.0370 0.0000 0.0000 0.0000 0.0000 0.1458 0.7586 0.0000 0.0000 0.0000 0.0000 0.0000 0.0000
1.0000 0.0000 0.1017 0.0469 0.0000 0.0000 0.0000 0.1129 0.0566 0.5957 0.0000 0.0000 0.0000 0.0000 0.0000 0.0000
0.9831 0.9302 0.4878 0.0000 0.0000 0.0000 0.0000 0.0000 0.0000 0.0000 0.0000 0.0000 0.0426 0.0000 0.0000 0.0000
1.0000 0.3478 0.0000 0.0000 0.0000 0.0000 0.0492 0.0357 0.0000 0.0000 0.0000 0.0000 0.0175 0.0000 0.0000 0.0000
1.0000 0.9302 0.1860 0.0000 0.6949 0.0000 0.0000 0.0000 0.5094 0.0169 0.3556 0.2157 0.0161 0.0000 0.0000 0.0000
1.0000 0.9130 0.0755 0.0000 0.3269 0.0000 0.0000 0.0000 0.3617 0.0000 0.0000 0.0000 0.0000 0.0000 0.0000 0.0000
0.9808 0.9310 0.0000 0.5490 0.0192 0.7500 0.5556 0.1702 0.0000 0.0000 0.0208 0.0000 0.0370 0.0000 0.0000 0.0000
0.9808 0.0000 0.0000 0.0000 0.0208 0.0000 0.0000 0.0000 0.0000 0.7500 0.0000 0.1695 0.2727 0.0000 0.0000 0.0000
1.0000 0.9730 0.6531 0.0185 0.0000 0.0000 0.0000 0.0000 0.0000 0.0000 0.0000 0.0392 0.0000 0.0000 0.0000 0.0000
0.9773 0.8491 0.0444 0.0000 0.6607 0.0377 0.0435 0.0000 0.3585 0.0000 0.6792 0.1400 0.0000 0.4222 0.0204 0.0000
1.0000 1.0000 0.3617 0.0000 0.4898 0.0000 0.0351 0.0208 0.4314 0.0000 0.1224 0.0000 0.0000 0.0588 0.0000 0.0000
0.9310 0.7333 0.1875 0.0000 0.3750 0.0000 0.0000 0.0000 0.4565 0.0000 0.0000 0.0000 0.0000 0.0426 0.0000 0.0000
1.0000 0.7833 0.0000 0.0000 0.4800 0.0000 0.0000 0.0000 0.6889 0.0000 0.0513 0.0227 0.0000 0.0000 0.0000 0.0000
1.0000 0.9516 0.0000 0.9070 0.0000 0.7465 0.3778 0.0000 0.0000 0.0000 0.0000 0.0000 0.0000 0.0000 0.0000 0.0000
1.0000 0.9219 0.1569 0.0000 0.4000 0.0000 0.0000 0.0000 0.2391 0.0000 0.5000 0.1250 0.0000 0.3800 0.0000 0.0000
1.0000 0.7750 0.0000 0.3485 0.0000 0.0000 0.0000 0.0000 0.0000 0.0172 0.0000 0.0000 0.0000 0.0000 0.0222 0.0000
1.0000 0.7750 0.0000 0.6167 0.0000 0.5532 0.0000 0.0000 0.0488 0.0000 0.0000 0.0000 0.0000 0.0000 0.3019 0.0000
1.0000 0.2642 0.0159 0.0000 0.0000 0.0377 0.0000 0.0182 0.0000 0.0000 0.0000 0.0000 0.0000 0.0000 0.0000 0.0000
1.0000 0.3191 0.0000 0.2000 0.0175 0.0182 0.0000 0.0000 0.0000 0.0270 0.0408 0.0000 0.0000 0.0000 0.0000 0.0000
1.0000 0.0328 0.0208 0.0000 0.0250 0.0000 0.0000 0.0000 0.0000 0.0000 0.0244 0.0000 0.0000 0.0000 0.0000 0.0000
1.0000 0.6522 0.0167 0.7000 0.0000 0.0926 0.0000 0.0000 0.0000 0.0000 0.0000 0.0000 0.0000 0.0185 0.1304 0.0000
1.0000 0.6600 0.0588 0.0000 0.7358 0.0000 0.0185 0.0000 0.5926 0.0000 0.5862 0.0678 0.0444 0.0000 0.0000 0.0000
1.0000 0.8727 0.1778 0.0385 0.7727 0.0000 0.0000 0.0000 0.2245 0.0000 0.1951 0.0000 0.0000 0.0000 0.0000 0.0000
1.0000 0.9825 0.0385 0.3158 0.0000 0.4600 0.0612 0.2931 0.0392 0.0000 0.0000 0.0000 0.0000 0.0000 0.0000 0.0000
0.9649 0.6935 0.1304 0.0192 0.5294 0.0000 0.0000 0.0351 0.4906 0.0000 0.2821 0.1429 0.0000 0.3269 0.0000 0.0000
1.0000 0.9800 0.3256 0.0169 0.6066 0.0000 0.0000 0.0000 0.0000 0.0698 0.0000 0.0000 0.0000 0.0000 0.0000 0.0000
1.0000 0.7679 0.0227 0.0204 0.3878 0.0000 0.0000 0.0000 0.1569 0.0000 0.2963 0.0208 0.0417 0.1429 0.0000 0.0000
1.0000 0.5714 0.1500 0.0000 0.4815 0.0000 0.0000 0.0000 0.4318 0.0204 0.1282 0.2000 0.0612 0.0943 0.0000 0.0000
1.0000 0.7612 0.1754 0.0000 0.3390 0.0000 0.0000 0.0000 0.5179 0.0000 0.2353 0.0179 0.0455 0.0625 0.0000 0.0000
1.0000 1.0000 0.0556 0.0000 0.8772 0.1538 0.0000 0.0000 0.6154 0.0000 0.2885 0.1795 0.0000 0.0000 0.0000 0.0000
1.0000 0.7333 0.0000 0.6591 0.0000 0.5167 0.0000 0.0000 0.0000 0.0000 0.0000 0.0000 0.0820 0.0000 0.3333 0.0000
1.0000 0.9828 0.0000 0.6909 0.0526 0.5303 0.5400 0.1724 0.0000 0.0000 0.0000 0.0000 0.0000 0.0000 0.0000 0.0000
1.0000 1.0000 0.0000 0.9153 0.0000 0.2653 0.1471 0.1000 0.0000 0.0000 0.0000 0.0000 0.0000 0.0000 0.0000 0.0000
1.0000 0.9000 0.3333 0.0179 0.2791 0.0000 0.0000 0.0000 0.0192 0.0000 0.0233 0.0000 0.0000 0.0000 0.0000 0.0000
1.0000 0.8772 0.0169 0.0200 0.7143 0.0000 0.0000 0.0000 0.6182 0.0000 0.2800 0.0167 0.0000 0.0000 0.0000 0.0000
1.0000 0.7843 0.1915 0.0000 0.0000 0.0000 0.0000 0.0000 0.0256 0.0000 0.0500 0.0000 0.0000 0.0000 0.0189 0.0000
1.0000 0.6522 0.2200 0.0000 0.3750 0.0000 0.0000 0.0000 0.1642 0.0000 0.0000 0.0208 0.0000 0.0000 0.0465 0.0000
1.0000 0.8148 0.2264 0.0000 0.4681 0.0000 0.0000 0.0000 0.3182 0.0000 0.0000 0.0000 0.0000 0.0000 0.0000 0.0000
1.0000 1.0000 0.2195 0.0000 0.5952 0.0286 0.0000 0.0000 0.6140 0.0179 0.4348 0.0000 0.0000 0.0000 0.0000 0.0000
0.9783 0.8182 0.0000 0.7458 0.0000 0.7317 0.4400 0.0286 0.0000 0.0233 0.0000 0.0000 0.0000 0.0000 0.0000 0.0000
1.0000 0.7174 0.1154 0.3654 0.0000 0.3200 0.1081 0.0000 0.0000 0.0000 0.0000 0.0000 0.0000 0.0000 0.2045 0.0000
0.9273 0.9811 0.0000 0.8200 0.0000 0.6316 0.4884 0.0208 0.0000 0.0256 0.0000 0.0145 0.0000 0.0000 0.0000 0.0000
1.0000 0.0435 0.0000 0.0000 0.0000 0.0000 0.0000 0.0000 0.0000 0.0000 0.0357 0.1613 0.0000 0.0000 0.0000 0.0000
1.0000 0.4909 0.0179 0.0000 0.2143 0.0000 0.0351 0.0000 0.4800 0.0000 0.0200 0.0000 0.0204 0.0000 0.0000 0.0000
1.0000 0.8387 0.0282 0.0000 0.4583 0.0000 0.0000 0.0000 0.1667 0.0000 0.4118 0.1111 0.1273 0.1290 0.0000 0.0000
0.9216 0.0000 0.0000 0.0000 0.0000 0.0000 0.0167 0.0000 0.0000 0.9787 0.0000 0.0000 0.7049 0.0000 0.0500 0.0000
1.0000 0.2456 0.0755 0.0000 0.0000 0.0339 0.0000 0.0000 0.0196 0.0000 0.0000 0.0000 0.0000 0.0000 0.0000 0.0000
1.0000 0.0000 0.0208 0.0000 0.0000 0.0980 0.1481 0.0400 0.0000 0.2273 0.0000 0.0000 0.1731 0.0000 0.0000 0.0000
1.0000 0.3333 0.0328 0.0204 0.0400 0.0417 0.0000 0.0000 0.0444 0.0000 0.0000 0.0000 0.0000 0.0000 0.0000 0.0000
0.9574 0.9020 0.0000 0.0000 0.7174 0.0000 0.0000 0.0625 0.8367 0.0000 0.6415 0.0000 0.0000 0.1667 0.0000 0.0000
1.0000 0.9848 0.0000 0.6724 0.0000 0.5106 0.0000 0.0000 0.0000 0.0000 0.0000 0.0000 0.0000 0.1053 0.0000 0.0000
0.9310 0.9821 0.0926 0.0000 0.7917 0.0000 0.0000 0.0250 0.7209 0.0000 0.2545 0.3673 0.0652 0.0000 0.0000 0.0000
1.0000 0.7222 0.1569 0.0000 0.2037 0.0926 0.0000 0.0256 0.0000 0.0000 0.1569 0.0000 0.0000 0.0000 0.0000 0.0000
1.0000 0.9683 0.0000 0.5962 0.0167 0.9286 0.3051 0.3276 0.0213 0.0000 0.0000 0.0000 0.0000 0.0577 0.0000 0.0000
1.0000 0.0000 0.0000 0.0000 0.0000 0.0000 0.0000 0.0000 0.0000 0.6531 0.0000 0.0000 0.0000 0.0000 0.0000 0.0000
0.9683 0.7170 0.0000 0.5614 0.0000 0.2292 0.1346 0.2162 0.0000 0.0000 0.0000 0.0000 0.0000 0.0000 0.0000 0.0000
1.0000 0.9091 0.0541 0.0577 0.0000 0.0000 0.0000 0.0000 0.0270 0.0000 0.0000 0.0222 0.0000 0.0000 0.0000 0.0000
1.0000 0.7255 0.0000 0.1304 0.0000 0.0000 0.0000 0.0000 0.0000 0.0385 0.0000 0.0164 0.0000 0.0000 0.0000 0.0000
0.9623 0.0000 0.0000 0.0000 0.0000 0.0000 0.0217 0.0000 0.0000 0.8222 0.0000 0.0000 0.0000 0.0000 0.0000 0.0000
0.8868 0.5385 0.0000 0.5500 0.0000 0.4118 0.0196 0.0000 0.0000 0.0000 0.0000 0.0000 0.0000 0.0000 0.1304 0.0000
1.0000 1.0000 0.0000 0.0000 0.0508 0.0000 0.0000 0.0000 0.0000 0.0000 0.0638 0.0000 0.0000 0.0238 0.0536 0.0000
1.0000 0.0000 0.0000 0.0000 0.0000 0.0000 0.0370 0.0000 0.0233 0.4222 0.0000 0.0000 0.0000 0.0000 0.0000 0.0000
