0.7474 0.0000 0.0000 0.0000 0.0000 0.0000 0.0000 0.0000 0.0000 0.2526 0.0000 0.0000 0.0000 0.0000 0.0000
0.2202 0.1109 0.6690 0.0000 0.0000 0.0000 0.0000 0.0000 0.0000 0.0000 0.0000 0.0000 0.0000 0.0000 0.0000
0.5294 0.0000 0.0000 0.0000 0.0000 0.0000 0.0000 0.0000 0.0000 0.4706 0.0000 0.0000 0.0000 0.0000 0.0000
0.0835 0.3628 0.1896 0.0000 0.3641 0.0000 0.0000 0.0000 0.0000 0.0000 0.0000 0.0000 0.0000 0.0000 0.0000
1.0000 0.0000 0.0000 0.0000 0.0000 0.0000 0.0000 0.0000 0.0000 0.0000 0.0000 0.0000 0.0000 0.0000 0.0000
0.6967 0.0000 0.0000 0.0000 0.0000 0.0000 0.0000 0.0000 0.0000 0.2097 0.0000 0.0000 0.0937 0.0000 0.0000
0.1017 0.1318 0.1191 0.0000 0.1829 0.0000 0.0000 0.0000 0.2864 0.0000 0.1781 0.0000 0.0000 0.0000 0.0000
0.5483 0.3741 0.0000 0.0776 0.0000 0.0000 0.0000 0.0000 0.0000 0.0000 0.0000 0.0000 0.0000 0.0000 0.0000
0.2571 0.1446 0.0000 0.2763 0.0000 0.0529 0.2691 0.0000 0.0000 0.0000 0.0000 0.0000 0.0000 0.0000 0.0000
0.0689 0.3635 0.0000 0.5675 0.0000 0.0000 0.0000 0.0000 0.0000 0.0000 0.0000 0.0000 0.0000 0.0000 0.0000
0.0551 0.1555 0.1401 0.0000 0.0843 0.0000 0.0000 0.0000 0.0554 0.0000 0.4328 0.0767 0.0000 0.0000 0.0000
0.4643 0.2963 0.2394 0.0000 0.0000 0.0000 0.0000 0.0000 0.0000 0.0000 0.0000 0.0000 0.0000 0.0000 0.0000
0.0980 0.0718 0.0000 0.0959 0.0000 0.1456 0.1675 0.4213 0.0000 0.0000 0.0000 0.0000 0.0000 0.0000 0.0000
0.0922 0.2553 0.1607 0.0000 0.2879 0.0000 0.0000 0.0000 0.2038 0.0000 0.0000 0.0000 0.0000 0.0000 0.0000
0.1371 0.0547 0.0769 0.0000 0.4582 0.0000 0.0000 0.0000 0.2731 0.0000 0.0000 0.0000 0.0000 0.0000 0.0000
0.3636 0.0697 0.0000 0.3289 0.0000 0.0510 0.1869 0.0000 0.0000 0.0000 0.0000 0.0000 0.0000 0.0000 0.0000
0.2183 0.5222 0.2596 0.0000 0.0000 0.0000 0.0000 0.0000 0.0000 0.0000 0.0000 0.0000 0.0000 0.0000 0.0000
0.1130 0.2387 0.0000 0.0867 0.0000 0.1150 0.3500 0.0966 0.0000 0.0000 0.0000 0.0000 0.0000 0.0000 0.0000
0.2852 0.3211 0.3937 0.0000 0.0000 0.0000 0.0000 0.0000 0.0000 0.0000 0.0000 0.0000 0.0000 0.0000 0.0000
0.3214 0.0785 0.0000 0.2554 0.0000 0.1040 0.1829 0.0579 0.0000 0.0000 0.0000 0.0000 0.0000 0.0000 0.0000
0.6589 0.0000 0.0000 0.0000 0.0000 0.0000 0.0000 0.0000 0.0000 0.1987 0.0000 0.0000 0.1424 0.0000 0.0000
0.3630 0.0000 0.0000 0.0000 0.0000 0.0000 0.0000 0.0000 0.0000 0.0594 0.0000 0.0000 0.5776 0.0000 0.0000
0.2846 0.7154 0.0000 0.0000 0.0000 0.0000 0.0000 0.0000 0.0000 0.0000 0.0000 0.0000 0.0000 0.0000 0.0000
0.1183 0.1260 0.0533 0.0000 0.1534 0.0000 0.0000 0.0000 0.1405 0.0000 0.2800 0.1285 0.0000 0.0000 0.0000
0.0978 0.0000 0.0000 0.0000 0.0000 0.0000 0.0000 0.0000 0.0000 0.9022 0.0000 0.0000 0.0000 0.0000 0.0000
1.0000 0.0000 0.0000 0.0000 0.0000 0.0000 0.0000 0.0000 0.0000 0.0000 0.0000 0.0000 0.0000 0.0000 0.0000
0.3918 0.1154 0.1891 0.0000 0.1746 0.0000 0.0000 0.0000 0.1290 0.0000 0.0000 0.0000 0.0000 0.0000 0.0000
0.1558 0.0521 0.1470 0.0000 0.0829 0.0000 0.0000 0.0000 0.1000 0.0000 0.2004 0.2018 0.0000 0.0600 0.0000
0.1099 0.4352 0.0872 0.0000 0.0610 0.0000 0.0000 0.0000 0.0808 0.0000 0.1183 0.1075 0.0000 0.0000 0.0000
0.2509 0.3144 0.0964 0.0000 0.3383 0.0000 0.0000 0.0000 0.0000 0.0000 0.0000 0.0000 0.0000 0.0000 0.0000
0.1725 0.3523 0.0610 0.0000 0.0661 0.0000 0.0000 0.0000 0.1231 0.0000 0.2250 0.0000 0.0000 0.0000 0.0000
0.1662 0.0000 0.0000 0.0000 0.0000 0.0000 0.0000 0.0000 0.0000 0.5887 0.0000 0.0000 0.2450 0.0000 0.0000
1.0000 0.0000 0.0000 0.0000 0.0000 0.0000 0.0000 0.0000 0.0000 0.0000 0.0000 0.0000 0.0000 0.0000 0.0000
0.0713 0.0574 0.1496 0.0000 0.0837 0.0000 0.0000 0.0000 0.1433 0.0000 0.1886 0.1504 0.0000 0.1557 0.0000
0.1772 0.1273 0.3909 0.0000 0.3046 0.0000 0.0000 0.0000 0.0000 0.0000 0.0000 0.0000 0.0000 0.0000 0.0000
0.1478 0.1193 0.0884 0.0000 0.1515 0.0000 0.0000 0.0000 0.0501 0.0000 0.2149 0.1191 0.0000 0.1089 0.0000
0.0667 0.1387 0.0000 0.7071 0.0000 0.0876 0.0000 0.0000 0.0000 0.0000 0.0000 0.0000 0.0000 0.0000 0.0000
0.0935 0.3647 0.5418 0.0000 0.0000 0.0000 0.0000 0.0000 0.0000 0.0000 0.0000 0.0000 0.0000 0.0000 0.0000
0.3959 0.2336 0.0000 0.0800 0.0000 0.2088 0.0000 0.0000 0.0000 0.0000 0.0000 0.0000 0.0000 0.0000 0.0817
0.1546 0.0995 0.0000 0.6646 0.0000 0.0813 0.0000 0.0000 0.0000 0.0000 0.0000 0.0000 0.0000 0.0000 0.0000
0.2625 0.0767 0.0000 0.1124 0.0000 0.1670 0.2304 0.1511 0.0000 0.0000 0.0000 0.0000 0.0000 0.0000 0.0000
0.8838 0.1162 0.0000 0.0000 0.0000 0.0000 0.0000 0.0000 0.0000 0.0000 0.0000 0.0000 0.0000 0.0000 0.0000
0.2163 0.2412 0.2601 0.0000 0.2824 0.0000 0.0000 0.0000 0.0000 0.0000 0.0000 0.0000 0.0000 0.0000 0.0000
0.2399 0.1410 0.0000 0.6192 0.0000 0.0000 0.0000 0.0000 0.0000 0.0000 0.0000 0.0000 0.0000 0.0000 0.0000
0.1861 0.1267 0.1294 0.0000 0.4397 0.0000 0.0000 0.0000 0.1181 0.0000 0.0000 0.0000 0.0000 0.0000 0.0000
0.3805 0.2515 0.0000 0.0876 0.0000 0.2803 0.0000 0.0000 0.0000 0.0000 0.0000 0.0000 0.0000 0.0000 0.0000
0.1804 0.2848 0.0000 0.0927 0.0000 0.1106 0.3315 0.0000 0.0000 0.0000 0.0000 0.0000 0.0000 0.0000 0.0000
0.0871 0.1763 0.0738 0.0000 0.0854 0.0000 0.0000 0.0000 0.1557 0.0000 0.2307 0.1099 0.0000 0.0811 0.0000
0.7527 0.0000 0.0000 0.0000 0.0000 0.0000 0.0000 0.0000 0.0000 0.1631 0.0000 0.0000 0.0842 0.0000 0.0000
0.1467 0.0000 0.0000 0.0000 0.0000 0.0000 0.0000 0.0000 0.0000 0.7380 0.0000 0.0000 0.1153 0.0000 0.0000
0.1178 0.0967 0.0564 0.0000 0.2670 0.0000 0.0000 0.0000 0.0784 0.0000 0.0578 0.2757 0.0000 0.0502 0.0000
0.1255 0.3260 0.0811 0.0000 0.0782 0.0000 0.0000 0.0000 0.1399 0.0000 0.2493 0.0000 0.0000 0.0000 0.0000
0.9227 0.0773 0.0000 0.0000 0.0000 0.0000 0.0000 0.0000 0.0000 0.0000 0.0000 0.0000 0.0000 0.0000 0.0000
0.4194 0.0000 0.0000 0.0000 0.0000 0.0000 0.0000 0.0000 0.0000 0.2274 0.0000 0.0000 0.3531 0.0000 0.0000
0.1830 0.3215 0.0000 0.4956 0.0000 0.0000 0.0000 0.0000 0.0000 0.0000 0.0000 0.0000 0.0000 0.0000 0.0000
0.8062 0.0000 0.0000 0.0000 0.0000 0.0000 0.0000 0.0000 0.0000 0.1938 0.0000 0.0000 0.0000 0.0000 0.0000
0.1659 0.0513 0.1932 0.0000 0.1982 0.0000 0.0000 0.0000 0.0745 0.0000 0.0724 0.0966 0.0000 0.1479 0.0000
0.2088 0.7912 0.0000 0.0000 0.0000 0.0000 0.0000 0.0000 0.0000 0.0000 0.0000 0.0000 0.0000 0.0000 0.0000
0.8312 0.0000 0.0000 0.0000 0.0000 0.0000 0.0000 0.0000 0.0000 0.1688 0.0000 0.0000 0.0000 0.0000 0.0000
0.2147 0.2221 0.0933 0.0000 0.0670 0.0000 0.0000 0.0000 0.0703 0.0000 0.2576 0.0749 0.0000 0.0000 0.0000
1.0000 0.0000 0.0000 0.0000 0.0000 0.0000 0.0000 0.0000 0.0000 0.0000 0.0000 0.0000 0.0000 0.0000 0.0000
0.0596 0.2716 0.2716 0.0000 0.1001 0.0000 0.0000 0.0000 0.0868 0.0000 0.2103 0.0000 0.0000 0.0000 0.0000
0.9035 0.0000 0.0000 0.0000 0.0000 0.0000 0.0000 0.0000 0.0000 0.0965 0.0000 0.0000 0.0000 0.0000 0.0000
0.3316 0.1524 0.2222 0.0000 0.1408 0.0000 0.0000 0.0000 0.1529 0.0000 0.0000 0.0000 0.0000 0.0000 0.0000
0.2768 0.2052 0.1571 0.0000 0.1103 0.0000 0.0000 0.0000 0.2507 0.0000 0.0000 0.0000 0.0000 0.0000 0.0000
0.2866 0.1972 0.2848 0.0000 0.0790 0.0000 0.0000 0.0000 0.0950 0.0000 0.0575 0.0000 0.0000 0.0000 0.0000
1.0000 0.0000 0.0000 0.0000 0.0000 0.0000 0.0000 0.0000 0.0000 0.0000 0.0000 0.0000 0.0000 0.0000 0.0000
0.1920 0.1383 0.1203 0.0000 0.0636 0.0000 0.0000 0.0000 0.0568 0.0000 0.2535 0.1756 0.0000 0.0000 0.0000
1.0000 0.0000 0.0000 0.0000 0.0000 0.0000 0.0000 0.0000 0.0000 0.0000 0.0000 0.0000 0.0000 0.0000 0.0000
0.3832 0.4138 0.0000 0.2030 0.0000 0.0000 0.0000 0.0000 0.0000 0.0000 0.0000 0.0000 0.0000 0.0000 0.0000
0.1700 0.1777 0.1707 0.0000 0.0608 0.0000 0.0000 0.0000 0.2065 0.0000 0.1199 0.0943 0.0000 0.0000 0.0000
0.3128 0.0000 0.0000 0.0000 0.0000 0.0000 0.0000 0.0000 0.0000 0.6872 0.0000 0.0000 0.0000 0.0000 0.0000
0.4262 0.1303 0.1121 0.0000 0.1412 0.0000 0.0000 0.0000 0.1400 0.0000 0.0503 0.0000 0.0000 0.0000 0.0000
0.0674 0.0860 0.1086 0.0000 0.0535 0.0000 0.0000 0.0000 0.1504 0.0000 0.3734 0.1607 0.0000 0.0000 0.0000
0.3229 0.3211 0.2935 0.0000 0.0624 0.0000 0.0000 0.0000 0.0000 0.0000 0.0000 0.0000 0.0000 0.0000 0.0000
0.2203 0.1057 0.1513 0.0000 0.1480 0.0000 0.0000 0.0000 0.2031 0.0000 0.1716 0.0000 0.0000 0.0000 0.0000
1.0000 0.0000 0.0000 0.0000 0.0000 0.0000 0.0000 0.0000 0.0000 0.0000 0.0000 0.0000 0.0000 0.0000 0.0000
0.4115 0.3774 0.0000 0.0511 0.0000 0.0545 0.1054 0.0000 0.0000 0.0000 0.0000 0.0000 0.0000 0.0000 0.0000
0.1391 0.3904 0.0000 0.0741 0.0000 0.2254 0.0000 0.0000 0.0000 0.0000 0.0000 0.0000 0.0000 0.0000 0.1711
0.5995 0.0785 0.3221 0.0000 0.0000 0.0000 0.0000 0.0000 0.0000 0.0000 0.0000 0.0000 0.0000 0.0000 0.0000
0.5921 0.4079 0.0000 0.0000 0.0000 0.0000 0.0000 0.0000 0.0000 0.0000 0.0000 0.0000 0.0000 0.0000 0.0000
0.1619 0.3176 0.0000 0.2310 0.0000 0.0754 0.0000 0.0000 0.0000 0.0000 0.0000 0.0000 0.0000 0.0000 0.2141
0.0525 0.1151 0.0748 0.0000 0.0520 0.0000 0.0000 0.0000 0.0964 0.0000 0.3538 0.0725 0.0000 0.1828 0.0000
0.1645 0.1850 0.1114 0.0000 0.1493 0.0000 0.0000 0.0000 0.3158 0.0000 0.0739 0.0000 0.0000 0.0000 0.0000
0.3909 0.3442 0.2650 0.0000 0.0000 0.0000 0.0000 0.0000 0.0000 0.0000 0.0000 0.0000 0.0000 0.0000 0.0000
0.1565 0.3519 0.0000 0.4916 0.0000 0.0000 0.0000 0.0000 0.0000 0.0000 0.0000 0.0000 0.0000 0.0000 0.0000
0.1025 0.3092 0.1488 0.0000 0.0619 0.0000 0.0000 0.0000 0.0757 0.0000 0.1281 0.1050 0.0000 0.0689 0.0000
1.0000 0.0000 0.0000 0.0000 0.0000 0.0000 0.0000 0.0000 0.0000 0.0000 0.0000 0.0000 0.0000 0.0000 0.0000
0.1753 0.0000 0.0000 0.0000 0.0000 0.0000 0.0000 0.0000 0.0000 0.7090 0.0000 0.0000 0.1157 0.0000 0.0000
0.1544 0.1109 0.0000 0.7347 0.0000 0.0000 0.0000 0.0000 0.0000 0.0000 0.0000 0.0000 0.0000 0.0000 0.0000
0.1462 0.1648 0.0000 0.3314 0.0000 0.0720 0.0891 0.1964 0.0000 0.0000 0.0000 0.0000 0.0000 0.0000 0.0000
0.0532 0.3930 0.1585 0.0000 0.2236 0.0000 0.0000 0.0000 0.1083 0.0000 0.0634 0.0000 0.0000 0.0000 0.0000
0.2843 0.0948 0.0000 0.2668 0.0000 0.3540 0.0000 0.0000 0.0000 0.0000 0.0000 0.0000 0.0000 0.0000 0.0000
0.0986 0.7656 0.0000 0.1357 0.0000 0.0000 0.0000 0.0000 0.0000 0.0000 0.0000 0.0000 0.0000 0.0000 0.0000
0.2049 0.0000 0.0000 0.0000 0.0000 0.0000 0.0000 0.0000 0.0000 0.7951 0.0000 0.0000 0.0000 0.0000 0.0000
0.0630 0.2021 0.0000 0.1220 0.0000 0.2935 0.3194 0.0000 0.0000 0.0000 0.0000 0.0000 0.0000 0.0000 0.0000
0.3522 0.3084 0.0000 0.3394 0.0000 0.0000 0.0000 0.0000 0.0000 0.0000 0.0000 0.0000 0.0000 0.0000 0.0000
0.3463 0.1329 0.1465 0.0000 0.0737 0.0000 0.0000 0.0000 0.1966 0.0000 0.1040 0.0000 0.0000 0.0000 0.0000
0.1373 0.0000 0.0000 0.0000 0.0000 0.0000 0.0000 0.0000 0.0000 0.3268 0.0000 0.0000 0.5359 0.0000 0.0000
0.4225 0.2215 0.0000 0.3560 0.0000 0.0000 0.0000 0.0000 0.0000 0.0000 0.0000 0.0000 0.0000 0.0000 0.0000
0.1122 0.1335 0.0000 0.4967 0.0000 0.2576 0.0000 0.0000 0.0000 0.0000 0.0000 0.0000 0.0000 0.0000 0.0000
0.2669 0.2826 0.0000 0.1898 0.0000 0.2607 0.0000 0.0000 0.0000 0.0000 0.0000 0.0000 0.0000 0.0000 0.0000
1.0000 0.0000 0.0000 0.0000 0.0000 0.0000 0.0000 0.0000 0.0000 0.0000 0.0000 0.0000 0.0000 0.0000 0.0000
0.0591 0.3401 0.0000 0.2894 0.0000 0.1475 0.0000 0.0000 0.0000 0.0000 0.0000 0.0000 0.0000 0.0000 0.1639
0.0821 0.2157 0.0000 0.4051 0.0000 0.0538 0.2433 0.0000 0.0000 0.0000 0.0000 0.0000 0.0000 0.0000 0.0000
0.2557 0.2035 0.0000 0.0502 0.0000 0.1195 0.1715 0.1995 0.0000 0.0000 0.0000 0.0000 0.0000 0.0000 0.0000
0.1134 0.2694 0.0000 0.2300 0.0000 0.1153 0.0000 0.0000 0.0000 0.0000 0.0000 0.0000 0.0000 0.0000 0.2718
0.5626 0.0000 0.0000 0.0000 0.0000 0.0000 0.0000 0.0000 0.0000 0.1101 0.0000 0.0000 0.3273 0.0000 0.0000
0.0682 0.0729 0.1486 0.0000 0.0537 0.0000 0.0000 0.0000 0.1754 0.0000 0.1900 0.1035 0.0000 0.1877 0.0000
0.1443 0.1180 0.0000 0.7378 0.0000 0.0000 0.0000 0.0000 0.0000 0.0000 0.0000 0.0000 0.0000 0.0000 0.0000
1.0000 0.0000 0.0000 0.0000 0.0000 0.0000 0.0000 0.0000 0.0000 0.0000 0.0000 0.0000 0.0000 0.0000 0.0000
0.1111 0.1016 0.0649 0.0000 0.1989 0.0000 0.0000 0.0000 0.5235 0.0000 0.0000 0.0000 0.0000 0.0000 0.0000
0.2473 0.0624 0.0733 0.0000 0.1668 0.0000 0.0000 0.0000 0.1107 0.0000 0.1942 0.1454 0.0000 0.0000 0.0000
0.2174 0.0000 0.0000 0.0000 0.0000 0.0000 0.0000 0.0000 0.0000 0.6903 0.0000 0.0000 0.0923 0.0000 0.0000
0.2573 0.2835 0.0000 0.4591 0.0000 0.0000 0.0000 0.0000 0.0000 0.0000 0.0000 0.0000 0.0000 0.0000 0.0000
0.3892 0.0589 0.5519 0.0000 0.0000 0.0000 0.0000 0.0000 0.0000 0.0000 0.0000 0.0000 0.0000 0.0000 0.0000
0.2361 0.1152 0.0000 0.0702 0.0000 0.2295 0.1360 0.2129 0.0000 0.0000 0.0000 0.0000 0.0000 0.0000 0.0000
0.1864 0.0000 0.0000 0.0000 0.0000 0.0000 0.0000 0.0000 0.0000 0.3815 0.0000 0.0000 0.4322 0.0000 0.0000
0.0622 0.0651 0.2337 0.0000 0.1358 0.0000 0.0000 0.0000 0.0521 0.0000 0.0526 0.3456 0.0000 0.0530 0.0000
0.1079 0.0746 0.3462 0.0000 0.2769 0.0000 0.0000 0.0000 0.0528 0.0000 0.1417 0.0000 0.0000 0.0000 0.0000
0.1338 0.2316 0.2544 0.0000 0.0514 0.0000 0.0000 0.0000 0.3287 0.0000 0.0000 0.0000 0.0000 0.0000 0.0000
1.0000 0.0000 0.0000 0.0000 0.0000 0.0000 0.0000 0.0000 0.0000 0.0000 0.0000 0.0000 0.0000 0.0000 0.0000
0.2942 0.1876 0.0000 0.5182 0.0000 0.0000 0.0000 0.0000 0.0000 0.0000 0.0000 0.0000 0.0000 0.0000 0.0000
0.6104 0.0000 0.0000 0.0000 0.0000 0.0000 0.0000 0.0000 0.0000 0.1045 0.0000 0.0000 0.2850 0.0000 0.0000
1.0000 0.0000 0.0000 0.0000 0.0000 0.0000 0.0000 0.0000 0.0000 0.0000 0.0000 0.0000 0.0000 0.0000 0.0000
0.2988 0.0000 0.0000 0.0000 0.0000 0.0000 0.0000 0.0000 0.0000 0.7012 0.0000 0.0000 0.0000 0.0000 0.0000
0.4102 0.2259 0.0000 0.0791 0.0000 0.2848 0.0000 0.0000 0.0000 0.0000 0.0000 0.0000 0.0000 0.0000 0.0000
0.0772 0.0925 0.0000 0.3097 0.0000 0.1320 0.2549 0.1336 0.0000 0.0000 0.0000 0.0000 0.0000 0.0000 0.0000
0.1079 0.2951 0.0000 0.5970 0.0000 0.0000 0.0000 0.0000 0.0000 0.0000 0.0000 0.0000 0.0000 0.0000 0.0000
0.1331 0.0793 0.1739 0.0000 0.0964 0.0000 0.0000 0.0000 0.1408 0.0000 0.3765 0.0000 0.0000 0.0000 0.0000
0.1866 0.6378 0.1756 0.0000 0.0000 0.0000 0.0000 0.0000 0.0000 0.0000 0.0000 0.0000 0.0000 0.0000 0.0000
0.1650 0.0788 0.0672 0.0000 0.0709 0.0000 0.0000 0.0000 0.1813 0.0000 0.1783 0.1429 0.0000 0.1157 0.0000
0.0544 0.1331 0.0000 0.8125 0.0000 0.0000 0.0000 0.0000 0.0000 0.0000 0.0000 0.0000 0.0000 0.0000 0.0000
1.0000 0.0000 0.0000 0.0000 0.0000 0.0000 0.0000 0.0000 0.0000 0.0000 0.0000 0.0000 0.0000 0.0000 0.0000
1.0000 0.0000 0.0000 0.0000 0.0000 0.0000 0.0000 0.0000 0.0000 0.0000 0.0000 0.0000 0.0000 0.0000 0.0000
0.0756 0.1947 0.1567 0.0000 0.0967 0.0000 0.0000 0.0000 0.2665 0.0000 0.1063 0.1035 0.0000 0.0000 0.0000
0.4503 0.1529 0.0000 0.0800 0.0000 0.1285 0.0841 0.1042 0.0000 0.0000 0.0000 0.0000 0.0000 0.0000 0.0000
0.2564 0.3231 0.1658 0.0000 0.1661 0.0000 0.0000 0.0000 0.0887 0.0000 0.0000 0.0000 0.0000 0.0000 0.0000
0.2114 0.0866 0.1469 0.0000 0.1421 0.0000 0.0000 0.0000 0.1083 0.0000 0.2522 0.0525 0.0000 0.0000 0.0000
0.3394 0.1336 0.0000 0.1418 0.0000 0.2783 0.0000 0.0000 0.0000 0.0000 0.0000 0.0000 0.0000 0.0000 0.1069
0.3808 0.0000 0.0000 0.0000 0.0000 0.0000 0.0000 0.0000 0.0000 0.6192 0.0000 0.0000 0.0000 0.0000 0.0000
1.0000 0.0000 0.0000 0.0000 0.0000 0.0000 0.0000 0.0000 0.0000 0.0000 0.0000 0.0000 0.0000 0.0000 0.0000
0.2739 0.1401 0.0668 0.0000 0.0569 0.0000 0.0000 0.0000 0.3530 0.0000 0.1093 0.0000 0.0000 0.0000 0.0000
1.0000 0.0000 0.0000 0.0000 0.0000 0.0000 0.0000 0.0000 0.0000 0.0000 0.0000 0.0000 0.0000 0.0000 0.0000
0.2572 0.2989 0.1332 0.0000 0.3107 0.0000 0.0000 0.0000 0.0000 0.0000 0.0000 0.0000 0.0000 0.0000 0.0000
0.2533 0.2068 0.0000 0.0932 0.0000 0.1628 0.1322 0.1517 0.0000 0.0000 0.0000 0.0000 0.0000 0.0000 0.0000
0.5408 0.0000 0.0000 0.0000 0.0000 0.0000 0.0000 0.0000 0.0000 0.1795 0.0000 0.0000 0.2797 0.0000 0.0000
0.2327 0.5847 0.0000 0.1827 0.0000 0.0000 0.0000 0.0000 0.0000 0.0000 0.0000 0.0000 0.0000 0.0000 0.0000
0.0930 0.2936 0.1399 0.0000 0.0572 0.0000 0.0000 0.0000 0.1854 0.0000 0.2308 0.0000 0.0000 0.0000 0.0000
0.1133 0.7028 0.0000 0.1334 0.0000 0.0505 0.0000 0.0000 0.0000 0.0000 0.0000 0.0000 0.0000 0.0000 0.0000
0.2210 0.2828 0.2287 0.0000 0.0523 0.0000 0.0000 0.0000 0.2152 0.0000 0.0000 0.0000 0.0000 0.0000 0.0000
0.2462 0.2446 0.0000 0.2334 0.0000 0.1393 0.1365 0.0000 0.0000 0.0000 0.0000 0.0000 0.0000 0.0000 0.0000
0.2784 0.2672 0.0000 0.4543 0.0000 0.0000 0.0000 0.0000 0.0000 0.0000 0.0000 0.0000 0.0000 0.0000 0.0000
0.3494 0.2265 0.1502 0.0000 0.0677 0.0000 0.0000 0.0000 0.0783 0.0000 0.0581 0.0698 0.0000 0.0000 0.0000
0.6648 0.0000 0.0000 0.0000 0.0000 0.0000 0.0000 0.0000 0.0000 0.3352 0.0000 0.0000 0.0000 0.0000 0.0000
0.0866 0.2060 0.1630 0.0000 0.1647 0.0000 0.0000 0.0000 0.0543 0.0000 0.0739 0.0527 0.0000 0.1988 0.0000
0.0757 0.0506 0.1359 0.0000 0.0558 0.0000 0.0000 0.0000 0.2057 0.0000 0.1249 0.2946 0.0000 0.0568 0.0000
0.0937 0.1748 0.0935 0.0000 0.5585 0.0000 0.0000 0.0000 0.0795 0.0000 0.0000 0.0000 0.0000 0.0000 0.0000
1.0000 0.0000 0.0000 0.0000 0.0000 0.0000 0.0000 0.0000 0.0000 0.0000 0.0000 0.0000 0.0000 0.0000 0.0000
1.0000 0.0000 0.0000 0.0000 0.0000 0.0000 0.0000 0.0000 0.0000 0.0000 0.0000 0.0000 0.0000 0.0000 0.0000
0.0808 0.1481 0.0000 0.2516 0.0000 0.1404 0.3087 0.0704 0.0000 0.0000 0.0000 0.0000 0.0000 0.0000 0.0000
1.0000 0.0000 0.0000 0.0000 0.0000 0.0000 0.0000 0.0000 0.0000 0.0000 0.0000 0.0000 0.0000 0.0000 0.0000
0.1228 0.0890 0.5058 0.0000 0.2824 0.0000 0.0000 0.0000 0.0000 0.0000 0.0000 0.0000 0.0000 0.0000 0.0000
0.0726 0.2175 0.1145 0.0000 0.0908 0.0000 0.0000 0.0000 0.1206 0.0000 0.0778 0.1677 0.0000 0.1385 0.0000
0.1173 0.5539 0.2340 0.0000 0.0947 0.0000 0.0000 0.0000 0.0000 0.0000 0.0000 0.0000 0.0000 0.0000 0.0000
0.1091 0.2602 0.2221 0.0000 0.1702 0.0000 0.0000 0.0000 0.1313 0.0000 0.0551 0.0519 0.0000 0.0000 0.0000
0.0609 0.0520 0.0666 0.0000 0.1250 0.0000 0.0000 0.0000 0.2295 0.0000 0.0792 0.3869 0.0000 0.0000 0.0000
0.5470 0.0679 0.0000 0.1341 0.0000 0.0862 0.0000 0.0000 0.0000 0.0000 0.0000 0.0000 0.0000 0.0000 0.1648
0.1160 0.1463 0.0000 0.1697 0.0000 0.0795 0.3092 0.1794 0.0000 0.0000 0.0000 0.0000 0.0000 0.0000 0.0000
0.2541 0.3350 0.0000 0.2428 0.0000 0.1681 0.0000 0.0000 0.0000 0.0000 0.0000 0.0000 0.0000 0.0000 0.0000
1.0000 0.0000 0.0000 0.0000 0.0000 0.0000 0.0000 0.0000 0.0000 0.0000 0.0000 0.0000 0.0000 0.0000 0.0000
0.0791 0.1962 0.1460 0.0000 0.1483 0.0000 0.0000 0.0000 0.0859 0.0000 0.1971 0.1473 0.0000 0.0000 0.0000
0.1108 0.1213 0.1351 0.0000 0.1094 0.0000 0.0000 0.0000 0.0971 0.0000 0.0623 0.1687 0.0000 0.1954 0.0000
0.1031 0.0552 0.1260 0.0000 0.0866 0.0000 0.0000 0.0000 0.0956 0.0000 0.1197 0.2746 0.0000 0.1392 0.0000
0.5412 0.0559 0.0000 0.4029 0.0000 0.0000 0.0000 0.0000 0.0000 0.0000 0.0000 0.0000 0.0000 0.0000 0.0000
0.2625 0.0904 0.4370 0.0000 0.2101 0.0000 0.0000 0.0000 0.0000 0.0000 0.0000 0.0000 0.0000 0.0000 0.0000
0.2582 0.1490 0.1416 0.0000 0.3731 0.0000 0.0000 0.0000 0.0781 0.0000 0.0000 0.0000 0.0000 0.0000 0.0000
0.1395 0.0726 0.0000 0.1584 0.0000 0.2175 0.2054 0.2066 0.0000 0.0000 0.0000 0.0000 0.0000 0.0000 0.0000
0.1300 0.0976 0.3460 0.0000 0.0586 0.0000 0.0000 0.0000 0.2679 0.0000 0.0998 0.0000 0.0000 0.0000 0.0000
0.3521 0.0000 0.0000 0.0000 0.0000 0.0000 0.0000 0.0000 0.0000 0.6479 0.0000 0.0000 0.0000 0.0000 0.0000
0.0889 0.6940 0.0000 0.2171 0.0000 0.0000 0.0000 0.0000 0.0000 0.0000 0.0000 0.0000 0.0000 0.0000 0.0000
0.1257 0.8743 0.0000 0.0000 0.0000 0.0000 0.0000 0.0000 0.0000 0.0000 0.0000 0.0000 0.0000 0.0000 0.0000
0.1358 0.1257 0.0000 0.1559 0.0000 0.3383 0.0000 0.0000 0.0000 0.0000 0.0000 0.0000 0.0000 0.0000 0.2443
0.1520 0.5515 0.0000 0.2965 0.0000 0.0000 0.0000 0.0000 0.0000 0.0000 0.0000 0.0000 0.0000 0.0000 0.0000
0.1230 0.1078 0.1184 0.0000 0.3140 0.0000 0.0000 0.0000 0.3367 0.0000 0.0000 0.0000 0.0000 0.0000 0.0000
0.1369 0.1305 0.0604 0.0000 0.1998 0.0000 0.0000 0.0000 0.0845 0.0000 0.1586 0.0661 0.0000 0.1633 0.0000
0.1433 0.1895 0.0560 0.0000 0.1292 0.0000 0.0000 0.0000 0.4819 0.0000 0.0000 0.0000 0.0000 0.0000 0.0000
0.7447 0.2553 0.0000 0.0000 0.0000 0.0000 0.0000 0.0000 0.0000 0.0000 0.0000 0.0000 0.0000 0.0000 0.0000
0.0926 0.4251 0.0000 0.1249 0.0000 0.1957 0.0717 0.0900 0.0000 0.0000 0.0000 0.0000 0.0000 0.0000 0.0000
0.1895 0.0000 0.0000 0.0000 0.0000 0.0000 0.0000 0.0000 0.0000 0.6559 0.0000 0.0000 0.1547 0.0000 0.0000
0.6774 0.1867 0.0000 0.0734 0.0000 0.0624 0.0000 0.0000 0.0000 0.0000 0.0000 0.0000 0.0000 0.0000 0.0000
0.2829 0.0999 0.0000 0.3521 0.0000 0.1075 0.0000 0.0000 0.0000 0.0000 0.0000 0.0000 0.0000 0.0000 0.1576
0.3578 0.0000 0.0000 0.0000 0.0000 0.0000 0.0000 0.0000 0.0000 0.6422 0.0000 0.0000 0.0000 0.0000 0.0000
0.0872 0.2042 0.0000 0.1399 0.0000 0.2037 0.0000 0.0000 0.0000 0.0000 0.0000 0.0000 0.0000 0.0000 0.3648
0.0944 0.7983 0.1073 0.0000 0.0000 0.0000 0.0000 0.0000 0.0000 0.0000 0.0000 0.0000 0.0000 0.0000 0.0000
0.2976 0.5716 0.0000 0.1308 0.0000 0.0000 0.0000 0.0000 0.0000 0.0000 0.0000 0.0000 0.0000 0.0000 0.0000
0.0918 0.6372 0.2711 0.0000 0.0000 0.0000 0.0000 0.0000 0.0000 0.0000 0.0000 0.0000 0.0000 0.0000 0.0000
0.3769 0.0998 0.5233 0.0000 0.0000 0.0000 0.0000 0.0000 0.0000 0.0000 0.0000 0.0000 0.0000 0.0000 0.0000
0.1607 0.3582 0.0000 0.1261 0.0000 0.0611 0.2436 0.0503 0.0000 0.0000 0.0000 0.0000 0.0000 0.0000 0.0000
0.3067 0.0000 0.0000 0.0000 0.0000 0.0000 0.0000 0.0000 0.0000 0.6055 0.0000 0.0000 0.0879 0.0000 0.0000
0.3836 0.0856 0.1815 0.0000 0.0904 0.0000 0.0000 0.0000 0.2589 0.0000 0.0000 0.0000 0.0000 0.0000 0.0000
1.0000 0.0000 0.0000 0.0000 0.0000 0.0000 0.0000 0.0000 0.0000 0.0000 0.0000 0.0000 0.0000 0.0000 0.0000
0.2418 0.0633 0.0000 0.5753 0.0000 0.0593 0.0604 0.0000 0.0000 0.0000 0.0000 0.0000 0.0000 0.0000 0.0000
0.2024 0.1678 0.3602 0.0000 0.2696 0.0000 0.0000 0.0000 0.0000 0.0000 0.0000 0.0000 0.0000 0.0000 0.0000
0.1568 0.2300 0.0000 0.1555 0.0000 0.1783 0.0000 0.0000 0.0000 0.0000 0.0000 0.0000 0.0000 0.0000 0.2794
1.0000 0.0000 0.0000 0.0000 0.0000 0.0000 0.0000 0.0000 0.0000 0.0000 0.0000 0.0000 0.0000 0.0000 0.0000
1.0000 0.0000 0.0000 0.0000 0.0000 0.0000 0.0000 0.0000 0.0000 0.0000 0.0000 0.0000 0.0000 0.0000 0.0000
0.1703 0.1730 0.2419 0.0000 0.4148 0.0000 0.0000 0.0000 0.0000 0.0000 0.0000 0.0000 0.0000 0.0000 0.0000
0.0933 0.2156 0.0597 0.0000 0.1491 0.0000 0.0000 0.0000 0.1337 0.0000 0.0686 0.2800 0.0000 0.0000 0.0000
0.1692 0.1352 0.0000 0.0511 0.0000 0.0709 0.1591 0.4146 0.0000 0.0000 0.0000 0.0000 0.0000 0.0000 0.0000
0.2246 0.3664 0.0000 0.0524 0.0000 0.1351 0.2215 0.0000 0.0000 0.0000 0.0000 0.0000 0.0000 0.0000 0.0000
0.4788 0.0000 0.0000 0.0000 0.0000 0.0000 0.0000 0.0000 0.0000 0.5212 0.0000 0.0000 0.0000 0.0000 0.0000
1.0000 0.0000 0.0000 0.0000 0.0000 0.0000 0.0000 0.0000 0.0000 0.0000 0.0000 0.0000 0.0000 0.0000 0.0000
0.1541 0.1109 0.0810 0.0000 0.2200 0.0000 0.0000 0.0000 0.0724 0.0000 0.0990 0.1622 0.0000 0.1004 0.0000
0.1491 0.1429 0.1433 0.0000 0.0683 0.0000 0.0000 0.0000 0.1130 0.0000 0.2181 0.0733 0.0000 0.0919 0.0000
0.1883 0.0000 0.0000 0.0000 0.0000 0.0000 0.0000 0.0000 0.0000 0.8117 0.0000 0.0000 0.0000 0.0000 0.0000
0.3405 0.0614 0.0000 0.2899 0.0000 0.0700 0.2382 0.0000 0.0000 0.0000 0.0000 0.0000 0.0000 0.0000 0.0000
0.7114 0.0716 0.2170 0.0000 0.0000 0.0000 0.0000 0.0000 0.0000 0.0000 0.0000 0.0000 0.0000 0.0000 0.0000
0.2773 0.1263 0.0000 0.0912 0.0000 0.0720 0.0526 0.3806 0.0000 0.0000 0.0000 0.0000 0.0000 0.0000 0.0000
1.0000 0.0000 0.0000 0.0000 0.0000 0.0000 0.0000 0.0000 0.0000 0.0000 0.0000 0.0000 0.0000 0.0000 0.0000
0.1306 0.1896 0.1751 0.0000 0.0727 0.0000 0.0000 0.0000 0.2172 0.0000 0.1049 0.1099 0.0000 0.0000 0.0000
0.0983 0.1285 0.0690 0.0000 0.3537 0.0000 0.0000 0.0000 0.1047 0.0000 0.1463 0.0993 0.0000 0.0000 0.0000
0.1504 0.0847 0.0000 0.2920 0.0000 0.2565 0.2164 0.0000 0.0000 0.0000 0.0000 0.0000 0.0000 0.0000 0.0000
0.3846 0.0685 0.0000 0.5469 0.0000 0.0000 0.0000 0.0000 0.0000 0.0000 0.0000 0.0000 0.0000 0.0000 0.0000
1.0000 0.0000 0.0000 0.0000 0.0000 0.0000 0.0000 0.0000 0.0000 0.0000 0.0000 0.0000 0.0000 0.0000 0.0000
0.0703 0.5164 0.0000 0.2288 0.0000 0.0581 0.1264 0.0000 0.0000 0.0000 0.0000 0.0000 0.0000 0.0000 0.0000
0.0965 0.0932 0.1262 0.0000 0.1329 0.0000 0.0000 0.0000 0.1942 0.0000 0.3570 0.0000 0.0000 0.0000 0.0000
0.1691 0.1623 0.1528 0.0000 0.2538 0.0000 0.0000 0.0000 0.2621 0.0000 0.0000 0.0000 0.0000 0.0000 0.0000
0.5929 0.4071 0.0000 0.0000 0.0000 0.0000 0.0000 0.0000 0.0000 0.0000 0.0000 0.0000 0.0000 0.0000 0.0000
0.2725 0.4463 0.0000 0.2812 0.0000 0.0000 0.0000 0.0000 0.0000 0.0000 0.0000 0.0000 0.0000 0.0000 0.0000
0.2056 0.5184 0.0000 0.2760 0.0000 0.0000 0.0000 0.0000 0.0000 0.0000 0.0000 0.0000 0.0000 0.0000 0.0000
0.2001 0.1202 0.0000 0.0684 0.0000 0.4248 0.0644 0.1221 0.0000 0.0000 0.0000 0.0000 0.0000 0.0000 0.0000
0.6794 0.0806 0.2401 0.0000 0.0000 0.0000 0.0000 0.0000 0.0000 0.0000 0.0000 0.0000 0.0000 0.0000 0.0000
0.0966 0.0921 0.4200 0.0000 0.0933 0.0000 0.0000 0.0000 0.2980 0.0000 0.0000 0.0000 0.0000 0.0000 0.0000
0.1871 0.3263 0.1977 0.0000 0.0547 0.0000 0.0000 0.0000 0.2342 0.0000 0.0000 0.0000 0.0000 0.0000 0.0000
0.3364 0.0685 0.0000 0.2570 0.0000 0.2138 0.0000 0.0000 0.0000 0.0000 0.0000 0.0000 0.0000 0.0000 0.1244
0.1252 0.3153 0.0000 0.2327 0.0000 0.1666 0.1602 0.0000 0.0000 0.0000 0.0000 0.0000 0.0000 0.0000 0.0000
0.0890 0.0600 0.0000 0.1475 0.0000 0.4364 0.0000 0.0000 0.0000 0.0000 0.0000 0.0000 0.0000 0.0000 0.2671
1.0000 0.0000 0.0000 0.0000 0.0000 0.0000 0.0000 0.0000 0.0000 0.0000 0.0000 0.0000 0.0000 0.0000 0.0000
0.2471 0.1289 0.1893 0.0000 0.4346 0.0000 0.0000 0.0000 0.0000 0.0000 0.0000 0.0000 0.0000 0.0000 0.0000
0.1967 0.0000 0.0000 0.0000 0.0000 0.0000 0.0000 0.0000 0.0000 0.8033 0.0000 0.0000 0.0000 0.0000 0.0000
0.1621 0.0850 0.1435 0.0000 0.2244 0.0000 0.0000 0.0000 0.2307 0.0000 0.0771 0.0774 0.0000 0.0000 0.0000
0.4333 0.0873 0.4794 0.0000 0.0000 0.0000 0.0000 0.0000 0.0000 0.0000 0.0000 0.0000 0.0000 0.0000 0.0000
0.0991 0.5080 0.0000 0.3929 0.0000 0.0000 0.0000 0.0000 0.0000 0.0000 0.0000 0.0000 0.0000 0.0000 0.0000
1.0000 0.0000 0.0000 0.0000 0.0000 0.0000 0.0000 0.0000 0.0000 0.0000 0.0000 0.0000 0.0000 0.0000 0.0000
0.3405 0.1084 0.0000 0.3434 0.0000 0.1408 0.0669 0.0000 0.0000 0.0000 0.0000 0.0000 0.0000 0.0000 0.0000
0.4433 0.0000 0.0000 0.0000 0.0000 0.0000 0.0000 0.0000 0.0000 0.2111 0.0000 0.0000 0.3456 0.0000 0.0000
0.3457 0.3743 0.0000 0.1219 0.0000 0.1581 0.0000 0.0000 0.0000 0.0000 0.0000 0.0000 0.0000 0.0000 0.0000
0.0770 0.2959 0.1644 0.0000 0.2874 0.0000 0.0000 0.0000 0.0811 0.0000 0.0942 0.0000 0.0000 0.0000 0.0000
0.1165 0.0659 0.1221 0.0000 0.1026 0.0000 0.0000 0.0000 0.1742 0.0000 0.2215 0.1973 0.0000 0.0000 0.0000
0.9082 0.0000 0.0000 0.0000 0.0000 0.0000 0.0000 0.0000 0.0000 0.0918 0.0000 0.0000 0.0000 0.0000 0.0000
0.6382 0.3618 0.0000 0.0000 0.0000 0.0000 0.0000 0.0000 0.0000 0.0000 0.0000 0.0000 0.0000 0.0000 0.0000
1.0000 0.0000 0.0000 0.0000 0.0000 0.0000 0.0000 0.0000 0.0000 0.0000 0.0000 0.0000 0.0000 0.0000 0.0000
0.1576 0.1311 0.1207 0.0000 0.1516 0.0000 0.0000 0.0000 0.4390 0.0000 0.0000 0.0000 0.0000 0.0000 0.0000
0.0532 0.0537 0.2147 0.0000 0.0587 0.0000 0.0000 0.0000 0.1577 0.0000 0.1910 0.2710 0.0000 0.0000 0.0000
0.4900 0.2409 0.2692 0.0000 0.0000 0.0000 0.0000 0.0000 0.0000 0.0000 0.0000 0.0000 0.0000 0.0000 0.0000
0.2245 0.2346 0.0814 0.0000 0.0573 0.0000 0.0000 0.0000 0.1186 0.0000 0.1350 0.1486 0.0000 0.0000 0.0000
0.1426 0.0509 0.0000 0.5371 0.0000 0.0708 0.1986 0.0000 0.0000 0.0000 0.0000 0.0000 0.0000 0.0000 0.0000
0.3121 0.6879 0.0000 0.0000 0.0000 0.0000 0.0000 0.0000 0.0000 0.0000 0.0000 0.0000 0.0000 0.0000 0.0000
0.1338 0.2226 0.0000 0.4925 0.0000 0.1512 0.0000 0.0000 0.0000 0.0000 0.0000 0.0000 0.0000 0.0000 0.0000
0.1875 0.0570 0.0000 0.3324 0.0000 0.1254 0.0000 0.0000 0.0000 0.0000 0.0000 0.0000 0.0000 0.0000 0.2977
0.1482 0.5025 0.0000 0.1610 0.0000 0.1883 0.0000 0.0000 0.0000 0.0000 0.0000 0.0000 0.0000 0.0000 0.0000
0.0799 0.0522 0.2219 0.0000 0.0710 0.0000 0.0000 0.0000 0.3455 0.0000 0.1079 0.0519 0.0000 0.0699 0.0000
0.3021 0.2379 0.0572 0.0000 0.0660 0.0000 0.0000 0.0000 0.1457 0.0000 0.0553 0.1357 0.0000 0.0000 0.0000
0.0620 0.2016 0.1706 0.0000 0.2637 0.0000 0.0000 0.0000 0.0759 0.0000 0.1720 0.0542 0.0000 0.0000 0.0000
0.1104 0.0000 0.0000 0.0000 0.0000 0.0000 0.0000 0.0000 0.0000 0.8896 0.0000 0.0000 0.0000 0.0000 0.0000
0.3614 0.1193 0.0000 0.1043 0.0000 0.4150 0.0000 0.0000 0.0000 0.0000 0.0000 0.0000 0.0000 0.0000 0.0000
0.1924 0.3408 0.2434 0.0000 0.0779 0.0000 0.0000 0.0000 0.0945 0.0000 0.0509 0.0000 0.0000 0.0000 0.0000
0.2776 0.0895 0.3350 0.0000 0.2979 0.0000 0.0000 0.0000 0.0000 0.0000 0.0000 0.0000 0.0000 0.0000 0.0000
0.3544 0.5922 0.0534 0.0000 0.0000 0.0000 0.0000 0.0000 0.0000 0.0000 0.0000 0.0000 0.0000 0.0000 0.0000
1.0000 0.0000 0.0000 0.0000 0.0000 0.0000 0.0000 0.0000 0.0000 0.0000 0.0000 0.0000 0.0000 0.0000 0.0000
0.2435 0.2064 0.0000 0.1374 0.0000 0.4127 0.0000 0.0000 0.0000 0.0000 0.0000 0.0000 0.0000 0.0000 0.0000
0.6118 0.3882 0.0000 0.0000 0.0000 0.0000 0.0000 0.0000 0.0000 0.0000 0.0000 0.0000 0.0000 0.0000 0.0000
0.1262 0.1356 0.2911 0.0000 0.1122 0.0000 0.0000 0.0000 0.0690 0.0000 0.0848 0.0765 0.0000 0.1047 0.0000
0.8469 0.1531 0.0000 0.0000 0.0000 0.0000 0.0000 0.0000 0.0000 0.0000 0.0000 0.0000 0.0000 0.0000 0.0000
0.1246 0.1228 0.6249 0.0000 0.0567 0.0000 0.0000 0.0000 0.0710 0.0000 0.0000 0.0000 0.0000 0.0000 0.0000
0.2812 0.2375 0.4813 0.0000 0.0000 0.0000 0.0000 0.0000 0.0000 0.0000 0.0000 0.0000 0.0000 0.0000 0.0000
0.0579 0.1460 0.2569 0.0000 0.1224 0.0000 0.0000 0.0000 0.0623 0.0000 0.1002 0.1981 0.0000 0.0561 0.0000
0.2731 0.0713 0.1079 0.0000 0.1490 0.0000 0.0000 0.0000 0.2847 0.0000 0.1140 0.0000 0.0000 0.0000 0.0000
0.1387 0.1081 0.6258 0.0000 0.1274 0.0000 0.0000 0.0000 0.0000 0.0000 0.0000 0.0000 0.0000 0.0000 0.0000
0.1119 0.0682 0.1439 0.0000 0.0747 0.0000 0.0000 0.0000 0.2866 0.0000 0.0791 0.1735 0.0000 0.0622 0.0000
0.0844 0.0616 0.2322 0.0000 0.2015 0.0000 0.0000 0.0000 0.2404 0.0000 0.1800 0.0000 0.0000 0.0000 0.0000
0.1752 0.1759 0.1598 0.0000 0.1585 0.0000 0.0000 0.0000 0.1653 0.0000 0.1652 0.0000 0.0000 0.0000 0.0000
0.0591 0.2847 0.3574 0.0000 0.1149 0.0000 0.0000 0.0000 0.0548 0.0000 0.1291 0.0000 0.0000 0.0000 0.0000
1.0000 0.0000 0.0000 0.0000 0.0000 0.0000 0.0000 0.0000 0.0000 0.0000 0.0000 0.0000 0.0000 0.0000 0.0000
0.1834 0.1446 0.0000 0.2632 0.0000 0.0755 0.3333 0.0000 0.0000 0.0000 0.0000 0.0000 0.0000 0.0000 0.0000
0.7549 0.1165 0.0768 0.0000 0.0519 0.0000 0.0000 0.0000 0.0000 0.0000 0.0000 0.0000 0.0000 0.0000 0.0000
0.0864 0.2612 0.0000 0.1517 0.0000 0.1792 0.3215 0.0000 0.0000 0.0000 0.0000 0.0000 0.0000 0.0000 0.0000
0.0638 0.1090 0.0000 0.0592 0.0000 0.3777 0.2487 0.1416 0.0000 0.0000 0.0000 0.0000 0.0000 0.0000 0.0000
0.1748 0.5349 0.1724 0.0000 0.1179 0.0000 0.0000 0.0000 0.0000 0.0000 0.0000 0.0000 0.0000 0.0000 0.0000
0.0885 0.1449 0.3294 0.0000 0.0561 0.0000 0.0000 0.0000 0.3810 0.0000 0.0000 0.0000 0.0000 0.0000 0.0000
0.3444 0.4007 0.0727 0.0000 0.1822 0.0000 0.0000 0.0000 0.0000 0.0000 0.0000 0.0000 0.0000 0.0000 0.0000
0.3428 0.6572 0.0000 0.0000 0.0000 0.0000 0.0000 0.0000 0.0000 0.0000 0.0000 0.0000 0.0000 0.0000 0.0000
0.2020 0.0857 0.7123 0.0000 0.0000 0.0000 0.0000 0.0000 0.0000 0.0000 0.0000 0.0000 0.0000 0.0000 0.0000
0.0944 0.0620 0.0000 0.2162 0.0000 0.1925 0.0000 0.0000 0.0000 0.0000 0.0000 0.0000 0.0000 0.0000 0.4348
0.2045 0.1767 0.1150 0.0000 0.5038 0.0000 0.0000 0.0000 0.0000 0.0000 0.0000 0.0000 0.0000 0.0000 0.0000
0.4429 0.0686 0.0000 0.0558 0.0000 0.2661 0.1666 0.0000 0.0000 0.0000 0.0000 0.0000 0.0000 0.0000 0.0000
0.0998 0.0691 0.0000 0.4499 0.0000 0.3039 0.0000 0.0000 0.0000 0.0000 0.0000 0.0000 0.0000 0.0000 0.0773
0.1022 0.0000 0.0000 0.0000 0.0000 0.0000 0.0000 0.0000 0.0000 0.2951 0.0000 0.0000 0.6027 0.0000 0.0000
0.3554 0.6446 0.0000 0.0000 0.0000 0.0000 0.0000 0.0000 0.0000 0.0000 0.0000 0.0000 0.0000 0.0000 0.0000
0.2114 0.2650 0.0000 0.5237 0.0000 0.0000 0.0000 0.0000 0.0000 0.0000 0.0000 0.0000 0.0000 0.0000 0.0000
0.1730 0.2968 0.0000 0.3057 0.0000 0.0540 0.0606 0.1100 0.0000 0.0000 0.0000 0.0000 0.0000 0.0000 0.0000
0.0517 0.0845 0.2059 0.0000 0.0567 0.0000 0.0000 0.0000 0.1091 0.0000 0.1645 0.2034 0.0000 0.1241 0.0000
0.2392 0.0843 0.0000 0.4533 0.0000 0.0639 0.1594 0.0000 0.0000 0.0000 0.0000 0.0000 0.0000 0.0000 0.0000
0.4520 0.5480 0.0000 0.0000 0.0000 0.0000 0.0000 0.0000 0.0000 0.0000 0.0000 0.0000 0.0000 0.0000 0.0000
1.0000 0.0000 0.0000 0.0000 0.0000 0.0000 0.0000 0.0000 0.0000 0.0000 0.0000 0.0000 0.0000 0.0000 0.0000
0.3565 0.0987 0.1051 0.0000 0.0681 0.0000 0.0000 0.0000 0.0530 0.0000 0.1087 0.2098 0.0000 0.0000 0.0000
1.0000 0.0000 0.0000 0.0000 0.0000 0.0000 0.0000 0.0000 0.0000 0.0000 0.0000 0.0000 0.0000 0.0000 0.0000
0.7754 0.0000 0.0000 0.0000 0.0000 0.0000 0.0000 0.0000 0.0000 0.2246 0.0000 0.0000 0.0000 0.0000 0.0000
0.1849 0.1834 0.0000 0.1707 0.0000 0.2731 0.0000 0.0000 0.0000 0.0000 0.0000 0.0000 0.0000 0.0000 0.1879
0.0610 0.0542 0.1414 0.0000 0.2312 0.0000 0.0000 0.0000 0.0555 0.0000 0.2826 0.0917 0.0000 0.0823 0.0000
0.0671 0.0885 0.2099 0.0000 0.0882 0.0000 0.0000 0.0000 0.3406 0.0000 0.1005 0.1052 0.0000 0.0000 0.0000
0.3907 0.3356 0.1559 0.0000 0.1179 0.0000 0.0000 0.0000 0.0000 0.0000 0.0000 0.0000 0.0000 0.0000 0.0000
0.5204 0.1067 0.0000 0.3729 0.0000 0.0000 0.0000 0.0000 0.0000 0.0000 0.0000 0.0000 0.0000 0.0000 0.0000
0.0701 0.2226 0.0000 0.4555 0.0000 0.1130 0.0874 0.0514 0.0000 0.0000 0.0000 0.0000 0.0000 0.0000 0.0000
0.1788 0.1073 0.1210 0.0000 0.0507 0.0000 0.0000 0.0000 0.2354 0.0000 0.1291 0.0628 0.0000 0.1149 0.0000
0.0560 0.4614 0.2482 0.0000 0.2345 0.0000 0.0000 0.0000 0.0000 0.0000 0.0000 0.0000 0.0000 0.0000 0.0000
0.6143 0.2808 0.0000 0.1049 0.0000 0.0000 0.0000 0.0000 0.0000 0.0000 0.0000 0.0000 0.0000 0.0000 0.0000
0.2992 0.1562 0.0000 0.1644 0.0000 0.2463 0.0000 0.0000 0.0000 0.0000 0.0000 0.0000 0.0000 0.0000 0.1339
0.4966 0.2697 0.0000 0.0745 0.0000 0.1592 0.0000 0.0000 0.0000 0.0000 0.0000 0.0000 0.0000 0.0000 0.0000
0.2819 0.0000 0.0000 0.0000 0.0000 0.0000 0.0000 0.0000 0.0000 0.7181 0.0000 0.0000 0.0000 0.0000 0.0000
0.2023 0.0000 0.0000 0.0000 0.0000 0.0000 0.0000 0.0000 0.0000 0.3684 0.0000 0.0000 0.4293 0.0000 0.0000
0.4526 0.1570 0.3904 0.0000 0.0000 0.0000 0.0000 0.0000 0.0000 0.0000 0.0000 0.0000 0.0000 0.0000 0.0000
0.2992 0.1518 0.0000 0.1525 0.0000 0.0532 0.1642 0.1790 0.0000 0.0000 0.0000 0.0000 0.0000 0.0000 0.0000
0.2496 0.1118 0.2769 0.0000 0.1183 0.0000 0.0000 0.0000 0.2434 0.0000 0.0000 0.0000 0.0000 0.0000 0.0000
0.3198 0.1713 0.1033 0.0000 0.4057 0.0000 0.0000 0.0000 0.0000 0.0000 0.0000 0.0000 0.0000 0.0000 0.0000
0.1089 0.1340 0.0000 0.2519 0.0000 0.1518 0.3535 0.0000 0.0000 0.0000 0.0000 0.0000 0.0000 0.0000 0.0000
0.3298 0.4381 0.0000 0.1551 0.0000 0.0770 0.0000 0.0000 0.0000 0.0000 0.0000 0.0000 0.0000 0.0000 0.0000
0.1415 0.1442 0.0000 0.5232 0.0000 0.1911 0.0000 0.0000 0.0000 0.0000 0.0000 0.0000 0.0000 0.0000 0.0000
0.0883 0.1524 0.2134 0.0000 0.1717 0.0000 0.0000 0.0000 0.3742 0.0000 0.0000 0.0000 0.0000 0.0000 0.0000
0.3124 0.0985 0.0000 0.2588 0.0000 0.2710 0.0000 0.0000 0.0000 0.0000 0.0000 0.0000 0.0000 0.0000 0.0593
0.5209 0.2650 0.2141 0.0000 0.0000 0.0000 0.0000 0.0000 0.0000 0.0000 0.0000 0.0000 0.0000 0.0000 0.0000
0.8765 0.1235 0.0000 0.0000 0.0000 0.0000 0.0000 0.0000 0.0000 0.0000 0.0000 0.0000 0.0000 0.0000 0.0000
0.2290 0.3267 0.0000 0.2842 0.0000 0.1601 0.0000 0.0000 0.0000 0.0000 0.0000 0.0000 0.0000 0.0000 0.0000
0.1309 0.2142 0.0000 0.0900 0.0000 0.3045 0.0000 0.0000 0.0000 0.0000 0.0000 0.0000 0.0000 0.0000 0.2604
1.0000 0.0000 0.0000 0.0000 0.0000 0.0000 0.0000 0.0000 0.0000 0.0000 0.0000 0.0000 0.0000 0.0000 0.0000
0.6616 0.3384 0.0000 0.0000 0.0000 0.0000 0.0000 0.0000 0.0000 0.0000 0.0000 0.0000 0.0000 0.0000 0.0000
0.0679 0.0962 0.0000 0.4225 0.0000 0.4134 0.0000 0.0000 0.0000 0.0000 0.0000 0.0000 0.0000 0.0000 0.0000
0.7232 0.1220 0.1548 0.0000 0.0000 0.0000 0.0000 0.0000 0.0000 0.0000 0.0000 0.0000 0.0000 0.0000 0.0000
0.0795 0.2476 0.1401 0.0000 0.1368 0.0000 0.0000 0.0000 0.3960 0.0000 0.0000 0.0000 0.0000 0.0000 0.0000
0.1223 0.0951 0.0923 0.0000 0.2077 0.0000 0.0000 0.0000 0.3182 0.0000 0.1645 0.0000 0.0000 0.0000 0.0000
0.1059 0.5718 0.0000 0.1547 0.0000 0.1676 0.0000 0.0000 0.0000 0.0000 0.0000 0.0000 0.0000 0.0000 0.0000
0.8328 0.1672 0.0000 0.0000 0.0000 0.0000 0.0000 0.0000 0.0000 0.0000 0.0000 0.0000 0.0000 0.0000 0.0000
0.1832 0.0000 0.0000 0.0000 0.0000 0.0000 0.0000 0.0000 0.0000 0.8168 0.0000 0.0000 0.0000 0.0000 0.0000
0.2564 0.1010 0.1569 0.0000 0.1368 0.0000 0.0000 0.0000 0.0784 0.0000 0.0690 0.1177 0.0000 0.0839 0.0000
0.1187 0.5928 0.0000 0.2885 0.0000 0.0000 0.0000 0.0000 0.0000 0.0000 0.0000 0.0000 0.0000 0.0000 0.0000
0.3404 0.1742 0.3030 0.0000 0.0601 0.0000 0.0000 0.0000 0.0551 0.0000 0.0672 0.0000 0.0000 0.0000 0.0000
0.4191 0.0000 0.0000 0.0000 0.0000 0.0000 0.0000 0.0000 0.0000 0.2522 0.0000 0.0000 0.3287 0.0000 0.0000
0.0595 0.7355 0.0000 0.1331 0.0000 0.0719 0.0000 0.0000 0.0000 0.0000 0.0000 0.0000 0.0000 0.0000 0.0000
0.1120 0.1088 0.2191 0.0000 0.2036 0.0000 0.0000 0.0000 0.0889 0.0000 0.1397 0.0777 0.0000 0.0502 0.0000
0.6909 0.0535 0.0000 0.2556 0.0000 0.0000 0.0000 0.0000 0.0000 0.0000 0.0000 0.0000 0.0000 0.0000 0.0000
0.0824 0.0653 0.0000 0.2817 0.0000 0.3318 0.1307 0.1082 0.0000 0.0000 0.0000 0.0000 0.0000 0.0000 0.0000
0.8329 0.1671 0.0000 0.0000 0.0000 0.0000 0.0000 0.0000 0.0000 0.0000 0.0000 0.0000 0.0000 0.0000 0.0000
0.1263 0.3455 0.3625 0.0000 0.0822 0.0000 0.0000 0.0000 0.0835 0.0000 0.0000 0.0000 0.0000 0.0000 0.0000
0.1077 0.5445 0.1629 0.0000 0.1849 0.0000 0.0000 0.0000 0.0000 0.0000 0.0000 0.0000 0.0000 0.0000 0.0000
0.2569 0.1658 0.0000 0.1504 0.0000 0.1939 0.1241 0.1089 0.0000 0.0000 0.0000 0.0000 0.0000 0.0000 0.0000
0.1954 0.1763 0.1971 0.0000 0.1440 0.0000 0.0000 0.0000 0.2873 0.0000 0.0000 0.0000 0.0000 0.0000 0.0000
0.0550 0.4390 0.0000 0.1697 0.0000 0.2180 0.0000 0.0000 0.0000 0.0000 0.0000 0.0000 0.0000 0.0000 0.1182
0.1320 0.1785 0.1565 0.0000 0.0582 0.0000 0.0000 0.0000 0.2273 0.0000 0.2475 0.0000 0.0000 0.0000 0.0000
0.2044 0.3387 0.0000 0.4569 0.0000 0.0000 0.0000 0.0000 0.0000 0.0000 0.0000 0.0000 0.0000 0.0000 0.0000
0.0723 0.1139 0.0855 0.0000 0.1514 0.0000 0.0000 0.0000 0.1148 0.0000 0.2500 0.0722 0.0000 0.1398 0.0000
0.3856 0.1236 0.4395 0.0000 0.0513 0.0000 0.0000 0.0000 0.0000 0.0000 0.0000 0.0000 0.0000 0.0000 0.0000
0.1522 0.1984 0.0000 0.1405 0.0000 0.1370 0.0744 0.2974 0.0000 0.0000 0.0000 0.0000 0.0000 0.0000 0.0000
0.2297 0.1702 0.1345 0.0000 0.4656 0.0000 0.0000 0.0000 0.0000 0.0000 0.0000 0.0000 0.0000 0.0000 0.0000
0.4151 0.2932 0.0000 0.0519 0.0000 0.1203 0.1194 0.0000 0.0000 0.0000 0.0000 0.0000 0.0000 0.0000 0.0000
0.3668 0.0000 0.0000 0.0000 0.0000 0.0000 0.0000 0.0000 0.0000 0.1120 0.0000 0.0000 0.5212 0.0000 0.0000
0.1599 0.1317 0.0000 0.1342 0.0000 0.2296 0.0000 0.0000 0.0000 0.0000 0.0000 0.0000 0.0000 0.0000 0.3447
0.1452 0.4731 0.0801 0.0000 0.1341 0.0000 0.0000 0.0000 0.1174 0.0000 0.0501 0.0000 0.0000 0.0000 0.0000
0.4389 0.5611 0.0000 0.0000 0.0000 0.0000 0.0000 0.0000 0.0000 0.0000 0.0000 0.0000 0.0000 0.0000 0.0000
1.0000 0.0000 0.0000 0.0000 0.0000 0.0000 0.0000 0.0000 0.0000 0.0000 0.0000 0.0000 0.0000 0.0000 0.0000
0.3372 0.5004 0.1624 0.0000 0.0000 0.0000 0.0000 0.0000 0.0000 0.0000 0.0000 0.0000 0.0000 0.0000 0.0000
0.1912 0.2241 0.0000 0.1098 0.0000 0.2945 0.1804 0.0000 0.0000 0.0000 0.0000 0.0000 0.0000 0.0000 0.0000
0.4486 0.0616 0.0000 0.0847 0.0000 0.0563 0.1042 0.2446 0.0000 0.0000 0.0000 0.0000 0.0000 0.0000 0.0000
1.0000 0.0000 0.0000 0.0000 0.0000 0.0000 0.0000 0.0000 0.0000 0.0000 0.0000 0.0000 0.0000 0.0000 0.0000
0.4841 0.3901 0.1258 0.0000 0.0000 0.0000 0.0000 0.0000 0.0000 0.0000 0.0000 0.0000 0.0000 0.0000 0.0000
0.1685 0.2673 0.0000 0.5642 0.0000 0.0000 0.0000 0.0000 0.0000 0.0000 0.0000 0.0000 0.0000 0.0000 0.0000
0.0968 0.2543 0.4615 0.0000 0.1875 0.0000 0.0000 0.0000 0.0000 0.0000 0.0000 0.0000 0.0000 0.0000 0.0000
0.4915 0.0579 0.0873 0.0000 0.1999 0.0000 0.0000 0.0000 0.1634 0.0000 0.0000 0.0000 0.0000 0.0000 0.0000
0.0818 0.0656 0.0000 0.2994 0.0000 0.0514 0.2866 0.2152 0.0000 0.0000 0.0000 0.0000 0.0000 0.0000 0.0000
0.3570 0.0621 0.1532 0.0000 0.1406 0.0000 0.0000 0.0000 0.2871 0.0000 0.0000 0.0000 0.0000 0.0000 0.0000
0.1763 0.0589 0.0555 0.0000 0.1614 0.0000 0.0000 0.0000 0.1082 0.0000 0.4397 0.0000 0.0000 0.0000 0.0000
1.0000 0.0000 0.0000 0.0000 0.0000 0.0000 0.0000 0.0000 0.0000 0.0000 0.0000 0.0000 0.0000 0.0000 0.0000
0.1985 0.0791 0.0000 0.4173 0.0000 0.3051 0.0000 0.0000 0.0000 0.0000 0.0000 0.0000 0.0000 0.0000 0.0000
0.2491 0.0699 0.0000 0.3156 0.0000 0.2549 0.0000 0.0000 0.0000 0.0000 0.0000 0.0000 0.0000 0.0000 0.1104
0.7620 0.1589 0.0791 0.0000 0.0000 0.0000 0.0000 0.0000 0.0000 0.0000 0.0000 0.0000 0.0000 0.0000 0.0000
0.2810 0.4933 0.2257 0.0000 0.0000 0.0000 0.0000 0.0000 0.0000 0.0000 0.0000 0.0000 0.0000 0.0000 0.0000
0.7119 0.0000 0.0000 0.0000 0.0000 0.0000 0.0000 0.0000 0.0000 0.2881 0.0000 0.0000 0.0000 0.0000 0.0000
0.3164 0.1102 0.0000 0.1264 0.0000 0.1085 0.3384 0.0000 0.0000 0.0000 0.0000 0.0000 0.0000 0.0000 0.0000
0.3460 0.2996 0.3544 0.0000 0.0000 0.0000 0.0000 0.0000 0.0000 0.0000 0.0000 0.0000 0.0000 0.0000 0.0000
0.2647 0.1008 0.1042 0.0000 0.2403 0.0000 0.0000 0.0000 0.2899 0.0000 0.0000 0.0000 0.0000 0.0000 0.0000
0.1411 0.0506 0.1024 0.0000 0.0887 0.0000 0.0000 0.0000 0.2369 0.0000 0.1170 0.1900 0.0000 0.0732 0.0000
0.5870 0.2183 0.1947 0.0000 0.0000 0.0000 0.0000 0.0000 0.0000 0.0000 0.0000 0.0000 0.0000 0.0000 0.0000
0.2495 0.3021 0.0000 0.1602 0.0000 0.2883 0.0000 0.0000 0.0000 0.0000 0.0000 0.0000 0.0000 0.0000 0.0000
0.7991 0.1063 0.0000 0.0946 0.0000 0.0000 0.0000 0.0000 0.0000 0.0000 0.0000 0.0000 0.0000 0.0000 0.0000
0.4068 0.1696 0.0000 0.2220 0.0000 0.1268 0.0000 0.0000 0.0000 0.0000 0.0000 0.0000 0.0000 0.0000 0.0748
0.2436 0.0527 0.0000 0.7037 0.0000 0.0000 0.0000 0.0000 0.0000 0.0000 0.0000 0.0000 0.0000 0.0000 0.0000
0.5219 0.2477 0.1147 0.0000 0.1157 0.0000 0.0000 0.0000 0.0000 0.0000 0.0000 0.0000 0.0000 0.0000 0.0000
0.9343 0.0000 0.0000 0.0000 0.0000 0.0000 0.0000 0.0000 0.0000 0.0657 0.0000 0.0000 0.0000 0.0000 0.0000
1.0000 0.0000 0.0000 0.0000 0.0000 0.0000 0.0000 0.0000 0.0000 0.0000 0.0000 0.0000 0.0000 0.0000 0.0000
0.1366 0.8634 0.0000 0.0000 0.0000 0.0000 0.0000 0.0000 0.0000 0.0000 0.0000 0.0000 0.0000 0.0000 0.0000
0.4416 0.0989 0.0000 0.1070 0.0000 0.0577 0.2947 0.0000 0.0000 0.0000 0.0000 0.0000 0.0000 0.0000 0.0000
0.1308 0.2058 0.0000 0.2155 0.0000 0.2708 0.1771 0.0000 0.0000 0.0000 0.0000 0.0000 0.0000 0.0000 0.0000
0.2524 0.5101 0.0615 0.0000 0.0766 0.0000 0.0000 0.0000 0.0993 0.0000 0.0000 0.0000 0.0000 0.0000 0.0000
0.9092 0.0000 0.0000 0.0000 0.0000 0.0000 0.0000 0.0000 0.0000 0.0908 0.0000 0.0000 0.0000 0.0000 0.0000
0.0541 0.0819 0.7198 0.0000 0.1442 0.0000 0.0000 0.0000 0.0000 0.0000 0.0000 0.0000 0.0000 0.0000 0.0000
0.0718 0.2899 0.1247 0.0000 0.0921 0.0000 0.0000 0.0000 0.0721 0.0000 0.1022 0.1016 0.0000 0.1455 0.0000
0.5161 0.2685 0.0602 0.0000 0.1552 0.0000 0.0000 0.0000 0.0000 0.0000 0.0000 0.0000 0.0000 0.0000 0.0000
0.5393 0.2936 0.0000 0.1671 0.0000 0.0000 0.0000 0.0000 0.0000 0.0000 0.0000 0.0000 0.0000 0.0000 0.0000
0.2406 0.1198 0.0000 0.1193 0.0000 0.1996 0.2354 0.0854 0.0000 0.0000 0.0000 0.0000 0.0000 0.0000 0.0000
0.2521 0.1619 0.0823 0.0000 0.1291 0.0000 0.0000 0.0000 0.2861 0.0000 0.0885 0.0000 0.0000 0.0000 0.0000
0.1085 0.2948 0.0695 0.0000 0.0614 0.0000 0.0000 0.0000 0.0547 0.0000 0.1191 0.1497 0.0000 0.1422 0.0000
0.7274 0.0000 0.0000 0.0000 0.0000 0.0000 0.0000 0.0000 0.0000 0.2726 0.0000 0.0000 0.0000 0.0000 0.0000
0.2895 0.1428 0.2035 0.0000 0.0689 0.0000 0.0000 0.0000 0.1049 0.0000 0.1904 0.0000 0.0000 0.0000 0.0000
0.6711 0.1990 0.0000 0.1300 0.0000 0.0000 0.0000 0.0000 0.0000 0.0000 0.0000 0.0000 0.0000 0.0000 0.0000
0.4416 0.1617 0.3967 0.0000 0.0000 0.0000 0.0000 0.0000 0.0000 0.0000 0.0000 0.0000 0.0000 0.0000 0.0000
0.2495 0.0594 0.0000 0.1332 0.0000 0.1376 0.0000 0.0000 0.0000 0.0000 0.0000 0.0000 0.0000 0.0000 0.4203
0.0866 0.1754 0.0000 0.3787 0.0000 0.1027 0.2565 0.0000 0.0000 0.0000 0.0000 0.0000 0.0000 0.0000 0.0000
0.4097 0.0000 0.0000 0.0000 0.0000 0.0000 0.0000 0.0000 0.0000 0.5903 0.0000 0.0000 0.0000 0.0000 0.0000
0.2650 0.0828 0.0000 0.3187 0.0000 0.0523 0.0981 0.1830 0.0000 0.0000 0.0000 0.0000 0.0000 0.0000 0.0000
0.3228 0.1171 0.0907 0.0000 0.1221 0.0000 0.0000 0.0000 0.1813 0.0000 0.1660 0.0000 0.0000 0.0000 0.0000
0.0834 0.5978 0.2135 0.0000 0.1053 0.0000 0.0000 0.0000 0.0000 0.0000 0.0000 0.0000 0.0000 0.0000 0.0000
0.2567 0.1536 0.5897 0.0000 0.0000 0.0000 0.0000 0.0000 0.0000 0.0000 0.0000 0.0000 0.0000 0.0000 0.0000
0.1433 0.2776 0.0000 0.1366 0.0000 0.1567 0.2859 0.0000 0.0000 0.0000 0.0000 0.0000 0.0000 0.0000 0.0000
0.2381 0.1090 0.0000 0.2793 0.0000 0.2563 0.0000 0.0000 0.0000 0.0000 0.0000 0.0000 0.0000 0.0000 0.1172
0.0669 0.3362 0.1378 0.0000 0.1981 0.0000 0.0000 0.0000 0.0676 0.0000 0.0687 0.1246 0.0000 0.0000 0.0000
0.0990 0.2364 0.1411 0.0000 0.2020 0.0000 0.0000 0.0000 0.1708 0.0000 0.1507 0.0000 0.0000 0.0000 0.0000
0.0718 0.0541 0.0000 0.0642 0.0000 0.8100 0.0000 0.0000 0.0000 0.0000 0.0000 0.0000 0.0000 0.0000 0.0000
0.1103 0.0750 0.0000 0.0649 0.0000 0.6420 0.0000 0.0000 0.0000 0.0000 0.0000 0.0000 0.0000 0.0000 0.1078
0.0636 0.1053 0.1448 0.0000 0.0685 0.0000 0.0000 0.0000 0.1362 0.0000 0.1647 0.3169 0.0000 0.0000 0.0000
0.5856 0.0000 0.0000 0.0000 0.0000 0.0000 0.0000 0.0000 0.0000 0.3308 0.0000 0.0000 0.0837 0.0000 0.0000
0.3360 0.6640 0.0000 0.0000 0.0000 0.0000 0.0000 0.0000 0.0000 0.0000 0.0000 0.0000 0.0000 0.0000 0.0000
0.1495 0.2780 0.0732 0.0000 0.1338 0.0000 0.0000 0.0000 0.1487 0.0000 0.0850 0.0709 0.0000 0.0610 0.0000
0.4278 0.1623 0.0000 0.1401 0.0000 0.0675 0.2022 0.0000 0.0000 0.0000 0.0000 0.0000 0.0000 0.0000 0.0000
0.0813 0.1480 0.1646 0.0000 0.1344 0.0000 0.0000 0.0000 0.0690 0.0000 0.2235 0.1171 0.0000 0.0620 0.0000
0.0787 0.0636 0.1181 0.0000 0.4315 0.0000 0.0000 0.0000 0.1261 0.0000 0.1244 0.0577 0.0000 0.0000 0.0000
0.2850 0.2067 0.0000 0.3601 0.0000 0.0884 0.0000 0.0000 0.0000 0.0000 0.0000 0.0000 0.0000 0.0000 0.0598
0.1863 0.0000 0.0000 0.0000 0.0000 0.0000 0.0000 0.0000 0.0000 0.7354 0.0000 0.0000 0.0784 0.0000 0.0000
0.2206 0.1585 0.2545 0.0000 0.2248 0.0000 0.0000 0.0000 0.0554 0.0000 0.0861 0.0000 0.0000 0.0000 0.0000
0.4249 0.0000 0.0000 0.0000 0.0000 0.0000 0.0000 0.0000 0.0000 0.5751 0.0000 0.0000 0.0000 0.0000 0.0000
0.4521 0.0000 0.0000 0.0000 0.0000 0.0000 0.0000 0.0000 0.0000 0.5479 0.0000 0.0000 0.0000 0.0000 0.0000
0.1861 0.4501 0.3639 0.0000 0.0000 0.0000 0.0000 0.0000 0.0000 0.0000 0.0000 0.0000 0.0000 0.0000 0.0000
0.7544 0.2456 0.0000 0.0000 0.0000 0.0000 0.0000 0.0000 0.0000 0.0000 0.0000 0.0000 0.0000 0.0000 0.0000
0.0600 0.2161 0.1275 0.0000 0.0705 0.0000 0.0000 0.0000 0.0894 0.0000 0.3295 0.0537 0.0000 0.0534 0.0000
0.1032 0.4433 0.1262 0.0000 0.1101 0.0000 0.0000 0.0000 0.2172 0.0000 0.0000 0.0000 0.0000 0.0000 0.0000
0.0783 0.2533 0.0000 0.0503 0.0000 0.2885 0.0820 0.2476 0.0000 0.0000 0.0000 0.0000 0.0000 0.0000 0.0000
0.2443 0.0000 0.0000 0.0000 0.0000 0.0000 0.0000 0.0000 0.0000 0.4536 0.0000 0.0000 0.3021 0.0000 0.0000
0.1135 0.3275 0.5590 0.0000 0.0000 0.0000 0.0000 0.0000 0.0000 0.0000 0.0000 0.0000 0.0000 0.0000 0.0000
0.1272 0.0738 0.0552 0.0000 0.3011 0.0000 0.0000 0.0000 0.0601 0.0000 0.0560 0.0785 0.0000 0.2481 0.0000
0.1084 0.2758 0.2177 0.0000 0.1217 0.0000 0.0000 0.0000 0.0821 0.0000 0.1943 0.0000 0.0000 0.0000 0.0000
0.2084 0.3269 0.1286 0.0000 0.0738 0.0000 0.0000 0.0000 0.2623 0.0000 0.0000 0.0000 0.0000 0.0000 0.0000
0.1707 0.1149 0.1328 0.0000 0.0842 0.0000 0.0000 0.0000 0.3945 0.0000 0.1029 0.0000 0.0000 0.0000 0.0000
0.1187 0.1146 0.0000 0.3438 0.0000 0.0986 0.3244 0.0000 0.0000 0.0000 0.0000 0.0000 0.0000 0.0000 0.0000
0.0713 0.1294 0.2899 0.0000 0.0614 0.0000 0.0000 0.0000 0.0705 0.0000 0.0639 0.1430 0.0000 0.1706 0.0000
0.2485 0.4285 0.0000 0.3230 0.0000 0.0000 0.0000 0.0000 0.0000 0.0000 0.0000 0.0000 0.0000 0.0000 0.0000
0.1097 0.3329 0.0000 0.1413 0.0000 0.3463 0.0000 0.0000 0.0000 0.0000 0.0000 0.0000 0.0000 0.0000 0.0699
0.6817 0.3183 0.0000 0.0000 0.0000 0.0000 0.0000 0.0000 0.0000 0.0000 0.0000 0.0000 0.0000 0.0000 0.0000
0.5943 0.2246 0.0000 0.1812 0.0000 0.0000 0.0000 0.0000 0.0000 0.0000 0.0000 0.0000 0.0000 0.0000 0.0000
1.0000 0.0000 0.0000 0.0000 0.0000 0.0000 0.0000 0.0000 0.0000 0.0000 0.0000 0.0000 0.0000 0.0000 0.0000
0.2529 0.1048 0.0000 0.1997 0.0000 0.3013 0.0000 0.0000 0.0000 0.0000 0.0000 0.0000 0.0000 0.0000 0.1414
0.1126 0.1539 0.1588 0.0000 0.0531 0.0000 0.0000 0.0000 0.0566 0.0000 0.3528 0.1122 0.0000 0.0000 0.0000
0.1472 0.0544 0.1461 0.0000 0.3724 0.0000 0.0000 0.0000 0.1009 0.0000 0.1790 0.0000 0.0000 0.0000 0.0000
0.1424 0.3428 0.0000 0.1120 0.0000 0.1818 0.0821 0.1389 0.0000 0.0000 0.0000 0.0000 0.0000 0.0000 0.0000
0.1823 0.1120 0.1309 0.0000 0.1170 0.0000 0.0000 0.0000 0.1203 0.0000 0.1149 0.1394 0.0000 0.0830 0.0000
0.1151 0.1397 0.2682 0.0000 0.4770 0.0000 0.0000 0.0000 0.0000 0.0000 0.0000 0.0000 0.0000 0.0000 0.0000
0.1908 0.2628 0.0736 0.0000 0.0697 0.0000 0.0000 0.0000 0.1041 0.0000 0.0825 0.0894 0.0000 0.1271 0.0000
0.1239 0.1403 0.1278 0.0000 0.1216 0.0000 0.0000 0.0000 0.2106 0.0000 0.1679 0.0516 0.0000 0.0562 0.0000
0.1168 0.1832 0.1652 0.0000 0.1156 0.0000 0.0000 0.0000 0.1315 0.0000 0.1023 0.1854 0.0000 0.0000 0.0000
0.0576 0.1202 0.0605 0.0000 0.3321 0.0000 0.0000 0.0000 0.1476 0.0000 0.1743 0.1077 0.0000 0.0000 0.0000
0.2513 0.1192 0.0000 0.1832 0.0000 0.2256 0.0000 0.0000 0.0000 0.0000 0.0000 0.0000 0.0000 0.0000 0.2207
0.0574 0.0704 0.0000 0.4128 0.0000 0.1768 0.1249 0.1576 0.0000 0.0000 0.0000 0.0000 0.0000 0.0000 0.0000
0.0652 0.1175 0.0000 0.3894 0.0000 0.0781 0.2646 0.0853 0.0000 0.0000 0.0000 0.0000 0.0000 0.0000 0.0000
0.1634 0.1075 0.4815 0.0000 0.2476 0.0000 0.0000 0.0000 0.0000 0.0000 0.0000 0.0000 0.0000 0.0000 0.0000
0.2539 0.0643 0.0613 0.0000 0.1251 0.0000 0.0000 0.0000 0.1640 0.0000 0.1577 0.1737 0.0000 0.0000 0.0000
0.4066 0.3729 0.2205 0.0000 0.0000 0.0000 0.0000 0.0000 0.0000 0.0000 0.0000 0.0000 0.0000 0.0000 0.0000
0.3312 0.2992 0.1943 0.0000 0.1144 0.0000 0.0000 0.0000 0.0609 0.0000 0.0000 0.0000 0.0000 0.0000 0.0000
0.0574 0.2420 0.3192 0.0000 0.1113 0.0000 0.0000 0.0000 0.1915 0.0000 0.0786 0.0000 0.0000 0.0000 0.0000
0.0544 0.0901 0.1683 0.0000 0.0783 0.0000 0.0000 0.0000 0.0552 0.0000 0.5538 0.0000 0.0000 0.0000 0.0000
0.0568 0.1217 0.0000 0.0775 0.0000 0.4461 0.2422 0.0557 0.0000 0.0000 0.0000 0.0000 0.0000 0.0000 0.0000
0.3278 0.2825 0.0000 0.0602 0.0000 0.1018 0.0000 0.0000 0.0000 0.0000 0.0000 0.0000 0.0000 0.0000 0.2277
0.0520 0.0593 0.0000 0.3186 0.0000 0.1268 0.3657 0.0777 0.0000 0.0000 0.0000 0.0000 0.0000 0.0000 0.0000
0.8522 0.1478 0.0000 0.0000 0.0000 0.0000 0.0000 0.0000 0.0000 0.0000 0.0000 0.0000 0.0000 0.0000 0.0000
0.3542 0.0560 0.1694 0.0000 0.0576 0.0000 0.0000 0.0000 0.3629 0.0000 0.0000 0.0000 0.0000 0.0000 0.0000
0.1813 0.1710 0.0628 0.0000 0.1789 0.0000 0.0000 0.0000 0.0860 0.0000 0.0803 0.1329 0.0000 0.1067 0.0000
0.0563 0.0000 0.0000 0.0000 0.0000 0.0000 0.0000 0.0000 0.0000 0.2351 0.0000 0.0000 0.7086 0.0000 0.0000
0.6613 0.2604 0.0783 0.0000 0.0000 0.0000 0.0000 0.0000 0.0000 0.0000 0.0000 0.0000 0.0000 0.0000 0.0000
0.6157 0.0000 0.0000 0.0000 0.0000 0.0000 0.0000 0.0000 0.0000 0.1199 0.0000 0.0000 0.2644 0.0000 0.0000
0.5684 0.3717 0.0000 0.0599 0.0000 0.0000 0.0000 0.0000 0.0000 0.0000 0.0000 0.0000 0.0000 0.0000 0.0000
0.0609 0.2314 0.0561 0.0000 0.0756 0.0000 0.0000 0.0000 0.1460 0.0000 0.1912 0.0781 0.0000 0.1608 0.0000
0.2162 0.2397 0.0000 0.2197 0.0000 0.3244 0.0000 0.0000 0.0000 0.0000 0.0000 0.0000 0.0000 0.0000 0.0000
0.1027 0.1559 0.0850 0.0000 0.0564 0.0000 0.0000 0.0000 0.2942 0.0000 0.2193 0.0864 0.0000 0.0000 0.0000
0.4094 0.2715 0.1531 0.0000 0.1660 0.0000 0.0000 0.0000 0.0000 0.0000 0.0000 0.0000 0.0000 0.0000 0.0000
0.1630 0.0612 0.0000 0.0610 0.0000 0.2786 0.1236 0.3127 0.0000 0.0000 0.0000 0.0000 0.0000 0.0000 0.0000
0.5544 0.0000 0.0000 0.0000 0.0000 0.0000 0.0000 0.0000 0.0000 0.4456 0.0000 0.0000 0.0000 0.0000 0.0000
0.4009 0.1332 0.0000 0.1967 0.0000 0.1068 0.0869 0.0755 0.0000 0.0000 0.0000 0.0000 0.0000 0.0000 0.0000
0.0760 0.7631 0.0000 0.1609 0.0000 0.0000 0.0000 0.0000 0.0000 0.0000 0.0000 0.0000 0.0000 0.0000 0.0000
0.1908 0.5122 0.0000 0.2969 0.0000 0.0000 0.0000 0.0000 0.0000 0.0000 0.0000 0.0000 0.0000 0.0000 0.0000
0.1498 0.0000 0.0000 0.0000 0.0000 0.0000 0.0000 0.0000 0.0000 0.8502 0.0000 0.0000 0.0000 0.0000 0.0000
0.2882 0.1512 0.0000 0.1839 0.0000 0.2884 0.0883 0.0000 0.0000 0.0000 0.0000 0.0000 0.0000 0.0000 0.0000
0.0839 0.9161 0.0000 0.0000 0.0000 0.0000 0.0000 0.0000 0.0000 0.0000 0.0000 0.0000 0.0000 0.0000 0.0000
0.5427 0.0000 0.0000 0.0000 0.0000 0.0000 0.0000 0.0000 0.0000 0.4573 0.0000 0.0000 0.0000 0.0000 0.0000
