	mut5	mut5	mut1	mut1	mut2	mut2	mut3	mut3	mut4	mut4
cell1	0	42	22	26	43	1	24	25	36	8
cell2	0	46	4	41	44	8	33	21	45	6
cell3	0	47	15	41	35	14	37	27	43	0
cell4	0	57	12	32	51	2	66	0	49	0
cell5	0	50	9	38	61	2	53	0	53	1
cell6	0	47	40	5	54	0	41	6	39	0
cell7	3	47	6	49	11	39	37	4	54	0
cell8	0	45	36	13	55	0	18	31	48	0
cell9	0	59	4	40	7	32	40	1	41	0
cell10	0	55	49	3	41	0	47	0	52	1
cell11	0	54	10	40	45	3	39	0	58	0
cell12	2	42	36	0	32	2	59	0	54	0
cell13	0	47	33	28	19	24	36	18	44	3
cell14	0	58	21	26	25	24	47	6	51	0
cell15	1	34	37	18	31	20	19	28	49	0
cell16	0	50	31	20	53	0	53	0	52	0
cell17	0	54	49	0	37	7	51	0	58	0
cell18	0	46	16	29	28	20	46	9	50	0
cell19	0	50	25	19	45	0	49	0	57	2
cell20	0	49	52	7	47	2	40	3	43	13
cell21	0	54	8	37	45	0	42	0	51	1
cell22	1	50	31	18	26	25	45	3	49	0
cell23	0	47	22	31	66	0	60	5	46	0
cell24	0	47	37	1	45	7	37	0	40	1
cell25	1	64	30	12	53	0	39	18	44	8
cell26	1	44	22	36	42	13	31	19	64	0
cell27	0	48	42	3	48	2	35	14	47	0
cell28	0	45	24	17	51	3	35	12	56	0
cell29	0	43	21	20	30	22	16	25	44	5
cell30	0	59	50	0	47	0	50	0	50	5
cell31	0	49	3	31	56	0	36	1	49	0
cell32	0	47	44	11	41	9	37	11	48	1
cell33	0	64	33	23	47	14	19	29	47	10
cell34	0	52	42	11	38	0	37	15	54	0
cell35	0	50	40	0	45	0	48	0	54	0
cell36	0	51	15	36	18	27	47	10	47	0
cell37	0	42	30	16	40	10	13	42	45	8
cell38	0	54	15	45	34	0	43	0	46	1
cell39	2	50	45	0	39	0	57	2	51	3
cell40	0	46	29	18	46	13	30	9	45	0
cell41	7	36	41	6	57	1	50	4	48	0
cell42	1	46	46	0	47	0	48	0	44	1
cell43	0	48	20	24	57	3	47	0	46	0
cell44	0	47	61	0	50	0	54	0	65	0
cell45	1	42	36	14	52	0	30	27	38	18
cell46	0	48	9	35	51	0	49	1	42	0
cell47	0	61	44	10	56	1	40	9	68	0
cell48	0	45	26	22	42	1	35	14	48	0
cell49	5	46	29	13	28	8	42	9	48	10
cell50	0	54	58	0	40	0	36	0	56	0
