42 26 1 25 8 0
46 41 8 21 6 0
47 41 14 27 0 0
57 32 2 0 0 0
50 38 2 0 1 0
47 5 0 6 0 0
47 49 39 4 0 0
45 13 0 31 0 0
59 40 32 1 0 0
55 3 0 0 1 0
54 40 3 0 0 0
42 0 2 0 0 0
47 28 24 18 3 0
58 26 24 6 0 0
34 18 20 28 0 0
50 20 0 0 0 0
54 0 7 0 0 0
46 29 20 9 0 0
50 19 0 0 2 0
49 7 2 3 13 0
54 37 0 0 1 0
50 18 25 3 0 0
47 31 0 5 0 0
47 1 7 0 1 0
64 12 0 18 8 0
44 36 13 19 0 0
48 3 2 14 0 0
45 17 3 12 0 0
43 20 22 25 5 0
59 0 0 0 5 0
49 31 0 1 0 0
47 11 9 11 1 0
64 23 14 29 10 0
52 11 0 15 0 0
50 0 0 0 0 0
51 36 27 10 0 0
42 16 10 42 8 0
54 45 0 0 1 0
50 0 0 2 3 0
46 18 13 9 0 0
36 6 1 4 0 0
46 0 0 0 1 0
48 24 3 0 0 0
47 0 0 0 0 0
42 14 0 27 18 0
48 35 0 1 0 0
61 10 1 9 0 0
45 22 1 14 0 0
46 13 8 9 10 0
54 0 0 0 0 0
