42 48 44 49 44 0
46 45 52 54 51 0
47 56 49 64 43 0
57 44 53 66 49 0
50 47 63 53 54 0
47 45 54 47 39 0
50 55 50 41 54 0
45 49 55 49 48 0
59 44 39 41 41 0
55 52 41 47 53 0
54 50 48 39 58 0
44 36 34 59 54 0
47 61 43 54 47 0
58 47 49 53 51 0
35 55 51 47 49 0
50 51 53 53 52 0
54 49 44 51 58 0
46 45 48 55 50 0
50 44 45 49 59 0
49 59 49 43 56 0
54 45 45 42 52 0
51 49 51 48 49 0
47 53 66 65 46 0
47 38 52 37 41 0
65 42 53 57 52 0
45 58 55 50 64 0
48 45 50 49 47 0
45 41 54 47 56 0
43 41 52 41 49 0
59 50 47 50 55 0
49 34 56 37 49 0
47 55 50 48 49 0
64 56 61 48 57 0
52 53 38 52 54 0
50 40 45 48 54 0
51 51 45 57 47 0
42 46 50 55 53 0
54 60 34 43 47 0
52 45 39 59 54 0
46 47 59 39 45 0
43 47 58 54 48 0
47 46 47 48 45 0
48 44 60 47 46 0
47 61 50 54 65 0
43 50 52 57 56 0
48 44 51 50 42 0
61 54 57 49 68 0
45 48 43 49 48 0
51 42 36 51 58 0
54 58 40 36 56 0
