1.0000 0.5417 0.0227 0.5102 0.1818 0.0000
1.0000 0.9111 0.1538 0.3889 0.1176 0.0000
1.0000 0.7321 0.2857 0.4219 0.0000 0.0000
1.0000 0.7273 0.0377 0.0000 0.0000 0.0000
1.0000 0.8085 0.0317 0.0000 0.0185 0.0000
1.0000 0.1111 0.0000 0.1277 0.0000 0.0000
0.9400 0.8909 0.7800 0.0976 0.0000 0.0000
1.0000 0.2653 0.0000 0.6327 0.0000 0.0000
1.0000 0.9091 0.8205 0.0244 0.0000 0.0000
1.0000 0.0577 0.0000 0.0000 0.0189 0.0000
1.0000 0.8000 0.0625 0.0000 0.0000 0.0000
0.9545 0.0000 0.0588 0.0000 0.0000 0.0000
1.0000 0.4590 0.5581 0.3333 0.0638 0.0000
1.0000 0.5532 0.4898 0.1132 0.0000 0.0000
0.9714 0.3273 0.3922 0.5957 0.0000 0.0000
1.0000 0.3922 0.0000 0.0000 0.0000 0.0000
1.0000 0.0000 0.1591 0.0000 0.0000 0.0000
1.0000 0.6444 0.4167 0.1636 0.0000 0.0000
1.0000 0.4318 0.0000 0.0000 0.0339 0.0000
1.0000 0.1186 0.0408 0.0698 0.2321 0.0000
1.0000 0.8222 0.0000 0.0000 0.0192 0.0000
0.9804 0.3673 0.4902 0.0625 0.0000 0.0000
1.0000 0.5849 0.0000 0.0769 0.0000 0.0000
1.0000 0.0263 0.1346 0.0000 0.0244 0.0000
0.9846 0.2857 0.0000 0.3158 0.1538 0.0000
0.9778 0.6207 0.2364 0.3800 0.0000 0.0000
1.0000 0.0667 0.0400 0.2857 0.0000 0.0000
1.0000 0.4146 0.0556 0.2553 0.0000 0.0000
1.0000 0.4878 0.4231 0.6098 0.1020 0.0000
1.0000 0.0000 0.0000 0.0000 0.0909 0.0000
1.0000 0.9118 0.0000 0.0270 0.0000 0.0000
1.0000 0.2000 0.1800 0.2292 0.0204 0.0000
1.0000 0.4107 0.2295 0.6042 0.1754 0.0000
1.0000 0.2075 0.0000 0.2885 0.0000 0.0000
1.0000 0.0000 0.0000 0.0000 0.0000 0.0000
1.0000 0.7059 0.6000 0.1754 0.0000 0.0000
1.0000 0.3478 0.2000 0.7636 0.1509 0.0000
1.0000 0.7500 0.0000 0.0000 0.0213 0.0000
0.9615 0.0000 0.0000 0.0339 0.0556 0.0000
1.0000 0.3830 0.2203 0.2308 0.0000 0.0000
0.8372 0.1277 0.0172 0.0741 0.0000 0.0000
0.9787 0.0000 0.0000 0.0000 0.0222 0.0000
1.0000 0.5455 0.0500 0.0000 0.0000 0.0000
1.0000 0.0000 0.0000 0.0000 0.0000 0.0000
0.9767 0.2800 0.0000 0.4737 0.3214 0.0000
1.0000 0.7955 0.0000 0.0200 0.0000 0.0000
1.0000 0.1852 0.0175 0.1837 0.0000 0.0000
1.0000 0.4583 0.0233 0.2857 0.0000 0.0000
0.9020 0.3095 0.2222 0.1765 0.1724 0.0000
1.0000 0.0000 0.0000 0.0000 0.0000 0.0000
