	mut5	mut5	mut1	mut1	mut2	mut2	mut3	mut3	mut4	mut4
cell1	0	46	52	2	50	0	49	0	56	2
cell2	0	44	15	33	30	32	22	35	55	1
cell3	0	51	10	41	32	22	15	27	45	4
cell4	0	50	9	27	15	41	47	8	55	3
cell5	0	46	53	2	50	0	41	0	32	1
cell6	1	50	52	0	56	0	44	2	55	0
cell7	0	45	13	32	20	29	34	16	64	0
cell8	0	58	1	43	3	71	41	11	32	21
cell9	0	48	7	39	13	40	35	10	41	2
cell10	0	49	16	30	31	26	37	9	57	0
cell11	1	45	28	25	23	26	38	23	54	1
cell12	0	43	0	48	55	0	41	2	44	0
cell13	0	46	12	38	38	0	39	4	61	0
cell14	0	40	46	3	53	0	39	0	54	0
cell15	0	47	44	0	46	0	48	1	43	0
cell16	0	57	29	20	54	0	35	0	45	0
cell17	0	49	21	18	48	0	43	0	62	0
cell18	0	50	4	40	23	25	21	21	57	0
cell19	1	52	24	22	30	22	39	12	52	3
cell20	0	54	33	15	8	30	19	15	28	8
cell21	0	33	60	0	49	0	49	0	59	0
cell22	0	68	18	37	39	13	24	13	55	1
cell23	0	44	9	35	35	19	46	0	42	0
cell24	1	55	16	44	21	23	34	13	41	0
cell25	0	62	29	28	37	13	46	0	56	0
cell26	0	44	15	28	19	40	43	4	42	0
cell27	0	39	42	3	39	5	47	2	47	0
cell28	0	42	8	49	13	37	40	11	50	3
cell29	0	43	4	44	17	29	37	8	48	10
cell30	0	48	5	41	51	0	32	0	59	0
cell31	0	55	7	35	44	0	46	0	41	5
cell32	0	47	26	29	24	17	56	0	39	0
cell33	0	45	6	56	21	25	27	20	42	4
cell34	0	45	4	50	13	44	8	37	37	12
cell35	0	43	18	36	23	24	44	0	45	6
cell36	0	48	35	12	42	10	57	0	42	1
cell37	0	63	2	57	2	45	33	15	34	3
cell38	0	53	3	44	53	0	52	0	47	0
cell39	0	44	54	0	45	0	65	0	57	0
cell40	0	39	54	0	40	2	46	0	52	0
cell41	1	49	13	36	56	0	59	0	47	0
cell42	0	60	28	38	22	40	42	9	44	0
cell43	0	54	24	16	40	13	42	3	42	0
cell44	0	35	9	34	12	50	34	18	62	0
cell45	0	50	19	28	17	29	51	0	51	0
cell46	1	44	42	0	51	0	51	0	48	0
cell47	0	55	52	2	42	0	43	0	56	0
cell48	0	55	21	29	52	0	43	0	46	0
cell49	0	40	39	11	47	0	66	0	41	0
cell50	0	57	20	29	48	0	45	1	50	0
cell51	0	57	1	41	30	26	59	0	62	0
cell52	0	58	31	21	34	12	51	13	37	6
cell53	0	51	41	0	47	2	53	0	42	2
cell54	0	52	3	41	11	34	52	1	58	0
cell55	0	64	6	35	17	30	33	11	56	2
cell56	0	49	57	0	53	0	48	1	44	0
cell57	0	54	4	43	19	32	44	7	32	5
cell58	0	63	15	38	17	25	57	0	43	7
cell59	0	39	20	31	44	0	56	1	58	0
cell60	0	55	31	21	63	0	42	0	54	0
cell61	0	38	38	21	42	1	45	2	54	7
cell62	0	51	14	36	42	1	56	0	57	0
cell63	1	39	4	53	58	0	55	0	43	0
cell64	0	51	20	30	32	25	29	9	52	1
cell65	2	38	36	10	38	5	47	0	55	0
cell66	0	58	53	1	53	0	56	0	51	1
cell67	0	45	10	35	22	18	51	0	54	0
cell68	0	55	0	52	8	43	33	5	43	1
cell69	0	43	15	40	7	49	8	38	6	39
cell70	0	51	55	0	43	0	50	0	54	0
cell71	0	64	50	0	53	0	58	1	40	0
cell72	0	50	7	43	20	37	47	0	43	0
cell73	0	41	21	42	2	51	33	13	50	0
cell74	0	39	4	54	6	40	15	28	48	2
cell75	0	42	17	34	15	28	43	4	39	0
cell76	0	49	4	46	16	45	12	30	34	18
cell77	0	43	43	9	47	1	50	0	62	0
cell78	0	39	25	32	45	16	28	8	54	0
cell79	0	37	25	14	43	0	52	0	39	0
cell80	0	35	56	0	56	0	36	0	49	0
cell81	0	47	5	40	22	27	29	27	41	2
cell82	0	45	4	35	16	26	24	16	21	19
cell83	0	43	0	59	19	24	35	17	44	14
cell84	0	53	65	6	36	0	53	0	59	0
cell85	0	58	14	31	61	0	57	0	36	0
cell86	0	52	2	41	8	58	28	15	41	24
cell87	0	43	18	43	48	0	38	1	54	0
cell88	0	44	26	17	39	7	49	0	54	0
cell89	0	46	20	33	47	8	52	3	41	0
cell90	0	47	23	16	28	26	45	6	69	0
cell91	0	61	14	37	36	1	42	1	55	0
cell92	0	47	5	37	22	27	40	14	31	5
cell93	0	60	2	42	20	43	24	15	39	20
cell94	5	31	46	8	42	1	47	3	59	0
cell95	0	50	44	0	45	6	55	0	49	0
cell96	0	49	44	0	54	0	44	11	37	2
cell97	0	56	27	16	66	2	46	2	50	0
cell98	0	65	55	0	46	0	58	1	52	0
cell99	0	47	25	19	32	15	51	0	61	0
cell100	0	60	3	43	13	49	40	3	39	6
cell101	0	54	37	18	30	14	45	0	50	4
cell102	1	53	1	44	8	26	43	1	60	0
cell103	0	45	17	33	27	14	52	6	56	0
cell104	0	45	29	21	18	41	37	21	35	15
cell105	0	48	15	28	47	6	38	0	54	0
cell106	1	46	51	5	49	0	46	0	57	0
cell107	0	50	47	0	48	0	52	3	47	0
cell108	0	59	37	12	59	0	43	0	59	0
cell109	1	46	17	29	63	0	45	0	56	0
cell110	0	49	2	44	13	50	38	18	27	17
cell111	1	40	7	41	7	29	16	44	34	18
cell112	0	55	9	46	9	39	27	20	45	0
cell113	0	39	53	0	50	0	57	0	47	0
cell114	0	54	4	45	31	23	41	5	47	0
cell115	0	53	1	58	12	38	21	17	44	0
cell116	0	45	2	61	7	41	54	0	40	1
cell117	1	64	41	9	54	0	58	0	45	0
cell118	0	50	34	32	39	12	45	0	53	0
cell119	0	44	14	44	16	37	30	23	43	1
cell120	0	43	1	49	6	47	29	10	37	15
cell121	0	59	19	24	40	4	57	0	43	0
cell122	0	31	35	21	37	18	45	0	47	0
cell123	1	42	43	0	45	0	46	1	53	0
cell124	0	49	4	50	19	32	18	42	41	4
cell125	0	49	7	37	7	38	26	24	49	9
cell126	0	48	6	41	30	21	29	18	27	12
cell127	0	47	3	48	11	45	26	20	32	16
cell128	0	43	3	49	26	15	45	2	51	0
cell129	0	54	31	11	47	0	60	1	54	0
cell130	0	54	11	28	17	28	43	0	54	0
cell131	0	66	31	27	33	8	41	0	42	0
cell132	0	48	8	43	56	7	55	0	57	1
cell133	7	45	41	1	40	0	56	0	31	0
cell134	0	67	17	29	49	6	52	0	50	2
cell135	0	49	52	0	54	0	56	0	49	0
cell136	0	45	34	19	10	25	54	0	44	5
cell137	0	51	10	39	31	27	28	13	47	0
cell138	0	48	11	52	35	0	50	0	45	0
cell139	0	49	52	0	44	0	46	0	61	0
cell140	2	56	45	0	30	1	42	0	38	0
cell141	0	47	20	29	24	26	27	24	47	4
cell142	0	47	39	13	47	0	44	0	55	0
cell143	0	61	8	45	15	30	25	21	48	3
cell144	0	51	8	56	7	44	13	43	46	7
cell145	0	44	4	40	27	28	29	10	47	0
cell146	1	38	9	45	35	19	58	3	47	0
cell147	0	57	8	29	10	46	10	26	38	6
cell148	0	45	3	44	18	30	8	42	49	0
cell149	0	58	54	0	51	0	36	8	43	0
cell150	0	49	26	9	41	0	43	2	55	0
cell151	0	49	10	44	43	0	39	1	62	0
cell152	0	51	16	30	40	6	51	0	40	1
cell153	0	52	44	1	58	0	63	0	53	4
cell154	0	47	37	15	52	0	51	0	47	0
cell155	0	43	51	0	53	0	47	0	46	0
cell156	0	41	17	24	58	0	60	0	41	0
cell157	0	48	65	0	54	0	40	2	57	0
cell158	3	49	12	33	38	7	38	9	62	0
cell159	0	63	6	46	4	46	16	32	52	0
cell160	0	50	46	2	44	3	60	0	50	0
cell161	0	54	12	36	46	6	45	0	42	0
cell162	1	68	9	41	21	27	47	5	48	1
cell163	0	46	31	20	26	36	56	0	39	0
cell164	0	50	17	28	25	33	57	0	55	0
cell165	0	30	9	33	49	1	40	0	45	1
cell166	0	54	13	39	17	31	57	3	42	3
cell167	0	73	9	26	17	33	26	37	38	11
cell168	0	43	1	52	23	27	46	8	52	0
cell169	5	62	1	62	21	23	55	7	48	1
cell170	0	46	0	45	26	25	46	0	46	12
cell171	0	48	45	1	55	0	43	0	54	0
cell172	0	53	48	12	44	1	40	5	56	0
cell173	0	39	13	33	31	17	34	8	52	0
cell174	0	63	44	3	40	0	52	0	45	0
cell175	1	40	44	5	55	0	52	0	63	0
cell176	0	51	2	53	21	28	11	51	55	10
cell177	0	73	3	54	19	39	44	0	40	6
cell178	0	41	9	40	39	18	32	10	56	0
cell179	0	46	24	24	48	0	50	0	58	0
cell180	0	45	17	25	13	31	12	50	46	0
cell181	0	49	59	1	49	5	54	0	58	0
cell182	1	62	13	39	9	41	34	23	62	0
cell183	0	39	6	54	30	42	54	2	57	3
cell184	6	43	13	34	18	36	34	16	40	0
cell185	0	32	30	25	50	12	36	16	45	0
cell186	0	49	4	41	7	46	38	5	52	1
cell187	0	63	48	9	50	4	43	0	48	0
cell188	1	56	47	0	48	0	39	2	51	0
cell189	2	41	1	35	1	61	9	34	49	7
cell190	2	63	6	30	6	35	60	0	45	0
cell191	0	62	3	40	24	29	26	26	35	15
cell192	0	56	46	0	49	0	48	2	63	0
cell193	0	57	12	37	34	23	49	3	46	0
cell194	0	37	8	43	34	24	41	2	44	0
cell195	0	45	8	43	50	2	53	0	55	0
cell196	0	44	34	9	34	8	45	0	52	0
cell197	0	51	8	34	24	15	55	0	53	0
cell198	0	59	9	38	28	22	33	5	46	0
cell199	4	45	5	44	12	47	31	18	26	20
cell200	2	48	6	46	24	25	22	30	43	3
cell201	0	54	44	0	49	0	52	0	47	0
cell202	0	42	7	40	31	37	34	0	43	2
cell203	0	46	2	53	4	60	26	22	38	2
cell204	3	55	2	60	37	32	29	34	51	0
cell205	0	47	13	42	28	17	45	0	37	0
cell206	0	34	15	27	50	7	56	0	46	0
cell207	0	53	47	0	51	0	39	0	60	0
cell208	0	56	19	31	19	19	35	13	57	2
cell209	1	46	48	0	50	0	46	0	36	0
cell210	0	39	23	22	32	21	46	6	50	0
cell211	0	61	55	0	42	0	40	0	66	1
cell212	0	46	44	0	59	0	48	0	59	3
cell213	0	47	0	41	9	38	19	23	44	15
cell214	0	58	24	30	46	15	45	0	53	0
cell215	0	45	21	17	24	23	49	2	45	0
cell216	0	47	2	44	40	3	47	1	46	1
cell217	0	60	25	29	28	14	38	8	39	0
cell218	0	48	56	0	45	0	56	3	51	0
cell219	0	42	9	51	21	23	38	3	59	1
cell220	0	60	37	13	38	0	53	0	45	1
cell221	0	57	5	49	18	18	28	14	59	7
cell222	0	55	47	0	52	1	55	0	41	1
cell223	0	47	4	52	14	26	22	33	53	3
cell224	0	45	26	26	17	30	34	2	56	0
cell225	2	51	53	0	57	0	43	0	53	0
cell226	0	47	10	37	32	17	49	4	37	0
cell227	0	34	33	17	50	0	46	0	53	0
cell228	1	50	26	19	38	17	37	0	47	0
cell229	0	50	3	52	35	10	52	0	58	0
cell230	0	62	10	40	11	37	28	9	51	2
cell231	0	50	24	20	36	19	13	24	43	5
cell232	0	44	26	35	34	21	53	7	49	0
cell233	0	43	4	51	6	56	10	38	20	21
cell234	0	54	59	0	50	0	53	0	49	2
cell235	0	40	51	0	52	0	51	2	46	1
cell236	0	63	54	0	42	6	55	0	49	0
cell237	0	66	44	0	43	0	55	0	49	1
cell238	4	53	2	39	18	33	45	4	50	0
cell239	0	42	22	40	37	20	46	5	49	1
cell240	0	44	68	0	61	2	46	0	57	0
cell241	0	55	36	24	44	0	50	1	41	0
cell242	1	59	58	0	61	0	57	0	53	0
cell243	0	43	17	37	20	19	52	2	58	0
cell244	0	53	7	35	51	0	46	0	45	1
cell245	0	67	1	52	41	13	50	0	56	0
cell246	0	55	15	43	27	29	59	0	54	0
cell247	0	48	40	0	56	4	45	0	48	2
cell248	0	45	43	2	47	0	60	0	57	0
cell249	0	49	2	44	48	0	40	0	43	1
cell250	0	47	46	0	51	0	37	0	42	0
cell251	0	49	4	49	21	31	47	13	49	0
cell252	0	53	34	21	44	11	59	0	48	0
cell253	0	53	11	30	55	0	39	2	45	0
cell254	0	44	3	52	9	44	20	36	48	0
cell255	2	42	2	45	60	0	54	0	55	0
cell256	0	42	0	50	24	19	51	0	53	6
cell257	2	38	44	0	45	0	44	0	52	0
cell258	0	44	0	47	16	26	42	5	50	3
cell259	0	62	10	42	12	31	8	38	49	12
cell260	0	44	45	15	58	0	54	0	46	1
cell261	0	45	25	25	16	39	24	8	57	0
cell262	2	58	0	41	23	27	41	8	46	0
cell263	0	50	20	30	45	10	34	16	42	0
cell264	0	55	21	12	47	0	43	0	47	0
cell265	0	52	47	0	53	0	55	0	62	0
cell266	0	61	37	0	51	0	56	0	40	0
cell267	0	49	60	0	58	0	48	0	56	0
cell268	0	62	19	35	20	27	15	42	60	0
cell269	0	61	34	3	43	3	51	0	49	0
cell270	0	47	14	27	25	16	42	6	47	0
cell271	0	47	51	9	50	0	52	0	39	0
cell272	0	55	43	5	43	1	51	1	56	1
cell273	0	47	1	49	13	30	44	0	49	1
cell274	12	44	28	30	57	0	28	24	57	0
cell275	0	46	51	0	41	0	48	0	56	0
cell276	0	51	2	48	3	42	20	26	61	7
cell277	1	55	41	0	47	0	57	0	44	0
cell278	0	50	35	2	53	0	56	0	43	0
cell279	0	41	5	46	18	24	37	35	18	30
cell280	0	68	8	43	16	29	41	10	48	1
cell281	8	46	9	50	36	13	42	0	48	0
cell282	0	62	18	31	48	0	33	0	59	0
cell283	0	51	25	41	39	20	33	2	47	1
cell284	0	60	10	42	14	36	43	1	54	0
cell285	0	62	9	43	33	35	21	34	54	8
cell286	1	43	4	49	9	46	18	21	38	0
cell287	0	45	3	54	48	6	43	0	41	5
cell288	0	51	49	0	41	0	50	0	58	5
cell289	0	49	24	17	25	33	48	1	40	1
cell290	0	47	18	37	12	35	33	10	54	0
cell291	0	43	26	35	34	22	48	0	51	0
cell292	0	45	53	7	51	0	49	0	50	0
cell293	4	52	19	27	37	10	44	8	41	0
cell294	0	46	27	29	25	27	51	4	52	0
cell295	0	37	7	52	17	38	48	0	46	0
cell296	1	54	9	45	24	19	42	16	55	1
cell297	0	53	39	0	52	0	34	2	45	0
cell298	0	49	17	36	17	40	26	19	50	0
cell299	0	50	13	36	32	23	63	0	44	0
cell300	0	42	1	43	4	49	25	29	30	16
cell301	0	47	12	37	30	23	36	23	67	0
cell302	1	52	5	41	51	0	42	0	51	0
cell303	0	48	5	47	46	10	43	0	51	6
cell304	1	46	52	5	50	0	44	1	39	1
cell305	0	39	0	41	32	17	53	0	57	0
cell306	0	48	20	22	21	32	49	12	54	0
cell307	0	62	48	0	49	0	51	0	55	0
cell308	0	45	2	54	4	48	25	38	34	12
cell309	1	48	35	18	49	1	49	0	40	0
cell310	0	42	16	49	11	32	54	1	52	0
cell311	1	31	8	47	58	0	40	0	54	0
cell312	0	52	60	0	65	0	61	0	35	3
cell313	0	52	18	24	47	13	63	1	55	0
cell314	0	54	39	2	47	0	41	0	53	0
cell315	1	48	52	1	37	1	38	0	29	0
cell316	0	50	0	43	1	59	6	45	16	35
cell317	0	44	34	24	32	10	40	6	54	0
cell318	0	63	12	22	11	33	32	14	29	9
cell319	0	40	1	57	8	39	25	15	41	17
cell320	2	58	0	42	37	11	57	0	48	0
cell321	3	53	10	34	14	33	52	8	45	0
cell322	0	70	53	0	43	0	64	0	41	1
cell323	0	48	6	44	16	34	26	33	52	0
cell324	0	43	5	34	26	14	42	5	52	1
cell325	0	53	15	31	22	24	10	28	53	0
cell326	0	56	36	0	50	0	52	0	48	0
cell327	0	53	18	36	19	18	37	15	49	0
cell328	0	43	23	33	39	11	38	3	43	0
cell329	0	47	11	34	13	38	58	2	63	0
cell330	0	58	7	48	3	50	7	35	25	8
cell331	0	51	3	44	13	33	35	0	55	2
cell332	0	35	35	26	32	7	32	13	52	0
cell333	0	34	60	1	49	5	30	0	48	0
cell334	1	44	5	38	31	14	45	0	51	0
cell335	0	60	32	13	46	2	56	5	43	2
cell336	5	40	13	37	32	13	41	19	50	0
cell337	3	48	51	0	43	1	49	0	49	0
cell338	0	52	1	55	15	26	48	8	47	2
cell339	0	34	29	19	24	24	34	16	40	0
cell340	2	53	2	47	11	28	34	6	51	2
cell341	0	56	11	46	1	45	43	6	46	5
cell342	0	38	25	14	54	0	43	0	41	4
cell343	0	57	1	46	28	19	56	1	44	0
cell344	0	42	7	48	69	0	54	0	46	3
cell345	0	43	23	30	24	23	28	20	52	0
cell346	0	51	47	2	49	0	60	0	48	1
cell347	0	44	36	8	48	6	46	0	44	0
cell348	0	57	21	30	59	0	48	1	40	1
cell349	0	41	7	41	34	13	55	0	60	0
cell350	0	71	53	3	51	0	51	0	56	0
cell351	0	49	56	0	44	0	42	5	51	0
cell352	0	71	40	11	38	0	60	0	45	0
cell353	0	49	21	39	41	0	44	0	50	0
cell354	0	49	5	51	46	0	54	0	48	0
cell355	0	47	30	26	54	4	50	0	50	6
cell356	0	53	11	35	38	3	42	0	57	0
cell357	0	55	12	43	23	31	33	11	33	11
cell358	0	36	5	36	54	0	50	0	52	0
cell359	0	35	24	30	33	19	52	2	52	1
cell360	0	60	28	18	37	15	44	2	43	0
cell361	3	51	10	45	55	10	58	0	57	0
cell362	1	39	5	43	20	35	24	24	51	3
cell363	0	53	35	0	48	0	53	0	51	0
cell364	0	42	30	43	41	17	46	0	43	0
cell365	0	56	46	0	55	0	50	0	42	0
cell366	0	38	31	16	38	0	38	2	44	0
cell367	0	52	1	32	53	0	53	0	44	3
cell368	0	37	9	31	12	32	51	0	64	0
cell369	0	46	37	13	48	11	55	0	39	0
cell370	0	31	16	29	50	0	44	4	56	0
cell371	0	56	9	43	49	7	58	0	51	0
cell372	1	37	13	46	34	14	43	0	49	0
cell373	0	46	11	41	4	49	46	2	38	1
cell374	0	42	12	28	31	22	32	37	32	13
cell375	2	50	54	0	46	0	43	0	49	0
cell376	0	33	39	25	30	19	40	9	50	0
cell377	0	46	15	30	51	0	63	0	57	0
cell378	1	46	5	40	14	31	19	16	24	5
cell379	0	47	48	0	45	0	54	0	59	1
cell380	1	45	13	45	42	0	44	0	44	0
cell381	0	43	23	22	17	26	31	6	37	6
cell382	0	40	26	19	49	0	52	0	42	0
cell383	0	38	24	22	25	27	36	0	52	0
cell384	2	33	3	51	25	29	42	9	54	7
cell385	2	52	2	45	39	3	39	2	48	2
cell386	0	46	4	45	3	45	33	10	36	15
cell387	0	52	4	47	19	22	25	22	40	13
cell388	0	47	7	42	56	0	38	0	46	0
cell389	0	49	17	44	47	1	59	0	50	1
cell390	0	47	3	45	28	11	30	12	49	0
cell391	0	47	35	30	52	0	37	0	56	0
cell392	0	60	13	34	63	0	51	0	53	0
cell393	0	46	1	61	23	14	51	2	48	0
cell394	1	35	12	42	19	39	24	22	42	1
cell395	6	47	31	15	48	11	49	4	47	0
cell396	0	59	16	42	46	0	60	0	67	0
cell397	1	48	13	37	44	9	55	0	52	0
cell398	0	43	27	16	41	9	51	0	54	3
cell399	0	43	1	49	5	41	24	32	53	0
cell400	0	41	6	45	22	34	24	35	56	0
cell401	0	45	37	14	32	15	53	4	53	0
cell402	0	45	37	17	47	1	46	0	58	0
cell403	2	63	13	40	29	18	48	0	57	1
cell404	0	59	5	34	16	26	29	20	46	0
cell405	0	43	10	42	56	0	53	0	54	0
cell406	0	32	49	0	51	0	49	0	35	0
cell407	0	49	28	28	34	16	42	2	53	0
cell408	0	44	13	36	50	4	49	0	44	0
cell409	0	49	9	53	6	38	20	31	53	0
cell410	0	42	12	36	26	26	34	14	45	0
cell411	0	59	1	48	6	38	30	19	36	6
cell412	0	58	6	43	20	34	19	25	49	0
cell413	0	57	5	31	34	21	27	34	56	3
cell414	4	48	0	49	13	32	28	31	43	0
cell415	3	47	9	34	50	0	50	0	52	0
cell416	0	52	54	0	49	0	50	0	49	0
cell417	1	58	63	0	36	0	48	1	53	0
cell418	0	42	14	31	43	0	43	0	51	0
cell419	0	47	53	14	56	0	39	0	50	0
cell420	1	55	2	44	34	22	45	1	51	0
cell421	0	61	21	28	22	16	65	0	53	0
cell422	0	55	0	48	7	30	12	36	39	0
cell423	0	45	24	29	32	22	38	0	55	0
cell424	1	38	36	19	44	12	59	0	44	1
cell425	0	55	41	11	37	16	41	5	59	0
cell426	0	49	11	41	20	32	40	5	53	0
cell427	1	52	13	39	50	0	45	0	49	0
cell428	0	49	21	31	45	9	50	0	50	0
cell429	0	47	23	29	42	0	59	0	42	1
cell430	3	40	51	0	58	0	52	1	38	0
cell431	0	43	20	31	35	23	36	7	47	0
cell432	0	45	44	0	47	0	47	3	47	0
cell433	0	56	1	46	13	38	7	36	41	0
cell434	0	48	15	34	15	34	16	30	46	0
cell435	0	63	13	30	13	28	45	0	64	0
cell436	0	51	14	43	7	46	39	10	48	0
cell437	0	45	9	43	10	34	16	36	23	24
cell438	0	63	62	0	41	0	54	0	51	0
cell439	0	47	0	41	31	20	49	0	47	0
cell440	0	61	15	43	25	28	34	14	46	4
cell441	0	39	24	24	39	0	55	0	41	9
cell442	1	57	47	1	47	1	52	0	48	0
cell443	0	46	9	48	19	27	13	29	32	0
cell444	0	45	40	0	49	0	47	1	49	0
cell445	1	46	18	41	21	33	43	10	46	1
cell446	0	58	4	40	13	24	25	30	37	14
cell447	0	57	0	37	23	28	52	0	42	0
cell448	0	58	16	37	18	30	16	18	50	11
cell449	0	57	3	44	21	24	33	11	28	17
cell450	4	42	12	38	49	19	44	1	56	0
cell451	4	41	16	26	26	22	50	0	52	0
cell452	0	48	5	48	5	54	20	25	55	0
cell453	0	60	41	13	45	17	35	12	33	8
cell454	1	55	41	1	57	0	53	0	36	0
cell455	1	49	2	45	18	24	22	17	45	0
cell456	0	55	21	26	54	1	58	0	52	0
cell457	0	44	13	32	22	33	40	15	15	28
cell458	0	52	12	43	50	0	50	0	56	0
cell459	0	58	29	22	46	8	51	0	58	0
cell460	0	49	9	40	37	15	56	0	48	0
cell461	0	53	7	49	41	4	60	0	59	0
cell462	4	43	0	41	17	45	58	0	47	1
cell463	0	46	11	51	16	35	24	21	33	9
cell464	2	50	8	46	10	41	35	25	47	1
cell465	0	49	16	39	14	26	37	13	31	18
cell466	0	50	1	47	33	20	56	0	43	0
cell467	0	59	28	22	41	0	52	0	42	0
cell468	0	52	14	32	46	1	68	0	60	0
cell469	0	44	2	47	24	15	69	0	49	0
cell470	0	40	19	29	20	27	24	31	52	7
cell471	1	39	24	19	53	0	57	0	54	0
cell472	1	43	13	35	30	13	42	0	48	0
cell473	3	41	45	16	49	0	46	4	41	0
cell474	0	40	8	35	48	12	38	0	47	4
cell475	0	50	6	36	41	0	46	0	52	0
cell476	0	52	24	23	36	14	56	1	39	8
cell477	0	63	4	48	11	50	28	20	45	0
cell478	1	38	2	51	31	14	58	0	54	0
cell479	0	42	3	32	15	40	25	29	45	12
cell480	0	58	1	46	23	35	23	13	32	11
cell481	0	52	48	0	45	1	51	0	51	0
cell482	0	49	5	61	23	29	24	17	53	3
cell483	0	46	62	0	40	0	56	0	49	0
cell484	2	37	12	36	36	25	31	10	52	1
cell485	0	46	3	52	15	22	22	17	45	0
cell486	0	60	51	0	45	0	56	0	50	3
cell487	0	51	27	16	44	0	50	0	63	2
cell488	0	47	48	0	36	1	44	0	56	0
cell489	0	36	20	24	42	7	53	0	55	3
cell490	0	58	14	28	46	12	44	0	54	0
cell491	0	66	8	41	32	19	41	9	60	0
cell492	0	44	5	40	29	29	47	5	52	5
cell493	0	50	2	48	21	28	9	42	41	4
cell494	0	50	61	0	56	0	44	0	57	0
cell495	0	43	4	45	9	37	24	23	50	4
cell496	0	53	5	46	14	46	18	30	53	6
cell497	1	60	35	0	47	3	65	0	62	0
cell498	0	52	51	0	56	0	51	0	41	0
cell499	0	48	4	51	23	22	53	0	54	1
cell500	0	47	17	31	19	27	35	4	42	0
