46 2 0 0 2 0
44 33 32 35 1 0
51 41 22 27 4 0
50 27 41 8 3 0
46 2 0 0 1 0
50 0 0 2 0 0
45 32 29 16 0 0
58 43 71 11 21 0
48 39 40 10 2 0
49 30 26 9 0 0
45 25 26 23 1 0
43 48 0 2 0 0
46 38 0 4 0 0
40 3 0 0 0 0
47 0 0 1 0 0
57 20 0 0 0 0
49 18 0 0 0 0
50 40 25 21 0 0
52 22 22 12 3 0
54 15 30 15 8 0
33 0 0 0 0 0
68 37 13 13 1 0
44 35 19 0 0 0
55 44 23 13 0 0
62 28 13 0 0 0
44 28 40 4 0 0
39 3 5 2 0 0
42 49 37 11 3 0
43 44 29 8 10 0
48 41 0 0 0 0
55 35 0 0 5 0
47 29 17 0 0 0
45 56 25 20 4 0
45 50 44 37 12 0
43 36 24 0 6 0
48 12 10 0 1 0
63 57 45 15 3 0
53 44 0 0 0 0
44 0 0 0 0 0
39 0 2 0 0 0
49 36 0 0 0 0
60 38 40 9 0 0
54 16 13 3 0 0
35 34 50 18 0 0
50 28 29 0 0 0
44 0 0 0 0 0
55 2 0 0 0 0
55 29 0 0 0 0
40 11 0 0 0 0
57 29 0 1 0 0
57 41 26 0 0 0
58 21 12 13 6 0
51 0 2 0 2 0
52 41 34 1 0 0
64 35 30 11 2 0
49 0 0 1 0 0
54 43 32 7 5 0
63 38 25 0 7 0
39 31 0 1 0 0
55 21 0 0 0 0
38 21 1 2 7 0
51 36 1 0 0 0
39 53 0 0 0 0
51 30 25 9 1 0
38 10 5 0 0 0
58 1 0 0 1 0
45 35 18 0 0 0
55 52 43 5 1 0
43 40 49 38 39 0
51 0 0 0 0 0
64 0 0 1 0 0
50 43 37 0 0 0
41 42 51 13 0 0
39 54 40 28 2 0
42 34 28 4 0 0
49 46 45 30 18 0
43 9 1 0 0 0
39 32 16 8 0 0
37 14 0 0 0 0
35 0 0 0 0 0
47 40 27 27 2 0
45 35 26 16 19 0
43 59 24 17 14 0
53 6 0 0 0 0
58 31 0 0 0 0
52 41 58 15 24 0
43 43 0 1 0 0
44 17 7 0 0 0
46 33 8 3 0 0
47 16 26 6 0 0
61 37 1 1 0 0
47 37 27 14 5 0
60 42 43 15 20 0
31 8 1 3 0 0
50 0 6 0 0 0
49 0 0 11 2 0
56 16 2 2 0 0
65 0 0 1 0 0
47 19 15 0 0 0
60 43 49 3 6 0
54 18 14 0 4 0
53 44 26 1 0 0
45 33 14 6 0 0
45 21 41 21 15 0
48 28 6 0 0 0
46 5 0 0 0 0
50 0 0 3 0 0
59 12 0 0 0 0
46 29 0 0 0 0
49 44 50 18 17 0
40 41 29 44 18 0
55 46 39 20 0 0
39 0 0 0 0 0
54 45 23 5 0 0
53 58 38 17 0 0
45 61 41 0 1 0
64 9 0 0 0 0
50 32 12 0 0 0
44 44 37 23 1 0
43 49 47 10 15 0
59 24 4 0 0 0
31 21 18 0 0 0
42 0 0 1 0 0
49 50 32 42 4 0
49 37 38 24 9 0
48 41 21 18 12 0
47 48 45 20 16 0
43 49 15 2 0 0
54 11 0 1 0 0
54 28 28 0 0 0
66 27 8 0 0 0
48 43 7 0 1 0
45 1 0 0 0 0
67 29 6 0 2 0
49 0 0 0 0 0
45 19 25 0 5 0
51 39 27 13 0 0
48 52 0 0 0 0
49 0 0 0 0 0
56 0 1 0 0 0
47 29 26 24 4 0
47 13 0 0 0 0
61 45 30 21 3 0
51 56 44 43 7 0
44 40 28 10 0 0
38 45 19 3 0 0
57 29 46 26 6 0
45 44 30 42 0 0
58 0 0 8 0 0
49 9 0 2 0 0
49 44 0 1 0 0
51 30 6 0 1 0
52 1 0 0 4 0
47 15 0 0 0 0
43 0 0 0 0 0
41 24 0 0 0 0
48 0 0 2 0 0
49 33 7 9 0 0
63 46 46 32 0 0
50 2 3 0 0 0
54 36 6 0 0 0
68 41 27 5 1 0
46 20 36 0 0 0
50 28 33 0 0 0
30 33 1 0 1 0
54 39 31 3 3 0
73 26 33 37 11 0
43 52 27 8 0 0
62 62 23 7 1 0
46 45 25 0 12 0
48 1 0 0 0 0
53 12 1 5 0 0
39 33 17 8 0 0
63 3 0 0 0 0
40 5 0 0 0 0
51 53 28 51 10 0
73 54 39 0 6 0
41 40 18 10 0 0
46 24 0 0 0 0
45 25 31 50 0 0
49 1 5 0 0 0
62 39 41 23 0 0
39 54 42 2 3 0
43 34 36 16 0 0
32 25 12 16 0 0
49 41 46 5 1 0
63 9 4 0 0 0
56 0 0 2 0 0
41 35 61 34 7 0
63 30 35 0 0 0
62 40 29 26 15 0
56 0 0 2 0 0
57 37 23 3 0 0
37 43 24 2 0 0
45 43 2 0 0 0
44 9 8 0 0 0
51 34 15 0 0 0
59 38 22 5 0 0
45 44 47 18 20 0
48 46 25 30 3 0
54 0 0 0 0 0
42 40 37 0 2 0
46 53 60 22 2 0
55 60 32 34 0 0
47 42 17 0 0 0
34 27 7 0 0 0
53 0 0 0 0 0
56 31 19 13 2 0
46 0 0 0 0 0
39 22 21 6 0 0
61 0 0 0 1 0
46 0 0 0 3 0
47 41 38 23 15 0
58 30 15 0 0 0
45 17 23 2 0 0
47 44 3 1 1 0
60 29 14 8 0 0
48 0 0 3 0 0
42 51 23 3 1 0
60 13 0 0 1 0
57 49 18 14 7 0
55 0 1 0 1 0
47 52 26 33 3 0
45 26 30 2 0 0
51 0 0 0 0 0
47 37 17 4 0 0
34 17 0 0 0 0
50 19 17 0 0 0
50 52 10 0 0 0
62 40 37 9 2 0
50 20 19 24 5 0
44 35 21 7 0 0
43 51 56 38 21 0
54 0 0 0 2 0
40 0 0 2 1 0
63 0 6 0 0 0
66 0 0 0 1 0
53 39 33 4 0 0
42 40 20 5 1 0
44 0 2 0 0 0
55 24 0 1 0 0
59 0 0 0 0 0
43 37 19 2 0 0
53 35 0 0 1 0
67 52 13 0 0 0
55 43 29 0 0 0
48 0 4 0 2 0
45 2 0 0 0 0
49 44 0 0 1 0
47 0 0 0 0 0
49 49 31 13 0 0
53 21 11 0 0 0
53 30 0 2 0 0
44 52 44 36 0 0
42 45 0 0 0 0
42 50 19 0 6 0
38 0 0 0 0 0
44 47 26 5 3 0
62 42 31 38 12 0
44 15 0 0 1 0
45 25 39 8 0 0
58 41 27 8 0 0
50 30 10 16 0 0
55 12 0 0 0 0
52 0 0 0 0 0
61 0 0 0 0 0
49 0 0 0 0 0
62 35 27 42 0 0
61 3 3 0 0 0
47 27 16 6 0 0
47 9 0 0 0 0
55 5 1 1 1 0
47 49 30 0 1 0
44 30 0 24 0 0
46 0 0 0 0 0
51 48 42 26 7 0
55 0 0 0 0 0
50 2 0 0 0 0
41 46 24 35 30 0
68 43 29 10 1 0
46 50 13 0 0 0
62 31 0 0 0 0
51 41 20 2 1 0
60 42 36 1 0 0
62 43 35 34 8 0
43 49 46 21 0 0
45 54 6 0 5 0
51 0 0 0 5 0
49 17 33 1 1 0
47 37 35 10 0 0
43 35 22 0 0 0
45 7 0 0 0 0
52 27 10 8 0 0
46 29 27 4 0 0
37 52 38 0 0 0
54 45 19 16 1 0
53 0 0 2 0 0
49 36 40 19 0 0
50 36 23 0 0 0
42 43 49 29 16 0
47 37 23 23 0 0
52 41 0 0 0 0
48 47 10 0 6 0
46 5 0 1 1 0
39 41 17 0 0 0
48 22 32 12 0 0
62 0 0 0 0 0
45 54 48 38 12 0
48 18 1 0 0 0
42 49 32 1 0 0
31 47 0 0 0 0
52 0 0 0 3 0
52 24 13 1 0 0
54 2 0 0 0 0
48 1 1 0 0 0
50 43 59 45 35 0
44 24 10 6 0 0
63 22 33 14 9 0
40 57 39 15 17 0
58 42 11 0 0 0
53 34 33 8 0 0
70 0 0 0 1 0
48 44 34 33 0 0
43 34 14 5 1 0
53 31 24 28 0 0
56 0 0 0 0 0
53 36 18 15 0 0
43 33 11 3 0 0
47 34 38 2 0 0
58 48 50 35 8 0
51 44 33 0 2 0
35 26 7 13 0 0
34 1 5 0 0 0
44 38 14 0 0 0
60 13 2 5 2 0
40 37 13 19 0 0
48 0 1 0 0 0
52 55 26 8 2 0
34 19 24 16 0 0
53 47 28 6 2 0
56 46 45 6 5 0
38 14 0 0 4 0
57 46 19 1 0 0
42 48 0 0 3 0
43 30 23 20 0 0
51 2 0 0 1 0
44 8 6 0 0 0
57 30 0 1 1 0
41 41 13 0 0 0
71 3 0 0 0 0
49 0 0 5 0 0
71 11 0 0 0 0
49 39 0 0 0 0
49 51 0 0 0 0
47 26 4 0 6 0
53 35 3 0 0 0
55 43 31 11 11 0
36 36 0 0 0 0
35 30 19 2 1 0
60 18 15 2 0 0
51 45 10 0 0 0
39 43 35 24 3 0
53 0 0 0 0 0
42 43 17 0 0 0
56 0 0 0 0 0
38 16 0 2 0 0
52 32 0 0 3 0
37 31 32 0 0 0
46 13 11 0 0 0
31 29 0 4 0 0
56 43 7 0 0 0
37 46 14 0 0 0
46 41 49 2 1 0
42 28 22 37 13 0
50 0 0 0 0 0
33 25 19 9 0 0
46 30 0 0 0 0
46 40 31 16 5 0
47 0 0 0 1 0
45 45 0 0 0 0
43 22 26 6 6 0
40 19 0 0 0 0
38 22 27 0 0 0
33 51 29 9 7 0
52 45 3 2 2 0
46 45 45 10 15 0
52 47 22 22 13 0
47 42 0 0 0 0
49 44 1 0 1 0
47 45 11 12 0 0
47 30 0 0 0 0
60 34 0 0 0 0
46 61 14 2 0 0
35 42 39 22 1 0
47 15 11 4 0 0
59 42 0 0 0 0
48 37 9 0 0 0
43 16 9 0 3 0
43 49 41 32 0 0
41 45 34 35 0 0
45 14 15 4 0 0
45 17 1 0 0 0
63 40 18 0 1 0
59 34 26 20 0 0
43 42 0 0 0 0
32 0 0 0 0 0
49 28 16 2 0 0
44 36 4 0 0 0
49 53 38 31 0 0
42 36 26 14 0 0
59 48 38 19 6 0
58 43 34 25 0 0
57 31 21 34 3 0
48 49 32 31 0 0
47 34 0 0 0 0
52 0 0 0 0 0
58 0 0 1 0 0
42 31 0 0 0 0
47 14 0 0 0 0
55 44 22 1 0 0
61 28 16 0 0 0
55 48 30 36 0 0
45 29 22 0 0 0
38 19 12 0 1 0
55 11 16 5 0 0
49 41 32 5 0 0
52 39 0 0 0 0
49 31 9 0 0 0
47 29 0 0 1 0
40 0 0 1 0 0
43 31 23 7 0 0
45 0 0 3 0 0
56 46 38 36 0 0
48 34 34 30 0 0
63 30 28 0 0 0
51 43 46 10 0 0
45 43 34 36 24 0
63 0 0 0 0 0
47 41 20 0 0 0
61 43 28 14 4 0
39 24 0 0 9 0
57 1 1 0 0 0
46 48 27 29 0 0
45 0 0 1 0 0
46 41 33 10 1 0
58 40 24 30 14 0
57 37 28 0 0 0
58 37 30 18 11 0
57 44 24 11 17 0
42 38 19 1 0 0
41 26 22 0 0 0
48 48 54 25 0 0
60 13 17 12 8 0
55 1 0 0 0 0
49 45 24 17 0 0
55 26 1 0 0 0
44 32 33 15 28 0
52 43 0 0 0 0
58 22 8 0 0 0
49 40 15 0 0 0
53 49 4 0 0 0
43 41 45 0 1 0
46 51 35 21 9 0
50 46 41 25 1 0
49 39 26 13 18 0
50 47 20 0 0 0
59 22 0 0 0 0
52 32 1 0 0 0
44 47 15 0 0 0
40 29 27 31 7 0
39 19 0 0 0 0
43 35 13 0 0 0
41 16 0 4 0 0
40 35 12 0 4 0
50 36 0 0 0 0
52 23 14 1 8 0
63 48 50 20 0 0
38 51 14 0 0 0
42 32 40 29 12 0
58 46 35 13 11 0
52 0 1 0 0 0
49 61 29 17 3 0
46 0 0 0 0 0
37 36 25 10 1 0
46 52 22 17 0 0
60 0 0 0 3 0
51 16 0 0 2 0
47 0 1 0 0 0
36 24 7 0 3 0
58 28 12 0 0 0
66 41 19 9 0 0
44 40 29 5 5 0
50 48 28 42 4 0
50 0 0 0 0 0
43 45 37 23 4 0
53 46 46 30 6 0
60 0 3 0 0 0
52 0 0 0 0 0
48 51 22 0 1 0
47 31 27 4 0 0
