46 54 50 49 58 0
44 48 62 57 56 0
51 51 54 42 49 0
50 36 56 55 58 0
46 55 50 41 33 0
51 52 56 46 55 0
45 45 49 50 64 0
58 44 74 52 53 0
48 46 53 45 43 0
49 46 57 46 57 0
46 53 49 61 55 0
43 48 55 43 44 0
46 50 38 43 61 0
40 49 53 39 54 0
47 44 46 49 43 0
57 49 54 35 45 0
49 39 48 43 62 0
50 44 48 42 57 0
53 46 52 51 55 0
54 48 38 34 36 0
33 60 49 49 59 0
68 55 52 37 56 0
44 44 54 46 42 0
56 60 44 47 41 0
62 57 50 46 56 0
44 43 59 47 42 0
39 45 44 49 47 0
42 57 50 51 53 0
43 48 46 45 58 0
48 46 51 32 59 0
55 42 44 46 46 0
47 55 41 56 39 0
45 62 46 47 46 0
45 54 57 45 49 0
43 54 47 44 51 0
48 47 52 57 43 0
63 59 47 48 37 0
53 47 53 52 47 0
44 54 45 65 57 0
39 54 42 46 52 0
50 49 56 59 47 0
60 66 62 51 44 0
54 40 53 45 42 0
35 43 62 52 62 0
50 47 46 51 51 0
45 42 51 51 48 0
55 54 42 43 56 0
55 50 52 43 46 0
40 50 47 66 41 0
57 49 48 46 50 0
57 42 56 59 62 0
58 52 46 64 43 0
51 41 49 53 44 0
52 44 45 53 58 0
64 41 47 44 58 0
49 57 53 49 44 0
54 47 51 51 37 0
63 53 42 57 50 0
39 51 44 57 58 0
55 52 63 42 54 0
38 59 43 47 61 0
51 50 43 56 57 0
40 57 58 55 43 0
51 50 57 38 53 0
40 46 43 47 55 0
58 54 53 56 52 0
45 45 40 51 54 0
55 52 51 38 44 0
43 55 56 46 45 0
51 55 43 50 54 0
64 50 53 59 40 0
50 50 57 47 43 0
41 63 53 46 50 0
39 58 46 43 50 0
42 51 43 47 39 0
49 50 61 42 52 0
43 52 48 50 62 0
39 57 61 36 54 0
37 39 43 52 39 0
35 56 56 36 49 0
47 45 49 56 43 0
45 39 42 40 40 0
43 59 43 52 58 0
53 71 36 53 59 0
58 45 61 57 36 0
52 43 66 43 65 0
43 61 48 39 54 0
44 43 46 49 54 0
46 53 55 55 41 0
47 39 54 51 69 0
61 51 37 43 55 0
47 42 49 54 36 0
60 44 63 39 59 0
36 54 43 50 59 0
50 44 51 55 49 0
49 44 54 55 39 0
56 43 68 48 50 0
65 55 46 59 52 0
47 44 47 51 61 0
60 46 62 43 45 0
54 55 44 45 54 0
54 45 34 44 60 0
45 50 41 58 56 0
45 50 59 58 50 0
48 43 53 38 54 0
47 56 49 46 57 0
50 47 48 55 47 0
59 49 59 43 59 0
47 46 63 45 56 0
49 46 63 56 44 0
41 48 36 60 52 0
55 55 48 47 45 0
39 53 50 57 47 0
54 49 54 46 47 0
53 59 50 38 44 0
45 63 48 54 41 0
65 50 54 58 45 0
50 66 51 45 53 0
44 58 53 53 44 0
43 50 53 39 52 0
59 43 44 57 43 0
31 56 55 45 47 0
43 43 45 47 53 0
49 54 51 60 45 0
49 44 45 50 58 0
48 47 51 47 39 0
47 51 56 46 48 0
43 52 41 47 51 0
54 42 47 61 54 0
54 39 45 43 54 0
66 58 41 41 42 0
48 51 63 55 58 0
52 42 40 56 31 0
67 46 55 52 52 0
49 52 54 56 49 0
45 53 35 54 49 0
51 49 58 41 47 0
48 63 35 50 45 0
49 52 44 46 61 0
58 45 31 42 38 0
47 49 50 51 51 0
47 52 47 44 55 0
61 53 45 46 51 0
51 64 51 56 53 0
44 44 55 39 47 0
39 54 54 61 47 0
57 37 56 36 44 0
45 47 48 50 49 0
58 54 51 44 43 0
49 35 41 45 55 0
49 54 43 40 62 0
51 46 46 51 41 0
52 45 58 63 57 0
47 52 52 51 47 0
43 51 53 47 46 0
41 41 58 60 41 0
48 65 54 42 57 0
52 45 45 47 62 0
63 52 50 48 52 0
50 48 47 60 50 0
54 48 52 45 42 0
69 50 48 52 49 0
46 51 62 56 39 0
50 45 58 57 55 0
30 42 50 40 46 0
54 52 48 60 45 0
73 35 50 63 49 0
43 53 50 54 52 0
67 63 44 62 49 0
46 45 51 46 58 0
48 46 55 43 54 0
53 60 45 45 56 0
39 46 48 42 52 0
63 47 40 52 45 0
41 49 55 52 63 0
51 55 49 62 65 0
73 57 58 44 46 0
41 49 57 42 56 0
46 48 48 50 58 0
45 42 44 62 46 0
49 60 54 54 58 0
63 52 50 57 62 0
39 60 72 56 60 0
49 47 54 50 40 0
32 55 62 52 45 0
49 45 53 43 53 0
63 57 54 43 48 0
57 47 48 41 51 0
43 36 62 43 56 0
65 36 41 60 45 0
62 43 53 52 50 0
56 46 49 50 63 0
57 49 57 52 46 0
37 51 58 43 44 0
45 51 52 53 55 0
44 43 42 45 52 0
51 42 39 55 53 0
59 47 50 38 46 0
49 49 59 49 46 0
50 52 49 52 46 0
54 44 49 52 47 0
42 47 68 34 45 0
46 55 64 48 40 0
58 62 69 63 51 0
47 55 45 45 37 0
34 42 57 56 46 0
53 47 51 39 60 0
56 50 38 48 59 0
47 48 50 46 36 0
39 45 53 52 50 0
61 55 42 40 67 0
46 44 59 48 62 0
47 41 47 42 59 0
58 54 61 45 53 0
45 38 47 51 45 0
47 46 43 48 47 0
60 54 42 46 39 0
48 56 45 59 51 0
42 60 44 41 60 0
60 50 38 53 46 0
57 54 36 42 66 0
55 47 53 55 42 0
47 56 40 55 56 0
45 52 47 36 56 0
53 53 57 43 53 0
47 47 49 53 37 0
34 50 50 46 53 0
51 45 55 37 47 0
50 55 45 52 58 0
62 50 48 37 53 0
50 44 55 37 48 0
44 61 55 60 49 0
43 55 62 48 41 0
54 59 50 53 51 0
40 51 52 53 47 0
63 54 48 55 49 0
66 44 43 55 50 0
57 41 51 49 50 0
42 62 57 51 50 0
44 68 63 46 57 0
55 60 44 51 41 0
60 58 61 57 53 0
43 54 39 54 58 0
53 42 51 46 46 0
67 53 54 50 56 0
55 58 56 59 54 0
48 40 60 45 50 0
45 45 47 60 57 0
49 46 48 40 44 0
47 46 51 37 42 0
49 53 52 60 49 0
53 55 55 59 48 0
53 41 55 41 45 0
44 55 53 56 48 0
44 47 60 54 55 0
42 50 43 51 59 0
40 44 45 44 52 0
44 47 42 47 53 0
62 52 43 46 61 0
44 60 58 54 47 0
45 50 55 32 57 0
60 41 50 49 46 0
50 50 55 50 42 0
55 33 47 43 47 0
52 47 53 55 62 0
61 37 51 56 40 0
49 60 58 48 56 0
62 54 47 57 60 0
61 37 46 51 49 0
47 41 41 48 47 0
47 60 50 52 39 0
55 48 44 52 57 0
47 50 43 44 50 0
56 58 57 52 57 0
46 51 41 48 56 0
51 50 45 46 68 0
56 41 47 57 44 0
50 37 53 56 43 0
41 51 42 72 48 0
68 51 45 51 49 0
54 59 49 42 48 0
62 49 48 33 59 0
51 66 59 35 48 0
60 52 50 44 54 0
62 52 68 55 62 0
44 53 55 39 38 0
45 57 54 43 46 0
51 49 41 50 63 0
49 41 58 49 41 0
47 55 47 43 54 0
43 61 56 48 51 0
45 60 51 49 50 0
56 46 47 52 41 0
46 56 52 55 52 0
37 59 55 48 46 0
55 54 43 58 56 0
53 39 52 36 45 0
49 53 57 45 50 0
50 49 55 63 44 0
42 44 53 54 46 0
47 49 53 59 67 0
53 46 51 42 51 0
48 52 56 43 57 0
47 57 50 45 40 0
39 41 49 53 57 0
48 42 53 61 54 0
62 48 49 51 55 0
45 56 52 63 46 0
49 53 50 49 40 0
42 65 43 55 52 0
32 55 58 40 54 0
52 60 65 61 38 0
52 42 60 64 55 0
54 41 47 41 53 0
49 53 38 38 29 0
50 43 60 51 51 0
44 58 42 46 54 0
63 34 44 46 38 0
40 58 47 40 58 0
60 42 48 57 48 0
56 44 47 60 45 0
70 53 43 64 42 0
48 50 50 59 52 0
43 39 40 47 53 0
53 46 46 38 53 0
56 36 50 52 48 0
53 54 37 52 49 0
43 56 50 41 43 0
47 45 51 60 63 0
58 55 53 42 33 0
51 47 46 35 57 0
35 61 39 45 52 0
34 61 54 30 48 0
45 43 45 45 51 0
60 45 48 61 45 0
45 50 45 60 50 0
51 51 44 49 49 0
52 56 41 56 49 0
34 48 48 50 40 0
55 49 39 40 53 0
56 57 46 49 51 0
38 39 54 43 45 0
57 47 47 57 44 0
42 55 69 54 49 0
43 53 47 48 52 0
51 49 49 60 49 0
44 44 54 46 44 0
57 51 59 49 41 0
41 48 47 55 60 0
71 56 51 51 56 0
49 56 44 47 51 0
71 51 38 60 45 0
49 60 41 44 50 0
49 56 46 54 48 0
47 56 58 50 56 0
53 46 41 42 57 0
55 55 54 44 44 0
36 41 54 50 52 0
35 54 52 54 53 0
60 46 52 46 43 0
54 55 65 58 57 0
40 48 55 48 54 0
53 35 48 53 51 0
42 73 58 46 43 0
56 46 55 50 42 0
38 47 38 40 44 0
52 33 53 53 47 0
37 40 44 51 64 0
46 50 59 55 39 0
31 45 50 48 56 0
56 52 56 58 51 0
38 59 48 43 49 0
46 52 53 48 39 0
42 40 53 69 45 0
52 54 46 43 49 0
33 64 49 49 50 0
46 45 51 63 57 0
47 45 45 35 29 0
47 48 45 54 60 0
46 58 42 44 44 0
43 45 43 37 43 0
40 45 49 52 42 0
38 46 52 36 52 0
35 54 54 51 61 0
54 47 42 41 50 0
46 49 48 43 51 0
52 51 41 47 53 0
47 49 56 38 46 0
49 61 48 59 51 0
47 48 39 42 49 0
47 65 52 37 56 0
60 47 63 51 53 0
46 62 37 53 48 0
36 54 58 46 43 0
53 46 59 53 47 0
59 58 46 60 67 0
49 50 53 55 52 0
43 43 50 51 57 0
43 50 46 56 53 0
41 51 56 59 56 0
45 51 47 57 53 0
45 54 48 46 58 0
65 53 47 48 58 0
59 39 42 49 46 0
43 52 56 53 54 0
32 49 51 49 35 0
49 56 50 44 53 0
44 49 54 49 44 0
49 62 44 51 53 0
42 48 52 48 45 0
59 49 44 49 42 0
58 49 54 44 49 0
57 36 55 61 59 0
52 49 45 59 43 0
50 43 50 50 52 0
52 54 49 50 49 0
59 63 36 49 53 0
42 45 43 43 51 0
47 67 56 39 50 0
56 46 56 46 51 0
61 49 38 65 53 0
55 48 37 48 39 0
45 53 54 38 55 0
39 55 56 59 45 0
55 52 53 46 59 0
49 52 52 45 53 0
53 52 50 45 49 0
49 52 54 50 50 0
47 52 42 59 43 0
43 51 58 53 38 0
43 51 58 43 47 0
45 44 47 50 47 0
56 47 51 43 41 0
48 49 49 46 46 0
63 43 41 45 64 0
51 57 53 49 48 0
45 52 44 52 47 0
63 62 41 54 51 0
47 41 51 49 47 0
61 58 53 48 50 0
39 48 39 55 50 0
58 48 48 52 48 0
46 57 46 42 32 0
45 40 49 48 49 0
47 59 54 53 47 0
58 44 37 55 51 0
57 37 51 52 42 0
58 53 48 34 61 0
57 47 45 44 45 0
46 50 68 45 56 0
45 42 48 50 52 0
48 53 59 45 55 0
60 54 62 47 41 0
56 42 57 53 36 0
50 47 42 39 45 0
55 47 55 58 52 0
44 45 55 55 43 0
52 55 50 50 56 0
58 51 54 51 58 0
49 49 52 56 48 0
53 56 45 60 59 0
47 41 62 58 48 0
46 62 51 45 42 0
52 54 51 60 48 0
49 55 40 50 49 0
50 48 53 56 43 0
59 50 41 52 42 0
52 46 47 68 60 0
44 49 39 69 49 0
40 48 47 55 59 0
40 43 53 57 54 0
44 48 43 42 48 0
44 61 49 50 41 0
40 43 60 38 51 0
50 42 41 46 52 0
52 47 50 57 47 0
63 52 61 48 45 0
39 53 45 58 54 0
42 35 55 54 57 0
58 47 58 36 43 0
52 48 46 51 51 0
49 66 52 41 56 0
46 62 40 56 49 0
39 48 61 41 53 0
46 55 37 39 45 0
60 51 45 56 53 0
51 43 44 50 65 0
47 48 37 44 56 0
36 44 49 53 58 0
58 42 58 44 54 0
66 49 51 50 60 0
44 45 58 52 57 0
50 50 49 51 45 0
50 61 56 44 57 0
43 49 46 47 54 0
53 51 60 48 59 0
61 35 50 65 62 0
52 51 56 51 41 0
48 55 45 53 55 0
47 48 46 39 42 0
