1.0000 0.0370 0.0000 0.0000 0.0345 0.0000
1.0000 0.6875 0.5161 0.6140 0.0179 0.0000
1.0000 0.8039 0.4074 0.6429 0.0816 0.0000
1.0000 0.7500 0.7321 0.1455 0.0517 0.0000
1.0000 0.0364 0.0000 0.0000 0.0303 0.0000
0.9804 0.0000 0.0000 0.0435 0.0000 0.0000
1.0000 0.7111 0.5918 0.3200 0.0000 0.0000
1.0000 0.9773 0.9595 0.2115 0.3962 0.0000
1.0000 0.8478 0.7547 0.2222 0.0465 0.0000
1.0000 0.6522 0.4561 0.1957 0.0000 0.0000
0.9783 0.4717 0.5306 0.3770 0.0182 0.0000
1.0000 1.0000 0.0000 0.0465 0.0000 0.0000
1.0000 0.7600 0.0000 0.0930 0.0000 0.0000
1.0000 0.0612 0.0000 0.0000 0.0000 0.0000
1.0000 0.0000 0.0000 0.0204 0.0000 0.0000
1.0000 0.4082 0.0000 0.0000 0.0000 0.0000
1.0000 0.4615 0.0000 0.0000 0.0000 0.0000
1.0000 0.9091 0.5208 0.5000 0.0000 0.0000
0.9811 0.4783 0.4231 0.2353 0.0545 0.0000
1.0000 0.3125 0.7895 0.4412 0.2222 0.0000
1.0000 0.0000 0.0000 0.0000 0.0000 0.0000
1.0000 0.6727 0.2500 0.3514 0.0179 0.0000
1.0000 0.7955 0.3519 0.0000 0.0000 0.0000
0.9821 0.7333 0.5227 0.2766 0.0000 0.0000
1.0000 0.4912 0.2600 0.0000 0.0000 0.0000
1.0000 0.6512 0.6780 0.0851 0.0000 0.0000
1.0000 0.0667 0.1136 0.0408 0.0000 0.0000
1.0000 0.8596 0.7400 0.2157 0.0566 0.0000
1.0000 0.9167 0.6304 0.1778 0.1724 0.0000
1.0000 0.8913 0.0000 0.0000 0.0000 0.0000
1.0000 0.8333 0.0000 0.0000 0.1087 0.0000
1.0000 0.5273 0.4146 0.0000 0.0000 0.0000
1.0000 0.9032 0.5435 0.4255 0.0870 0.0000
1.0000 0.9259 0.7719 0.8222 0.2449 0.0000
1.0000 0.6667 0.5106 0.0000 0.1176 0.0000
1.0000 0.2553 0.1923 0.0000 0.0233 0.0000
1.0000 0.9661 0.9574 0.3125 0.0811 0.0000
1.0000 0.9362 0.0000 0.0000 0.0000 0.0000
1.0000 0.0000 0.0000 0.0000 0.0000 0.0000
1.0000 0.0000 0.0476 0.0000 0.0000 0.0000
0.9800 0.7347 0.0000 0.0000 0.0000 0.0000
1.0000 0.5758 0.6452 0.1765 0.0000 0.0000
1.0000 0.4000 0.2453 0.0667 0.0000 0.0000
1.0000 0.7907 0.8065 0.3462 0.0000 0.0000
1.0000 0.5957 0.6304 0.0000 0.0000 0.0000
0.9778 0.0000 0.0000 0.0000 0.0000 0.0000
1.0000 0.0370 0.0000 0.0000 0.0000 0.0000
1.0000 0.5800 0.0000 0.0000 0.0000 0.0000
1.0000 0.2200 0.0000 0.0000 0.0000 0.0000
1.0000 0.5918 0.0000 0.0217 0.0000 0.0000
1.0000 0.9762 0.4643 0.0000 0.0000 0.0000
1.0000 0.4038 0.2609 0.2031 0.1395 0.0000
1.0000 0.0000 0.0408 0.0000 0.0455 0.0000
1.0000 0.9318 0.7556 0.0189 0.0000 0.0000
1.0000 0.8537 0.6383 0.2500 0.0345 0.0000
1.0000 0.0000 0.0000 0.0204 0.0000 0.0000
1.0000 0.9149 0.6275 0.1373 0.1351 0.0000
1.0000 0.7170 0.5952 0.0000 0.1400 0.0000
1.0000 0.6078 0.0000 0.0175 0.0000 0.0000
1.0000 0.4038 0.0000 0.0000 0.0000 0.0000
1.0000 0.3559 0.0233 0.0426 0.1148 0.0000
1.0000 0.7200 0.0233 0.0000 0.0000 0.0000
0.9750 0.9298 0.0000 0.0000 0.0000 0.0000
1.0000 0.6000 0.4386 0.2368 0.0189 0.0000
0.9500 0.2174 0.1163 0.0000 0.0000 0.0000
1.0000 0.0185 0.0000 0.0000 0.0192 0.0000
1.0000 0.7778 0.4500 0.0000 0.0000 0.0000
1.0000 1.0000 0.8431 0.1316 0.0227 0.0000
1.0000 0.7273 0.8750 0.8261 0.8667 0.0000
1.0000 0.0000 0.0000 0.0000 0.0000 0.0000
1.0000 0.0000 0.0000 0.0169 0.0000 0.0000
1.0000 0.8600 0.6491 0.0000 0.0000 0.0000
1.0000 0.6667 0.9623 0.2826 0.0000 0.0000
1.0000 0.9310 0.8696 0.6512 0.0400 0.0000
1.0000 0.6667 0.6512 0.0851 0.0000 0.0000
1.0000 0.9200 0.7377 0.7143 0.3462 0.0000
1.0000 0.1731 0.0208 0.0000 0.0000 0.0000
1.0000 0.5614 0.2623 0.2222 0.0000 0.0000
1.0000 0.3590 0.0000 0.0000 0.0000 0.0000
1.0000 0.0000 0.0000 0.0000 0.0000 0.0000
1.0000 0.8889 0.5510 0.4821 0.0465 0.0000
1.0000 0.8974 0.6190 0.4000 0.4750 0.0000
1.0000 1.0000 0.5581 0.3269 0.2414 0.0000
1.0000 0.0845 0.0000 0.0000 0.0000 0.0000
1.0000 0.6889 0.0000 0.0000 0.0000 0.0000
1.0000 0.9535 0.8788 0.3488 0.3692 0.0000
1.0000 0.7049 0.0000 0.0256 0.0000 0.0000
1.0000 0.3953 0.1522 0.0000 0.0000 0.0000
1.0000 0.6226 0.1455 0.0545 0.0000 0.0000
1.0000 0.4103 0.4815 0.1176 0.0000 0.0000
1.0000 0.7255 0.0270 0.0233 0.0000 0.0000
1.0000 0.8810 0.5510 0.2593 0.1389 0.0000
1.0000 0.9545 0.6825 0.3846 0.3390 0.0000
0.8611 0.1481 0.0233 0.0600 0.0000 0.0000
1.0000 0.0000 0.1176 0.0000 0.0000 0.0000
1.0000 0.0000 0.0000 0.2000 0.0513 0.0000
1.0000 0.3721 0.0294 0.0417 0.0000 0.0000
1.0000 0.0000 0.0000 0.0169 0.0000 0.0000
1.0000 0.4318 0.3191 0.0000 0.0000 0.0000
1.0000 0.9348 0.7903 0.0698 0.1333 0.0000
1.0000 0.3273 0.3182 0.0000 0.0741 0.0000
0.9815 0.9778 0.7647 0.0227 0.0000 0.0000
1.0000 0.6600 0.3415 0.1034 0.0000 0.0000
1.0000 0.4200 0.6949 0.3621 0.3000 0.0000
1.0000 0.6512 0.1132 0.0000 0.0000 0.0000
0.9787 0.0893 0.0000 0.0000 0.0000 0.0000
1.0000 0.0000 0.0000 0.0545 0.0000 0.0000
1.0000 0.2449 0.0000 0.0000 0.0000 0.0000
0.9787 0.6304 0.0000 0.0000 0.0000 0.0000
1.0000 0.9565 0.7937 0.3214 0.3864 0.0000
0.9756 0.8542 0.8056 0.7333 0.3462 0.0000
1.0000 0.8364 0.8125 0.4255 0.0000 0.0000
1.0000 0.0000 0.0000 0.0000 0.0000 0.0000
1.0000 0.9184 0.4259 0.1087 0.0000 0.0000
1.0000 0.9831 0.7600 0.4474 0.0000 0.0000
1.0000 0.9683 0.8542 0.0000 0.0244 0.0000
0.9846 0.1800 0.0000 0.0000 0.0000 0.0000
1.0000 0.4848 0.2353 0.0000 0.0000 0.0000
1.0000 0.7586 0.6981 0.4340 0.0227 0.0000
1.0000 0.9800 0.8868 0.2564 0.2885 0.0000
1.0000 0.5581 0.0909 0.0000 0.0000 0.0000
1.0000 0.3750 0.3273 0.0000 0.0000 0.0000
0.9767 0.0000 0.0000 0.0213 0.0000 0.0000
1.0000 0.9259 0.6275 0.7000 0.0889 0.0000
1.0000 0.8409 0.8444 0.4800 0.1552 0.0000
1.0000 0.8723 0.4118 0.3830 0.3077 0.0000
1.0000 0.9412 0.8036 0.4348 0.3333 0.0000
1.0000 0.9423 0.3659 0.0426 0.0000 0.0000
1.0000 0.2619 0.0000 0.0164 0.0000 0.0000
1.0000 0.7179 0.6222 0.0000 0.0000 0.0000
1.0000 0.4655 0.1951 0.0000 0.0000 0.0000
1.0000 0.8431 0.1111 0.0000 0.0172 0.0000
0.8654 0.0238 0.0000 0.0000 0.0000 0.0000
1.0000 0.6304 0.1091 0.0000 0.0385 0.0000
1.0000 0.0000 0.0000 0.0000 0.0000 0.0000
1.0000 0.3585 0.7143 0.0000 0.1020 0.0000
1.0000 0.7959 0.4655 0.3171 0.0000 0.0000
1.0000 0.8254 0.0000 0.0000 0.0000 0.0000
1.0000 0.0000 0.0000 0.0000 0.0000 0.0000
0.9655 0.0000 0.0323 0.0000 0.0000 0.0000
1.0000 0.5918 0.5200 0.4706 0.0784 0.0000
1.0000 0.2500 0.0000 0.0000 0.0000 0.0000
1.0000 0.8491 0.6667 0.4565 0.0588 0.0000
1.0000 0.8750 0.8627 0.7679 0.1321 0.0000
1.0000 0.9091 0.5091 0.2564 0.0000 0.0000
0.9744 0.8333 0.3519 0.0492 0.0000 0.0000
1.0000 0.7838 0.8214 0.7222 0.1364 0.0000
1.0000 0.9362 0.6250 0.8400 0.0000 0.0000
1.0000 0.0000 0.0000 0.1818 0.0000 0.0000
1.0000 0.2571 0.0000 0.0444 0.0000 0.0000
1.0000 0.8148 0.0000 0.0250 0.0000 0.0000
1.0000 0.6522 0.1304 0.0000 0.0244 0.0000
1.0000 0.0222 0.0000 0.0000 0.0702 0.0000
1.0000 0.2885 0.0000 0.0000 0.0000 0.0000
1.0000 0.0000 0.0000 0.0000 0.0000 0.0000
1.0000 0.5854 0.0000 0.0000 0.0000 0.0000
1.0000 0.0000 0.0000 0.0476 0.0000 0.0000
0.9423 0.7333 0.1556 0.1915 0.0000 0.0000
1.0000 0.8846 0.9200 0.6667 0.0000 0.0000
1.0000 0.0417 0.0638 0.0000 0.0000 0.0000
1.0000 0.7500 0.1154 0.0000 0.0000 0.0000
0.9855 0.8200 0.5625 0.0962 0.0204 0.0000
1.0000 0.3922 0.5806 0.0000 0.0000 0.0000
1.0000 0.6222 0.5690 0.0000 0.0000 0.0000
1.0000 0.7857 0.0200 0.0000 0.0217 0.0000
1.0000 0.7500 0.6458 0.0500 0.0667 0.0000
1.0000 0.7429 0.6600 0.5873 0.2245 0.0000
1.0000 0.9811 0.5400 0.1481 0.0000 0.0000
0.9254 0.9841 0.5227 0.1129 0.0204 0.0000
1.0000 1.0000 0.4902 0.0000 0.2069 0.0000
1.0000 0.0217 0.0000 0.0000 0.0000 0.0000
1.0000 0.2000 0.0222 0.1111 0.0000 0.0000
1.0000 0.7174 0.3542 0.1905 0.0000 0.0000
1.0000 0.0638 0.0000 0.0000 0.0000 0.0000
0.9756 0.1020 0.0000 0.0000 0.0000 0.0000
1.0000 0.9636 0.5714 0.8226 0.1538 0.0000
1.0000 0.9474 0.6724 0.0000 0.1304 0.0000
1.0000 0.8163 0.3158 0.2381 0.0000 0.0000
1.0000 0.5000 0.0000 0.0000 0.0000 0.0000
1.0000 0.5952 0.7045 0.8065 0.0000 0.0000
1.0000 0.0167 0.0926 0.0000 0.0000 0.0000
0.9841 0.7500 0.8200 0.4035 0.0000 0.0000
1.0000 0.9000 0.5833 0.0357 0.0500 0.0000
0.8776 0.7234 0.6667 0.3200 0.0000 0.0000
1.0000 0.4545 0.1935 0.3077 0.0000 0.0000
1.0000 0.9111 0.8679 0.1163 0.0189 0.0000
1.0000 0.1579 0.0741 0.0000 0.0000 0.0000
0.9825 0.0000 0.0000 0.0488 0.0000 0.0000
0.9535 0.9722 0.9839 0.7907 0.1250 0.0000
0.9692 0.8333 0.8537 0.0000 0.0000 0.0000
1.0000 0.9302 0.5472 0.5000 0.3000 0.0000
1.0000 0.0000 0.0000 0.0400 0.0000 0.0000
1.0000 0.7551 0.4035 0.0577 0.0000 0.0000
1.0000 0.8431 0.4138 0.0465 0.0000 0.0000
1.0000 0.8431 0.0385 0.0000 0.0000 0.0000
1.0000 0.2093 0.1905 0.0000 0.0000 0.0000
1.0000 0.8095 0.3846 0.0000 0.0000 0.0000
1.0000 0.8085 0.4400 0.1316 0.0000 0.0000
0.9184 0.8980 0.7966 0.3673 0.4348 0.0000
0.9600 0.8846 0.5102 0.5769 0.0652 0.0000
1.0000 0.0000 0.0000 0.0000 0.0000 0.0000
1.0000 0.8511 0.5441 0.0000 0.0444 0.0000
1.0000 0.9636 0.9375 0.4583 0.0500 0.0000
0.9483 0.9677 0.4638 0.5397 0.0000 0.0000
1.0000 0.7636 0.3778 0.0000 0.0000 0.0000
1.0000 0.6429 0.1228 0.0000 0.0000 0.0000
1.0000 0.0000 0.0000 0.0000 0.0000 0.0000
1.0000 0.6200 0.5000 0.2708 0.0339 0.0000
0.9787 0.0000 0.0000 0.0000 0.0000 0.0000
1.0000 0.4889 0.3962 0.1154 0.0000 0.0000
1.0000 0.0000 0.0000 0.0000 0.0149 0.0000
1.0000 0.0000 0.0000 0.0000 0.0484 0.0000
1.0000 1.0000 0.8085 0.5476 0.2542 0.0000
1.0000 0.5556 0.2459 0.0000 0.0000 0.0000
1.0000 0.4474 0.4894 0.0392 0.0000 0.0000
1.0000 0.9565 0.0698 0.0208 0.0213 0.0000
1.0000 0.5370 0.3333 0.1739 0.0000 0.0000
1.0000 0.0000 0.0000 0.0508 0.0000 0.0000
1.0000 0.8500 0.5227 0.0732 0.0167 0.0000
1.0000 0.2600 0.0000 0.0000 0.0217 0.0000
1.0000 0.9074 0.5000 0.3333 0.1061 0.0000
1.0000 0.0000 0.0189 0.0000 0.0238 0.0000
1.0000 0.9286 0.6500 0.6000 0.0536 0.0000
1.0000 0.5000 0.6383 0.0556 0.0000 0.0000
0.9623 0.0000 0.0000 0.0000 0.0000 0.0000
1.0000 0.7872 0.3469 0.0755 0.0000 0.0000
1.0000 0.3400 0.0000 0.0000 0.0000 0.0000
0.9804 0.4222 0.3091 0.0000 0.0000 0.0000
1.0000 0.9455 0.2222 0.0000 0.0000 0.0000
1.0000 0.8000 0.7708 0.2432 0.0377 0.0000
1.0000 0.4545 0.3455 0.6486 0.1042 0.0000
1.0000 0.5738 0.3818 0.1167 0.0000 0.0000
1.0000 0.9273 0.9032 0.7917 0.5122 0.0000
1.0000 0.0000 0.0000 0.0000 0.0392 0.0000
1.0000 0.0000 0.0000 0.0377 0.0213 0.0000
1.0000 0.0000 0.1250 0.0000 0.0000 0.0000
1.0000 0.0000 0.0000 0.0000 0.0200 0.0000
0.9298 0.9512 0.6471 0.0816 0.0000 0.0000
1.0000 0.6452 0.3509 0.0980 0.0200 0.0000
1.0000 0.0000 0.0317 0.0000 0.0000 0.0000
1.0000 0.4000 0.0000 0.0196 0.0000 0.0000
0.9833 0.0000 0.0000 0.0000 0.0000 0.0000
1.0000 0.6852 0.4872 0.0370 0.0000 0.0000
1.0000 0.8333 0.0000 0.0000 0.0217 0.0000
1.0000 0.9811 0.2407 0.0000 0.0000 0.0000
1.0000 0.7414 0.5179 0.0000 0.0000 0.0000
1.0000 0.0000 0.0667 0.0000 0.0400 0.0000
1.0000 0.0444 0.0000 0.0000 0.0000 0.0000
1.0000 0.9565 0.0000 0.0000 0.0227 0.0000
1.0000 0.0000 0.0000 0.0000 0.0000 0.0000
1.0000 0.9245 0.5962 0.2167 0.0000 0.0000
1.0000 0.3818 0.2000 0.0000 0.0000 0.0000
1.0000 0.7317 0.0000 0.0488 0.0000 0.0000
1.0000 0.9455 0.8302 0.6429 0.0000 0.0000
0.9545 0.9574 0.0000 0.0000 0.0000 0.0000
1.0000 1.0000 0.4419 0.0000 0.1017 0.0000
0.9500 0.0000 0.0000 0.0000 0.0000 0.0000
1.0000 1.0000 0.6190 0.1064 0.0566 0.0000
1.0000 0.8077 0.7209 0.8261 0.1967 0.0000
1.0000 0.2500 0.0000 0.0000 0.0213 0.0000
1.0000 0.5000 0.7091 0.2500 0.0000 0.0000
0.9667 1.0000 0.5400 0.1633 0.0000 0.0000
1.0000 0.6000 0.1818 0.3200 0.0000 0.0000
1.0000 0.3636 0.0000 0.0000 0.0000 0.0000
1.0000 0.0000 0.0000 0.0000 0.0000 0.0000
1.0000 0.0000 0.0000 0.0000 0.0000 0.0000
1.0000 0.0000 0.0000 0.0000 0.0000 0.0000
1.0000 0.6481 0.5745 0.7368 0.0000 0.0000
1.0000 0.0811 0.0652 0.0000 0.0000 0.0000
1.0000 0.6585 0.3902 0.1250 0.0000 0.0000
1.0000 0.1500 0.0000 0.0000 0.0000 0.0000
1.0000 0.1042 0.0227 0.0192 0.0175 0.0000
1.0000 0.9800 0.6977 0.0000 0.0200 0.0000
0.7857 0.5172 0.0000 0.4615 0.0000 0.0000
1.0000 0.0000 0.0000 0.0000 0.0000 0.0000
1.0000 0.9600 0.9333 0.5652 0.1029 0.0000
0.9821 0.0000 0.0000 0.0000 0.0000 0.0000
1.0000 0.0541 0.0000 0.0000 0.0000 0.0000
1.0000 0.9020 0.5714 0.4861 0.6250 0.0000
1.0000 0.8431 0.6444 0.1961 0.0204 0.0000
0.8519 0.8475 0.2653 0.0000 0.0000 0.0000
1.0000 0.6327 0.0000 0.0000 0.0000 0.0000
1.0000 0.6212 0.3390 0.0571 0.0208 0.0000
1.0000 0.8077 0.7200 0.0227 0.0000 0.0000
1.0000 0.8269 0.5147 0.6182 0.1290 0.0000
0.9773 0.9245 0.8364 0.5385 0.0000 0.0000
1.0000 0.9474 0.1111 0.0000 0.1087 0.0000
1.0000 0.0000 0.0000 0.0000 0.0794 0.0000
1.0000 0.4146 0.5690 0.0204 0.0244 0.0000
1.0000 0.6727 0.7447 0.2326 0.0000 0.0000
1.0000 0.5738 0.3929 0.0000 0.0000 0.0000
1.0000 0.1167 0.0000 0.0000 0.0000 0.0000
0.9286 0.5870 0.2128 0.1538 0.0000 0.0000
1.0000 0.5179 0.5192 0.0727 0.0000 0.0000
1.0000 0.8814 0.6909 0.0000 0.0000 0.0000
0.9818 0.8333 0.4419 0.2759 0.0179 0.0000
1.0000 0.0000 0.0000 0.0556 0.0000 0.0000
1.0000 0.6792 0.7018 0.4222 0.0000 0.0000
1.0000 0.7347 0.4182 0.0000 0.0000 0.0000
1.0000 0.9773 0.9245 0.5370 0.3478 0.0000
1.0000 0.7551 0.4340 0.3898 0.0000 0.0000
0.9811 0.8913 0.0000 0.0000 0.0000 0.0000
1.0000 0.9038 0.1786 0.0000 0.1053 0.0000
0.9787 0.0877 0.0000 0.0222 0.0250 0.0000
1.0000 1.0000 0.3469 0.0000 0.0000 0.0000
1.0000 0.5238 0.6038 0.1967 0.0000 0.0000
1.0000 0.0000 0.0000 0.0000 0.0000 0.0000
1.0000 0.9643 0.9231 0.6032 0.2609 0.0000
0.9796 0.3396 0.0200 0.0000 0.0000 0.0000
1.0000 0.7538 0.7442 0.0182 0.0000 0.0000
0.9688 0.8545 0.0000 0.0000 0.0000 0.0000
1.0000 0.0000 0.0000 0.0000 0.0789 0.0000
1.0000 0.5714 0.2167 0.0156 0.0000 0.0000
1.0000 0.0488 0.0000 0.0000 0.0000 0.0000
0.9796 0.0189 0.0263 0.0000 0.0000 0.0000
1.0000 1.0000 0.9833 0.8824 0.6863 0.0000
1.0000 0.4138 0.2381 0.1304 0.0000 0.0000
1.0000 0.6471 0.7500 0.3043 0.2368 0.0000
1.0000 0.9828 0.8298 0.3750 0.2931 0.0000
0.9667 1.0000 0.2292 0.0000 0.0000 0.0000
0.9464 0.7727 0.7021 0.1333 0.0000 0.0000
1.0000 0.0000 0.0000 0.0000 0.0238 0.0000
1.0000 0.8800 0.6800 0.5593 0.0000 0.0000
1.0000 0.8718 0.3500 0.1064 0.0189 0.0000
1.0000 0.6739 0.5217 0.7368 0.0000 0.0000
1.0000 0.0000 0.0000 0.0000 0.0000 0.0000
1.0000 0.6667 0.4865 0.2885 0.0000 0.0000
1.0000 0.5893 0.2200 0.0732 0.0000 0.0000
1.0000 0.7556 0.7451 0.0333 0.0000 0.0000
1.0000 0.8727 0.9434 0.8333 0.2424 0.0000
1.0000 0.9362 0.7174 0.0000 0.0351 0.0000
1.0000 0.4262 0.1795 0.2889 0.0000 0.0000
1.0000 0.0164 0.0926 0.0000 0.0000 0.0000
0.9778 0.8837 0.3111 0.0000 0.0000 0.0000
1.0000 0.2889 0.0417 0.0820 0.0444 0.0000
0.8889 0.7400 0.2889 0.3167 0.0000 0.0000
0.9412 0.0000 0.0227 0.0000 0.0000 0.0000
1.0000 0.9821 0.6341 0.1429 0.0408 0.0000
1.0000 0.3958 0.5000 0.3200 0.0000 0.0000
0.9636 0.9592 0.7179 0.1500 0.0377 0.0000
1.0000 0.8070 0.9783 0.1224 0.0980 0.0000
1.0000 0.3590 0.0000 0.0000 0.0889 0.0000
1.0000 0.9787 0.4043 0.0175 0.0000 0.0000
1.0000 0.8727 0.0000 0.0000 0.0612 0.0000
1.0000 0.5660 0.4894 0.4167 0.0000 0.0000
1.0000 0.0408 0.0000 0.0000 0.0204 0.0000
1.0000 0.1818 0.1111 0.0000 0.0000 0.0000
1.0000 0.5882 0.0000 0.0204 0.0244 0.0000
1.0000 0.8542 0.2766 0.0000 0.0000 0.0000
1.0000 0.0536 0.0000 0.0000 0.0000 0.0000
1.0000 0.0000 0.0000 0.1064 0.0000 0.0000
1.0000 0.2157 0.0000 0.0000 0.0000 0.0000
1.0000 0.6500 0.0000 0.0000 0.0000 0.0000
1.0000 0.9107 0.0000 0.0000 0.0000 0.0000
1.0000 0.4643 0.0690 0.0000 0.1071 0.0000
1.0000 0.7609 0.0732 0.0000 0.0000 0.0000
1.0000 0.7818 0.5741 0.2500 0.2500 0.0000
1.0000 0.8780 0.0000 0.0000 0.0000 0.0000
1.0000 0.5556 0.3654 0.0370 0.0189 0.0000
1.0000 0.3913 0.2885 0.0435 0.0000 0.0000
0.9444 0.8182 0.1538 0.0000 0.0000 0.0000
0.9750 0.8958 0.6364 0.5000 0.0556 0.0000
1.0000 0.0000 0.0000 0.0000 0.0000 0.0000
1.0000 0.5890 0.2931 0.0000 0.0000 0.0000
1.0000 0.0000 0.0000 0.0000 0.0000 0.0000
1.0000 0.3404 0.0000 0.0500 0.0000 0.0000
1.0000 0.9697 0.0000 0.0000 0.0638 0.0000
1.0000 0.7750 0.7273 0.0000 0.0000 0.0000
1.0000 0.2600 0.1864 0.0000 0.0000 0.0000
1.0000 0.6444 0.0000 0.0833 0.0000 0.0000
1.0000 0.8269 0.1250 0.0000 0.0000 0.0000
0.9737 0.7797 0.2917 0.0000 0.0000 0.0000
1.0000 0.7885 0.9245 0.0417 0.0256 0.0000
1.0000 0.7000 0.4151 0.5362 0.2889 0.0000
0.9615 0.0000 0.0000 0.0000 0.0000 0.0000
1.0000 0.3906 0.3878 0.1837 0.0000 0.0000
1.0000 0.6667 0.0000 0.0000 0.0000 0.0000
0.9787 0.8889 0.6889 0.4571 0.1724 0.0000
1.0000 0.0000 0.0000 0.0000 0.0167 0.0000
0.9783 0.7759 0.0000 0.0000 0.0000 0.0000
1.0000 0.4889 0.6047 0.1622 0.1395 0.0000
1.0000 0.4222 0.0000 0.0000 0.0000 0.0000
1.0000 0.4783 0.5192 0.0000 0.0000 0.0000
0.9429 0.9444 0.5370 0.1765 0.1148 0.0000
0.9630 0.9574 0.0714 0.0488 0.0400 0.0000
1.0000 0.9184 0.9375 0.2326 0.2941 0.0000
1.0000 0.9216 0.5366 0.4681 0.2453 0.0000
1.0000 0.8571 0.0000 0.0000 0.0000 0.0000
1.0000 0.7213 0.0208 0.0000 0.0196 0.0000
1.0000 0.9375 0.2821 0.2857 0.0000 0.0000
1.0000 0.4615 0.0000 0.0000 0.0000 0.0000
1.0000 0.7234 0.0000 0.0000 0.0000 0.0000
1.0000 0.9839 0.3784 0.0377 0.0000 0.0000
0.9722 0.7778 0.6724 0.4783 0.0233 0.0000
0.8868 0.3261 0.1864 0.0755 0.0000 0.0000
1.0000 0.7241 0.0000 0.0000 0.0000 0.0000
0.9796 0.7400 0.1698 0.0000 0.0000 0.0000
1.0000 0.3721 0.1800 0.0000 0.0526 0.0000
1.0000 0.9800 0.8913 0.5714 0.0000 0.0000
1.0000 0.8824 0.6071 0.5932 0.0000 0.0000
1.0000 0.2745 0.3191 0.0702 0.0000 0.0000
1.0000 0.3148 0.0208 0.0000 0.0000 0.0000
0.9692 0.7547 0.3830 0.0000 0.0172 0.0000
1.0000 0.8718 0.6190 0.4082 0.0000 0.0000
1.0000 0.8077 0.0000 0.0000 0.0000 0.0000
1.0000 0.0000 0.0000 0.0000 0.0000 0.0000
1.0000 0.5000 0.3200 0.0455 0.0000 0.0000
1.0000 0.7347 0.0741 0.0000 0.0000 0.0000
1.0000 0.8548 0.8636 0.6078 0.0000 0.0000
1.0000 0.7500 0.5000 0.2917 0.0000 0.0000
1.0000 0.9796 0.8636 0.3878 0.1429 0.0000
1.0000 0.8776 0.6296 0.5682 0.0000 0.0000
1.0000 0.8611 0.3818 0.5574 0.0508 0.0000
0.9231 1.0000 0.7111 0.5254 0.0000 0.0000
0.9400 0.7907 0.0000 0.0000 0.0000 0.0000
1.0000 0.0000 0.0000 0.0000 0.0000 0.0000
0.9831 0.0000 0.0000 0.0204 0.0000 0.0000
1.0000 0.6889 0.0000 0.0000 0.0000 0.0000
1.0000 0.2090 0.0000 0.0000 0.0000 0.0000
0.9821 0.9565 0.3929 0.0217 0.0000 0.0000
1.0000 0.5714 0.4211 0.0000 0.0000 0.0000
1.0000 1.0000 0.8108 0.7500 0.0000 0.0000
1.0000 0.5472 0.4074 0.0000 0.0000 0.0000
0.9744 0.3455 0.2143 0.0000 0.0222 0.0000
1.0000 0.2115 0.3019 0.1087 0.0000 0.0000
1.0000 0.7885 0.6154 0.1111 0.0000 0.0000
0.9811 0.7500 0.0000 0.0000 0.0000 0.0000
1.0000 0.5962 0.1667 0.0000 0.0000 0.0000
1.0000 0.5577 0.0000 0.0000 0.0233 0.0000
0.9302 0.0000 0.0000 0.0189 0.0000 0.0000
1.0000 0.6078 0.3966 0.1628 0.0000 0.0000
1.0000 0.0000 0.0000 0.0600 0.0000 0.0000
1.0000 0.9787 0.7451 0.8372 0.0000 0.0000
1.0000 0.6939 0.6939 0.6522 0.0000 0.0000
1.0000 0.6977 0.6829 0.0000 0.0000 0.0000
1.0000 0.7544 0.8679 0.2041 0.0000 0.0000
1.0000 0.8269 0.7727 0.6923 0.5106 0.0000
1.0000 0.0000 0.0000 0.0000 0.0000 0.0000
1.0000 1.0000 0.3922 0.0000 0.0000 0.0000
1.0000 0.7414 0.5283 0.2917 0.0800 0.0000
1.0000 0.5000 0.0000 0.0000 0.1800 0.0000
0.9828 0.0208 0.0208 0.0000 0.0000 0.0000
1.0000 0.8421 0.5870 0.6905 0.0000 0.0000
1.0000 0.0000 0.0000 0.0208 0.0000 0.0000
0.9787 0.6949 0.6111 0.1887 0.0213 0.0000
1.0000 0.9091 0.6486 0.5455 0.2745 0.0000
1.0000 1.0000 0.5490 0.0000 0.0000 0.0000
1.0000 0.6981 0.6250 0.5294 0.1803 0.0000
1.0000 0.9362 0.5333 0.2500 0.3778 0.0000
0.9130 0.7600 0.2794 0.0222 0.0000 0.0000
0.9111 0.6190 0.4583 0.0000 0.0000 0.0000
1.0000 0.9057 0.9153 0.5556 0.0000 0.0000
1.0000 0.2407 0.2742 0.2553 0.1951 0.0000
0.9821 0.0238 0.0000 0.0000 0.0000 0.0000
0.9800 0.9574 0.5714 0.4359 0.0000 0.0000
1.0000 0.5532 0.0182 0.0000 0.0000 0.0000
1.0000 0.7111 0.6000 0.2727 0.6512 0.0000
1.0000 0.7818 0.0000 0.0000 0.0000 0.0000
1.0000 0.4314 0.1481 0.0000 0.0000 0.0000
1.0000 0.8163 0.2885 0.0000 0.0000 0.0000
1.0000 0.8750 0.0889 0.0000 0.0000 0.0000
0.9149 1.0000 0.7258 0.0000 0.0208 0.0000
1.0000 0.8226 0.6863 0.4667 0.2143 0.0000
0.9615 0.8519 0.8039 0.4167 0.0208 0.0000
1.0000 0.7091 0.6500 0.2600 0.3673 0.0000
1.0000 0.9792 0.3774 0.0000 0.0000 0.0000
1.0000 0.4400 0.0000 0.0000 0.0000 0.0000
1.0000 0.6957 0.0213 0.0000 0.0000 0.0000
1.0000 0.9592 0.3846 0.0000 0.0000 0.0000
1.0000 0.6042 0.5745 0.5636 0.1186 0.0000
0.9750 0.4419 0.0000 0.0000 0.0000 0.0000
0.9773 0.7292 0.3023 0.0000 0.0000 0.0000
0.9318 0.2623 0.0000 0.0800 0.0000 0.0000
1.0000 0.8140 0.2000 0.0000 0.0784 0.0000
1.0000 0.8571 0.0000 0.0000 0.0000 0.0000
1.0000 0.4894 0.2800 0.0175 0.1702 0.0000
1.0000 0.9231 0.8197 0.4167 0.0000 0.0000
0.9744 0.9623 0.3111 0.0000 0.0000 0.0000
1.0000 0.9143 0.7273 0.5370 0.2105 0.0000
1.0000 0.9787 0.6034 0.3611 0.2558 0.0000
1.0000 0.0000 0.0217 0.0000 0.0000 0.0000
1.0000 0.9242 0.5577 0.4146 0.0536 0.0000
1.0000 0.0000 0.0000 0.0000 0.0000 0.0000
0.9487 0.7500 0.4098 0.2439 0.0189 0.0000
1.0000 0.9455 0.5946 0.4359 0.0000 0.0000
1.0000 0.0000 0.0000 0.0000 0.0566 0.0000
1.0000 0.3721 0.0000 0.0000 0.0308 0.0000
1.0000 0.0000 0.0270 0.0000 0.0000 0.0000
1.0000 0.5455 0.1429 0.0000 0.0517 0.0000
1.0000 0.6667 0.2069 0.0000 0.0000 0.0000
1.0000 0.8367 0.3725 0.1800 0.0000 0.0000
1.0000 0.8889 0.5000 0.0962 0.0877 0.0000
1.0000 0.9600 0.5714 0.8235 0.0889 0.0000
1.0000 0.0000 0.0000 0.0000 0.0000 0.0000
1.0000 0.9184 0.8043 0.4894 0.0741 0.0000
1.0000 0.9020 0.7667 0.6250 0.1017 0.0000
0.9836 0.0000 0.0600 0.0000 0.0000 0.0000
1.0000 0.0000 0.0000 0.0000 0.0000 0.0000
1.0000 0.9273 0.4889 0.0000 0.0182 0.0000
1.0000 0.6458 0.5870 0.1026 0.0000 0.0000
