	mut5	mut5	mut1	mut1	mut2	mut2	mut3	mut3	mut4	mut4
cell1	0	50	19	16	52	0	42	2	55	0
cell2	0	52	0	60	22	30	44	1	36	2
cell3	0	57	11	56	27	30	54	0	31	34
cell4	0	49	45	0	50	0	49	0	44	0
cell5	0	40	48	0	43	0	44	0	54	2
cell6	0	43	7	40	42	2	55	0	61	2
cell7	0	59	45	9	47	0	55	0	54	0
cell8	0	48	1	50	6	46	40	7	30	27
cell9	1	46	9	38	14	31	57	1	42	8
cell10	0	48	12	36	38	16	49	4	55	0
cell11	2	51	8	41	19	36	66	0	36	18
cell12	2	43	32	20	38	9	47	0	40	14
cell13	3	50	47	0	55	0	48	0	54	0
cell14	0	43	51	0	32	0	51	1	67	0
cell15	6	45	32	18	44	3	52	0	50	0
cell16	4	39	9	37	13	23	56	0	42	12
cell17	0	50	53	0	44	0	50	0	54	0
cell18	2	49	27	8	36	12	53	2	62	3
cell19	0	52	34	31	43	1	48	0	47	1
cell20	0	50	13	42	37	0	48	0	57	0
cell21	0	59	11	23	50	0	51	0	49	0
cell22	0	49	22	40	34	4	65	0	65	0
cell23	5	41	31	26	47	0	35	16	52	0
cell24	0	48	5	50	26	26	54	0	43	9
cell25	0	47	16	32	59	8	51	0	41	0
cell26	1	62	2	41	25	25	49	6	44	0
cell27	0	51	32	23	42	2	61	1	46	0
cell28	0	50	22	34	60	2	50	0	50	0
cell29	0	48	14	38	32	14	60	0	53	2
cell30	0	53	18	31	38	8	49	1	53	0
cell31	0	53	7	48	25	19	48	0	51	14
cell32	0	56	6	42	30	23	49	0	29	19
cell33	0	56	22	19	16	29	52	0	49	0
cell34	0	57	14	30	43	5	15	34	51	0
cell35	0	38	36	15	48	0	44	0	54	0
cell36	0	41	57	0	54	0	53	0	48	0
cell37	0	48	6	46	42	0	57	0	50	2
cell38	0	48	24	33	44	0	31	17	46	0
cell39	0	51	16	37	40	11	54	0	51	0
cell40	0	52	42	0	48	1	55	0	76	0
cell41	0	52	44	0	57	0	50	2	40	0
cell42	0	57	32	21	21	39	48	0	42	28
cell43	0	49	3	38	26	21	48	2	54	0
cell44	0	50	11	27	39	0	40	22	57	0
cell45	3	52	31	23	45	12	52	0	47	0
cell46	0	62	13	43	32	15	52	0	50	0
cell47	0	45	48	0	61	1	46	0	50	0
cell48	0	50	54	0	53	0	40	0	54	0
cell49	0	35	12	29	52	6	48	0	46	0
cell50	0	48	57	0	63	0	42	0	50	2
cell51	0	48	14	26	52	0	51	0	49	0
cell52	0	49	47	0	41	0	50	0	43	0
cell53	0	42	12	31	23	22	62	0	41	2
cell54	0	69	44	7	56	3	56	0	47	0
cell55	0	51	38	27	24	19	31	1	47	0
cell56	2	49	7	37	54	0	34	9	52	0
cell57	0	53	35	23	13	37	62	0	49	0
cell58	0	55	10	36	52	0	18	29	41	4
cell59	0	48	1	42	31	26	44	0	45	3
cell60	0	56	30	0	49	3	40	3	41	0
cell61	0	46	19	25	49	0	45	0	51	4
cell62	0	47	6	51	59	0	56	2	58	1
cell63	1	47	3	45	55	1	52	0	46	0
cell64	0	41	7	36	37	9	36	2	44	2
cell65	0	51	23	37	40	0	45	2	63	0
cell66	0	45	18	36	44	0	47	0	48	0
cell67	0	68	43	0	48	0	45	0	42	3
cell68	2	45	49	1	45	0	45	0	53	0
cell69	0	40	21	15	45	0	55	5	54	0
cell70	0	52	36	12	53	2	57	0	53	0
cell71	1	52	27	33	59	0	32	10	42	6
cell72	7	35	12	35	40	0	13	18	53	0
cell73	0	48	5	57	5	53	47	0	54	0
cell74	0	46	11	38	50	0	18	33	38	0
cell75	0	57	48	0	65	0	53	0	54	0
cell76	4	41	0	45	20	21	49	2	41	0
cell77	2	35	9	52	21	22	49	0	43	15
cell78	0	52	9	40	57	0	67	0	55	3
cell79	5	44	5	52	1	49	55	0	49	0
cell80	1	50	25	29	51	0	50	0	54	0
cell81	0	44	13	34	20	39	50	0	45	0
cell82	3	43	51	4	49	0	51	0	59	0
cell83	2	46	15	42	46	0	54	5	54	0
cell84	0	35	20	28	43	0	50	0	49	0
cell85	0	73	17	34	30	25	48	0	56	0
cell86	0	49	8	43	57	4	56	2	59	0
cell87	1	54	30	30	41	23	66	0	37	9
cell88	0	51	8	32	54	0	20	33	50	0
cell89	0	54	53	0	43	11	62	0	36	1
cell90	0	55	7	37	44	0	18	32	43	0
cell91	0	52	14	32	34	2	44	8	54	0
cell92	0	51	28	34	23	18	56	1	41	0
cell93	0	45	39	30	40	7	44	0	51	0
cell94	4	51	23	45	20	21	57	0	45	6
cell95	0	44	22	23	50	0	34	9	48	0
cell96	0	46	18	43	65	0	57	0	43	0
cell97	0	43	51	0	35	0	60	0	57	0
cell98	0	45	43	6	39	0	43	3	55	0
cell99	0	53	6	34	24	24	63	0	62	0
cell100	0	60	0	51	26	25	55	0	51	8
cell101	0	50	1	47	25	33	37	0	42	10
cell102	0	68	37	6	34	3	48	0	56	0
cell103	0	54	8	48	64	0	56	1	38	0
cell104	0	66	44	0	47	0	54	0	57	1
cell105	6	44	33	21	41	17	32	0	41	10
cell106	2	41	34	23	43	0	38	8	47	4
cell107	7	49	20	24	12	39	46	0	45	0
cell108	0	43	0	48	51	0	42	9	52	4
cell109	0	53	3	37	34	17	48	3	52	0
cell110	0	52	14	34	20	26	46	2	50	0
cell111	0	51	25	36	28	13	46	0	38	4
cell112	0	43	35	27	44	0	47	5	45	0
cell113	0	38	56	7	44	1	57	0	58	0
cell114	0	45	8	43	39	12	37	0	48	8
cell115	0	46	6	40	44	0	46	0	55	0
cell116	0	57	54	0	60	0	55	2	51	0
cell117	0	44	41	10	43	0	53	0	40	0
cell118	1	48	19	40	43	0	42	3	46	0
cell119	3	51	1	53	21	28	43	0	41	11
cell120	0	59	26	33	39	12	52	0	52	0
cell121	0	61	8	40	41	18	53	1	45	3
cell122	0	52	37	13	49	0	26	28	58	0
cell123	0	55	16	29	12	21	61	0	38	13
cell124	1	48	8	41	51	0	36	13	44	0
cell125	1	47	48	4	43	0	53	0	56	2
cell126	0	55	46	0	53	0	54	0	62	1
cell127	1	49	4	31	59	0	46	0	50	0
cell128	0	44	7	49	23	21	44	0	22	20
cell129	0	47	17	29	51	0	59	0	42	0
cell130	1	64	2	56	48	0	17	35	48	3
cell131	0	36	20	35	20	33	55	1	41	8
cell132	1	48	31	12	46	9	58	0	47	2
cell133	0	42	5	42	11	59	54	3	48	9
cell134	0	53	1	47	41	0	37	8	46	1
cell135	1	49	9	41	50	3	30	9	47	0
cell136	0	57	0	54	24	20	42	1	53	0
cell137	7	41	25	31	29	23	37	0	54	0
cell138	0	61	6	48	32	19	61	0	21	26
cell139	1	49	11	31	6	50	31	0	51	0
cell140	0	45	14	31	53	0	42	1	47	0
cell141	0	55	41	1	41	0	45	1	52	2
cell142	4	44	29	22	58	0	61	0	47	0
cell143	0	56	26	21	49	0	56	0	68	2
cell144	0	55	31	16	50	0	47	13	36	0
cell145	0	57	45	2	52	0	56	0	52	0
cell146	0	45	61	1	61	0	51	0	58	0
cell147	0	51	4	41	42	0	38	2	68	0
cell148	0	46	33	23	53	1	39	10	54	0
cell149	0	58	41	1	64	0	54	0	51	0
cell150	0	54	8	30	64	0	44	2	50	0
cell151	0	51	40	0	50	0	51	0	54	0
cell152	0	42	12	46	50	0	18	30	60	0
cell153	0	55	3	43	39	0	24	21	49	0
cell154	0	44	26	21	44	10	40	0	45	0
cell155	0	49	48	0	57	1	45	0	49	0
cell156	0	56	4	45	12	27	49	0	53	0
cell157	2	59	9	37	57	0	10	35	47	0
cell158	0	54	3	45	20	43	45	3	41	0
cell159	0	51	11	42	49	1	3	48	44	3
cell160	0	62	12	43	36	9	41	0	45	2
cell161	1	53	7	52	32	33	55	0	37	17
cell162	0	51	3	49	36	0	50	0	42	0
cell163	0	42	10	50	34	0	61	2	48	0
cell164	3	45	2	66	43	0	39	16	43	0
cell165	2	61	0	48	30	17	45	0	37	0
cell166	0	43	4	45	62	0	22	20	43	0
cell167	0	45	50	0	55	0	53	0	45	0
cell168	0	68	14	46	43	0	33	32	53	0
cell169	1	52	25	30	50	0	29	17	47	0
cell170	0	51	20	47	36	16	42	0	49	5
cell171	0	49	4	46	41	0	38	10	43	0
cell172	0	52	16	35	70	0	19	38	44	0
cell173	0	49	46	0	51	0	57	0	67	0
cell174	0	41	6	39	46	7	54	0	42	0
cell175	0	44	32	24	28	28	69	0	50	9
cell176	0	49	13	39	47	11	69	0	56	0
cell177	0	38	48	0	43	0	48	0	41	1
cell178	0	54	15	40	22	17	31	0	22	25
cell179	1	47	35	4	46	1	44	0	49	0
cell180	0	53	66	0	49	2	54	0	30	1
cell181	0	44	10	29	18	29	51	0	32	7
cell182	0	39	11	30	49	0	26	42	45	0
cell183	0	51	25	24	38	12	53	0	47	0
cell184	0	57	55	0	47	1	54	0	49	0
cell185	0	44	18	22	26	27	45	0	49	0
cell186	0	40	21	28	16	25	43	0	24	24
cell187	1	54	9	38	27	23	47	0	45	2
cell188	0	40	3	53	51	0	24	31	46	1
cell189	0	44	51	0	59	0	44	0	44	0
cell190	0	54	34	23	39	2	44	0	52	0
cell191	0	52	7	39	51	1	48	0	50	0
cell192	0	50	40	2	47	0	59	0	50	0
cell193	0	59	2	49	44	14	47	1	62	1
cell194	3	58	33	13	54	0	42	0	55	0
cell195	0	59	1	44	1	55	51	0	11	42
cell196	0	58	38	3	60	0	57	0	56	0
cell197	0	47	7	50	43	0	26	22	54	0
cell198	0	54	17	41	18	27	63	0	29	15
cell199	0	46	5	35	36	18	46	0	46	3
cell200	0	50	19	25	46	1	39	5	47	0
cell201	0	46	11	53	23	17	54	0	54	0
cell202	0	43	8	52	42	0	44	3	44	0
cell203	0	46	20	29	37	0	44	17	44	0
cell204	0	53	59	0	43	0	36	1	38	3
cell205	0	50	56	0	49	0	37	0	40	0
cell206	6	46	18	35	29	14	39	0	39	6
cell207	1	37	49	0	65	0	54	0	51	0
cell208	0	55	9	49	56	0	48	6	53	3
cell209	0	37	11	35	17	33	42	1	55	1
cell210	0	51	48	1	54	2	53	0	47	0
cell211	1	66	37	12	43	0	33	10	44	0
cell212	0	52	38	10	53	0	41	0	56	0
cell213	0	49	32	14	56	0	55	0	40	0
cell214	0	40	26	17	36	19	41	0	52	0
cell215	0	42	3	51	7	53	57	7	44	0
cell216	0	40	40	11	57	0	46	1	58	0
cell217	1	51	13	18	27	27	49	0	49	0
cell218	0	37	11	40	10	46	64	0	42	0
cell219	1	49	43	10	46	3	42	2	58	1
cell220	0	43	12	20	64	0	19	21	59	0
cell221	0	50	51	0	57	0	53	0	48	3
cell222	1	51	18	32	41	0	45	1	52	0
cell223	0	54	9	47	18	30	59	1	42	5
cell224	0	48	15	21	45	0	53	0	41	0
cell225	5	42	53	5	57	0	59	0	44	0
cell226	0	66	14	29	55	0	10	41	54	0
cell227	0	61	21	30	48	0	39	9	50	1
cell228	0	51	49	2	38	0	43	4	49	5
cell229	0	41	4	43	47	2	48	1	46	0
cell230	0	46	47	0	38	0	41	0	50	0
cell231	0	53	0	41	35	0	43	0	49	1
cell232	0	57	47	1	53	0	59	0	50	3
cell233	0	44	17	34	36	14	49	0	50	0
cell234	0	57	48	0	49	0	45	0	49	0
cell235	0	57	5	50	24	24	55	0	56	0
cell236	3	38	52	7	50	6	50	0	62	0
cell237	0	45	34	15	37	19	44	0	44	1
cell238	0	53	9	56	62	2	62	1	59	0
cell239	0	47	1	55	50	0	19	31	62	1
cell240	0	54	18	25	44	0	35	11	46	0
cell241	2	44	11	29	41	0	40	0	49	0
cell242	0	59	16	29	12	35	52	0	39	10
cell243	0	62	12	31	71	0	29	21	51	0
cell244	0	52	46	0	35	3	52	0	55	0
cell245	0	47	22	21	39	0	45	0	55	0
cell246	0	51	44	1	63	0	40	1	57	0
cell247	0	37	46	0	41	0	42	0	50	0
cell248	0	52	56	0	54	0	42	0	67	0
cell249	1	52	23	36	46	0	26	32	45	0
cell250	0	47	24	26	37	15	41	0	40	0
cell251	0	59	3	63	52	1	59	0	52	0
cell252	0	54	1	45	18	38	49	0	14	39
cell253	0	58	22	29	49	3	56	0	54	0
cell254	0	57	22	15	52	0	49	5	60	0
cell255	0	46	9	31	46	1	36	9	51	0
cell256	5	39	22	35	49	0	41	0	49	0
cell257	0	40	38	7	39	0	37	1	53	1
cell258	0	66	10	47	21	22	48	0	54	1
cell259	1	55	36	1	64	0	54	0	47	0
cell260	0	45	26	30	55	0	64	0	53	0
cell261	4	38	2	42	55	0	4	32	43	0
cell262	1	46	27	32	50	0	41	13	48	1
cell263	9	55	2	44	15	53	41	0	24	23
cell264	1	38	20	29	36	0	52	2	47	0
cell265	0	48	7	32	47	0	40	2	50	1
cell266	2	50	19	35	48	0	55	6	51	0
cell267	2	47	42	0	42	2	42	3	54	0
cell268	6	60	43	15	30	4	49	6	43	0
cell269	0	59	16	39	27	20	53	0	45	0
cell270	0	46	35	20	43	0	41	0	41	0
cell271	0	52	17	29	59	0	35	0	40	0
cell272	0	52	19	35	55	0	50	0	48	0
cell273	0	55	2	51	50	0	40	8	50	0
cell274	2	39	18	43	6	35	45	5	53	1
cell275	0	54	44	10	54	0	60	0	64	0
cell276	7	43	7	41	42	0	46	0	38	0
cell277	0	38	36	12	46	0	53	0	44	1
cell278	0	51	16	45	55	0	47	0	40	1
cell279	0	46	8	43	52	0	25	26	56	0
cell280	0	59	19	34	31	21	61	0	40	2
cell281	0	44	51	0	50	0	49	7	39	0
cell282	0	42	51	1	48	0	54	0	45	0
cell283	1	50	34	25	53	0	41	2	52	0
cell284	0	55	18	24	55	0	20	26	47	0
cell285	0	39	42	7	51	0	51	0	49	0
cell286	0	51	18	26	39	13	55	0	47	0
cell287	0	48	61	0	48	0	51	0	42	0
cell288	0	59	40	0	44	0	63	0	42	0
cell289	0	38	56	1	53	0	51	0	37	1
cell290	0	49	11	39	63	0	23	12	45	0
cell291	0	60	14	34	4	41	52	0	20	14
cell292	0	41	29	28	23	11	52	0	38	1
cell293	0	31	11	37	34	18	51	0	32	18
cell294	0	33	3	47	44	0	37	0	50	0
cell295	1	49	28	24	42	0	56	0	50	0
cell296	0	45	45	0	36	3	40	0	51	0
cell297	0	52	1	48	60	2	7	43	53	0
cell298	0	52	16	39	60	5	49	1	50	0
cell299	1	52	39	0	36	22	42	1	54	1
cell300	0	54	51	0	50	0	43	0	50	0
cell301	1	53	5	39	21	33	63	0	40	3
cell302	0	46	46	0	54	1	44	0	45	0
cell303	0	50	9	46	46	0	50	0	46	0
cell304	0	45	13	39	49	0	49	6	43	0
cell305	0	53	30	25	32	11	51	1	48	4
cell306	0	52	1	38	11	38	41	0	32	22
cell307	0	45	24	28	44	2	43	2	43	0
cell308	2	44	18	31	60	0	50	0	55	0
cell309	0	50	12	31	57	0	39	0	40	1
cell310	1	45	5	47	57	0	52	0	40	2
cell311	3	58	8	34	9	42	42	0	32	12
cell312	0	49	29	9	37	0	49	0	43	1
cell313	0	51	3	44	61	0	9	41	43	0
cell314	0	63	18	34	15	29	51	0	48	0
cell315	0	53	26	17	43	0	41	0	38	0
cell316	0	54	7	37	56	2	43	1	45	0
cell317	0	59	10	39	10	41	43	0	22	34
cell318	0	50	16	31	39	14	45	0	43	0
cell319	0	58	0	59	44	0	56	0	48	0
cell320	0	49	0	49	14	39	36	0	38	3
cell321	18	38	3	57	26	6	54	0	55	0
cell322	3	46	51	0	59	0	47	0	38	2
cell323	0	53	15	40	33	23	62	0	40	6
cell324	0	57	28	22	32	8	43	0	49	0
cell325	0	57	36	17	34	3	45	6	55	0
cell326	0	50	16	31	42	11	47	0	54	0
cell327	1	40	11	27	21	37	41	0	52	1
cell328	0	51	40	0	48	0	48	0	50	0
cell329	2	28	8	46	15	25	50	1	52	0
cell330	0	45	48	0	55	0	62	0	51	1
cell331	0	42	58	0	44	0	62	0	46	0
cell332	1	44	30	18	54	0	45	0	50	0
cell333	0	44	15	47	45	0	41	21	39	0
cell334	0	55	14	30	18	41	40	0	44	0
cell335	0	70	24	40	48	5	21	28	59	0
cell336	0	57	3	38	50	0	8	39	58	0
cell337	0	46	31	33	42	18	50	0	43	11
cell338	2	42	14	34	22	30	56	0	55	0
cell339	0	57	12	33	60	8	46	10	43	0
cell340	0	57	16	26	43	2	23	28	51	0
cell341	0	55	47	0	51	0	47	0	57	3
cell342	0	35	4	49	45	8	40	0	59	0
cell343	0	49	55	0	54	3	58	0	43	0
cell344	0	36	26	24	48	0	46	0	42	8
cell345	0	52	13	45	17	42	57	3	46	7
cell346	0	38	10	43	26	32	48	0	17	29
cell347	0	42	54	0	54	0	48	0	49	0
cell348	0	33	49	0	35	0	52	0	50	1
cell349	0	45	7	44	11	30	46	0	35	17
cell350	0	55	6	43	52	0	58	0	44	0
cell351	0	58	18	42	56	8	55	4	42	0
cell352	0	45	19	29	14	33	49	0	34	9
cell353	0	48	12	44	10	36	41	3	22	30
cell354	0	47	42	0	55	0	53	2	52	0
cell355	0	52	54	1	53	0	47	1	52	0
cell356	0	55	6	56	27	17	61	0	50	0
cell357	0	46	29	22	55	0	34	23	42	0
cell358	0	52	6	45	35	0	48	0	50	0
cell359	0	41	55	0	52	0	45	0	56	2
cell360	2	49	5	42	53	0	43	5	55	0
cell361	1	54	17	28	28	21	46	0	51	0
cell362	0	49	12	32	43	2	49	1	47	0
cell363	0	40	12	32	58	0	39	2	53	0
cell364	0	48	57	1	44	0	49	0	57	0
cell365	0	40	14	40	46	0	48	17	50	3
cell366	0	63	14	34	41	0	39	7	52	0
cell367	0	52	44	1	36	0	57	0	57	0
cell368	0	40	15	35	34	20	50	0	30	16
cell369	0	45	17	42	34	6	31	24	52	0
cell370	0	41	42	13	49	1	48	0	45	0
cell371	0	46	2	52	28	16	55	0	54	0
cell372	0	50	13	32	35	18	54	2	49	0
cell373	0	51	14	49	44	7	21	26	40	7
cell374	0	59	23	25	42	4	63	0	49	0
cell375	1	45	18	20	34	21	64	0	27	16
cell376	0	44	38	0	41	0	45	1	46	0
cell377	0	49	12	41	61	0	46	0	58	0
cell378	0	63	11	48	41	5	58	0	50	0
cell379	0	43	8	37	11	47	47	0	38	23
cell380	0	43	35	14	51	1	47	9	35	0
cell381	4	41	14	34	51	1	33	4	43	2
cell382	1	50	12	43	16	37	53	0	47	0
cell383	0	57	51	7	47	3	37	1	56	0
cell384	1	41	9	38	26	28	66	0	42	0
cell385	0	33	6	28	27	26	40	8	37	12
cell386	0	51	26	28	37	5	56	0	50	0
cell387	0	41	44	0	38	0	45	0	55	0
cell388	0	48	29	26	46	0	46	4	58	0
cell389	0	43	27	33	43	0	27	19	39	5
cell390	0	54	47	5	54	0	48	0	55	0
cell391	2	56	30	12	53	0	51	4	48	0
cell392	0	50	21	30	33	22	50	0	45	6
cell393	2	55	8	51	55	0	15	42	63	0
cell394	0	41	8	41	53	0	34	16	35	0
cell395	0	52	33	23	51	0	17	30	52	8
cell396	0	47	13	45	45	3	62	0	48	3
cell397	0	41	17	28	45	0	36	15	47	0
cell398	0	50	23	22	48	4	45	9	44	0
cell399	0	52	21	27	51	0	22	14	57	7
cell400	0	51	3	54	52	0	13	36	37	0
cell401	0	37	48	0	46	1	44	0	54	0
cell402	0	57	48	0	44	0	55	0	43	0
cell403	0	51	48	0	41	0	58	0	47	1
cell404	0	45	1	48	38	21	48	0	58	0
cell405	0	51	54	0	47	0	42	0	58	0
cell406	0	57	31	26	42	0	54	0	46	0
cell407	0	50	7	36	25	12	50	0	36	6
cell408	1	42	65	0	55	0	56	0	44	2
cell409	0	55	48	18	37	27	56	0	41	0
cell410	0	53	33	20	51	2	54	0	56	0
cell411	0	56	27	32	45	2	38	11	44	1
cell412	0	41	29	11	61	0	43	0	50	0
cell413	0	51	50	9	58	0	39	16	58	0
cell414	0	44	8	49	46	0	49	0	50	0
cell415	0	61	54	1	47	1	52	0	52	0
cell416	0	58	13	28	26	12	40	0	44	0
cell417	0	52	1	52	12	49	50	0	56	0
cell418	0	40	37	0	50	0	61	0	40	1
cell419	0	50	1	56	11	43	37	0	46	0
cell420	0	50	28	28	50	0	56	0	49	0
cell421	0	49	11	43	44	9	53	0	42	2
cell422	8	46	27	8	49	3	46	0	50	3
cell423	0	46	8	42	42	9	45	1	54	0
cell424	0	64	49	4	40	0	54	0	49	0
cell425	0	49	29	12	48	0	42	5	53	0
cell426	7	52	5	52	49	4	58	3	50	4
cell427	0	38	16	27	29	25	56	0	51	0
cell428	0	39	10	30	40	0	18	51	42	0
cell429	0	54	62	0	54	0	41	0	51	0
cell430	0	55	56	0	46	3	50	0	55	0
cell431	0	47	60	0	51	0	55	6	61	3
cell432	0	51	19	22	41	0	40	4	48	0
cell433	0	49	21	29	54	0	26	20	35	0
cell434	0	50	37	16	59	0	66	0	62	3
cell435	0	42	15	30	41	0	54	0	40	0
cell436	1	53	40	2	46	0	51	2	50	2
cell437	1	43	11	21	51	0	37	8	46	0
cell438	0	34	37	15	50	0	31	15	47	0
cell439	1	55	14	27	61	0	61	2	51	0
cell440	0	46	11	45	39	6	52	1	54	0
cell441	0	58	23	26	48	0	28	19	61	0
cell442	0	64	48	0	47	0	45	0	58	0
cell443	0	51	27	28	63	0	39	15	44	0
cell444	4	47	0	57	11	40	43	0	45	0
cell445	0	42	14	30	47	0	57	0	59	0
cell446	0	55	0	53	17	28	58	0	33	13
cell447	0	45	12	32	26	26	42	0	36	24
cell448	0	50	20	26	58	0	27	19	48	0
cell449	0	59	2	41	33	7	50	0	52	0
cell450	0	49	40	4	69	0	46	2	46	0
cell451	0	50	24	25	43	1	54	0	55	0
cell452	0	44	57	1	49	0	48	0	68	0
cell453	0	52	48	0	59	0	54	0	30	10
cell454	0	51	49	0	67	0	57	1	41	0
cell455	0	55	22	26	26	19	66	0	54	1
cell456	1	41	38	12	40	0	51	2	49	0
cell457	6	44	52	6	37	0	61	0	44	0
cell458	0	59	2	47	36	13	60	0	47	0
cell459	0	50	49	0	63	0	51	4	57	0
cell460	0	48	14	33	56	0	51	0	43	0
cell461	0	45	14	38	40	5	28	13	53	0
cell462	0	41	13	37	61	0	30	16	28	4
cell463	0	59	53	0	58	3	41	1	46	0
cell464	0	45	4	50	53	0	41	1	50	0
cell465	0	48	5	52	44	4	66	0	54	1
cell466	1	53	43	3	51	0	45	1	60	0
cell467	0	37	29	33	40	0	68	0	46	0
cell468	0	37	37	15	51	0	41	4	53	0
cell469	0	42	34	23	39	0	43	1	58	1
cell470	0	56	19	32	26	17	48	0	43	0
cell471	0	60	50	0	55	0	38	0	51	0
cell472	0	46	24	26	40	11	51	0	46	0
cell473	0	56	53	1	47	0	57	0	56	0
cell474	10	42	8	41	8	45	51	0	37	22
cell475	0	60	50	11	47	0	52	0	44	0
cell476	0	57	47	0	46	0	49	0	50	1
cell477	4	45	36	12	53	3	54	4	54	0
cell478	0	59	15	46	32	16	39	5	39	10
cell479	0	54	37	0	51	0	64	0	36	0
cell480	0	38	26	29	44	0	51	2	51	0
cell481	0	56	52	4	40	0	41	0	52	2
cell482	0	63	27	26	58	0	42	2	46	0
cell483	0	45	3	50	57	0	22	24	40	0
cell484	0	46	8	35	45	2	52	0	54	0
cell485	0	41	33	0	45	0	43	0	50	0
cell486	2	44	9	45	17	39	52	0	61	2
cell487	0	47	0	43	4	53	56	0	29	28
cell488	0	49	28	19	43	0	48	1	50	0
cell489	0	47	42	0	40	0	57	0	54	0
cell490	1	47	19	30	27	15	49	0	57	2
cell491	0	50	1	43	54	0	30	14	55	0
cell492	0	64	5	45	57	0	35	14	48	0
cell493	0	53	17	26	40	5	48	0	55	0
cell494	3	57	4	65	17	29	53	0	31	31
cell495	0	57	61	0	37	0	45	0	59	0
cell496	0	47	12	23	31	8	43	0	52	0
cell497	0	49	48	0	39	0	39	0	69	0
cell498	6	43	26	25	52	0	39	25	44	0
cell499	0	55	0	50	12	35	43	0	47	1
cell500	0	53	0	65	39	0	32	24	32	7
