50 35 52 44 55 0
52 60 52 45 38 0
57 67 57 54 65 0
49 45 50 49 44 0
40 48 43 44 56 0
43 47 44 55 63 0
59 54 47 55 54 0
48 51 52 47 57 0
47 47 45 58 50 0
48 48 54 53 55 0
53 49 55 66 54 0
45 52 47 47 54 0
53 47 55 48 54 0
43 51 32 52 67 0
51 50 47 52 50 0
43 46 36 56 54 0
50 53 44 50 54 0
51 35 48 55 65 0
52 65 44 48 48 0
50 55 37 48 57 0
59 34 50 51 49 0
49 62 38 65 65 0
46 57 47 51 52 0
48 55 52 54 52 0
47 48 67 51 41 0
63 43 50 55 44 0
51 55 44 62 46 0
50 56 62 50 50 0
48 52 46 60 55 0
53 49 46 50 53 0
53 55 44 48 65 0
56 48 53 49 48 0
56 41 45 52 49 0
57 44 48 49 51 0
38 51 48 44 54 0
41 57 54 53 48 0
48 52 42 57 52 0
48 57 44 48 46 0
51 53 51 54 51 0
52 42 49 55 76 0
52 44 57 52 40 0
57 53 60 48 70 0
49 41 47 50 54 0
50 38 39 62 57 0
55 54 57 52 47 0
62 56 47 52 50 0
45 48 62 46 50 0
50 54 53 40 54 0
35 41 58 48 46 0
48 57 63 42 52 0
48 40 52 51 49 0
49 47 41 50 43 0
42 43 45 62 43 0
69 51 59 56 47 0
51 65 43 32 47 0
51 44 54 43 52 0
53 58 50 62 49 0
55 46 52 47 45 0
48 43 57 44 48 0
56 30 52 43 41 0
46 44 49 45 55 0
47 57 59 58 59 0
48 48 56 52 46 0
41 43 46 38 46 0
51 60 40 47 63 0
45 54 44 47 48 0
68 43 48 45 45 0
47 50 45 45 53 0
40 36 45 60 54 0
52 48 55 57 53 0
53 60 59 42 48 0
42 47 40 31 53 0
48 62 58 47 54 0
46 49 50 51 38 0
57 48 65 53 54 0
45 45 41 51 41 0
37 61 43 49 58 0
52 49 57 67 58 0
49 57 50 55 49 0
51 54 51 50 54 0
44 47 59 50 45 0
46 55 49 51 59 0
48 57 46 59 54 0
35 48 43 50 49 0
73 51 55 48 56 0
49 51 61 58 59 0
55 60 64 66 46 0
51 40 54 53 50 0
54 53 54 62 37 0
55 44 44 50 43 0
52 46 36 52 54 0
51 62 41 57 41 0
45 69 47 44 51 0
55 68 41 57 51 0
44 45 50 43 48 0
46 61 65 57 43 0
43 51 35 60 57 0
45 49 39 46 55 0
53 40 48 63 62 0
60 51 51 55 59 0
50 48 58 37 52 0
68 43 37 48 56 0
54 56 64 57 38 0
66 44 47 54 58 0
50 54 58 32 51 0
43 57 43 46 51 0
56 44 51 46 45 0
43 48 51 51 56 0
53 40 51 51 52 0
52 48 46 48 50 0
51 61 41 46 42 0
43 62 44 52 45 0
38 63 45 57 58 0
45 51 51 37 56 0
46 46 44 46 55 0
57 54 60 57 51 0
44 51 43 53 40 0
49 59 43 45 46 0
54 54 49 43 52 0
59 59 51 52 52 0
61 48 59 54 48 0
52 50 49 54 58 0
55 45 33 61 51 0
49 49 51 49 44 0
48 52 43 53 58 0
55 46 53 54 63 0
50 35 59 46 50 0
44 56 44 44 42 0
47 46 51 59 42 0
65 58 48 52 51 0
36 55 53 56 49 0
49 43 55 58 49 0
42 47 70 57 57 0
53 48 41 45 47 0
50 50 53 39 47 0
57 54 44 43 53 0
48 56 52 37 54 0
61 54 51 61 47 0
50 42 56 31 51 0
45 45 53 43 47 0
55 42 41 46 54 0
48 51 58 61 47 0
56 47 49 56 70 0
55 47 50 60 36 0
57 47 52 56 52 0
45 62 61 51 58 0
51 45 42 40 68 0
46 56 54 49 54 0
58 42 64 54 51 0
54 38 64 46 50 0
51 40 50 51 54 0
42 58 50 48 60 0
55 46 39 45 49 0
44 47 54 40 45 0
49 48 58 45 49 0
56 49 39 49 53 0
61 46 57 45 47 0
54 48 63 48 41 0
51 53 50 51 47 0
62 55 45 41 47 0
54 59 65 55 54 0
51 52 36 50 42 0
42 60 34 63 48 0
48 68 43 55 43 0
63 48 47 45 37 0
43 49 62 42 43 0
45 50 55 53 45 0
68 60 43 65 53 0
53 55 50 46 47 0
51 67 52 42 54 0
49 50 41 48 43 0
52 51 70 57 44 0
49 46 51 57 67 0
41 45 53 54 42 0
44 56 56 69 59 0
49 52 58 69 56 0
38 48 43 48 42 0
54 55 39 31 47 0
48 39 47 44 49 0
53 66 51 54 31 0
44 39 47 51 39 0
39 41 49 68 45 0
51 49 50 53 47 0
57 55 48 54 49 0
44 40 53 45 49 0
40 49 41 43 48 0
55 47 50 47 47 0
40 56 51 55 47 0
44 51 59 44 44 0
54 57 41 44 52 0
52 46 52 48 50 0
50 42 47 59 50 0
59 51 58 48 63 0
61 46 54 42 55 0
59 45 56 51 53 0
58 41 60 57 56 0
47 57 43 48 54 0
54 58 45 63 44 0
46 40 54 46 49 0
50 44 47 44 47 0
46 64 40 54 54 0
43 60 42 47 44 0
46 49 37 61 44 0
53 59 43 37 41 0
50 56 49 37 40 0
52 53 43 39 45 0
38 49 65 54 51 0
55 58 56 54 56 0
37 46 50 43 56 0
51 49 56 53 47 0
67 49 43 43 44 0
52 48 53 41 56 0
49 46 56 55 40 0
40 43 55 41 52 0
42 54 60 64 44 0
40 51 57 47 58 0
52 31 54 49 49 0
37 51 56 64 42 0
50 53 49 44 59 0
43 32 64 40 59 0
50 51 57 53 51 0
52 50 41 46 52 0
54 56 48 60 47 0
48 36 45 53 41 0
47 58 57 59 44 0
66 43 55 51 54 0
61 51 48 48 51 0
51 51 38 47 54 0
41 47 49 49 46 0
46 47 38 41 50 0
53 41 35 43 50 0
57 48 53 59 53 0
44 51 50 49 50 0
57 48 49 45 49 0
57 55 48 55 56 0
41 59 56 50 62 0
45 49 56 44 45 0
53 65 64 63 59 0
47 56 50 50 63 0
54 43 44 46 46 0
46 40 41 40 49 0
59 45 47 52 49 0
62 43 71 50 51 0
52 46 38 52 55 0
47 43 39 45 55 0
51 45 63 41 57 0
37 46 41 42 50 0
52 56 54 42 67 0
53 59 46 58 45 0
47 50 52 41 40 0
59 66 53 59 52 0
54 46 56 49 53 0
58 51 52 56 54 0
57 37 52 54 60 0
46 40 47 45 51 0
44 57 49 41 49 0
40 45 39 38 54 0
66 57 43 48 55 0
56 37 64 54 47 0
45 56 55 64 53 0
42 44 55 36 43 0
47 59 50 54 49 0
64 46 68 41 47 0
39 49 36 54 47 0
48 39 47 42 51 0
52 54 48 61 51 0
49 42 44 45 54 0
66 58 34 55 43 0
59 55 47 53 45 0
46 55 43 41 41 0
52 46 59 35 40 0
52 54 55 50 48 0
55 53 50 48 50 0
41 61 41 50 54 0
54 54 54 60 64 0
50 48 42 46 38 0
38 48 46 53 45 0
51 61 55 47 41 0
46 51 52 51 56 0
59 53 52 61 42 0
44 51 50 56 39 0
42 52 48 54 45 0
51 59 53 43 52 0
55 42 55 46 47 0
39 49 51 51 49 0
51 44 52 55 47 0
48 61 48 51 42 0
59 40 44 63 42 0
38 57 53 51 38 0
49 50 63 35 45 0
60 48 45 52 34 0
41 57 34 52 39 0
31 48 52 51 50 0
33 50 44 37 50 0
50 52 42 56 50 0
45 45 39 40 51 0
52 49 62 50 53 0
52 55 65 50 50 0
53 39 58 43 55 0
54 51 50 43 50 0
54 44 54 63 43 0
46 46 55 44 45 0
50 55 46 50 46 0
45 52 49 55 43 0
53 55 43 52 52 0
52 39 49 41 54 0
45 52 46 45 43 0
46 49 60 50 55 0
50 43 57 39 41 0
46 52 57 52 42 0
61 42 51 42 44 0
49 38 37 49 44 0
51 47 61 50 43 0
63 52 44 51 48 0
53 43 43 41 38 0
54 44 58 44 45 0
59 49 51 43 56 0
50 47 53 45 43 0
58 59 44 56 48 0
49 49 53 36 41 0
56 60 32 54 55 0
49 51 59 47 40 0
53 55 56 62 46 0
57 50 40 43 49 0
57 53 37 51 55 0
50 47 53 47 54 0
41 38 58 41 53 0
51 40 48 48 50 0
30 54 40 51 52 0
45 48 55 62 52 0
42 58 44 62 46 0
45 48 54 45 50 0
44 62 45 62 39 0
55 44 59 40 44 0
70 64 53 49 59 0
57 41 50 47 58 0
46 64 60 50 54 0
44 48 52 56 55 0
57 45 68 56 43 0
57 42 45 51 51 0
55 47 51 47 60 0
35 53 53 40 59 0
49 55 57 58 43 0
36 50 48 46 50 0
52 58 59 60 53 0
38 53 58 48 46 0
42 54 54 48 49 0
33 49 35 52 51 0
45 51 41 46 52 0
55 49 52 58 44 0
58 60 64 59 42 0
45 48 47 49 43 0
48 56 46 44 52 0
47 42 55 55 52 0
52 55 53 48 52 0
55 62 44 61 50 0
46 51 55 57 42 0
52 51 35 48 50 0
41 55 52 45 58 0
51 47 53 48 55 0
55 45 49 46 51 0
49 44 45 50 47 0
40 44 58 41 53 0
48 58 44 49 57 0
40 54 46 65 53 0
63 48 41 46 52 0
52 45 36 57 57 0
40 50 54 50 46 0
45 59 40 55 52 0
41 55 50 48 45 0
46 54 44 55 54 0
50 45 53 56 49 0
51 63 51 47 47 0
59 48 46 63 49 0
46 38 55 64 43 0
44 38 41 46 46 0
49 53 61 46 58 0
63 59 46 58 50 0
43 45 58 47 61 0
43 49 52 56 35 0
45 48 52 37 45 0
51 55 53 53 47 0
57 58 50 38 56 0
42 47 54 66 42 0
33 34 53 48 49 0
51 54 42 56 50 0
41 44 38 45 55 0
48 55 46 50 58 0
43 60 43 46 44 0
54 52 54 48 55 0
58 42 53 55 48 0
50 51 55 50 51 0
57 59 55 57 63 0
41 49 53 50 35 0
52 56 51 47 60 0
47 58 48 62 51 0
41 45 45 51 47 0
50 45 52 54 44 0
52 48 51 36 64 0
51 57 52 49 37 0
37 48 47 44 54 0
57 48 44 55 43 0
51 48 41 58 48 0
45 49 59 48 58 0
51 54 47 42 58 0
57 57 42 54 46 0
50 43 37 50 42 0
43 65 55 56 46 0
55 66 64 56 41 0
53 53 53 54 56 0
56 59 47 49 45 0
41 40 61 43 50 0
51 59 58 55 58 0
44 57 46 49 50 0
61 55 48 52 52 0
58 41 38 40 44 0
52 53 61 50 56 0
40 37 50 61 41 0
50 57 54 37 46 0
50 56 50 56 49 0
49 54 53 53 44 0
54 35 52 46 53 0
46 50 51 46 54 0
64 53 40 54 49 0
49 41 48 47 53 0
59 57 53 61 54 0
38 43 54 56 51 0
39 40 40 69 42 0
54 62 54 41 51 0
55 56 49 50 55 0
47 60 51 61 64 0
51 41 41 44 48 0
49 50 54 46 35 0
50 53 59 66 65 0
42 45 41 54 40 0
54 42 46 53 52 0
44 32 51 45 46 0
34 52 50 46 47 0
56 41 61 63 51 0
46 56 45 53 54 0
58 49 48 47 61 0
64 48 47 45 58 0
51 55 63 54 44 0
51 57 51 43 45 0
42 44 47 57 59 0
55 53 45 58 46 0
45 44 52 42 60 0
50 46 58 46 48 0
59 43 40 50 52 0
49 44 69 48 46 0
50 49 44 54 55 0
44 58 49 48 68 0
52 48 59 54 40 0
51 49 67 58 41 0
55 48 45 66 55 0
42 50 40 53 49 0
50 58 37 61 44 0
59 49 49 60 47 0
50 49 63 55 57 0
48 47 56 51 43 0
45 52 45 41 53 0
41 50 61 46 32 0
59 53 61 42 46 0
45 54 53 42 50 0
48 57 48 66 55 0
54 46 51 46 60 0
37 62 40 68 46 0
37 52 51 45 53 0
42 57 39 44 59 0
56 51 43 48 43 0
60 50 55 38 51 0
46 50 51 51 46 0
56 54 47 57 56 0
52 49 53 51 59 0
60 61 47 52 44 0
57 47 46 49 51 0
49 48 56 58 54 0
59 61 48 44 49 0
54 37 51 64 36 0
38 55 44 53 51 0
56 56 40 41 54 0
63 53 58 44 46 0
45 53 57 46 40 0
46 43 47 52 54 0
41 33 45 43 50 0
46 54 56 52 63 0
47 43 57 56 57 0
49 47 43 49 50 0
47 42 40 57 54 0
48 49 42 49 59 0
50 44 54 44 55 0
64 50 57 49 48 0
53 43 45 48 55 0
60 69 46 53 62 0
57 61 37 45 59 0
47 35 39 43 52 0
49 48 39 39 69 0
49 51 52 64 44 0
55 50 47 43 48 0
53 65 39 56 39 0
