1.0000 0.4571 0.0000 0.0455 0.0000 0.0000
1.0000 1.0000 0.5769 0.0222 0.0526 0.0000
1.0000 0.8358 0.5263 0.0000 0.5231 0.0000
1.0000 0.0000 0.0000 0.0000 0.0000 0.0000
1.0000 0.0000 0.0000 0.0000 0.0357 0.0000
1.0000 0.8511 0.0455 0.0000 0.0317 0.0000
1.0000 0.1667 0.0000 0.0000 0.0000 0.0000
1.0000 0.9804 0.8846 0.1489 0.4737 0.0000
0.9787 0.8085 0.6889 0.0172 0.1600 0.0000
1.0000 0.7500 0.2963 0.0755 0.0000 0.0000
0.9623 0.8367 0.6545 0.0000 0.3333 0.0000
0.9556 0.3846 0.1915 0.0000 0.2593 0.0000
0.9434 0.0000 0.0000 0.0000 0.0000 0.0000
1.0000 0.0000 0.0000 0.0192 0.0000 0.0000
0.8824 0.3600 0.0638 0.0000 0.0000 0.0000
0.9070 0.8043 0.6389 0.0000 0.2222 0.0000
1.0000 0.0000 0.0000 0.0000 0.0000 0.0000
0.9608 0.2286 0.2500 0.0364 0.0462 0.0000
1.0000 0.4769 0.0227 0.0000 0.0208 0.0000
1.0000 0.7636 0.0000 0.0000 0.0000 0.0000
1.0000 0.6765 0.0000 0.0000 0.0000 0.0000
1.0000 0.6452 0.1053 0.0000 0.0000 0.0000
0.8913 0.4561 0.0000 0.3137 0.0000 0.0000
1.0000 0.9091 0.5000 0.0000 0.1731 0.0000
1.0000 0.6667 0.1194 0.0000 0.0000 0.0000
0.9841 0.9535 0.5000 0.1091 0.0000 0.0000
1.0000 0.4182 0.0455 0.0161 0.0000 0.0000
1.0000 0.6071 0.0323 0.0000 0.0000 0.0000
1.0000 0.7308 0.3043 0.0000 0.0364 0.0000
1.0000 0.6327 0.1739 0.0200 0.0000 0.0000
1.0000 0.8727 0.4318 0.0000 0.2154 0.0000
1.0000 0.8750 0.4340 0.0000 0.3958 0.0000
1.0000 0.4634 0.6444 0.0000 0.0000 0.0000
1.0000 0.6818 0.1042 0.6939 0.0000 0.0000
1.0000 0.2941 0.0000 0.0000 0.0000 0.0000
1.0000 0.0000 0.0000 0.0000 0.0000 0.0000
1.0000 0.8846 0.0000 0.0000 0.0385 0.0000
1.0000 0.5789 0.0000 0.3542 0.0000 0.0000
1.0000 0.6981 0.2157 0.0000 0.0000 0.0000
1.0000 0.0000 0.0204 0.0000 0.0000 0.0000
1.0000 0.0000 0.0000 0.0385 0.0000 0.0000
1.0000 0.3962 0.6500 0.0000 0.4000 0.0000
1.0000 0.9268 0.4468 0.0400 0.0000 0.0000
1.0000 0.7105 0.0000 0.3548 0.0000 0.0000
0.9455 0.4259 0.2105 0.0000 0.0000 0.0000
1.0000 0.7679 0.3191 0.0000 0.0000 0.0000
1.0000 0.0000 0.0161 0.0000 0.0000 0.0000
1.0000 0.0000 0.0000 0.0000 0.0000 0.0000
1.0000 0.7073 0.1034 0.0000 0.0000 0.0000
1.0000 0.0000 0.0000 0.0000 0.0385 0.0000
1.0000 0.6500 0.0000 0.0000 0.0000 0.0000
1.0000 0.0000 0.0000 0.0000 0.0000 0.0000
1.0000 0.7209 0.4889 0.0000 0.0465 0.0000
1.0000 0.1373 0.0508 0.0000 0.0000 0.0000
1.0000 0.4154 0.4419 0.0312 0.0000 0.0000
0.9608 0.8409 0.0000 0.2093 0.0000 0.0000
1.0000 0.3966 0.7400 0.0000 0.0000 0.0000
1.0000 0.7826 0.0000 0.6170 0.0889 0.0000
1.0000 0.9767 0.4561 0.0000 0.0625 0.0000
1.0000 0.0000 0.0577 0.0698 0.0000 0.0000
1.0000 0.5682 0.0000 0.0000 0.0727 0.0000
1.0000 0.8947 0.0000 0.0345 0.0169 0.0000
0.9792 0.9375 0.0179 0.0000 0.0000 0.0000
1.0000 0.8372 0.1957 0.0526 0.0435 0.0000
1.0000 0.6167 0.0000 0.0426 0.0000 0.0000
1.0000 0.6667 0.0000 0.0000 0.0000 0.0000
1.0000 0.0000 0.0000 0.0000 0.0667 0.0000
0.9574 0.0200 0.0000 0.0000 0.0000 0.0000
1.0000 0.4167 0.0000 0.0833 0.0000 0.0000
1.0000 0.2500 0.0364 0.0000 0.0000 0.0000
0.9811 0.5500 0.0000 0.2381 0.1250 0.0000
0.8333 0.7447 0.0000 0.5806 0.0000 0.0000
1.0000 0.9194 0.9138 0.0000 0.0000 0.0000
1.0000 0.7755 0.0000 0.6471 0.0000 0.0000
1.0000 0.0000 0.0000 0.0000 0.0000 0.0000
0.9111 1.0000 0.5122 0.0392 0.0000 0.0000
0.9459 0.8525 0.5116 0.0000 0.2586 0.0000
1.0000 0.8163 0.0000 0.0000 0.0517 0.0000
0.8980 0.9123 0.9800 0.0000 0.0000 0.0000
0.9804 0.5370 0.0000 0.0000 0.0000 0.0000
1.0000 0.7234 0.6610 0.0000 0.0000 0.0000
0.9348 0.0727 0.0000 0.0000 0.0000 0.0000
0.9583 0.7368 0.0000 0.0847 0.0000 0.0000
1.0000 0.5833 0.0000 0.0000 0.0000 0.0000
1.0000 0.6667 0.4545 0.0000 0.0000 0.0000
1.0000 0.8431 0.0656 0.0345 0.0000 0.0000
0.9818 0.5000 0.3594 0.0000 0.1957 0.0000
1.0000 0.8000 0.0000 0.6226 0.0000 0.0000
1.0000 0.0000 0.2037 0.0000 0.0270 0.0000
1.0000 0.8409 0.0000 0.6400 0.0000 0.0000
1.0000 0.6957 0.0556 0.1538 0.0000 0.0000
1.0000 0.5484 0.4390 0.0175 0.0000 0.0000
1.0000 0.4348 0.1489 0.0000 0.0000 0.0000
0.9273 0.6618 0.5122 0.0000 0.1176 0.0000
1.0000 0.5111 0.0000 0.2093 0.0000 0.0000
1.0000 0.7049 0.0000 0.0000 0.0000 0.0000
1.0000 0.0000 0.0000 0.0000 0.0000 0.0000
1.0000 0.1224 0.0000 0.0652 0.0000 0.0000
1.0000 0.8500 0.5000 0.0000 0.0000 0.0000
1.0000 1.0000 0.4902 0.0000 0.1356 0.0000
1.0000 0.9792 0.5690 0.0000 0.1923 0.0000
1.0000 0.1395 0.0811 0.0000 0.0000 0.0000
1.0000 0.8571 0.0000 0.0175 0.0000 0.0000
1.0000 0.0000 0.0000 0.0000 0.0172 0.0000
0.8800 0.3889 0.2931 0.0000 0.1961 0.0000
0.9535 0.4035 0.0000 0.1739 0.0784 0.0000
0.8750 0.5455 0.7647 0.0000 0.0000 0.0000
1.0000 1.0000 0.0000 0.1765 0.0714 0.0000
1.0000 0.9250 0.3333 0.0588 0.0000 0.0000
1.0000 0.7083 0.5652 0.0417 0.0000 0.0000
1.0000 0.5902 0.3171 0.0000 0.0952 0.0000
1.0000 0.4355 0.0000 0.0962 0.0000 0.0000
1.0000 0.1111 0.0222 0.0000 0.0000 0.0000
1.0000 0.8431 0.2353 0.0000 0.1429 0.0000
1.0000 0.8696 0.0000 0.0000 0.0000 0.0000
1.0000 0.0000 0.0000 0.0351 0.0000 0.0000
1.0000 0.1961 0.0000 0.0000 0.0000 0.0000
0.9796 0.6780 0.0000 0.0667 0.0000 0.0000
0.9444 0.9815 0.5714 0.0000 0.2115 0.0000
1.0000 0.5593 0.2353 0.0000 0.0000 0.0000
1.0000 0.8333 0.3051 0.0185 0.0625 0.0000
1.0000 0.2600 0.0000 0.5185 0.0000 0.0000
1.0000 0.6444 0.6364 0.0000 0.2549 0.0000
0.9796 0.8367 0.0000 0.2653 0.0000 0.0000
0.9792 0.0769 0.0000 0.0000 0.0345 0.0000
1.0000 0.0000 0.0000 0.0000 0.0159 0.0000
0.9800 0.8857 0.0000 0.0000 0.0000 0.0000
1.0000 0.8750 0.4773 0.0000 0.4762 0.0000
1.0000 0.6304 0.0000 0.0000 0.0000 0.0000
0.9846 0.9655 0.0000 0.6731 0.0588 0.0000
1.0000 0.6364 0.6226 0.0179 0.1633 0.0000
0.9796 0.2791 0.1636 0.0000 0.0408 0.0000
1.0000 0.8936 0.8429 0.0526 0.1579 0.0000
1.0000 0.9792 0.0000 0.1778 0.0213 0.0000
0.9800 0.8200 0.0566 0.2308 0.0000 0.0000
1.0000 1.0000 0.4545 0.0233 0.0000 0.0000
0.8542 0.5536 0.4423 0.0000 0.0000 0.0000
1.0000 0.8889 0.3725 0.0000 0.5532 0.0000
0.9800 0.7381 0.8929 0.0000 0.0000 0.0000
1.0000 0.6889 0.0000 0.0233 0.0000 0.0000
1.0000 0.0238 0.0000 0.0217 0.0370 0.0000
0.9167 0.4314 0.0000 0.0000 0.0000 0.0000
1.0000 0.4468 0.0000 0.0000 0.0286 0.0000
1.0000 0.3404 0.0000 0.2167 0.0000 0.0000
1.0000 0.0426 0.0000 0.0000 0.0000 0.0000
1.0000 0.0161 0.0000 0.0000 0.0000 0.0000
1.0000 0.9111 0.0000 0.0500 0.0000 0.0000
1.0000 0.4107 0.0185 0.2041 0.0000 0.0000
1.0000 0.0238 0.0000 0.0000 0.0000 0.0000
1.0000 0.7895 0.0000 0.0435 0.0000 0.0000
1.0000 0.0000 0.0000 0.0000 0.0000 0.0000
1.0000 0.7931 0.0000 0.6250 0.0000 0.0000
1.0000 0.9348 0.0000 0.4667 0.0000 0.0000
1.0000 0.4468 0.1852 0.0000 0.0000 0.0000
1.0000 0.0000 0.0172 0.0000 0.0000 0.0000
1.0000 0.9184 0.6923 0.0000 0.0000 0.0000
0.9672 0.8043 0.0000 0.7778 0.0000 0.0000
1.0000 0.9375 0.6825 0.0625 0.0000 0.0000
1.0000 0.7925 0.0200 0.9412 0.0638 0.0000
1.0000 0.7818 0.2000 0.0000 0.0426 0.0000
0.9815 0.8814 0.5077 0.0000 0.3148 0.0000
1.0000 0.9423 0.0000 0.0000 0.0000 0.0000
1.0000 0.8333 0.0000 0.0317 0.0000 0.0000
0.9375 0.9706 0.0000 0.2909 0.0000 0.0000
0.9683 1.0000 0.3617 0.0000 0.0000 0.0000
1.0000 0.9184 0.0000 0.4762 0.0000 0.0000
1.0000 0.0000 0.0000 0.0000 0.0000 0.0000
1.0000 0.7667 0.0000 0.4923 0.0000 0.0000
0.9811 0.5455 0.0000 0.3696 0.0000 0.0000
1.0000 0.7015 0.3077 0.0000 0.0926 0.0000
1.0000 0.9200 0.0000 0.2083 0.0000 0.0000
1.0000 0.6863 0.0000 0.6667 0.0000 0.0000
1.0000 0.0000 0.0000 0.0000 0.0000 0.0000
1.0000 0.8667 0.1321 0.0000 0.0000 0.0000
1.0000 0.4286 0.5000 0.0000 0.1525 0.0000
1.0000 0.7500 0.1897 0.0000 0.0000 0.0000
1.0000 0.0000 0.0000 0.0000 0.0238 0.0000
1.0000 0.7273 0.4359 0.0000 0.5319 0.0000
0.9792 0.1026 0.0213 0.0000 0.0000 0.0000
1.0000 0.0000 0.0392 0.0000 0.0323 0.0000
1.0000 0.7436 0.6170 0.0000 0.1795 0.0000
1.0000 0.7317 0.0000 0.6176 0.0000 0.0000
1.0000 0.4898 0.2400 0.0000 0.0000 0.0000
1.0000 0.0000 0.0208 0.0000 0.0000 0.0000
1.0000 0.5500 0.5094 0.0000 0.0000 0.0000
1.0000 0.5714 0.6098 0.0000 0.5000 0.0000
0.9818 0.8085 0.4600 0.0000 0.0426 0.0000
1.0000 0.9464 0.0000 0.5636 0.0213 0.0000
1.0000 0.0000 0.0000 0.0000 0.0000 0.0000
1.0000 0.4035 0.0488 0.0000 0.0000 0.0000
1.0000 0.8478 0.0192 0.0000 0.0000 0.0000
1.0000 0.0476 0.0000 0.0000 0.0000 0.0000
1.0000 0.9608 0.2414 0.0208 0.0159 0.0000
0.9508 0.2826 0.0000 0.0000 0.0000 0.0000
1.0000 0.9778 0.9821 0.0000 0.7925 0.0000
1.0000 0.0732 0.0000 0.0000 0.0000 0.0000
1.0000 0.8772 0.0000 0.4583 0.0000 0.0000
1.0000 0.7069 0.6000 0.0000 0.3409 0.0000
1.0000 0.8750 0.3333 0.0000 0.0612 0.0000
1.0000 0.5682 0.0213 0.1136 0.0000 0.0000
1.0000 0.8281 0.4250 0.0000 0.0000 0.0000
1.0000 0.8667 0.0000 0.0638 0.0000 0.0000
1.0000 0.5918 0.0000 0.2787 0.0000 0.0000
1.0000 0.0000 0.0000 0.0270 0.0732 0.0000
1.0000 0.0000 0.0000 0.0000 0.0000 0.0000
0.8846 0.6604 0.3256 0.0000 0.1333 0.0000
0.9737 0.0000 0.0000 0.0000 0.0000 0.0000
1.0000 0.8448 0.0000 0.1111 0.0536 0.0000
1.0000 0.7609 0.6600 0.0233 0.0179 0.0000
1.0000 0.0204 0.0357 0.0000 0.0000 0.0000
0.9851 0.2449 0.0000 0.2326 0.0000 0.0000
1.0000 0.2083 0.0000 0.0000 0.0000 0.0000
1.0000 0.3043 0.0000 0.0000 0.0000 0.0000
1.0000 0.3953 0.3455 0.0000 0.0000 0.0000
1.0000 0.9444 0.8833 0.1094 0.0000 0.0000
1.0000 0.2157 0.0000 0.0213 0.0000 0.0000
0.9808 0.5806 0.5000 0.0000 0.0000 0.0000
1.0000 0.7843 0.8214 0.0000 0.0000 0.0000
0.9800 0.1887 0.0612 0.0455 0.0169 0.0000
1.0000 0.6250 0.0000 0.5250 0.0000 0.0000
1.0000 0.0000 0.0000 0.0000 0.0588 0.0000
0.9808 0.6400 0.0000 0.0217 0.0000 0.0000
1.0000 0.8393 0.6250 0.0167 0.1064 0.0000
1.0000 0.5833 0.0000 0.0000 0.0000 0.0000
0.8936 0.0862 0.0000 0.0000 0.0000 0.0000
1.0000 0.6744 0.0000 0.8039 0.0000 0.0000
1.0000 0.5882 0.0000 0.1875 0.0196 0.0000
1.0000 0.0392 0.0000 0.0851 0.0926 0.0000
1.0000 0.9149 0.0408 0.0204 0.0000 0.0000
1.0000 0.0000 0.0000 0.0000 0.0000 0.0000
1.0000 1.0000 0.0000 0.0000 0.0200 0.0000
1.0000 0.0208 0.0000 0.0000 0.0566 0.0000
1.0000 0.6667 0.2800 0.0000 0.0000 0.0000
1.0000 0.0000 0.0000 0.0000 0.0000 0.0000
1.0000 0.9091 0.5000 0.0000 0.0000 0.0000
0.9268 0.1186 0.1071 0.0000 0.0000 0.0000
1.0000 0.3061 0.3393 0.0000 0.0222 0.0000
1.0000 0.8615 0.0312 0.0159 0.0000 0.0000
1.0000 0.9821 0.0000 0.6200 0.0159 0.0000
1.0000 0.5814 0.0000 0.2391 0.0000 0.0000
0.9565 0.7250 0.0000 0.0000 0.0000 0.0000
1.0000 0.6444 0.7447 0.0000 0.2041 0.0000
1.0000 0.7209 0.0000 0.4200 0.0000 0.0000
1.0000 0.0000 0.0789 0.0000 0.0000 0.0000
1.0000 0.4884 0.0000 0.0000 0.0000 0.0000
1.0000 0.0222 0.0000 0.0244 0.0000 0.0000
1.0000 0.0000 0.0000 0.0000 0.0000 0.0000
1.0000 0.0000 0.0000 0.0000 0.0000 0.0000
0.9811 0.6102 0.0000 0.5517 0.0000 0.0000
1.0000 0.5200 0.2885 0.0000 0.0000 0.0000
1.0000 0.9545 0.0189 0.0000 0.0000 0.0000
1.0000 0.9783 0.6786 0.0000 0.7358 0.0000
1.0000 0.5686 0.0577 0.0000 0.0000 0.0000
1.0000 0.4054 0.0000 0.0926 0.0000 0.0000
1.0000 0.7750 0.0213 0.2000 0.0000 0.0000
0.8864 0.6140 0.0000 0.0000 0.0000 0.0000
1.0000 0.1556 0.0000 0.0263 0.0185 0.0000
1.0000 0.8246 0.5116 0.0000 0.0182 0.0000
0.9821 0.0270 0.0000 0.0000 0.0000 0.0000
1.0000 0.5357 0.0000 0.0000 0.0000 0.0000
0.9048 0.9545 0.0000 0.8889 0.0000 0.0000
0.9787 0.5424 0.0000 0.2407 0.0204 0.0000
0.8594 0.9565 0.7794 0.0000 0.4894 0.0000
0.9744 0.5918 0.0000 0.0370 0.0000 0.0000
1.0000 0.8205 0.0000 0.0476 0.0196 0.0000
0.9615 0.6481 0.0000 0.0984 0.0000 0.0000
0.9592 0.0000 0.0455 0.0667 0.0000 0.0000
0.9091 0.2586 0.1176 0.1091 0.0000 0.0000
1.0000 0.7091 0.4255 0.0000 0.0000 0.0000
1.0000 0.3636 0.0000 0.0000 0.0000 0.0000
1.0000 0.6304 0.0000 0.0000 0.0000 0.0000
1.0000 0.6481 0.0000 0.0000 0.0000 0.0000
1.0000 0.9623 0.0000 0.1667 0.0000 0.0000
0.9512 0.7049 0.8537 0.1000 0.0185 0.0000
1.0000 0.1852 0.0000 0.0000 0.0000 0.0000
0.8600 0.8542 0.0000 0.0000 0.0000 0.0000
1.0000 0.2500 0.0000 0.0000 0.0222 0.0000
1.0000 0.7377 0.0000 0.0000 0.0244 0.0000
1.0000 0.8431 0.0000 0.5098 0.0000 0.0000
1.0000 0.6415 0.4038 0.0000 0.0476 0.0000
1.0000 0.0000 0.0000 0.1250 0.0000 0.0000
1.0000 0.0192 0.0000 0.0000 0.0000 0.0000
0.9804 0.4237 0.0000 0.0465 0.0000 0.0000
1.0000 0.5714 0.0000 0.5652 0.0000 0.0000
1.0000 0.1429 0.0000 0.0000 0.0000 0.0000
1.0000 0.5909 0.2500 0.0000 0.0000 0.0000
1.0000 0.0000 0.0000 0.0000 0.0000 0.0000
1.0000 0.0000 0.0000 0.0000 0.0000 0.0000
1.0000 0.0175 0.0000 0.0000 0.0263 0.0000
1.0000 0.7800 0.0000 0.3429 0.0000 0.0000
1.0000 0.7083 0.9111 0.0000 0.4118 0.0000
1.0000 0.4912 0.3235 0.0000 0.0256 0.0000
1.0000 0.7708 0.3462 0.0000 0.3600 0.0000
1.0000 0.9400 0.0000 0.0000 0.0000 0.0000
0.9800 0.4615 0.0000 0.0000 0.0000 0.0000
1.0000 0.0000 0.0769 0.0000 0.0000 0.0000
1.0000 0.9796 0.0323 0.8600 0.0000 0.0000
1.0000 0.7091 0.0769 0.0200 0.0000 0.0000
0.9811 0.0000 0.3793 0.0233 0.0182 0.0000
1.0000 0.0000 0.0000 0.0000 0.0000 0.0000
0.9815 0.8864 0.6111 0.0000 0.0698 0.0000
1.0000 0.0000 0.0182 0.0000 0.0000 0.0000
1.0000 0.8364 0.0000 0.0000 0.0000 0.0000
1.0000 0.7500 0.0000 0.1091 0.0000 0.0000
1.0000 0.4545 0.2558 0.0192 0.0769 0.0000
1.0000 0.9744 0.7755 0.0000 0.4074 0.0000
1.0000 0.5385 0.0435 0.0444 0.0000 0.0000
0.9565 0.6327 0.0000 0.0000 0.0000 0.0000
1.0000 0.7209 0.0000 0.0000 0.0244 0.0000
0.9783 0.9038 0.0000 0.0000 0.0476 0.0000
0.9508 0.8095 0.8235 0.0000 0.2727 0.0000
1.0000 0.2368 0.0000 0.0000 0.0227 0.0000
1.0000 0.9362 0.0000 0.8200 0.0000 0.0000
1.0000 0.6538 0.6591 0.0000 0.0000 0.0000
1.0000 0.3953 0.0000 0.0000 0.0000 0.0000
1.0000 0.8409 0.0345 0.0227 0.0000 0.0000
1.0000 0.7959 0.8039 0.0000 0.6071 0.0000
1.0000 0.6596 0.2642 0.0000 0.0000 0.0000
1.0000 1.0000 0.0000 0.0000 0.0000 0.0000
1.0000 1.0000 0.7358 0.0000 0.0732 0.0000
0.6786 0.9500 0.1875 0.0000 0.0000 0.0000
0.9388 0.0000 0.0000 0.0000 0.0500 0.0000
1.0000 0.7273 0.4107 0.0000 0.1304 0.0000
1.0000 0.4400 0.2000 0.0000 0.0000 0.0000
1.0000 0.3208 0.0811 0.1176 0.0000 0.0000
1.0000 0.6596 0.2075 0.0000 0.0000 0.0000
0.9756 0.7105 0.6379 0.0000 0.0189 0.0000
1.0000 0.0000 0.0000 0.0000 0.0000 0.0000
0.9333 0.8519 0.6250 0.0196 0.0000 0.0000
1.0000 0.0000 0.0000 0.0000 0.0192 0.0000
1.0000 0.0000 0.0000 0.0000 0.0000 0.0000
0.9778 0.3750 0.0000 0.0000 0.0000 0.0000
1.0000 0.7581 0.0000 0.3387 0.0000 0.0000
1.0000 0.6818 0.6949 0.0000 0.0000 0.0000
1.0000 0.6250 0.0943 0.5714 0.0000 0.0000
1.0000 0.9268 0.0000 0.8298 0.0000 0.0000
1.0000 0.5156 0.3000 0.0000 0.2037 0.0000
0.9545 0.7083 0.5769 0.0000 0.0000 0.0000
1.0000 0.7333 0.1176 0.1786 0.0000 0.0000
1.0000 0.6190 0.0444 0.5490 0.0000 0.0000
1.0000 0.0000 0.0000 0.0000 0.0500 0.0000
1.0000 0.9245 0.1509 0.0000 0.0000 0.0000
1.0000 0.0000 0.0526 0.0000 0.0000 0.0000
1.0000 0.4800 0.0000 0.0000 0.1600 0.0000
1.0000 0.7759 0.7119 0.0500 0.1321 0.0000
1.0000 0.8113 0.5517 0.0000 0.6304 0.0000
1.0000 0.0000 0.0000 0.0000 0.0000 0.0000
1.0000 0.0000 0.0000 0.0000 0.0196 0.0000
1.0000 0.8627 0.7317 0.0000 0.3269 0.0000
1.0000 0.8776 0.0000 0.0000 0.0000 0.0000
1.0000 0.7000 0.1250 0.0678 0.0000 0.0000
1.0000 0.6042 0.7021 0.0000 0.2093 0.0000
1.0000 0.7857 0.7826 0.0682 0.5769 0.0000
1.0000 0.0000 0.0000 0.0364 0.0000 0.0000
1.0000 0.0182 0.0000 0.0208 0.0000 0.0000
1.0000 0.9032 0.3864 0.0000 0.0000 0.0000
1.0000 0.4314 0.0000 0.4035 0.0000 0.0000
1.0000 0.8824 0.0000 0.0000 0.0000 0.0000
1.0000 0.0000 0.0000 0.0000 0.0345 0.0000
0.9608 0.8936 0.0000 0.1042 0.0000 0.0000
0.9818 0.6222 0.4286 0.0000 0.0000 0.0000
1.0000 0.7273 0.0444 0.0200 0.0000 0.0000
1.0000 0.7273 0.0000 0.0488 0.0000 0.0000
1.0000 0.0172 0.0000 0.0000 0.0000 0.0000
1.0000 0.7407 0.0000 0.2615 0.0566 0.0000
1.0000 0.7083 0.0000 0.1522 0.0000 0.0000
1.0000 0.0222 0.0000 0.0000 0.0000 0.0000
1.0000 0.7000 0.3704 0.0000 0.3478 0.0000
1.0000 0.7119 0.1500 0.4364 0.0000 0.0000
1.0000 0.2364 0.0200 0.0000 0.0000 0.0000
1.0000 0.9630 0.3636 0.0000 0.0000 0.0000
1.0000 0.7111 0.3396 0.0357 0.0000 0.0000
1.0000 0.7778 0.1373 0.5532 0.1489 0.0000
1.0000 0.5208 0.0870 0.0000 0.0000 0.0000
0.9783 0.5263 0.3818 0.0000 0.3721 0.0000
1.0000 0.0000 0.0000 0.0217 0.0000 0.0000
1.0000 0.7736 0.0000 0.0000 0.0000 0.0000
1.0000 0.8136 0.1087 0.0000 0.0000 0.0000
1.0000 0.8222 0.8103 0.0000 0.3770 0.0000
1.0000 0.2857 0.0192 0.1607 0.0000 0.0000
0.9111 0.7083 0.0192 0.1081 0.0444 0.0000
0.9804 0.7818 0.6981 0.0000 0.0000 0.0000
1.0000 0.1207 0.0600 0.0263 0.0000 0.0000
0.9762 0.8085 0.5185 0.0000 0.0000 0.0000
1.0000 0.8235 0.4906 0.1667 0.2449 0.0000
1.0000 0.5185 0.1190 0.0000 0.0000 0.0000
1.0000 0.0000 0.0000 0.0000 0.0000 0.0000
1.0000 0.4727 0.0000 0.0800 0.0000 0.0000
1.0000 0.5500 0.0000 0.4130 0.1136 0.0000
1.0000 0.0962 0.0000 0.0000 0.0000 0.0000
0.9655 0.2857 0.0000 0.0727 0.0000 0.0000
1.0000 0.5882 0.4000 0.0000 0.1176 0.0000
0.9649 0.8644 0.0000 0.7368 0.0000 0.0000
1.0000 0.8367 0.0000 0.3200 0.0000 0.0000
1.0000 0.4107 0.0000 0.6383 0.1333 0.0000
1.0000 0.7759 0.0625 0.0000 0.0588 0.0000
1.0000 0.6222 0.0000 0.2941 0.0000 0.0000
1.0000 0.4889 0.0769 0.1667 0.0000 0.0000
1.0000 0.5625 0.0000 0.3889 0.1094 0.0000
1.0000 0.9474 0.0000 0.7347 0.0000 0.0000
1.0000 0.0000 0.0213 0.0000 0.0000 0.0000
1.0000 0.0000 0.0000 0.0000 0.0000 0.0000
1.0000 0.0000 0.0000 0.0000 0.0208 0.0000
1.0000 0.9796 0.3559 0.0000 0.0000 0.0000
1.0000 0.0000 0.0000 0.0000 0.0000 0.0000
1.0000 0.4561 0.0000 0.0000 0.0000 0.0000
1.0000 0.8372 0.3243 0.0000 0.1429 0.0000
0.9767 0.0000 0.0000 0.0000 0.0435 0.0000
1.0000 0.2727 0.4219 0.0000 0.0000 0.0000
1.0000 0.3774 0.0377 0.0000 0.0000 0.0000
1.0000 0.5424 0.0426 0.2245 0.0222 0.0000
1.0000 0.2750 0.0000 0.0000 0.0000 0.0000
1.0000 0.1525 0.0000 0.2909 0.0000 0.0000
1.0000 0.8596 0.0000 0.0000 0.0000 0.0000
1.0000 0.0182 0.0208 0.0000 0.0000 0.0000
1.0000 0.6829 0.3158 0.0000 0.0000 0.0000
1.0000 0.9811 0.8033 0.0000 0.0000 0.0000
1.0000 0.0000 0.0000 0.0000 0.0244 0.0000
1.0000 0.9825 0.7963 0.0000 0.0000 0.0000
1.0000 0.5000 0.0000 0.0000 0.0000 0.0000
1.0000 0.7963 0.1698 0.0000 0.0455 0.0000
0.8519 0.2286 0.0577 0.0000 0.0566 0.0000
1.0000 0.8400 0.1765 0.0217 0.0000 0.0000
1.0000 0.0755 0.0000 0.0000 0.0000 0.0000
1.0000 0.2927 0.0000 0.1064 0.0000 0.0000
0.8814 0.9123 0.0755 0.0492 0.0741 0.0000
1.0000 0.6279 0.4630 0.0000 0.0000 0.0000
1.0000 0.7500 0.0000 0.7391 0.0000 0.0000
1.0000 0.0000 0.0000 0.0000 0.0000 0.0000
1.0000 0.0000 0.0612 0.0000 0.0000 0.0000
1.0000 0.0000 0.0000 0.0984 0.0469 0.0000
1.0000 0.5366 0.0000 0.0909 0.0000 0.0000
1.0000 0.5800 0.0000 0.4348 0.0000 0.0000
1.0000 0.3019 0.0000 0.0000 0.0462 0.0000
1.0000 0.6667 0.0000 0.0000 0.0000 0.0000
0.9815 0.0476 0.0000 0.0377 0.0385 0.0000
0.9773 0.6562 0.0000 0.1778 0.0000 0.0000
1.0000 0.2885 0.0000 0.3261 0.0000 0.0000
0.9821 0.6585 0.0000 0.0317 0.0000 0.0000
1.0000 0.8036 0.1333 0.0189 0.0000 0.0000
1.0000 0.5306 0.0000 0.4043 0.0000 0.0000
1.0000 0.0000 0.0000 0.0000 0.0000 0.0000
1.0000 0.5091 0.0000 0.2778 0.0000 0.0000
0.9216 1.0000 0.7843 0.0000 0.0000 0.0000
1.0000 0.6818 0.0000 0.0000 0.0000 0.0000
1.0000 1.0000 0.6222 0.0000 0.2826 0.0000
1.0000 0.7273 0.5000 0.0000 0.4000 0.0000
1.0000 0.5652 0.0000 0.4130 0.0000 0.0000
1.0000 0.9535 0.1750 0.0000 0.0000 0.0000
1.0000 0.0909 0.0000 0.0417 0.0000 0.0000
1.0000 0.5102 0.0227 0.0000 0.0000 0.0000
1.0000 0.0172 0.0000 0.0000 0.0000 0.0000
1.0000 0.0000 0.0000 0.0000 0.2500 0.0000
1.0000 0.0000 0.0000 0.0172 0.0000 0.0000
1.0000 0.5417 0.4222 0.0000 0.0182 0.0000
0.9762 0.2400 0.0000 0.0377 0.0000 0.0000
0.8800 0.1034 0.0000 0.0000 0.0000 0.0000
1.0000 0.9592 0.2653 0.0000 0.0000 0.0000
1.0000 0.0000 0.0000 0.0727 0.0000 0.0000
1.0000 0.7021 0.0000 0.0000 0.0000 0.0000
1.0000 0.7308 0.1111 0.3171 0.0000 0.0000
1.0000 0.7400 0.0000 0.3478 0.1250 0.0000
1.0000 0.0000 0.0492 0.0238 0.0000 0.0000
1.0000 0.9259 0.0000 0.0238 0.0000 0.0000
1.0000 0.9123 0.0833 0.0000 0.0182 0.0000
0.9815 0.0652 0.0000 0.0217 0.0000 0.0000
1.0000 0.5323 0.0000 0.0000 0.0000 0.0000
1.0000 0.2885 0.0000 0.0889 0.0000 0.0000
1.0000 0.4035 0.0000 0.0227 0.0169 0.0000
1.0000 0.6275 0.3953 0.0000 0.0000 0.0000
1.0000 0.0000 0.0000 0.0000 0.0000 0.0000
1.0000 0.5200 0.2157 0.0000 0.0000 0.0000
1.0000 0.0185 0.0000 0.0000 0.0000 0.0000
0.8077 0.8367 0.8491 0.0000 0.3729 0.0000
1.0000 0.1803 0.0000 0.0000 0.0000 0.0000
1.0000 0.0000 0.0000 0.0000 0.0196 0.0000
0.9184 0.2500 0.0536 0.0690 0.0000 0.0000
1.0000 0.7541 0.3333 0.1136 0.2041 0.0000
1.0000 0.0000 0.0000 0.0000 0.0000 0.0000
1.0000 0.5273 0.0000 0.0377 0.0000 0.0000
1.0000 0.0714 0.0000 0.0000 0.0370 0.0000
1.0000 0.4906 0.0000 0.0455 0.0000 0.0000
1.0000 0.9434 0.0000 0.5217 0.0000 0.0000
1.0000 0.8140 0.0426 0.0000 0.0000 0.0000
1.0000 0.0000 0.0000 0.0000 0.0000 0.0000
0.9565 0.8333 0.6964 0.0000 0.0317 0.0000
1.0000 1.0000 0.9298 0.0000 0.4912 0.0000
1.0000 0.4043 0.0000 0.0204 0.0000 0.0000
1.0000 0.0000 0.0000 0.0000 0.0000 0.0000
0.9792 0.6122 0.3571 0.0000 0.0339 0.0000
1.0000 0.9773 0.0000 0.3182 0.0000 0.0000
1.0000 0.9000 0.0000 0.2857 0.0000 0.0000
1.0000 0.6047 0.1111 0.0000 0.0000 0.0000
0.9500 0.9420 0.6304 0.0000 0.5000 0.0000
1.0000 0.0000 0.0000 0.0000 0.0000 0.0000
1.0000 0.6571 0.2051 0.0000 0.0000 0.0000
1.0000 0.0000 0.0000 0.0000 0.0000 0.0000
0.8776 0.4902 0.0000 0.3906 0.0000 0.0000
1.0000 1.0000 0.7447 0.0000 0.0208 0.0000
1.0000 1.0000 0.0000 0.4286 0.1795 0.0000
