	mut5	mut5	mut1	mut1	mut2	mut2	mut3	mut3	mut4	mut4
cell1	0	47	55	0	53	0	56	0	53	0
cell2	3	64	27	33	31	9	23	29	49	0
cell3	0	45	6	48	33	17	36	13	35	10
cell4	2	41	10	61	25	43	45	11	31	16
cell5	1	38	40	8	41	0	49	0	61	0
cell6	0	51	69	0	52	0	58	0	33	15
cell7	2	45	9	47	24	20	29	22	53	0
cell8	0	31	2	38	12	40	27	20	36	8
cell9	0	53	13	49	18	34	50	13	59	2
cell10	0	48	1	46	19	21	41	7	46	1
cell11	0	44	18	39	29	18	40	17	45	14
cell12	3	43	5	45	43	0	45	7	40	2
cell13	0	54	11	37	69	0	60	1	43	0
cell14	0	47	58	2	43	1	57	2	49	8
cell15	0	54	53	0	41	8	51	0	47	0
cell16	1	40	36	13	47	0	47	0	56	0
cell17	0	60	37	16	45	0	56	0	45	1
cell18	0	49	12	47	17	37	18	18	47	3
cell19	0	50	15	35	4	46	48	12	51	6
cell20	1	52	20	35	28	17	17	22	44	3
cell21	2	45	41	1	40	0	44	0	56	0
cell22	0	43	12	33	25	28	28	26	56	0
cell23	3	50	28	19	45	4	62	0	41	0
cell24	4	58	9	35	32	19	50	7	50	0
cell25	3	40	16	40	27	23	59	0	54	1
cell26	0	61	11	40	12	35	47	0	54	2
cell27	0	38	54	3	41	13	50	0	52	0
cell28	0	49	9	40	33	25	26	26	50	2
cell29	0	52	3	34	17	33	33	10	55	4
cell30	0	34	16	26	55	0	64	0	52	0
cell31	0	39	4	48	56	0	38	0	41	0
cell32	0	45	23	36	27	25	64	0	41	0
cell33	0	54	10	39	17	35	15	31	40	1
cell34	0	50	4	39	13	15	22	24	21	15
cell35	0	55	10	51	25	24	48	0	46	0
cell36	0	39	33	30	28	7	59	0	52	0
cell37	0	51	0	49	11	32	28	39	42	1
cell38	0	40	1	50	65	1	37	0	46	0
cell39	0	60	47	2	49	1	41	0	53	0
cell40	0	38	52	0	53	0	48	0	47	3
cell41	0	54	13	35	42	0	54	0	53	1
cell42	1	51	11	46	11	30	28	20	43	0
cell43	0	58	18	37	33	11	30	21	51	0
cell44	0	62	11	42	14	36	38	17	49	0
cell45	0	52	7	43	28	28	60	0	61	0
cell46	2	59	41	0	49	0	53	0	59	7
cell47	0	42	50	0	50	0	62	0	51	0
cell48	0	52	16	35	39	0	56	0	53	0
cell49	2	44	38	13	48	0	45	0	53	2
cell50	3	56	9	39	47	0	53	0	42	0
cell51	0	46	2	40	28	12	49	0	56	0
cell52	0	70	24	31	54	5	58	4	50	0
cell53	0	52	47	0	44	0	38	0	58	0
cell54	0	38	7	41	35	16	54	2	45	0
cell55	0	50	12	41	45	19	45	5	32	2
cell56	0	45	48	0	47	0	55	0	53	0
cell57	0	45	6	47	9	41	37	18	44	9
cell58	0	43	14	32	17	38	59	0	38	3
cell59	0	54	29	18	46	3	54	2	46	0
cell60	0	55	32	17	49	0	55	3	64	2
cell61	0	49	33	16	31	9	42	0	47	0
cell62	0	48	18	30	58	0	45	0	54	1
cell63	0	50	8	42	53	0	71	0	50	0
cell64	1	42	18	39	19	18	40	18	61	0
cell65	4	45	37	12	43	0	54	0	53	4
cell66	11	38	40	3	57	0	46	1	46	1
cell67	0	44	14	33	39	12	53	0	61	0
cell68	6	56	0	43	19	25	20	20	42	2
cell69	0	45	7	32	8	40	12	26	17	36
cell70	0	48	49	4	57	0	51	0	59	0
cell71	0	48	43	0	48	5	55	0	52	0
cell72	1	50	10	48	29	15	44	0	41	0
cell73	0	53	13	38	11	38	42	8	56	4
cell74	0	46	12	38	14	38	9	37	46	5
cell75	0	49	27	29	12	24	42	0	46	4
cell76	0	51	4	43	12	33	19	32	36	3
cell77	0	47	28	23	46	0	57	0	50	4
cell78	0	61	20	30	30	17	29	28	54	0
cell79	0	50	28	15	53	0	61	0	48	0
cell80	0	52	40	0	53	0	46	0	56	0
cell81	8	35	0	49	13	35	43	18	31	6
cell82	0	50	3	43	21	22	29	26	37	11
cell83	1	42	0	52	24	42	26	23	34	17
cell84	0	44	44	6	41	0	57	0	48	0
cell85	1	45	34	25	51	0	49	0	42	2
cell86	0	46	3	37	9	44	37	16	41	19
cell87	0	40	9	35	46	0	54	2	52	0
cell88	0	36	28	30	38	11	54	2	49	0
cell89	0	44	5	46	49	1	50	1	40	2
cell90	0	49	22	28	25	22	47	6	61	0
cell91	0	52	10	49	36	8	51	0	52	0
cell92	0	51	1	55	31	23	28	19	39	13
cell93	0	50	11	52	13	48	21	18	29	22
cell94	0	54	49	6	40	0	47	0	49	0
cell95	1	62	55	0	51	0	40	1	60	0
cell96	0	43	52	4	51	0	45	0	51	0
cell97	0	41	32	9	51	0	39	0	45	3
cell98	2	43	59	0	48	0	55	0	48	0
cell99	0	45	21	27	39	0	57	0	56	0
cell100	0	55	9	37	45	14	31	28	44	2
