47 55 53 56 53 0
67 60 40 52 49 0
45 54 50 49 45 0
43 71 68 56 47 0
39 48 41 49 61 0
51 69 52 58 48 0
47 56 44 51 53 0
31 40 52 47 44 0
53 62 52 63 61 0
48 47 40 48 47 0
44 57 47 57 59 0
46 50 43 52 42 0
54 48 69 61 43 0
47 60 44 59 57 0
54 53 49 51 47 0
41 49 47 47 56 0
60 53 45 56 46 0
49 59 54 36 50 0
50 50 50 60 57 0
53 55 45 39 47 0
47 42 40 44 56 0
43 45 53 54 56 0
53 47 49 62 41 0
62 44 51 57 50 0
43 56 50 59 55 0
61 51 47 47 56 0
38 57 54 50 52 0
49 49 58 52 52 0
52 37 50 43 59 0
34 42 55 64 52 0
39 52 56 38 41 0
45 59 52 64 41 0
54 49 52 46 41 0
50 43 28 46 36 0
55 61 49 48 46 0
39 63 35 59 52 0
51 49 43 67 43 0
40 51 66 37 46 0
60 49 50 41 53 0
38 52 53 48 50 0
54 48 42 54 54 0
52 57 41 48 43 0
58 55 44 51 51 0
62 53 50 55 49 0
52 50 56 60 61 0
61 41 49 53 66 0
42 50 50 62 51 0
52 51 39 56 53 0
46 51 48 45 55 0
59 48 47 53 42 0
46 42 40 49 56 0
70 55 59 62 50 0
52 47 44 38 58 0
38 48 51 56 45 0
50 53 64 50 34 0
45 48 47 55 53 0
45 53 50 55 53 0
43 46 55 59 41 0
54 47 49 56 46 0
55 49 49 58 66 0
49 49 40 42 47 0
48 48 58 45 55 0
50 50 53 71 50 0
43 57 37 58 61 0
49 49 43 54 57 0
49 43 57 47 47 0
44 47 51 53 61 0
62 43 44 40 44 0
45 39 48 38 53 0
48 53 57 51 59 0
48 43 53 55 52 0
51 58 44 44 41 0
53 51 49 50 60 0
46 50 52 46 51 0
49 56 36 42 50 0
51 47 45 51 39 0
47 51 46 57 54 0
61 50 47 57 54 0
50 43 53 61 48 0
52 40 53 46 56 0
43 49 48 61 37 0
50 46 43 55 48 0
43 52 66 49 51 0
44 50 41 57 48 0
46 59 51 49 44 0
46 40 53 53 60 0
40 44 46 56 52 0
36 58 49 56 49 0
44 51 50 51 42 0
49 50 47 53 61 0
52 59 44 51 52 0
51 56 54 47 52 0
50 63 61 39 51 0
54 55 40 47 49 0
63 55 51 41 60 0
43 56 51 45 51 0
41 41 51 39 48 0
45 59 48 55 48 0
45 48 39 57 56 0
55 46 59 59 46 0
