47 0 0 0 0 0
64 33 9 29 0 0
45 48 17 13 10 0
41 61 43 11 16 0
38 8 0 0 0 0
51 0 0 0 15 0
45 47 20 22 0 0
31 38 40 20 8 0
53 49 34 13 2 0
48 46 21 7 1 0
44 39 18 17 14 0
43 45 0 7 2 0
54 37 0 1 0 0
47 2 1 2 8 0
54 0 8 0 0 0
40 13 0 0 0 0
60 16 0 0 1 0
49 47 37 18 3 0
50 35 46 12 6 0
52 35 17 22 3 0
45 1 0 0 0 0
43 33 28 26 0 0
50 19 4 0 0 0
58 35 19 7 0 0
40 40 23 0 1 0
61 40 35 0 2 0
38 3 13 0 0 0
49 40 25 26 2 0
52 34 33 10 4 0
34 26 0 0 0 0
39 48 0 0 0 0
45 36 25 0 0 0
54 39 35 31 1 0
50 39 15 24 15 0
55 51 24 0 0 0
39 30 7 0 0 0
51 49 32 39 1 0
40 50 1 0 0 0
60 2 1 0 0 0
38 0 0 0 3 0
54 35 0 0 1 0
51 46 30 20 0 0
58 37 11 21 0 0
62 42 36 17 0 0
52 43 28 0 0 0
59 0 0 0 7 0
42 0 0 0 0 0
52 35 0 0 0 0
44 13 0 0 2 0
56 39 0 0 0 0
46 40 12 0 0 0
70 31 5 4 0 0
52 0 0 0 0 0
38 41 16 2 0 0
50 41 19 5 2 0
45 0 0 0 0 0
45 47 41 18 9 0
43 32 38 0 3 0
54 18 3 2 0 0
55 17 0 3 2 0
49 16 9 0 0 0
48 30 0 0 1 0
50 42 0 0 0 0
42 39 18 18 0 0
45 12 0 0 4 0
38 3 0 1 1 0
44 33 12 0 0 0
56 43 25 20 2 0
45 32 40 26 36 0
48 4 0 0 0 0
48 0 5 0 0 0
50 48 15 0 0 0
53 38 38 8 4 0
46 38 38 37 5 0
49 29 24 0 4 0
51 43 33 32 3 0
47 23 0 0 4 0
61 30 17 28 0 0
50 15 0 0 0 0
52 0 0 0 0 0
35 49 35 18 6 0
50 43 22 26 11 0
42 52 42 23 17 0
44 6 0 0 0 0
45 25 0 0 2 0
46 37 44 16 19 0
40 35 0 2 0 0
36 30 11 2 0 0
44 46 1 1 2 0
49 28 22 6 0 0
52 49 8 0 0 0
51 55 23 19 13 0
50 52 48 18 22 0
54 6 0 0 0 0
62 0 0 1 0 0
43 4 0 0 0 0
41 9 0 0 3 0
43 0 0 0 0 0
45 27 0 0 0 0
55 37 14 28 2 0
