1.0000 0.0000 0.0000 0.0000 0.0000 0.0000
0.9552 0.5500 0.2250 0.5577 0.0000 0.0000
1.0000 0.8889 0.3400 0.2653 0.2222 0.0000
0.9535 0.8592 0.6324 0.1964 0.3404 0.0000
0.9744 0.1667 0.0000 0.0000 0.0000 0.0000
1.0000 0.0000 0.0000 0.0000 0.3125 0.0000
0.9574 0.8393 0.4545 0.4314 0.0000 0.0000
1.0000 0.9500 0.7692 0.4255 0.1818 0.0000
1.0000 0.7903 0.6538 0.2063 0.0328 0.0000
1.0000 0.9787 0.5250 0.1458 0.0213 0.0000
1.0000 0.6842 0.3830 0.2982 0.2373 0.0000
0.9348 0.9000 0.0000 0.1346 0.0476 0.0000
1.0000 0.7708 0.0000 0.0164 0.0000 0.0000
1.0000 0.0333 0.0227 0.0339 0.1404 0.0000
1.0000 0.0000 0.1633 0.0000 0.0000 0.0000
0.9756 0.2653 0.0000 0.0000 0.0000 0.0000
1.0000 0.3019 0.0000 0.0000 0.0217 0.0000
1.0000 0.7966 0.6852 0.5000 0.0600 0.0000
1.0000 0.7000 0.9200 0.2000 0.1053 0.0000
0.9811 0.6364 0.3778 0.5641 0.0638 0.0000
0.9574 0.0238 0.0000 0.0000 0.0000 0.0000
1.0000 0.7333 0.5283 0.4815 0.0000 0.0000
0.9434 0.4043 0.0816 0.0000 0.0000 0.0000
0.9355 0.7955 0.3725 0.1228 0.0000 0.0000
0.9302 0.7143 0.4600 0.0000 0.0182 0.0000
1.0000 0.7843 0.7447 0.0000 0.0357 0.0000
1.0000 0.0526 0.2407 0.0000 0.0000 0.0000
1.0000 0.8163 0.4310 0.5000 0.0385 0.0000
1.0000 0.9189 0.6600 0.2326 0.0678 0.0000
1.0000 0.6190 0.0000 0.0000 0.0000 0.0000
1.0000 0.9231 0.0000 0.0000 0.0000 0.0000
1.0000 0.6102 0.4808 0.0000 0.0000 0.0000
1.0000 0.7959 0.6731 0.6739 0.0244 0.0000
1.0000 0.9070 0.5357 0.5217 0.4167 0.0000
1.0000 0.8361 0.4898 0.0000 0.0000 0.0000
1.0000 0.4762 0.2000 0.0000 0.0000 0.0000
1.0000 1.0000 0.7442 0.5821 0.0233 0.0000
1.0000 0.9804 0.0152 0.0000 0.0000 0.0000
1.0000 0.0408 0.0200 0.0000 0.0000 0.0000
1.0000 0.0000 0.0000 0.0000 0.0600 0.0000
1.0000 0.7292 0.0000 0.0000 0.0185 0.0000
0.9808 0.8070 0.7317 0.4167 0.0000 0.0000
1.0000 0.6727 0.2500 0.4118 0.0000 0.0000
1.0000 0.7925 0.7200 0.3091 0.0000 0.0000
1.0000 0.8600 0.5000 0.0000 0.0000 0.0000
0.9672 0.0000 0.0000 0.0000 0.1061 0.0000
1.0000 0.0000 0.0000 0.0000 0.0000 0.0000
1.0000 0.6863 0.0000 0.0000 0.0000 0.0000
0.9565 0.2549 0.0000 0.0000 0.0364 0.0000
0.9492 0.8125 0.0000 0.0000 0.0000 0.0000
1.0000 0.9524 0.3000 0.0000 0.0000 0.0000
1.0000 0.5636 0.0847 0.0645 0.0000 0.0000
1.0000 0.0000 0.0000 0.0000 0.0000 0.0000
1.0000 0.8542 0.3137 0.0357 0.0000 0.0000
1.0000 0.7736 0.2969 0.1000 0.0588 0.0000
1.0000 0.0000 0.0000 0.0000 0.0000 0.0000
1.0000 0.8868 0.8200 0.3273 0.1698 0.0000
1.0000 0.6957 0.6909 0.0000 0.0732 0.0000
1.0000 0.3830 0.0612 0.0357 0.0000 0.0000
1.0000 0.3469 0.0000 0.0517 0.0303 0.0000
1.0000 0.3265 0.2250 0.0000 0.0000 0.0000
1.0000 0.6250 0.0000 0.0000 0.0182 0.0000
1.0000 0.8400 0.0000 0.0000 0.0000 0.0000
0.9767 0.6842 0.4865 0.3103 0.0000 0.0000
0.9184 0.2449 0.0000 0.0000 0.0702 0.0000
0.7755 0.0698 0.0000 0.0213 0.0213 0.0000
1.0000 0.7021 0.2353 0.0000 0.0000 0.0000
0.9032 1.0000 0.5682 0.5000 0.0455 0.0000
1.0000 0.8205 0.8333 0.6842 0.6792 0.0000
1.0000 0.0755 0.0000 0.0000 0.0000 0.0000
1.0000 0.0000 0.0943 0.0000 0.0000 0.0000
0.9804 0.8276 0.3409 0.0000 0.0000 0.0000
1.0000 0.7451 0.7755 0.1600 0.0667 0.0000
1.0000 0.7600 0.7308 0.8043 0.0980 0.0000
1.0000 0.5179 0.6667 0.0000 0.0800 0.0000
1.0000 0.9149 0.7333 0.6275 0.0769 0.0000
1.0000 0.4510 0.0000 0.0000 0.0741 0.0000
1.0000 0.6000 0.3617 0.4912 0.0000 0.0000
1.0000 0.3488 0.0000 0.0000 0.0000 0.0000
1.0000 0.0000 0.0000 0.0000 0.0000 0.0000
0.8140 1.0000 0.7292 0.2951 0.1622 0.0000
1.0000 0.9348 0.5116 0.4727 0.2292 0.0000
0.9767 1.0000 0.6364 0.4694 0.3333 0.0000
1.0000 0.1200 0.0000 0.0000 0.0000 0.0000
0.9783 0.4237 0.0000 0.0000 0.0455 0.0000
1.0000 0.9250 0.8302 0.3019 0.3167 0.0000
1.0000 0.7955 0.0000 0.0357 0.0000 0.0000
1.0000 0.5172 0.2245 0.0357 0.0000 0.0000
1.0000 0.9020 0.0200 0.0196 0.0476 0.0000
1.0000 0.5600 0.4681 0.1132 0.0000 0.0000
1.0000 0.8305 0.1818 0.0000 0.0000 0.0000
1.0000 0.9821 0.4259 0.4043 0.2500 0.0000
1.0000 0.8254 0.7869 0.4615 0.4314 0.0000
1.0000 0.1091 0.0000 0.0000 0.0000 0.0000
0.9841 0.0000 0.0000 0.0244 0.0000 0.0000
1.0000 0.0714 0.0000 0.0000 0.0000 0.0000
1.0000 0.2195 0.0000 0.0000 0.0625 0.0000
0.9556 0.0000 0.0000 0.0000 0.0000 0.0000
1.0000 0.5625 0.0000 0.0000 0.0000 0.0000
1.0000 0.8043 0.2373 0.4746 0.0435 0.0000
