38 38 60 54 51 0
55 59 54 63 60 0
48 55 52 76 54 0
53 45 51 55 49 0
52 55 52 47 61 0
53 51 49 43 46 0
42 66 56 48 48 0
47 49 49 48 39 0
54 53 41 42 54 0
58 46 51 48 60 0
45 68 48 46 63 0
69 45 50 46 56 0
43 55 52 51 51 0
52 62 41 55 53 0
46 54 42 43 58 0
48 36 49 52 46 0
56 53 42 45 37 0
48 50 51 41 46 0
46 54 46 46 60 0
56 53 44 44 61 0
51 40 57 42 53 0
35 48 55 61 57 0
33 43 65 41 45 0
46 44 46 54 60 0
47 51 45 52 56 0
61 48 52 39 51 0
44 63 42 45 54 0
51 51 52 52 46 0
56 45 43 54 39 0
44 51 34 53 58 0
52 49 47 46 48 0
50 49 44 51 51 0
48 43 44 59 45 0
49 44 51 49 51 0
50 44 51 50 49 0
42 49 40 58 42 0
49 49 55 60 54 0
51 50 51 50 51 0
46 56 54 45 60 0
51 52 44 55 46 0
49 60 48 53 55 0
47 44 63 61 50 0
57 44 44 46 51 0
47 54 57 40 53 0
53 52 62 49 49 0
53 44 43 55 47 0
58 44 52 50 49 0
56 53 47 57 43 0
49 49 51 42 59 0
48 50 47 50 50 0
