38 35 0 20 0 0
55 47 21 0 0 0
48 49 9 2 0 0
51 0 0 0 0 0
52 47 0 38 1 0
53 3 13 0 0 0
41 54 0 1 15 0
47 0 0 0 1 0
50 26 0 2 0 0
58 33 1 0 0 0
44 62 0 8 0 0
69 44 0 9 0 0
43 2 0 0 4 0
52 32 16 0 0 0
46 32 0 10 3 0
48 33 0 0 15 0
56 20 0 0 0 0
48 50 6 2 17 0
46 42 0 12 3 0
56 18 0 0 0 0
51 38 0 20 0 0
31 1 0 0 0 0
33 40 3 0 12 0
45 13 0 0 7 0
47 0 1 0 0 0
61 6 5 6 0 0
44 17 1 0 20 0
51 0 0 5 0 0
54 37 0 3 0 0
44 22 0 0 0 0
52 25 6 1 0 0
50 0 0 0 0 0
48 24 0 2 15 0
49 33 0 0 0 0
50 0 0 0 0 0
42 38 7 0 0 0
49 14 3 0 18 0
51 45 0 0 0 0
46 0 0 1 0 0
51 30 0 0 0 0
49 23 0 0 6 0
46 0 0 0 0 0
57 17 12 0 0 0
46 0 1 1 0 0
53 34 0 0 19 0
53 22 11 0 3 0
58 0 2 0 0 0
56 47 0 0 0 0
49 0 6 1 0 0
48 44 8 0 0 0
