1.0000 0.9211 0.0000 0.3704 0.0000 0.0000
1.0000 0.7966 0.3889 0.0000 0.0000 0.0000
1.0000 0.8909 0.1731 0.0263 0.0000 0.0000
0.9623 0.0000 0.0000 0.0000 0.0000 0.0000
1.0000 0.8545 0.0000 0.8085 0.0164 0.0000
1.0000 0.0588 0.2653 0.0000 0.0000 0.0000
0.9762 0.8182 0.0000 0.0208 0.3125 0.0000
1.0000 0.0000 0.0000 0.0000 0.0256 0.0000
0.9259 0.4906 0.0000 0.0476 0.0000 0.0000
1.0000 0.7174 0.0196 0.0000 0.0000 0.0000
0.9778 0.9118 0.0000 0.1739 0.0000 0.0000
1.0000 0.9778 0.0000 0.1957 0.0000 0.0000
1.0000 0.0364 0.0000 0.0000 0.0784 0.0000
1.0000 0.5161 0.3902 0.0000 0.0000 0.0000
1.0000 0.5926 0.0000 0.2326 0.0517 0.0000
1.0000 0.9167 0.0000 0.0000 0.3261 0.0000
1.0000 0.3774 0.0000 0.0000 0.0000 0.0000
1.0000 1.0000 0.1176 0.0488 0.3696 0.0000
1.0000 0.7778 0.0000 0.2609 0.0500 0.0000
1.0000 0.3396 0.0000 0.0000 0.0000 0.0000
1.0000 0.9500 0.0000 0.4762 0.0000 0.0000
0.8857 0.0208 0.0000 0.0000 0.0000 0.0000
1.0000 0.9302 0.0462 0.0000 0.2667 0.0000
0.9783 0.2955 0.0000 0.0000 0.1167 0.0000
1.0000 0.0000 0.0222 0.0000 0.0000 0.0000
1.0000 0.1250 0.0962 0.1538 0.0000 0.0000
1.0000 0.2698 0.0238 0.0000 0.3704 0.0000
1.0000 0.0000 0.0000 0.0962 0.0000 0.0000
0.9643 0.8222 0.0000 0.0556 0.0000 0.0000
1.0000 0.4314 0.0000 0.0000 0.0000 0.0000
1.0000 0.5102 0.1277 0.0217 0.0000 0.0000
1.0000 0.0000 0.0000 0.0000 0.0000 0.0000
1.0000 0.5581 0.0000 0.0339 0.3333 0.0000
1.0000 0.7500 0.0000 0.0000 0.0000 0.0000
1.0000 0.0000 0.0000 0.0000 0.0000 0.0000
1.0000 0.7755 0.1750 0.0000 0.0000 0.0000
1.0000 0.2857 0.0545 0.0000 0.3333 0.0000
1.0000 0.9000 0.0000 0.0000 0.0000 0.0000
1.0000 0.0000 0.0000 0.0222 0.0000 0.0000
1.0000 0.5769 0.0000 0.0000 0.0000 0.0000
1.0000 0.3833 0.0000 0.0000 0.1091 0.0000
0.9787 0.0000 0.0000 0.0000 0.0000 0.0000
1.0000 0.3864 0.2727 0.0000 0.0000 0.0000
0.9787 0.0000 0.0175 0.0250 0.0000 0.0000
1.0000 0.6538 0.0000 0.0000 0.3878 0.0000
1.0000 0.5000 0.2558 0.0000 0.0638 0.0000
1.0000 0.0000 0.0385 0.0000 0.0000 0.0000
1.0000 0.8868 0.0000 0.0000 0.0000 0.0000
1.0000 0.0000 0.1176 0.0238 0.0000 0.0000
1.0000 0.8800 0.1702 0.0000 0.0000 0.0000
