	mut15	mut15	mut1	mut1	mut2	mut2	mut3	mut3	mut4	mut4	mut5	mut5	mut6	mut6	mut7	mut7	mut8	mut8	mut9	mut9	mut10	mut10	mut11	mut11	mut12	mut12	mut13	mut13	mut14	mut14
cell1	0	48	11	43	50	0	52	0	34	16	48	0	47	0	52	0	50	0	49	0	40	3	52	0	46	0	52	0	47	1
cell2	0	43	15	28	44	0	29	20	55	0	39	11	50	3	49	0	53	0	51	7	44	0	44	0	46	1	56	0	42	0
cell3	0	57	16	21	54	0	19	21	58	0	38	11	62	0	45	1	52	0	26	15	48	0	46	11	38	2	43	0	42	0
cell4	0	45	34	18	39	0	54	4	51	0	31	22	58	0	42	0	42	0	22	42	47	3	35	18	48	2	56	0	52	0
cell5	0	41	16	36	53	0	51	0	39	23	49	0	35	1	49	0	52	0	52	0	35	8	53	0	41	0	46	1	50	0
cell6	0	40	43	9	42	0	45	0	48	0	18	39	50	1	50	0	44	0	51	2	47	0	64	0	50	0	38	1	53	0
cell7	0	56	3	29	53	0	42	0	6	41	50	0	47	0	47	0	53	0	40	0	35	29	57	0	48	0	45	2	48	0
cell8	0	49	2	51	45	0	45	3	16	16	47	0	51	0	44	0	49	0	42	1	31	14	45	1	48	0	60	0	53	0
cell9	0	56	38	9	41	0	45	0	45	0	13	43	42	8	48	4	63	0	53	0	50	0	46	2	66	0	61	0	54	3
cell10	0	48	43	2	45	5	49	0	55	0	56	0	55	0	53	1	50	0	49	6	51	0	42	0	57	0	42	0	56	2
cell11	0	52	18	33	52	1	45	2	53	2	35	22	44	7	62	1	59	0	47	0	51	0	51	1	47	3	53	5	51	2
cell12	0	62	53	9	57	0	53	0	52	0	12	40	39	0	30	18	60	0	54	0	48	0	38	0	59	0	51	0	54	0
cell13	0	49	17	24	53	0	45	8	47	0	34	9	38	8	43	0	56	1	50	0	47	0	52	0	48	5	42	0	46	0
cell14	2	49	25	29	50	0	47	5	47	0	47	6	43	5	54	0	46	0	43	0	57	0	60	0	45	8	41	0	52	1
cell15	1	49	59	0	56	1	44	0	55	0	46	0	46	1	43	0	48	7	61	0	49	0	46	0	47	0	61	0	47	3
cell16	0	67	36	23	44	4	43	0	53	0	23	23	55	0	45	5	51	0	62	0	59	0	54	0	33	4	62	0	57	0
cell17	0	58	50	2	43	4	52	0	47	0	58	0	66	0	56	1	33	21	57	0	61	0	62	0	59	0	46	0	54	0
cell18	0	54	9	52	52	0	49	4	62	0	42	0	45	0	50	1	55	1	42	0	48	0	35	2	36	0	42	0	37	0
cell19	0	51	16	21	54	0	45	1	48	0	11	31	58	2	37	0	45	0	22	23	61	0	48	8	45	2	45	0	55	0
cell20	0	47	14	29	33	10	42	1	33	6	48	0	45	0	41	0	46	1	50	0	51	0	53	5	54	0	57	0	47	0
cell21	0	58	7	39	52	0	45	0	54	0	38	4	27	19	48	0	51	1	61	1	40	0	49	1	43	0	47	0	54	1
cell22	0	47	41	1	11	33	47	0	47	0	46	0	42	0	50	0	50	0	66	0	60	0	45	1	50	0	58	0	55	0
cell23	0	50	20	30	47	0	63	0	24	26	50	4	59	0	35	0	47	0	33	0	53	0	49	0	44	5	45	0	51	0
cell24	0	55	49	1	50	2	42	0	47	0	48	0	47	0	54	0	63	0	45	0	47	0	52	0	46	1	53	5	53	1
cell25	2	58	11	35	53	5	56	0	59	0	32	24	44	20	54	0	55	0	58	1	54	0	40	0	20	27	37	4	69	0
cell26	0	55	19	35	53	0	56	0	53	2	61	0	52	0	42	0	43	0	60	0	45	1	49	1	47	0	46	0	52	0
cell27	4	33	42	7	46	0	53	2	59	1	46	17	56	0	45	0	54	0	35	3	47	5	46	2	46	0	36	0	46	0
cell28	1	43	10	46	58	0	44	2	56	1	48	0	35	0	44	1	60	2	43	3	44	0	53	0	46	5	55	0	52	0
cell29	0	41	55	0	12	44	34	1	55	1	54	0	52	1	48	0	50	0	43	0	68	0	32	0	41	0	45	2	53	0
cell30	0	49	32	13	53	0	55	1	57	0	50	0	41	3	59	0	50	3	48	0	62	0	51	0	39	1	62	0	51	1
cell31	0	57	25	21	49	0	45	0	34	13	40	1	50	0	36	1	36	2	35	0	30	24	49	0	43	0	44	0	55	0
cell32	7	39	4	51	38	1	48	0	8	45	52	0	59	0	46	0	41	0	34	0	45	12	66	0	47	1	55	5	50	0
cell33	1	48	55	3	47	0	47	0	58	0	48	0	46	0	57	0	53	0	44	0	44	5	45	0	55	0	46	0	42	0
cell34	3	38	4	55	52	0	51	0	7	45	47	1	45	0	66	0	56	0	60	0	15	42	46	0	52	0	43	7	42	0
cell35	0	49	13	39	46	0	45	0	8	40	39	0	48	0	47	0	46	0	42	0	55	0	43	0	57	0	44	0	59	0
cell36	0	42	56	0	49	0	52	1	58	0	55	0	51	0	43	0	40	2	40	0	51	0	53	0	50	0	51	0	46	0
cell37	0	54	30	18	35	2	33	5	31	20	51	0	48	2	56	0	47	0	59	0	41	8	40	0	48	0	46	0	60	0
cell38	0	57	46	4	57	0	38	0	54	0	1	54	46	0	34	20	49	0	35	2	36	0	45	0	54	0	64	0	43	0
cell39	0	44	51	0	38	8	56	1	44	0	51	0	47	0	43	0	46	0	51	0	38	0	58	0	51	0	47	0	53	0
cell40	0	49	53	0	51	0	43	5	48	0	44	0	55	0	55	0	60	2	63	1	46	0	34	0	46	1	39	0	47	0
cell41	0	51	20	26	53	0	64	0	53	0	37	7	49	1	40	18	48	0	44	0	45	0	51	0	44	1	45	0	51	2
cell42	0	64	36	31	54	0	56	0	57	0	35	16	52	0	30	12	54	0	44	0	60	0	57	0	46	0	49	0	56	0
cell43	1	56	47	0	40	8	65	0	42	2	60	0	59	1	52	2	46	20	70	0	47	0	47	0	53	0	54	0	64	0
cell44	3	45	30	26	51	0	44	0	38	12	55	0	47	0	57	0	52	3	50	0	34	25	42	0	51	3	49	2	51	0
cell45	3	49	4	48	40	0	44	0	31	25	45	9	58	0	44	0	60	0	52	0	37	7	41	0	49	0	54	0	52	0
cell46	0	64	11	26	41	0	56	0	31	28	44	0	44	2	46	0	55	0	46	0	59	0	57	0	46	0	50	3	64	0
cell47	0	46	12	49	43	2	56	3	56	0	29	7	37	15	58	2	45	0	59	0	57	1	34	0	55	4	46	0	40	1
cell48	0	53	57	0	22	27	43	2	44	0	41	0	49	0	50	0	53	0	44	0	42	0	57	1	58	0	65	0	52	0
cell49	0	32	37	8	46	0	57	4	47	0	15	34	52	1	60	0	50	0	14	35	43	0	52	2	51	0	50	0	54	0
cell50	0	45	10	31	52	0	30	9	50	0	45	2	44	6	60	0	63	0	49	2	68	0	57	2	40	6	45	0	53	0
cell51	0	42	0	41	48	4	51	0	14	33	52	0	45	0	43	0	43	2	44	0	28	13	58	4	53	0	46	3	44	1
cell52	0	54	32	22	55	0	49	2	63	0	20	38	46	0	46	0	59	0	44	17	46	0	53	4	48	0	44	2	48	0
cell53	0	42	50	0	9	33	47	0	41	1	52	0	48	0	47	0	46	11	56	0	53	0	47	0	49	2	48	0	46	0
cell54	5	49	42	0	47	1	51	1	47	0	16	36	64	1	35	16	40	0	49	0	41	0	52	0	49	0	73	0	56	0
cell55	0	60	27	17	60	1	34	14	52	0	24	17	58	0	47	0	41	0	21	36	47	1	44	15	57	0	48	0	56	1
cell56	0	60	37	11	48	0	48	5	55	0	32	17	48	1	59	0	50	6	34	9	53	0	48	4	50	0	53	0	55	1
cell57	0	45	21	25	53	1	41	6	52	0	28	20	39	4	49	0	44	0	49	0	49	0	44	0	43	9	47	0	47	0
cell58	0	52	37	32	55	0	49	10	42	0	41	19	38	1	51	1	47	4	59	0	61	0	49	0	34	18	41	0	66	0
cell59	0	60	15	18	41	6	48	10	55	1	25	11	53	0	46	0	45	0	24	19	49	0	43	1	44	0	57	1	48	0
cell60	0	35	6	43	55	0	31	17	52	0	51	5	42	10	51	2	54	0	53	0	44	0	53	0	42	5	48	0	38	2
cell61	5	41	40	0	57	0	51	0	37	1	48	0	50	0	50	0	53	0	53	0	47	2	64	0	41	0	47	0	57	0
cell62	3	41	20	27	42	0	43	2	45	3	40	7	24	21	61	0	46	1	41	6	52	0	46	0	40	1	52	1	60	0
cell63	0	44	53	0	26	26	50	0	52	0	51	0	62	0	42	1	50	0	57	2	38	0	53	0	52	0	52	0	52	0
cell64	1	44	56	0	46	0	60	0	51	0	4	45	42	0	49	1	53	0	40	0	52	0	50	0	52	0	53	0	10	29
cell65	0	55	40	10	51	0	39	0	59	0	25	20	50	0	45	4	55	0	43	0	51	0	52	0	43	7	48	1	41	21
cell66	0	40	50	0	36	10	45	0	51	0	50	0	52	0	41	0	12	20	42	9	53	0	65	0	44	0	47	0	47	0
cell67	3	43	37	8	48	0	44	1	45	0	45	10	52	0	52	0	53	0	43	0	58	1	52	0	61	0	42	0	48	0
cell68	0	35	35	17	56	1	60	0	65	0	14	24	47	0	46	0	52	8	41	0	59	0	48	0	49	0	53	0	38	0
cell69	0	54	38	5	34	0	49	0	64	0	13	36	53	0	55	0	51	0	62	0	42	0	44	0	45	0	55	1	19	27
cell70	0	44	35	10	52	0	38	0	54	0	25	22	52	1	40	18	40	0	36	4	41	0	49	1	50	0	53	2	47	0
cell71	1	42	37	0	31	15	55	0	39	1	42	0	47	0	46	0	49	0	45	1	56	1	45	1	33	0	46	4	46	0
cell72	0	46	43	0	49	0	42	0	45	0	56	0	51	0	49	0	43	0	48	0	40	0	40	0	40	0	52	3	49	1
cell73	0	57	29	30	46	0	47	9	47	0	47	2	42	2	48	0	46	0	52	0	55	0	43	0	50	0	57	0	48	0
cell74	0	65	45	1	46	0	47	0	42	0	42	0	41	0	60	1	49	0	60	0	45	0	56	0	51	0	46	1	47	0
cell75	3	49	19	23	59	0	52	0	54	0	32	19	50	0	46	2	55	0	53	0	41	0	46	0	52	2	52	0	43	0
cell76	3	60	22	33	49	0	35	15	43	0	43	1	52	0	51	0	42	0	54	0	41	0	60	0	57	0	41	3	62	2
cell77	0	44	24	23	57	0	56	0	42	5	38	14	57	0	49	0	36	0	49	0	51	0	41	1	50	0	46	0	38	4
cell78	0	44	34	34	50	0	31	16	35	0	47	7	49	0	50	0	45	7	55	0	53	0	62	0	47	3	50	4	44	0
cell79	0	52	34	24	54	0	45	0	38	0	39	20	47	0	36	0	55	1	48	1	50	0	50	0	52	0	47	0	49	0
cell80	0	50	30	22	50	1	43	9	47	0	21	24	52	0	60	0	58	0	33	16	37	0	42	12	47	0	50	0	48	0
cell81	0	48	26	25	47	0	29	27	56	0	50	0	28	15	46	0	52	0	50	0	57	0	41	0	51	0	46	0	45	0
cell82	0	52	51	0	59	0	50	0	44	2	50	0	59	0	49	0	44	1	62	0	63	0	50	0	45	0	39	0	46	0
cell83	0	53	11	30	59	0	47	0	15	29	49	0	48	0	49	1	57	0	69	0	44	7	48	0	42	0	50	0	43	0
cell84	0	41	27	23	46	0	54	0	60	0	31	25	48	0	34	0	38	0	49	0	49	7	46	0	55	0	58	0	43	15
cell85	0	52	42	0	42	7	55	3	48	0	39	0	59	0	51	0	17	35	42	1	47	0	54	0	58	4	62	0	42	0
cell86	0	46	40	11	32	0	64	2	51	1	38	0	47	0	62	0	48	0	57	0	49	0	52	0	47	0	42	0	49	2
cell87	0	62	28	25	55	0	52	0	47	1	24	20	50	0	44	0	44	0	42	0	52	0	52	0	51	0	54	0	43	0
cell88	0	56	58	0	58	0	43	0	57	0	51	7	58	0	63	0	49	0	41	10	56	0	54	1	29	1	53	0	55	0
cell89	0	57	30	23	68	0	51	0	55	0	26	17	52	0	41	4	58	0	53	0	41	0	52	0	55	0	50	0	51	0
cell90	0	56	39	2	40	0	41	0	37	0	31	20	42	0	45	0	48	1	64	2	63	0	59	0	51	0	43	0	31	17
cell91	0	61	32	11	59	0	52	14	46	0	15	32	47	0	43	0	49	1	28	20	48	0	58	0	58	0	50	0	49	0
cell92	0	41	48	0	52	0	61	0	53	0	55	0	57	0	45	0	47	0	42	0	49	0	40	13	51	0	45	0	47	0
cell93	0	39	10	38	45	0	42	0	33	27	44	0	61	0	46	0	55	0	57	0	53	0	54	0	55	0	48	0	58	0
cell94	0	44	23	25	40	0	58	0	47	1	24	21	48	0	47	0	52	1	44	0	53	0	48	0	34	0	51	0	56	0
cell95	2	36	24	19	47	0	34	15	49	0	26	19	42	12	43	0	48	0	60	0	50	0	37	3	54	0	68	0	36	0
cell96	0	51	45	0	33	23	65	0	53	0	59	0	48	0	49	0	50	0	46	5	44	0	45	3	58	0	43	3	50	0
cell97	0	56	49	0	52	0	41	0	56	1	56	0	63	0	52	2	60	0	38	0	52	0	54	0	53	0	42	0	48	2
cell98	0	50	28	10	58	0	42	0	52	0	39	7	51	0	49	0	53	0	44	0	49	0	45	4	47	0	41	0	61	3
cell99	0	45	55	0	44	9	46	0	53	0	54	0	44	0	56	1	35	13	53	0	51	1	47	0	48	0	49	0	39	0
cell100	0	52	35	25	51	3	44	0	50	9	38	11	49	1	39	0	39	0	57	0	40	1	63	0	45	0	54	0	44	6
cell101	0	52	10	44	63	4	58	0	4	43	48	0	51	0	36	6	35	0	55	0	32	10	59	0	52	0	38	2	48	0
cell102	0	46	28	13	64	0	47	0	45	0	39	9	63	2	47	1	53	0	56	0	56	0	49	0	42	0	49	1	43	0
cell103	0	60	14	32	54	0	61	0	33	10	33	1	58	0	54	0	52	0	53	0	34	16	53	1	42	0	43	0	52	0
cell104	0	51	10	43	59	0	55	0	67	0	45	0	42	5	51	1	42	0	52	2	30	3	51	0	41	0	46	0	41	0
cell105	0	67	3	37	46	0	43	9	30	13	42	0	48	0	52	0	46	0	43	5	47	0	56	0	52	1	40	0	51	1
cell106	0	42	22	12	54	4	43	1	57	3	60	0	50	1	44	0	60	0	49	0	56	2	47	0	53	1	41	0	51	0
cell107	0	60	46	2	18	23	55	0	47	0	55	0	49	0	47	0	59	0	43	0	51	0	46	2	48	0	47	0	59	0
cell108	0	54	43	1	51	0	48	0	53	0	15	31	46	0	54	0	48	0	51	0	37	0	46	0	47	0	44	5	37	10
cell109	0	64	5	34	42	0	62	0	12	40	51	0	46	0	58	2	54	0	32	0	19	34	51	6	44	1	13	40	45	2
cell110	0	62	41	0	39	0	53	0	58	0	51	0	44	2	46	0	47	0	50	0	46	0	55	1	41	0	59	0	37	2
cell111	0	47	24	23	45	0	54	9	46	0	41	12	57	0	62	0	47	0	40	2	48	0	51	0	59	0	50	1	54	0
cell112	0	60	15	51	53	0	52	0	22	32	40	0	48	0	42	1	45	0	56	0	26	14	47	0	61	0	39	15	63	0
cell113	0	48	43	6	41	0	54	0	45	0	17	31	47	4	51	0	36	15	45	0	41	0	43	2	28	22	40	0	52	0
cell114	0	63	58	0	55	0	34	0	50	0	52	0	56	2	54	0	45	0	47	0	50	3	53	8	47	4	56	0	52	0
cell115	0	51	26	29	40	0	43	2	52	0	37	14	40	17	50	0	42	0	58	0	53	1	42	2	61	4	58	0	46	0
cell116	0	58	25	27	43	0	48	2	51	0	34	23	50	0	47	0	60	0	51	0	41	2	52	0	51	0	57	0	63	0
cell117	3	45	4	39	47	0	50	0	14	49	55	0	40	0	53	1	55	0	61	0	49	7	54	0	63	0	58	0	53	0
cell118	2	40	51	5	50	1	51	0	59	0	28	28	41	0	36	6	53	2	38	0	49	0	57	0	62	0	52	1	39	0
cell119	0	57	26	27	49	0	39	2	42	0	15	33	45	0	44	0	50	0	28	17	49	0	55	0	51	5	56	0	45	0
cell120	0	52	12	45	42	0	71	0	22	37	53	0	54	0	48	1	39	0	38	2	41	10	50	0	42	0	56	0	55	0
cell121	0	46	48	0	41	0	58	0	54	1	60	0	45	0	47	0	46	0	53	0	61	0	38	1	43	0	54	0	41	1
cell122	0	60	4	46	42	0	30	23	37	0	39	11	65	0	46	0	53	0	46	0	62	0	51	0	43	1	53	0	54	0
cell123	5	47	51	0	35	24	46	0	41	0	40	0	52	4	53	0	47	9	37	0	41	0	55	0	37	1	53	0	39	0
cell124	0	48	25	24	49	0	44	16	46	1	33	11	52	2	56	0	51	4	48	1	50	1	45	0	38	8	48	0	47	0
cell125	1	54	59	0	10	37	64	0	52	0	39	0	48	0	54	0	35	10	46	0	60	0	53	0	51	1	42	0	55	0
cell126	0	58	48	0	52	2	65	0	47	0	65	0	42	0	47	0	49	1	55	0	45	0	56	0	52	0	51	0	53	0
cell127	9	47	48	15	54	0	50	0	50	0	20	21	36	1	43	7	64	0	57	1	42	0	59	0	63	0	49	0	49	0
cell128	0	47	15	30	53	0	58	2	57	0	47	3	48	0	54	1	47	0	49	4	39	0	49	0	53	0	49	0	50	0
cell129	0	58	27	34	49	0	50	2	51	0	40	12	60	0	46	0	61	0	53	1	38	0	53	0	47	0	38	0	40	0
cell130	0	43	33	7	46	0	55	0	38	14	38	0	55	2	40	0	40	0	40	0	46	0	45	1	52	0	49	0	55	0
cell131	0	48	18	28	50	0	32	9	44	0	49	4	49	12	49	12	39	1	49	1	36	0	54	0	36	7	56	0	55	0
cell132	0	46	52	0	45	0	51	0	47	4	53	0	52	0	53	0	52	0	48	2	43	1	28	3	54	3	52	0	51	0
cell133	0	40	2	52	53	0	47	5	46	0	45	3	40	16	47	0	48	0	39	0	36	0	61	0	45	2	62	0	47	1
cell134	0	47	22	31	43	0	44	1	47	1	35	16	35	11	64	0	47	0	53	1	61	0	62	0	46	4	45	0	51	0
cell135	1	40	15	20	57	0	50	3	33	21	49	3	38	1	57	0	55	0	41	0	36	0	37	1	46	0	51	0	59	0
cell136	0	50	24	23	55	0	54	0	44	12	69	0	64	0	48	0	46	0	45	0	35	6	48	0	46	1	60	0	46	0
cell137	0	44	11	46	47	0	16	20	42	0	48	2	52	0	52	0	58	0	38	7	49	0	58	0	40	0	48	0	54	0
cell138	0	60	32	16	51	0	32	6	59	0	29	22	38	0	45	0	54	0	34	7	49	0	52	0	55	0	58	0	55	0
cell139	0	55	39	13	64	0	58	0	52	0	58	1	55	0	48	0	46	0	54	0	41	0	56	0	58	0	55	0	47	0
cell140	0	57	13	29	55	0	51	5	55	0	26	20	36	0	58	0	53	1	24	19	45	0	34	15	65	1	50	0	48	0
cell141	0	43	21	34	62	0	52	0	26	27	50	4	47	0	42	0	55	0	42	0	50	0	42	0	50	1	49	0	50	0
cell142	0	53	42	7	66	0	55	0	45	0	39	0	49	0	58	0	50	4	36	1	47	0	43	0	48	0	48	0	48	0
cell143	0	49	21	33	48	0	44	16	41	0	34	12	42	0	49	0	56	0	33	10	46	1	50	2	44	0	57	3	52	0
cell144	0	41	46	6	53	0	52	1	69	0	38	18	40	0	50	0	49	1	32	10	46	0	41	0	53	0	46	0	51	0
cell145	0	42	4	48	42	2	41	0	5	52	62	0	44	0	51	0	50	1	53	0	27	28	41	0	56	0	19	14	60	0
cell146	0	47	25	24	69	0	38	3	48	0	31	4	45	6	54	0	45	0	47	0	49	0	40	0	51	5	52	2	43	1
cell147	0	51	17	45	51	0	48	1	13	19	47	0	55	5	33	4	50	0	39	0	30	24	51	0	43	0	48	11	56	0
cell148	10	39	23	23	44	0	54	0	47	1	40	2	58	0	37	5	43	0	61	0	48	0	52	0	42	0	42	0	48	0
cell149	0	65	19	11	60	0	44	4	46	0	35	15	41	2	53	0	39	0	43	12	45	7	39	0	50	0	44	0	70	0
cell150	0	38	33	11	48	0	59	0	57	0	57	0	56	0	51	0	39	0	46	0	58	0	57	0	51	0	51	0	42	0
cell151	0	49	47	1	34	21	52	1	32	0	52	0	44	0	56	0	43	0	54	1	49	0	51	0	60	0	63	0	55	0
cell152	0	66	37	8	42	0	33	25	52	0	19	31	51	0	55	0	47	0	21	28	46	0	45	0	58	0	44	2	52	0
cell153	1	36	23	33	37	0	54	0	35	24	48	0	47	6	42	0	67	0	43	0	60	4	53	2	36	2	40	3	44	0
cell154	0	54	46	3	50	0	60	0	44	0	15	23	54	0	43	1	60	0	54	0	44	0	55	0	60	0	27	0	41	7
cell155	0	56	33	19	36	3	44	1	42	0	11	49	62	0	56	0	55	0	67	0	38	0	56	0	52	0	54	0	40	15
cell156	0	61	16	18	48	0	38	0	35	13	54	0	45	0	61	0	54	0	43	0	37	10	52	0	36	0	42	1	41	0
cell157	0	51	26	20	50	0	45	1	55	0	32	9	49	13	52	0	36	4	53	0	55	1	42	0	43	0	53	0	50	0
cell158	0	49	9	47	50	0	44	0	42	4	46	0	52	1	48	0	48	0	32	0	44	4	42	1	52	0	36	4	46	0
cell159	3	52	37	0	48	2	37	0	50	0	54	0	44	0	51	0	11	21	46	0	58	0	55	1	54	0	40	0	51	0
cell160	1	58	0	41	58	0	43	1	19	26	45	0	34	0	57	0	38	1	51	0	47	11	41	0	49	0	49	0	44	1
cell161	0	57	37	8	45	0	44	13	62	0	23	21	52	0	31	0	44	0	31	28	40	0	50	0	48	0	39	0	61	0
cell162	0	48	31	22	61	0	46	7	50	10	50	0	55	0	49	2	40	4	46	0	49	0	52	0	56	1	46	0	49	0
cell163	0	46	24	21	38	2	35	11	39	0	45	2	53	5	48	0	41	0	59	0	40	1	44	0	43	0	52	0	44	0
cell164	0	46	48	3	48	0	50	2	50	3	24	28	37	0	68	0	51	0	34	9	35	8	38	16	64	0	47	0	46	0
cell165	1	41	36	13	40	0	33	12	54	0	17	31	52	0	46	0	56	0	26	21	49	0	56	1	45	3	58	1	49	0
cell166	1	34	31	20	61	0	35	9	66	0	34	0	46	5	54	1	35	0	55	2	57	0	48	0	52	1	48	0	48	0
cell167	2	40	16	21	57	0	36	25	62	0	36	16	44	0	54	0	53	4	34	13	50	3	49	6	38	5	47	0	43	0
cell168	0	41	18	29	36	0	51	0	21	9	49	0	48	0	56	0	40	3	46	2	58	0	48	0	66	1	56	0	53	3
cell169	0	48	5	43	46	1	45	0	17	29	50	0	40	0	49	0	45	1	59	0	23	33	54	0	61	0	35	10	49	2
cell170	0	55	40	0	44	3	46	0	67	0	58	0	65	0	51	0	42	19	57	0	51	1	54	0	44	2	56	2	52	0
cell171	0	49	45	0	44	7	67	1	47	0	59	0	36	0	49	0	42	7	40	0	61	0	51	0	44	0	46	0	42	0
cell172	0	47	51	4	49	0	58	0	51	0	16	36	49	0	41	3	47	0	34	0	48	0	48	0	47	0	43	1	38	0
cell173	0	48	43	14	51	0	45	0	49	1	39	4	51	1	53	0	49	1	40	0	42	0	45	0	44	0	46	1	46	0
cell174	0	62	6	31	61	0	44	1	38	0	52	0	49	0	56	0	36	0	48	0	46	9	61	0	58	0	53	2	47	0
cell175	0	46	27	18	49	1	29	0	55	0	29	14	62	0	54	0	54	0	44	0	43	1	58	0	45	0	51	2	62	0
cell176	0	55	43	8	43	0	69	4	45	0	40	17	52	0	45	3	45	0	48	0	55	2	44	0	44	3	49	0	52	0
cell177	0	42	21	38	55	0	28	10	53	0	32	17	50	7	36	0	42	0	41	2	56	0	46	2	52	5	44	0	52	0
cell178	0	46	33	17	43	1	46	4	44	0	44	7	52	9	34	3	61	0	42	0	60	0	55	0	48	0	49	0	55	1
cell179	0	41	6	35	47	0	53	4	10	35	53	0	53	3	50	0	47	0	44	0	40	18	51	0	34	0	62	1	48	0
cell180	0	48	17	32	59	2	46	0	35	18	43	1	48	0	48	1	51	0	35	1	46	13	47	1	49	0	48	0	60	0
cell181	1	71	18	21	51	0	57	0	44	0	25	27	42	1	36	8	69	0	37	3	39	1	46	1	54	0	40	0	49	0
cell182	0	53	57	0	29	13	49	0	45	0	48	0	41	0	41	0	31	14	44	0	55	1	56	0	43	0	49	0	43	0
cell183	1	40	54	7	46	0	68	2	51	1	13	26	41	1	44	0	49	0	42	0	36	3	73	0	61	0	42	3	59	0
cell184	0	52	29	9	48	0	62	0	57	0	10	50	61	0	51	2	37	0	64	0	43	0	51	0	59	0	41	0	24	23
cell185	0	46	35	15	51	0	46	9	46	0	43	24	51	0	57	0	41	0	54	0	50	0	57	0	49	8	58	0	48	0
cell186	0	33	43	14	47	0	38	11	59	0	21	24	39	0	45	0	51	0	55	4	55	0	41	12	48	0	55	0	66	0
cell187	4	55	52	1	51	0	59	0	34	1	37	15	61	0	42	2	51	0	46	0	53	0	52	0	56	0	48	0	39	0
cell188	0	55	57	2	53	0	61	1	49	0	51	7	54	0	52	1	40	0	58	1	48	0	39	7	55	0	50	0	46	4
cell189	0	45	14	35	43	5	34	5	49	15	27	4	53	0	50	0	52	1	58	0	33	1	47	1	51	0	48	0	51	0
cell190	0	50	35	17	50	0	48	4	40	2	29	18	41	12	53	0	53	0	50	0	40	0	62	0	49	2	59	0	44	11
cell191	0	49	46	1	26	14	54	0	53	0	47	0	47	0	47	0	46	0	52	0	49	0	47	0	44	0	46	0	46	0
cell192	3	45	58	1	51	0	45	1	50	0	6	30	52	0	58	0	53	0	47	0	60	0	54	0	44	1	57	0	53	1
cell193	0	44	51	0	32	17	62	0	64	2	36	1	49	0	35	0	36	18	49	0	46	0	47	0	50	0	51	0	52	0
cell194	0	57	40	30	58	0	42	1	47	0	41	16	55	2	41	0	49	2	43	0	43	0	51	0	39	5	56	0	49	0
cell195	0	38	46	0	19	35	50	0	43	0	66	0	46	1	47	1	41	6	42	0	45	0	49	0	46	0	32	0	53	2
cell196	0	42	30	15	52	0	39	14	58	4	29	15	46	0	41	0	57	0	49	11	53	0	45	0	45	0	56	0	47	0
cell197	1	58	11	41	62	0	33	0	59	1	61	0	48	1	51	0	48	1	42	2	63	0	62	0	52	0	45	0	36	0
cell198	1	50	7	33	40	0	55	0	38	38	52	0	56	1	47	0	39	5	44	0	47	0	45	0	40	0	42	0	44	0
cell199	1	50	25	19	52	2	51	0	52	0	33	19	42	10	51	9	56	0	63	0	49	0	48	2	42	2	50	0	56	0
cell200	0	44	45	8	41	0	56	1	58	0	21	12	61	0	49	0	46	0	42	3	48	0	48	0	48	0	38	2	51	0
cell201	2	48	11	40	48	0	52	0	46	2	58	0	40	19	36	0	44	0	51	0	49	0	54	3	45	0	50	0	50	0
cell202	0	54	21	37	45	0	45	0	54	0	45	0	59	0	56	0	57	0	44	0	50	0	56	0	52	0	43	1	52	0
cell203	0	58	17	45	55	0	44	0	22	34	58	0	50	0	42	0	57	0	41	2	44	2	45	0	53	0	48	0	45	0
cell204	0	43	22	24	54	0	46	6	53	0	37	12	39	19	37	0	47	0	62	0	51	0	53	3	56	0	51	0	52	0
cell205	0	55	48	4	45	0	59	3	51	0	37	12	57	0	41	1	50	0	53	0	47	2	48	0	64	0	51	0	37	8
cell206	0	44	0	51	44	1	61	0	24	16	45	0	40	0	55	0	46	0	49	0	35	10	54	0	51	0	33	8	41	0
cell207	2	52	48	0	44	0	50	0	61	0	57	0	57	0	51	0	8	42	43	0	54	0	43	0	41	0	59	0	46	0
cell208	0	39	50	0	32	12	43	3	45	0	47	0	45	6	36	0	29	27	41	0	54	0	61	0	47	1	48	0	52	1
cell209	1	43	26	24	47	0	61	12	44	0	52	12	36	9	43	0	54	0	44	0	40	0	40	0	41	1	34	0	54	0
cell210	0	57	30	26	41	1	43	1	63	0	46	4	49	0	57	0	66	0	52	1	54	0	40	0	53	8	42	1	62	0
cell211	0	53	44	0	49	0	42	0	34	0	46	0	58	0	47	0	47	0	60	0	48	0	60	0	52	1	47	0	53	0
cell212	0	37	22	12	44	0	63	0	40	0	35	18	41	0	49	0	53	0	45	0	53	0	34	2	55	0	47	0	44	0
cell213	0	44	48	2	55	0	39	0	40	1	34	9	54	0	59	0	49	0	44	0	36	0	50	0	58	3	53	0	48	1
cell214	0	51	35	11	57	1	36	27	48	2	36	18	69	0	47	0	52	0	37	13	33	0	46	0	43	0	45	1	50	1
cell215	0	43	21	36	45	0	32	16	41	1	54	2	33	19	60	0	48	0	49	0	52	1	41	0	49	1	41	0	48	3
cell216	2	39	35	19	52	2	51	9	57	0	20	41	38	1	46	1	33	14	52	1	53	2	46	4	54	0	55	0	70	0
cell217	0	47	10	29	47	0	50	5	53	0	46	12	59	0	58	0	43	0	49	0	41	2	49	0	50	0	59	0	52	0
cell218	2	48	15	35	43	0	31	7	59	0	20	27	55	1	52	1	52	0	44	0	37	0	52	0	43	0	57	5	52	0
cell219	1	44	18	30	48	0	36	17	47	0	20	24	48	0	57	0	48	0	57	0	44	1	52	0	51	0	51	0	45	1
cell220	0	49	49	0	32	16	35	0	44	1	47	0	45	0	50	0	66	0	44	1	53	0	55	0	44	1	41	1	49	2
cell221	0	62	5	51	52	0	58	0	10	48	44	0	55	0	53	5	47	0	54	0	32	13	41	0	45	0	41	15	58	0
cell222	1	43	53	0	64	0	44	0	50	0	48	0	28	1	50	2	46	0	52	0	63	1	56	0	43	2	51	0	44	0
cell223	0	49	52	0	41	0	43	0	55	0	19	30	41	0	47	6	47	0	49	0	46	2	57	0	51	3	53	0	20	25
cell224	4	43	50	1	44	17	48	0	47	0	51	0	48	0	49	0	47	0	46	0	38	0	49	1	55	0	56	1	40	0
cell225	0	44	37	10	52	0	42	4	58	0	34	12	40	16	46	0	41	0	54	0	37	1	47	0	46	0	50	0	51	0
cell226	0	52	12	24	51	0	49	0	36	17	53	0	45	0	47	0	44	3	62	0	24	14	47	0	54	0	22	29	46	1
cell227	0	44	26	24	49	0	48	0	59	0	23	31	49	1	48	7	56	0	54	0	44	0	65	0	47	0	34	2	45	0
cell228	0	47	23	28	51	1	48	7	47	0	41	7	51	0	48	0	52	0	49	0	58	0	56	1	59	0	51	0	40	1
cell229	0	53	4	40	41	0	51	0	8	59	49	3	53	0	38	4	49	5	43	0	19	26	47	0	53	0	45	0	38	3
cell230	2	44	32	21	53	0	50	7	46	0	22	16	16	18	45	0	42	0	57	0	57	0	53	0	49	0	47	0	54	0
cell231	0	51	22	17	52	0	46	8	47	1	25	19	45	0	35	2	47	0	58	0	55	0	40	0	48	0	45	0	39	0
cell232	0	49	34	6	43	0	54	4	42	16	50	1	49	0	38	0	40	1	54	0	50	11	39	0	51	0	51	2	63	0
cell233	0	58	30	31	56	0	25	32	44	1	43	3	50	0	46	1	47	0	41	6	49	1	41	0	51	2	51	0	47	0
cell234	0	51	52	0	31	26	48	6	47	0	57	0	51	0	58	0	39	10	45	0	63	0	58	0	46	0	54	0	45	0
cell235	0	56	50	11	44	1	61	0	48	0	40	0	45	3	55	0	48	0	49	0	46	2	55	1	53	0	45	0	59	0
cell236	0	55	45	7	10	43	45	0	45	0	35	0	46	2	42	0	58	0	48	0	56	0	56	0	34	4	41	0	44	2
cell237	0	37	16	43	49	1	41	0	51	15	51	0	46	0	42	5	46	0	50	0	42	0	39	0	42	0	50	2	56	1
cell238	0	43	33	15	50	0	49	3	53	1	65	0	30	14	42	0	62	0	46	0	45	0	53	0	34	0	50	0	58	0
cell239	0	54	27	25	44	0	42	0	55	0	52	0	59	0	47	2	51	0	48	0	48	0	61	0	54	0	38	0	57	0
cell240	0	51	37	14	55	1	54	0	42	2	34	13	51	0	49	0	53	1	52	0	50	0	54	0	50	0	66	0	60	0
cell241	0	51	8	50	43	0	57	0	30	21	52	0	52	0	46	0	44	1	50	0	49	0	51	0	49	0	45	0	38	11
cell242	0	57	43	0	49	0	51	2	42	0	51	1	62	0	45	0	55	2	52	1	47	0	47	1	41	0	44	0	52	0
cell243	0	63	48	8	50	0	49	0	47	0	45	6	55	0	48	0	50	0	44	6	57	0	51	0	45	2	41	0	53	2
cell244	0	49	49	2	56	0	42	18	42	2	34	18	35	1	49	0	47	2	50	3	54	0	40	7	54	0	42	0	37	0
cell245	0	41	48	0	21	20	41	0	45	0	44	0	54	0	43	2	31	24	47	4	37	0	53	0	50	1	47	0	53	0
cell246	2	59	2	37	49	0	50	0	4	49	53	0	39	0	45	0	53	0	52	0	14	45	42	0	53	0	44	4	48	0
cell247	1	58	21	34	52	0	47	2	43	0	41	10	49	1	38	0	43	1	52	0	58	0	40	0	53	1	47	0	44	0
cell248	0	47	3	43	58	0	38	0	32	19	53	1	43	8	50	0	47	0	49	0	44	5	44	1	47	0	48	0	53	0
cell249	0	50	49	0	33	19	46	0	48	0	66	0	51	1	54	1	41	0	46	4	47	0	46	0	50	3	48	0	48	0
cell250	0	41	12	32	53	0	42	0	33	23	49	0	52	0	56	0	49	0	50	0	49	1	56	0	45	0	59	0	54	0
cell251	0	49	39	17	48	0	41	0	58	0	11	42	58	0	31	21	47	0	37	0	53	0	65	0	48	0	52	0	54	0
cell252	0	61	30	10	43	0	38	9	60	0	34	19	57	0	39	4	50	0	28	20	51	0	48	0	46	0	45	0	39	0
cell253	0	50	28	19	46	8	61	0	37	0	33	15	52	0	43	2	56	0	47	0	52	0	49	0	58	0	37	7	53	0
cell254	0	48	34	15	60	0	46	7	50	0	51	4	38	11	56	2	45	0	51	0	47	0	43	0	36	3	50	0	47	0
cell255	0	52	56	0	39	12	41	0	61	0	45	0	44	0	55	3	58	0	45	0	61	0	56	0	39	0	50	0	47	0
cell256	0	58	37	12	61	0	41	0	61	0	53	0	51	0	45	6	50	0	57	0	52	0	51	0	47	0	49	0	54	0
cell257	0	51	38	12	44	0	48	0	40	0	34	13	55	0	43	6	58	0	43	0	39	0	50	0	48	0	52	0	62	0
cell258	0	64	33	24	39	0	33	3	44	2	32	20	49	0	48	1	64	0	48	0	44	0	50	0	55	2	41	0	61	0
cell259	0	44	44	0	43	12	55	0	48	0	58	0	55	0	45	0	21	18	68	0	51	0	53	0	46	0	59	0	47	1
cell260	0	62	12	40	43	0	56	2	49	0	47	10	37	9	49	2	59	0	69	0	50	0	58	0	65	0	53	0	42	0
cell261	0	47	33	15	46	0	61	0	44	3	17	26	48	0	42	1	67	0	50	0	37	0	46	0	64	0	48	1	51	0
cell262	0	39	24	35	45	0	61	1	54	0	17	22	47	1	51	0	58	0	51	0	55	0	47	0	54	0	36	4	16	19
cell263	2	48	51	0	17	31	47	0	53	0	44	0	42	0	40	0	43	0	48	2	58	0	54	0	52	0	44	0	42	0
cell264	0	51	25	17	55	0	46	0	42	0	25	22	45	0	61	0	52	0	44	0	40	0	39	0	42	0	57	0	50	0
cell265	0	54	43	2	44	0	36	8	39	0	43	10	56	0	45	0	56	0	40	7	54	0	46	1	62	0	52	0	52	0
cell266	0	53	38	12	43	0	58	8	52	0	42	0	51	0	48	0	50	0	56	0	61	0	45	0	52	1	37	0	61	0
cell267	0	51	30	18	43	0	49	0	49	0	12	25	40	14	40	0	56	0	51	0	69	0	56	0	26	25	48	0	47	0
cell268	0	61	20	18	53	0	50	0	46	0	36	3	36	0	47	0	41	0	48	1	52	0	38	0	40	0	50	0	48	0
cell269	0	42	42	0	24	17	55	0	41	0	55	0	47	0	72	0	58	0	39	0	61	0	42	0	54	0	36	2	57	0
cell270	0	52	35	12	36	0	51	5	65	0	24	21	46	0	47	0	35	0	32	19	50	1	54	8	41	0	66	0	56	4
cell271	0	45	24	19	47	0	45	0	52	5	60	1	52	0	40	1	51	0	49	1	38	0	60	0	51	0	64	0	52	0
cell272	0	53	10	33	52	0	47	0	36	15	50	0	53	0	57	0	39	0	35	0	44	0	49	0	68	0	45	0	46	0
cell273	0	48	19	28	50	0	40	7	52	0	34	6	37	1	53	0	52	0	48	0	54	0	50	0	57	0	54	0	53	0
cell274	0	57	11	28	40	0	52	0	55	0	48	0	58	0	63	0	55	0	46	0	52	0	48	0	53	1	33	8	41	0
cell275	0	57	33	25	49	0	48	0	31	15	43	0	41	2	64	1	48	0	56	1	20	33	63	0	43	3	45	0	51	0
cell276	0	44	5	39	52	0	45	0	20	27	42	0	57	0	52	0	51	0	49	0	32	18	46	2	45	0	49	1	61	0
cell277	0	41	52	0	33	8	49	0	48	0	48	0	42	2	45	1	47	0	53	1	36	0	50	0	46	7	51	0	44	0
cell278	2	49	29	23	46	0	55	0	64	0	44	0	44	0	53	0	50	4	49	0	37	0	50	0	40	3	49	0	59	0
cell279	0	39	13	45	44	0	37	2	52	0	43	4	24	29	45	0	30	0	39	0	39	0	35	0	56	8	44	0	39	0
cell280	0	48	52	3	48	0	58	0	63	0	53	0	52	0	42	0	39	0	46	0	45	0	48	0	34	0	42	0	52	0
cell281	1	62	35	12	65	0	51	0	56	0	20	30	43	0	27	18	46	0	50	4	67	0	56	0	59	0	30	13	42	0
cell282	0	48	28	22	38	0	54	2	32	0	42	15	52	0	45	0	59	0	44	3	64	3	44	0	49	0	57	1	51	0
cell283	0	49	21	52	53	0	43	9	54	0	45	5	47	0	46	1	51	0	54	0	37	0	51	0	45	1	50	0	43	0
cell284	0	60	27	27	55	0	41	0	59	0	23	22	45	0	51	1	54	0	48	8	41	0	46	0	47	0	59	0	55	0
cell285	3	39	44	11	49	0	58	0	51	0	10	40	50	1	28	15	44	2	47	0	48	0	47	0	52	1	57	4	57	1
cell286	0	37	36	7	52	0	72	0	49	0	7	46	46	0	34	19	60	0	36	0	49	0	55	0	39	0	57	0	50	0
cell287	5	47	36	0	44	0	38	0	46	0	37	3	50	5	44	0	56	0	41	0	51	0	54	0	51	0	56	0	57	0
cell288	0	54	50	0	33	10	46	0	48	2	53	0	47	0	37	2	51	0	58	0	49	0	43	0	51	1	40	0	45	9
cell289	0	54	31	3	49	1	37	6	41	0	45	3	47	0	51	0	36	0	50	0	54	0	40	0	59	0	45	0	34	2
cell290	0	55	5	50	51	0	59	0	9	40	51	0	53	0	43	1	52	0	56	0	6	38	45	0	46	0	26	30	52	0
cell291	0	55	4	51	47	0	51	0	29	12	41	0	51	0	65	0	41	1	56	0	31	11	49	0	60	0	35	6	60	0
cell292	0	50	43	6	51	0	45	1	37	1	11	45	43	0	51	0	56	1	28	26	54	0	53	2	46	2	52	0	56	0
cell293	1	45	25	29	62	0	39	0	13	33	53	0	43	2	42	0	49	1	40	1	18	30	55	0	38	0	42	4	58	1
cell294	0	60	12	30	42	0	46	0	57	0	49	0	45	0	40	0	44	0	44	5	46	3	59	1	42	0	45	0	45	0
cell295	2	46	30	22	50	0	52	5	45	0	34	16	37	0	56	0	43	0	39	14	54	0	44	0	66	0	54	1	55	0
cell296	0	42	46	1	28	24	59	0	46	0	46	0	46	0	50	0	54	0	55	0	42	0	45	0	61	0	55	0	36	0
cell297	0	43	9	36	32	0	55	1	60	0	45	11	46	0	46	0	37	3	40	18	47	1	59	0	51	0	48	0	50	0
cell298	0	51	40	22	54	0	51	0	49	0	19	30	58	0	46	0	43	0	56	0	52	0	44	0	28	12	35	0	49	0
cell299	0	48	3	49	49	1	51	0	29	20	46	0	55	0	45	2	54	1	53	0	44	5	44	0	51	0	32	12	45	1
cell300	0	52	36	14	53	0	34	0	51	3	21	35	41	0	42	2	39	5	45	1	56	1	50	0	57	0	50	0	50	0
cell301	0	46	38	22	50	0	44	15	41	0	33	12	48	1	45	0	50	0	42	3	42	0	43	14	53	0	53	0	41	0
cell302	0	61	15	43	57	0	41	6	49	0	14	20	59	1	42	1	56	0	9	30	48	0	40	6	55	0	49	0	50	1
cell303	2	49	33	19	44	4	34	0	43	0	39	0	56	2	57	0	46	1	43	0	58	0	45	0	40	0	42	0	47	0
cell304	0	36	33	14	40	0	42	0	58	0	31	19	51	0	49	0	57	0	56	0	51	0	51	0	52	0	40	0	49	0
cell305	0	51	9	46	37	0	49	0	54	0	47	0	44	4	57	0	47	1	43	0	49	0	48	1	38	0	47	3	48	7
cell306	1	62	30	17	32	3	37	2	44	0	46	2	41	6	49	0	57	0	61	1	48	2	52	0	61	0	40	0	47	0
cell307	0	48	0	51	50	0	50	0	25	24	53	0	50	1	62	1	40	0	47	0	56	0	54	0	42	0	50	1	46	0
cell308	1	52	45	11	54	0	48	3	50	8	54	0	51	0	52	0	48	6	51	0	54	0	51	0	52	0	49	0	55	0
cell309	0	49	30	12	48	0	41	2	32	0	24	20	58	6	50	0	63	3	59	0	59	0	57	1	42	9	45	0	46	0
cell310	1	57	20	18	43	1	32	18	39	0	35	14	61	1	42	0	47	0	36	20	41	0	43	1	41	0	55	3	54	0
cell311	0	58	8	46	45	0	30	12	54	0	43	7	41	0	52	0	58	2	50	0	58	0	43	0	46	0	62	0	42	0
cell312	0	46	38	2	46	0	42	0	47	1	23	9	38	0	57	0	39	0	59	0	67	0	39	6	42	0	57	0	60	0
cell313	0	45	51	2	50	0	34	5	67	0	17	26	52	0	43	0	43	0	57	2	53	1	58	0	45	0	54	0	55	0
cell314	0	45	36	16	51	0	38	0	52	0	27	22	49	0	57	1	52	0	32	15	51	0	57	3	53	2	53	0	55	3
cell315	0	48	18	28	58	0	47	3	37	9	51	0	45	0	43	0	47	0	66	0	47	6	36	0	50	0	45	5	38	2
cell316	0	53	42	13	42	0	55	0	47	0	20	26	51	0	32	15	35	0	45	0	46	0	47	0	38	1	43	0	66	0
cell317	0	34	35	8	62	0	52	2	55	0	32	19	58	0	55	0	48	0	30	3	68	5	54	0	49	0	55	0	48	6
cell318	0	50	12	44	55	0	38	0	14	25	56	0	48	0	57	0	59	0	56	0	42	12	61	0	45	0	48	0	47	0
cell319	0	60	58	2	46	0	48	1	42	0	45	0	62	2	43	0	51	0	46	0	42	1	55	0	52	0	52	0	48	0
cell320	1	56	7	50	47	0	24	23	54	0	34	20	45	4	48	0	51	0	46	0	55	5	49	0	50	0	49	0	33	0
cell321	0	55	15	29	65	0	43	0	43	11	37	0	45	0	40	0	42	0	42	0	34	0	55	0	39	0	45	0	52	0
cell322	0	60	24	23	67	0	35	4	57	0	39	11	20	19	47	0	54	0	48	0	54	0	40	0	35	13	50	0	51	0
cell323	0	36	30	20	44	0	53	1	46	0	9	45	62	0	56	0	42	0	45	1	40	1	44	0	48	0	50	0	48	7
cell324	0	39	41	5	56	0	52	0	55	0	17	29	51	0	38	0	55	0	55	0	47	0	49	0	48	0	45	0	43	12
cell325	0	38	36	16	52	0	49	0	50	0	19	38	47	3	46	0	47	0	47	2	46	0	53	0	44	9	56	0	44	0
cell326	0	45	24	17	47	0	18	17	40	0	16	17	50	3	54	0	57	0	49	0	38	7	48	0	52	0	47	0	57	0
cell327	0	44	10	29	66	0	58	0	21	24	41	0	53	3	47	0	45	0	48	0	20	31	42	0	49	0	26	21	51	0
cell328	0	56	40	8	64	0	49	0	51	0	20	24	58	0	53	0	54	0	42	2	36	0	54	0	40	0	50	0	47	0
cell329	0	43	61	4	48	4	39	0	54	0	20	32	49	0	47	0	64	0	45	0	42	1	42	1	43	1	53	0	51	0
cell330	0	45	41	4	69	0	48	11	44	0	18	36	44	0	66	0	42	0	17	30	53	0	49	0	36	0	45	0	40	0
cell331	1	43	49	0	56	0	52	2	48	0	47	0	55	0	59	7	49	0	51	0	45	0	61	0	43	0	51	0	57	0
cell332	0	53	35	10	46	0	55	1	49	0	34	11	50	3	64	0	49	4	43	0	47	1	48	0	42	8	52	0	49	0
cell333	0	47	18	23	41	1	43	0	46	1	56	0	46	2	54	0	45	0	44	0	56	1	43	0	41	1	48	0	52	0
cell334	0	46	21	22	48	0	40	0	11	42	50	0	60	0	57	0	41	0	48	0	17	31	37	0	48	0	39	0	56	0
cell335	0	51	41	23	49	0	58	2	53	0	30	21	44	0	31	21	56	0	54	0	58	3	52	1	53	3	52	5	60	0
cell336	2	59	24	19	58	0	48	0	13	42	49	1	56	0	48	0	48	0	44	0	35	2	54	1	46	0	53	0	50	0
cell337	0	44	45	6	43	5	45	3	54	0	33	20	48	0	41	1	62	0	46	8	54	0	59	1	49	2	69	0	42	0
cell338	0	43	22	26	48	0	47	0	46	0	41	8	62	0	52	0	51	0	51	0	49	0	41	0	49	0	56	0	40	10
cell339	1	50	11	39	49	0	43	0	51	1	42	0	42	0	44	0	42	0	42	2	45	1	55	0	52	0	50	0	46	0
cell340	0	55	10	35	54	0	54	4	14	25	43	0	51	0	54	0	61	0	53	0	51	6	49	0	38	0	52	0	40	0
cell341	0	49	10	47	63	0	46	0	47	12	47	1	43	1	49	1	47	0	52	1	37	11	42	0	56	3	44	0	50	0
cell342	0	55	42	1	15	41	48	7	43	1	50	0	40	0	55	0	43	1	42	1	45	3	48	0	43	0	41	0	52	0
cell343	0	57	0	47	39	0	42	0	10	30	45	0	46	2	58	0	48	0	43	0	48	9	37	0	45	0	50	1	55	0
cell344	0	43	40	0	48	0	61	0	41	0	51	0	54	0	45	2	54	0	47	1	48	0	49	0	52	5	51	0	47	0
cell345	4	46	45	5	50	0	45	0	44	0	32	8	33	0	53	1	62	0	50	0	44	0	49	1	52	0	45	0	42	0
cell346	2	35	21	36	27	0	40	7	43	0	21	15	40	12	45	0	48	0	57	0	55	0	53	0	50	3	59	0	42	0
cell347	0	40	9	36	50	2	56	0	20	19	52	0	48	0	48	0	38	0	47	2	28	32	55	0	48	0	33	28	49	0
cell348	0	52	34	13	48	0	35	10	45	0	15	41	48	0	43	1	68	0	23	17	40	1	46	1	48	0	52	0	42	0
cell349	4	54	16	17	54	0	34	22	58	1	33	11	55	0	37	0	46	4	55	0	53	0	50	0	51	0	50	0	35	0
cell350	0	48	24	28	42	1	47	1	46	0	39	7	54	0	50	2	62	0	53	0	55	1	50	0	43	0	52	0	48	0
cell351	0	61	27	19	61	0	28	20	57	0	42	3	50	4	56	0	41	6	55	0	44	0	56	0	49	2	52	1	51	0
cell352	0	34	29	37	52	0	52	0	59	0	53	0	47	0	54	0	50	3	48	0	47	0	62	0	45	0	52	0	47	0
cell353	0	51	4	44	53	0	43	1	28	20	42	0	47	0	55	0	43	0	48	0	24	28	47	0	51	1	44	6	54	2
cell354	3	44	16	33	50	0	56	0	22	16	46	0	51	0	62	0	56	0	56	0	39	5	55	0	57	0	51	0	47	1
cell355	4	48	8	34	45	2	43	7	69	1	47	5	58	0	51	1	38	0	61	0	58	0	57	0	41	0	49	0	53	1
cell356	0	60	60	0	22	37	52	0	44	0	63	1	43	0	53	0	49	1	42	2	61	0	60	0	47	0	47	0	47	1
cell357	0	46	40	0	40	2	40	0	67	0	58	0	54	0	46	1	45	0	51	0	43	0	44	0	50	0	56	0	66	0
cell358	0	50	42	12	64	0	45	0	50	12	44	0	51	2	39	0	53	3	46	0	55	0	42	0	47	0	56	0	60	0
cell359	0	50	50	11	43	0	35	4	48	1	20	32	40	8	38	0	36	1	51	0	53	0	35	0	34	18	57	0	51	0
cell360	0	57	50	0	55	0	51	0	65	0	51	0	39	0	56	0	41	0	64	0	52	0	47	3	57	0	56	0	56	0
cell361	0	42	45	0	50	0	49	0	59	0	44	0	50	0	48	0	54	0	52	1	56	0	43	0	55	0	52	0	55	0
cell362	0	50	45	12	51	1	54	0	48	0	25	34	39	0	50	3	58	0	48	0	50	2	56	0	54	0	53	0	43	0
cell363	0	52	52	0	18	33	57	0	45	1	33	0	41	0	51	0	54	1	40	2	44	0	48	0	54	2	40	5	49	0
cell364	1	48	18	21	51	0	53	0	65	1	43	19	48	0	50	0	54	0	52	0	40	0	54	0	35	0	53	0	23	19
cell365	0	52	7	54	41	0	47	0	15	41	53	0	56	0	52	0	45	0	46	0	17	22	58	0	48	0	42	2	54	0
cell366	0	48	15	18	50	0	45	0	57	2	34	12	52	0	58	0	42	10	53	1	58	1	51	0	50	0	63	1	23	21
cell367	4	45	2	46	49	0	49	0	27	31	42	0	54	0	45	0	48	0	44	0	27	22	59	0	44	4	39	7	52	0
cell368	9	44	46	0	21	25	48	0	45	0	52	0	54	0	44	1	52	0	58	0	48	0	51	0	32	0	52	0	44	0
cell369	13	46	41	1	3	44	44	0	62	0	54	0	50	0	55	0	53	0	59	2	46	0	52	0	49	0	49	7	50	0
cell370	4	52	60	4	56	0	54	3	42	0	30	24	54	3	47	0	56	0	41	5	61	0	41	0	48	0	52	0	44	0
cell371	0	48	16	31	37	0	18	24	48	0	34	18	46	0	54	0	56	0	30	7	53	0	37	1	43	0	59	4	36	1
cell372	1	59	28	21	49	3	36	0	44	0	42	18	56	1	54	0	52	0	44	2	60	0	55	2	42	6	33	0	47	0
cell373	0	45	21	29	40	2	12	36	46	0	42	7	38	3	31	0	43	1	59	0	60	0	48	0	45	0	43	0	38	4
cell374	7	45	40	0	32	24	47	0	37	0	54	0	56	0	47	0	58	0	55	0	45	2	61	0	51	0	56	0	51	0
cell375	0	52	51	0	34	17	43	2	34	0	48	0	50	0	63	0	13	37	47	0	56	1	40	0	44	0	49	0	78	0
cell376	0	50	39	3	2	44	63	1	55	0	51	0	51	0	51	0	35	9	61	0	53	1	41	0	47	0	42	0	40	3
cell377	0	44	47	6	43	0	37	4	46	1	26	31	60	0	56	0	45	0	36	23	38	0	45	0	43	0	51	0	45	0
cell378	6	50	49	0	47	5	42	0	40	0	68	0	61	0	52	0	14	35	59	1	35	8	43	0	53	1	54	0	48	1
cell379	0	60	26	23	58	0	43	2	56	0	31	20	38	6	48	0	47	0	49	0	52	0	45	0	48	7	45	0	50	0
cell380	0	62	33	12	57	0	65	0	42	0	35	21	46	1	41	0	44	0	49	1	38	1	54	0	42	0	43	2	42	5
cell381	0	49	56	0	45	1	59	0	62	1	38	0	54	1	46	0	47	0	58	0	50	0	45	0	49	0	61	0	54	0
cell382	0	54	51	7	54	0	53	0	55	0	22	23	44	0	42	0	55	0	39	0	56	0	31	0	41	0	58	0	36	0
cell383	0	51	28	27	56	0	59	1	50	1	27	8	61	0	41	12	45	0	49	0	47	1	40	0	42	0	51	0	56	0
cell384	0	56	38	10	51	0	52	0	64	0	21	27	53	0	44	1	60	0	56	0	52	0	41	0	41	0	48	0	31	27
cell385	1	49	17	28	48	0	61	6	46	3	39	0	44	0	48	0	44	0	50	0	44	0	54	6	43	0	43	4	38	0
cell386	0	60	4	42	44	0	47	6	37	0	35	12	42	16	47	0	51	0	48	0	45	0	47	0	48	5	53	0	49	0
cell387	1	54	32	16	53	0	56	1	52	0	30	16	60	0	42	0	62	0	58	0	48	0	53	0	46	0	48	1	34	7
cell388	0	50	57	9	51	0	39	0	39	0	57	17	48	0	45	0	54	0	48	3	49	0	50	0	44	2	46	0	36	17
cell389	0	50	53	6	42	0	48	0	48	0	13	46	49	0	39	21	59	0	51	0	52	2	54	0	42	0	48	0	43	0
cell390	0	52	9	45	37	1	54	0	20	26	38	0	55	0	52	1	60	0	46	0	52	0	46	0	51	0	50	0	33	7
cell391	0	49	47	4	56	0	57	0	39	0	9	48	50	0	47	0	64	0	63	0	54	0	51	0	52	0	45	0	34	19
cell392	0	57	39	10	46	2	49	2	53	0	11	29	49	0	50	0	53	0	32	12	43	1	44	0	49	2	67	0	41	0
cell393	0	54	33	14	50	0	54	0	38	0	20	41	57	0	35	16	50	0	47	0	41	0	39	0	38	0	61	0	46	1
cell394	1	61	47	0	59	10	48	0	45	0	52	3	55	1	48	0	35	25	59	0	47	0	60	0	44	0	56	0	61	0
cell395	0	35	28	20	38	0	48	0	35	25	51	0	36	0	43	0	42	0	61	3	35	17	60	0	46	0	52	10	48	0
cell396	1	57	13	35	43	0	34	13	45	0	34	12	47	13	55	0	55	2	46	2	55	0	33	1	42	2	46	1	45	1
cell397	0	47	59	3	47	0	49	3	41	0	29	16	41	0	60	0	44	0	47	0	60	0	50	0	56	0	49	0	56	2
cell398	2	50	16	27	57	0	38	0	43	0	38	14	33	0	38	0	61	0	52	0	60	0	52	3	57	0	52	0	47	0
cell399	0	53	21	36	61	0	68	0	17	32	47	0	43	0	52	1	60	2	57	1	21	18	52	0	46	0	35	15	55	0
cell400	0	46	21	29	48	0	51	2	62	0	40	0	62	0	46	0	55	2	43	1	53	0	43	0	49	4	51	0	58	1
cell401	0	49	49	10	62	0	48	0	50	1	52	0	43	0	51	0	50	0	32	0	51	0	51	0	35	0	59	0	51	0
cell402	0	49	33	11	46	0	59	0	42	0	3	48	48	0	48	1	53	0	46	0	52	0	49	0	58	0	47	0	59	2
cell403	0	54	19	36	59	0	47	6	53	0	21	25	47	1	49	0	50	0	49	8	55	0	48	0	38	10	58	3	56	0
cell404	0	47	13	29	53	0	43	0	7	38	45	2	49	0	54	0	48	2	57	0	18	41	54	0	48	0	41	3	53	0
cell405	1	40	36	14	49	0	51	0	47	0	7	33	48	0	56	0	56	0	30	15	57	0	45	9	53	0	65	0	51	0
cell406	1	60	46	11	38	0	43	1	42	0	16	26	46	8	40	0	47	0	53	0	56	0	53	0	47	1	43	0	51	0
cell407	0	43	35	24	55	2	39	0	40	7	50	0	37	0	51	0	47	0	52	1	57	0	59	0	47	1	53	0	50	0
cell408	0	35	31	11	53	1	47	2	55	5	34	13	54	1	42	0	51	0	50	0	59	0	41	0	58	0	50	1	28	5
cell409	1	50	26	21	45	0	25	28	45	0	46	11	53	11	44	0	55	2	48	8	51	0	45	3	53	0	53	0	52	0
cell410	0	59	48	1	39	16	41	0	42	0	48	0	49	6	54	0	44	0	35	3	54	0	48	0	61	3	45	0	47	0
cell411	1	46	14	31	46	0	43	0	37	11	50	0	46	0	45	0	48	0	38	0	55	1	52	0	54	0	56	0	40	0
cell412	0	54	20	26	46	1	54	4	42	0	39	18	26	26	43	0	54	0	43	1	50	0	41	0	63	0	44	0	52	0
cell413	0	65	11	32	50	0	55	0	20	33	57	0	52	0	53	1	44	0	46	0	39	6	41	0	52	1	57	0	40	0
cell414	1	55	30	26	52	0	44	0	53	0	18	32	51	0	54	0	54	0	40	0	57	0	58	2	49	0	56	0	51	2
cell415	2	42	47	0	50	0	39	1	56	0	35	0	50	0	68	1	50	0	55	0	58	0	46	0	48	1	58	0	42	0
cell416	0	41	54	0	45	3	66	0	55	0	48	1	68	0	40	0	51	0	49	0	47	0	46	0	54	0	44	3	42	1
cell417	0	54	20	32	46	2	51	0	7	36	51	0	46	0	57	0	45	0	48	0	37	12	58	0	47	0	49	0	44	0
cell418	0	54	25	23	35	0	47	15	60	0	27	24	38	9	49	0	58	0	46	3	56	0	52	0	49	1	49	1	55	0
cell419	1	46	43	14	49	0	44	1	43	0	39	7	57	5	54	0	54	1	63	0	42	0	50	0	48	3	46	0	50	0
cell420	0	48	21	27	53	0	44	12	54	0	15	28	53	0	34	0	46	0	42	0	46	0	46	0	47	0	45	0	42	1
cell421	0	62	22	30	44	0	22	29	54	1	22	34	40	0	59	0	44	0	47	0	52	0	38	0	41	2	46	0	51	0
cell422	0	43	31	15	51	0	52	0	37	0	38	2	50	1	56	0	48	0	53	0	48	8	58	3	53	0	45	0	37	0
cell423	0	49	32	20	46	0	25	3	49	0	19	15	44	0	50	0	51	0	53	0	37	0	43	0	57	0	39	1	58	0
cell424	0	55	24	23	52	0	16	37	59	0	41	3	47	0	53	0	38	5	47	0	51	0	46	0	55	0	65	0	40	0
cell425	0	53	58	1	73	0	35	0	66	0	48	1	43	0	43	1	54	0	48	2	41	0	47	0	59	0	36	0	50	5
cell426	0	41	42	1	32	6	58	0	38	0	55	0	56	0	47	0	27	20	40	0	40	2	45	4	48	0	46	0	58	0
cell427	0	38	17	37	48	0	26	25	49	0	28	16	51	0	47	3	52	0	47	0	43	0	51	0	40	8	52	0	42	0
cell428	0	51	16	22	41	1	43	0	47	0	46	6	60	0	45	0	35	9	41	0	52	1	56	0	53	0	50	0	62	0
cell429	0	57	35	1	25	27	52	0	38	1	48	0	46	0	51	0	45	1	58	3	48	0	55	0	54	0	48	0	50	0
cell430	0	51	40	7	52	0	45	6	49	0	12	24	41	0	49	0	53	2	49	0	55	0	45	1	32	3	58	1	57	0
cell431	0	47	20	35	31	0	49	6	43	0	37	7	43	0	25	32	55	0	55	0	37	0	40	0	55	3	49	0	52	0
cell432	2	46	36	20	40	0	42	14	48	0	45	8	51	0	50	1	45	4	40	4	62	0	39	0	54	0	45	6	50	0
cell433	0	50	30	15	54	0	55	0	38	12	43	3	40	0	48	2	58	0	42	0	42	0	36	3	59	0	42	0	59	2
cell434	0	50	33	27	45	0	52	0	10	33	50	0	53	0	45	0	39	0	45	0	43	8	51	0	50	0	48	0	52	0
cell435	0	51	9	38	55	0	54	1	27	20	61	0	57	0	50	0	48	0	53	0	26	27	61	0	49	0	43	7	52	1
cell436	0	49	4	37	55	0	56	0	18	32	56	0	60	0	48	0	57	0	53	0	34	8	48	0	54	0	58	0	38	0
cell437	0	56	4	50	39	0	53	0	50	0	51	0	55	0	51	2	53	9	51	0	40	1	45	5	66	2	50	1	40	0
cell438	0	55	50	1	12	37	53	0	68	3	46	0	51	1	48	0	65	0	46	0	50	2	44	0	56	0	41	0	52	0
cell439	2	43	11	43	49	0	57	0	36	11	52	0	54	0	46	0	61	0	55	0	35	11	49	4	54	0	61	0	50	1
cell440	0	35	49	5	43	0	55	0	59	0	7	38	48	0	43	2	46	0	46	5	51	0	46	0	53	0	60	0	23	21
cell441	0	48	11	35	47	0	29	24	38	0	33	10	50	0	54	0	51	1	55	0	50	0	44	0	45	0	54	0	44	0
cell442	0	36	12	43	54	0	42	0	17	31	58	0	49	0	46	0	44	0	50	0	46	8	52	2	47	0	49	0	44	9
cell443	0	58	38	2	52	0	48	0	41	0	21	28	39	6	48	7	50	1	43	0	43	0	53	0	35	0	48	0	44	0
cell444	0	49	20	22	44	0	49	0	54	0	29	28	55	0	53	0	48	0	57	0	61	0	43	0	50	0	42	0	39	8
cell445	0	51	33	32	43	1	54	5	44	0	24	22	35	0	42	8	55	0	58	0	59	0	46	0	45	0	54	0	41	0
cell446	0	44	18	33	44	0	41	11	43	0	29	16	40	0	41	0	57	0	36	19	52	10	36	12	58	0	39	0	49	4
cell447	1	46	9	41	46	0	61	0	38	18	41	0	58	0	62	0	59	0	30	4	47	0	66	0	49	0	40	0	47	0
cell448	0	42	20	32	54	0	51	2	50	0	38	13	42	5	41	0	53	0	58	3	53	0	54	0	46	5	46	1	47	0
cell449	0	50	39	5	39	0	61	1	56	0	9	39	55	1	42	10	65	0	54	0	55	0	56	0	61	0	51	0	24	12
cell450	2	60	41	13	44	0	47	6	50	1	43	9	47	2	37	0	49	0	43	3	40	2	46	0	49	0	52	0	64	0
cell451	0	44	32	8	49	0	43	0	38	1	42	16	53	0	43	11	47	1	46	0	48	0	48	0	60	0	57	1	58	0
cell452	0	50	12	30	48	0	51	0	22	26	52	0	36	0	45	0	53	0	53	0	27	27	47	0	50	0	42	10	45	0
cell453	0	48	22	26	46	0	52	0	58	0	48	1	51	1	58	0	45	0	45	0	39	4	46	1	46	0	54	1	48	0
cell454	0	45	58	0	33	7	53	0	52	0	48	0	45	0	46	0	11	53	53	0	52	0	43	0	41	0	55	0	50	0
cell455	0	42	48	7	46	0	53	0	62	0	15	36	51	0	42	0	51	1	54	3	51	0	37	0	48	1	39	0	39	6
cell456	0	40	29	17	37	0	56	0	52	0	34	10	57	0	45	0	48	0	51	3	52	0	35	0	61	0	55	0	42	0
cell457	0	63	42	23	48	0	45	0	46	0	53	0	54	0	55	5	44	0	47	0	41	0	51	1	43	0	48	2	48	0
cell458	4	46	43	0	8	39	51	0	47	0	44	0	51	0	45	1	51	0	53	0	49	0	60	0	48	0	51	0	58	5
cell459	2	52	64	0	49	0	51	0	56	0	53	0	41	6	55	0	48	3	33	0	57	2	59	1	61	0	57	0	61	0
cell460	1	51	60	0	46	2	44	0	58	0	43	1	44	0	64	0	20	31	47	0	51	0	50	0	61	0	57	0	56	0
cell461	0	43	0	37	57	0	65	0	40	14	50	0	41	0	42	0	41	0	52	1	40	0	43	2	49	0	54	1	55	0
cell462	0	61	34	18	60	0	46	0	61	0	39	10	46	0	42	5	39	0	37	0	56	0	48	0	37	0	41	0	49	0
cell463	0	52	12	21	43	0	52	0	45	0	51	0	47	0	49	1	58	1	51	0	52	1	66	0	54	0	56	0	58	0
cell464	0	46	53	0	39	8	46	0	42	0	51	0	54	7	55	0	20	22	52	0	60	0	34	2	43	8	45	0	41	0
cell465	0	58	24	16	42	0	42	0	54	7	27	24	57	2	16	17	41	0	52	0	44	0	43	0	39	0	39	1	53	0
cell466	0	53	13	30	44	0	50	0	32	19	54	0	62	0	57	0	48	0	47	0	51	0	53	0	46	0	68	0	56	0
cell467	0	48	7	30	56	1	52	0	24	25	60	1	46	0	51	0	55	0	49	0	48	12	44	0	56	0	47	2	49	0
cell468	0	51	41	0	52	4	50	0	40	4	52	0	34	0	51	0	37	7	56	0	52	0	50	0	40	0	48	0	54	0
cell469	0	54	13	34	42	0	60	0	21	33	47	1	60	0	58	1	41	0	51	0	34	19	53	2	49	0	48	0	39	0
cell470	1	51	33	14	58	0	44	0	48	0	39	0	38	0	44	1	51	0	50	5	36	0	52	1	50	0	60	2	43	0
cell471	0	52	18	27	52	0	51	4	45	3	29	31	50	0	40	0	57	0	27	15	54	0	54	0	49	0	50	0	54	0
cell472	1	40	44	4	44	0	48	0	39	0	40	9	47	1	54	0	46	0	37	0	57	0	54	4	52	0	47	2	43	3
cell473	0	55	25	32	48	0	46	3	24	28	52	0	52	3	60	0	53	0	41	0	64	1	60	0	52	0	36	0	51	1
cell474	0	59	46	0	39	0	49	3	51	0	36	22	47	0	46	0	60	0	56	0	46	0	40	0	56	1	41	0	61	0
cell475	0	48	56	0	42	0	55	0	57	0	50	3	55	1	43	0	52	0	53	1	46	0	44	0	49	0	48	0	51	0
cell476	0	54	9	30	52	0	36	0	37	15	49	4	52	5	55	1	49	1	45	0	26	17	38	1	44	0	53	0	47	0
cell477	0	44	55	0	64	0	54	0	43	0	34	6	48	0	58	0	39	0	40	0	50	0	46	0	49	0	42	0	57	1
cell478	0	49	2	59	62	1	46	1	10	36	53	0	42	0	45	0	45	0	54	0	37	0	44	0	43	0	53	0	56	0
cell479	1	47	9	44	40	0	46	0	54	0	53	0	42	0	47	0	46	0	46	0	57	0	57	1	50	0	39	0	31	0
cell480	0	48	1	39	46	0	30	4	36	10	53	2	51	0	43	0	53	0	43	0	58	0	56	0	45	0	39	2	43	4
cell481	0	60	38	0	43	1	39	0	52	0	48	6	55	0	54	0	37	0	37	0	43	1	37	0	57	0	44	0	59	0
cell482	0	52	10	30	62	0	54	2	53	0	39	7	35	11	45	0	49	1	59	0	63	0	44	0	43	0	40	0	60	1
cell483	4	47	32	20	41	7	52	0	12	32	45	0	48	0	47	0	45	0	39	0	53	8	50	0	44	0	56	0	46	0
cell484	1	47	34	22	51	0	47	0	54	1	45	12	49	3	47	0	47	0	45	0	58	0	43	0	52	0	53	0	37	0
cell485	0	54	18	24	47	0	39	17	48	0	47	10	44	0	53	0	48	0	33	14	50	1	46	0	68	0	64	0	35	4
cell486	1	43	6	47	47	0	51	0	32	14	39	8	59	0	44	0	45	0	60	0	63	4	59	0	57	0	50	0	49	0
cell487	0	47	8	41	42	0	29	15	58	1	46	2	33	6	51	0	48	0	51	0	51	0	52	1	49	0	58	0	59	1
cell488	0	56	54	0	30	26	56	0	48	0	51	0	52	0	50	0	36	15	53	0	54	0	51	0	54	0	55	2	58	0
cell489	0	46	47	1	49	0	49	0	39	0	17	37	47	0	47	0	42	0	57	4	44	0	39	0	35	0	53	0	57	0
cell490	0	47	13	26	67	0	16	21	61	0	42	2	35	7	53	0	59	0	53	0	38	14	26	0	44	2	36	1	31	0
cell491	0	58	31	19	51	0	54	0	51	0	43	7	58	0	52	0	58	0	47	0	45	0	52	0	55	0	48	1	44	12
cell492	0	44	62	0	51	14	52	0	52	0	60	0	52	0	39	0	29	5	43	0	57	0	48	0	52	1	38	2	49	0
cell493	1	52	28	16	53	0	50	6	47	2	26	19	44	2	48	3	61	0	53	0	53	0	45	0	54	15	35	5	59	0
cell494	0	46	34	24	51	0	43	2	39	8	47	0	46	0	49	0	51	0	55	0	39	0	50	0	57	3	65	0	54	0
cell495	0	51	40	0	50	0	56	0	49	0	57	3	47	0	35	0	53	0	55	3	48	7	66	0	49	2	53	0	64	0
cell496	0	42	29	9	50	0	50	0	48	0	28	15	47	7	38	10	33	5	46	3	57	0	47	2	55	0	44	0	52	0
cell497	0	55	37	0	60	0	31	0	50	0	51	0	53	0	53	0	59	1	49	0	49	1	55	1	62	0	30	0	48	8
cell498	0	48	6	46	46	0	55	0	53	0	52	1	49	0	63	0	41	0	54	0	41	0	43	0	54	0	54	0	55	0
cell499	0	38	28	20	48	1	45	11	42	0	19	24	34	13	45	0	50	0	49	0	50	0	46	0	34	5	45	1	48	0
cell500	0	65	12	32	41	0	47	0	31	20	64	0	53	0	35	0	51	0	55	0	39	0	47	1	41	0	53	0	52	0
