48 54 50 52 50 48 47 52 50 49 43 52 46 52 48 0
43 43 44 49 55 50 53 49 53 58 44 44 47 56 42 0
57 37 54 40 58 49 62 46 52 41 48 57 40 43 42 0
45 52 39 58 51 53 58 42 42 64 50 53 50 56 52 0
41 52 53 51 62 49 36 49 52 52 43 53 41 47 50 0
40 52 42 45 48 57 51 50 44 53 47 64 50 39 53 0
56 32 53 42 47 50 47 47 53 40 64 57 48 47 48 0
49 53 45 48 32 47 51 44 49 43 45 46 48 60 53 0
56 47 41 45 45 56 50 52 63 53 50 48 66 61 57 0
48 45 50 49 55 56 55 54 50 55 51 42 57 42 58 0
52 51 53 47 55 57 51 63 59 47 51 52 50 58 53 0
62 62 57 53 52 52 39 48 60 54 48 38 59 51 54 0
49 41 53 53 47 43 46 43 57 50 47 52 53 42 46 0
51 54 50 52 47 53 48 54 46 43 57 60 53 41 53 0
50 59 57 44 55 46 47 43 55 61 49 46 47 61 50 0
67 59 48 43 53 46 55 50 51 62 59 54 37 62 57 0
58 52 47 52 47 58 66 57 54 57 61 62 59 46 54 0
54 61 52 53 62 42 45 51 56 42 48 37 36 42 37 0
51 37 54 46 48 42 60 37 45 45 61 56 47 45 55 0
47 43 43 43 39 48 45 41 47 50 51 58 54 57 47 0
58 46 52 45 54 42 46 48 52 62 40 50 43 47 55 0
47 42 44 47 47 46 42 50 50 66 60 46 50 58 55 0
50 50 47 63 50 54 59 35 47 33 53 49 49 45 51 0
55 50 52 42 47 48 47 54 63 45 47 52 47 58 54 0
60 46 58 56 59 56 64 54 55 59 54 40 47 41 69 0
55 54 53 56 55 61 52 42 43 60 46 50 47 46 52 0
37 49 46 55 60 63 56 45 54 38 52 48 46 36 46 0
44 56 58 46 57 48 35 45 62 46 44 53 51 55 52 0
41 55 56 35 56 54 53 48 50 43 68 32 41 47 53 0
49 45 53 56 57 50 44 59 53 48 62 51 40 62 52 0
57 46 49 45 47 41 50 37 38 35 54 49 43 44 55 0
46 55 39 48 53 52 59 46 41 34 57 66 48 60 50 0
49 58 47 47 58 48 46 57 53 44 49 45 55 46 42 0
41 59 52 51 52 48 45 66 56 60 57 46 52 50 42 0
49 52 46 45 48 39 48 47 46 42 55 43 57 44 59 0
42 56 49 53 58 55 51 43 42 40 51 53 50 51 46 0
54 48 37 38 51 51 50 56 47 59 49 40 48 46 60 0
57 50 57 38 54 55 46 54 49 37 36 45 54 64 43 0
44 51 46 57 44 51 47 43 46 51 38 58 51 47 53 0
49 53 51 48 48 44 55 55 62 64 46 34 47 39 47 0
51 46 53 64 53 44 50 58 48 44 45 51 45 45 53 0
64 67 54 56 57 51 52 42 54 44 60 57 46 49 56 0
57 47 48 65 44 60 60 54 66 70 47 47 53 54 64 0
48 56 51 44 50 55 47 57 55 50 59 42 54 51 51 0
52 52 40 44 56 54 58 44 60 52 44 41 49 54 52 0
64 37 41 56 59 44 46 46 55 46 59 57 46 53 64 0
46 61 45 59 56 36 52 60 45 59 58 34 59 46 41 0
53 57 49 45 44 41 49 50 53 44 42 58 58 65 52 0
32 45 46 61 47 49 53 60 50 49 43 54 51 50 54 0
45 41 52 39 50 47 50 60 63 51 68 59 46 45 53 0
42 41 52 51 47 52 45 43 45 44 41 62 53 49 45 0
54 54 55 51 63 58 46 46 59 61 46 57 48 46 48 0
42 50 42 47 42 52 48 47 57 56 53 47 51 48 46 0
54 42 48 52 47 52 65 51 40 49 41 52 49 73 56 0
60 44 61 48 52 41 58 47 41 57 48 59 57 48 57 0
60 48 48 53 55 49 49 59 56 43 53 52 50 53 56 0
45 46 54 47 52 48 43 49 44 49 49 44 52 47 47 0
52 69 55 59 42 60 39 52 51 59 61 49 52 41 66 0
60 33 47 58 56 36 53 46 45 43 49 44 44 58 48 0
35 49 55 48 52 56 52 53 54 53 44 53 47 48 40 0
46 40 57 51 38 48 50 50 53 53 49 64 41 47 57 0
44 47 42 45 48 47 45 61 47 47 52 46 41 53 60 0
44 53 52 50 52 51 62 43 50 59 38 53 52 52 52 0
45 56 46 60 51 49 42 50 53 40 52 50 52 53 39 0
55 50 51 39 59 45 50 49 55 43 51 52 50 49 62 0
40 50 46 45 51 50 52 41 32 51 53 65 44 47 47 0
46 45 48 45 45 55 52 52 53 43 59 52 61 42 48 0
35 52 57 60 65 38 47 46 60 41 59 48 49 53 38 0
54 43 34 49 64 49 53 55 51 62 42 44 45 56 46 0
44 45 52 38 54 47 53 58 40 40 41 50 50 55 47 0
43 37 46 55 40 42 47 46 49 46 57 46 33 50 46 0
46 43 49 42 45 56 51 49 43 48 40 40 40 55 50 0
57 59 46 56 47 49 44 48 46 52 55 43 50 57 48 0
65 46 46 47 42 42 41 61 49 60 45 56 51 47 47 0
52 42 59 52 54 51 50 48 55 53 41 46 54 52 43 0
63 55 49 50 43 44 52 51 42 54 41 60 57 44 64 0
44 47 57 56 47 52 57 49 36 49 51 42 50 46 42 0
44 68 50 47 35 54 49 50 52 55 53 62 50 54 44 0
52 58 54 45 38 59 47 36 56 49 50 50 52 47 49 0
50 52 51 52 47 45 52 60 58 49 37 54 47 50 48 0
48 51 47 56 56 50 43 46 52 50 57 41 51 46 45 0
52 51 59 50 46 50 59 49 45 62 63 50 45 39 46 0
53 41 59 47 44 49 48 50 57 69 51 48 42 50 43 0
41 50 46 54 60 56 48 34 38 49 56 46 55 58 58 0
52 42 49 58 48 39 59 51 52 43 47 54 62 62 42 0
46 51 32 66 52 38 47 62 48 57 49 52 47 42 51 0
62 53 55 52 48 44 50 44 44 42 52 52 51 54 43 0
56 58 58 43 57 58 58 63 49 51 56 55 30 53 55 0
57 53 68 51 55 43 52 45 58 53 41 52 55 50 51 0
56 41 40 41 37 51 42 45 49 66 63 59 51 43 48 0
61 43 59 66 46 47 47 43 50 48 48 58 58 50 49 0
41 48 52 61 53 55 57 45 47 42 49 53 51 45 47 0
39 48 45 42 60 44 61 46 55 57 53 54 55 48 58 0
44 48 40 58 48 45 48 47 53 44 53 48 34 51 56 0
38 43 47 49 49 45 54 43 48 60 50 40 54 68 36 0
51 45 56 65 53 59 48 49 50 51 44 48 58 46 50 0
56 49 52 41 57 56 63 54 60 38 52 54 53 42 50 0
50 38 58 42 52 46 51 49 53 44 49 49 47 41 64 0
45 55 53 46 53 54 44 57 48 53 52 47 48 49 39 0
52 60 54 44 59 49 50 39 39 57 41 63 45 54 50 0
52 54 67 58 47 48 51 42 35 55 42 59 52 40 48 0
46 41 64 47 45 48 65 48 53 56 56 49 42 50 43 0
60 46 54 61 43 34 58 54 52 53 50 54 42 43 52 0
51 53 59 55 67 45 47 52 42 54 33 51 41 46 41 0
67 40 46 52 43 42 48 52 46 48 47 56 53 40 52 0
42 34 58 44 60 60 51 44 60 49 58 47 54 41 51 0
60 48 41 55 47 55 49 47 59 43 51 48 48 47 59 0
54 44 51 48 53 46 46 54 48 51 37 46 47 49 47 0
64 39 42 62 52 51 46 60 54 32 53 57 45 53 47 0
62 41 39 53 58 51 46 46 47 50 46 56 41 59 39 0
47 47 45 63 46 53 57 62 47 42 48 51 59 51 54 0
60 66 53 52 54 40 48 43 45 56 40 47 61 54 63 0
48 49 41 54 45 48 51 51 51 45 41 45 50 40 52 0
63 58 55 34 50 52 58 54 45 47 53 61 51 56 52 0
51 55 40 45 52 51 57 50 42 58 54 44 65 58 46 0
58 52 43 50 51 57 50 47 60 51 43 52 51 57 63 0
48 43 47 50 63 55 40 54 55 61 56 54 63 58 53 0
42 56 51 51 59 56 41 42 55 38 49 57 62 53 39 0
57 53 49 41 42 48 45 44 50 45 49 55 56 56 45 0
52 57 42 71 59 53 54 49 39 40 51 50 42 56 55 0
46 48 41 58 55 60 45 47 46 53 61 39 43 54 42 0
60 50 42 53 37 50 65 46 53 46 62 51 44 53 54 0
52 51 59 46 41 40 56 53 56 37 41 55 38 53 39 0
48 49 49 60 47 44 54 56 55 49 51 45 46 48 47 0
55 59 47 64 52 39 48 54 45 46 60 53 52 42 55 0
58 48 54 65 47 65 42 47 50 55 45 56 52 51 53 0
56 63 54 50 50 41 37 50 64 58 42 59 63 49 49 0
47 45 53 60 57 50 48 55 47 53 39 49 53 49 50 0
58 61 49 52 51 52 60 46 61 54 38 53 47 38 40 0
43 40 46 55 52 38 57 40 40 40 46 46 52 49 55 0
48 46 50 41 44 53 61 61 40 50 36 54 43 56 55 0
46 52 45 51 51 53 52 53 52 50 44 31 57 52 51 0
40 54 53 52 46 48 56 47 48 39 36 61 47 62 48 0
47 53 43 45 48 51 46 64 47 54 61 62 50 45 51 0
41 35 57 53 54 52 39 57 55 41 36 38 46 51 59 0
50 47 55 54 56 69 64 48 46 45 41 48 47 60 46 0
44 57 47 36 42 50 52 52 58 45 49 58 40 48 54 0
60 48 51 38 59 51 38 45 54 41 49 52 55 58 55 0
55 52 64 58 52 59 55 48 46 54 41 56 58 55 47 0
57 42 55 56 55 46 36 58 54 43 45 49 66 50 48 0
43 55 62 52 53 54 47 42 55 42 50 42 51 49 50 0
53 49 66 55 45 39 49 58 54 37 47 43 48 48 48 0
49 54 48 60 41 46 42 49 56 43 47 52 44 60 52 0
41 52 53 53 69 56 40 50 50 42 46 41 53 46 51 0
42 52 44 41 57 62 44 51 51 53 55 41 56 33 60 0
47 49 69 41 48 35 51 54 45 47 49 40 56 54 44 0
51 62 51 49 32 47 60 37 50 39 54 51 43 59 56 0
49 46 44 54 48 42 58 42 43 61 48 52 42 42 48 0
65 30 60 48 46 50 43 53 39 55 52 39 50 44 70 0
38 44 48 59 57 57 56 51 39 46 58 57 51 51 42 0
49 48 55 53 32 52 44 56 43 55 49 51 60 63 55 0
66 45 42 58 52 50 51 55 47 49 46 45 58 46 52 0
37 56 37 54 59 48 53 42 67 43 64 55 38 43 44 0
54 49 50 60 44 38 54 44 60 54 44 55 60 27 48 0
56 52 39 45 42 60 62 56 55 67 38 56 52 54 55 0
61 34 48 38 48 54 45 61 54 43 47 52 36 43 41 0
51 46 50 46 55 41 62 52 40 53 56 42 43 53 50 0
49 56 50 44 46 46 53 48 48 32 48 43 52 40 46 0
55 37 50 37 50 54 44 51 32 46 58 56 54 40 51 0
59 41 58 44 45 45 34 57 39 51 58 41 49 49 45 0
57 45 45 57 62 44 52 31 44 59 40 50 48 39 61 0
48 53 61 53 60 50 55 51 44 46 49 52 57 46 49 0
46 45 40 46 39 47 58 48 41 59 41 44 43 52 44 0
46 51 48 52 53 52 37 68 51 43 43 54 64 47 46 0
42 49 40 45 54 48 52 46 56 47 49 57 48 59 49 0
35 51 61 44 66 34 51 55 35 57 57 48 53 48 48 0
42 37 57 61 62 52 44 54 57 47 53 55 43 47 43 0
41 47 36 51 30 49 48 56 43 48 58 48 67 56 56 0
48 48 47 45 46 50 40 49 46 59 56 54 61 45 51 0
55 40 47 46 67 58 65 51 61 57 52 54 46 58 52 0
49 45 51 68 47 59 36 49 49 40 61 51 44 46 42 0
47 55 49 58 51 52 49 44 47 34 48 48 47 44 38 0
48 57 51 45 50 43 52 53 50 40 42 45 44 47 46 0
62 37 61 45 38 52 49 56 36 48 55 61 58 55 47 0
46 45 50 29 55 43 62 54 54 44 44 58 45 53 62 0
55 51 43 73 45 57 52 48 45 48 57 44 47 49 52 0
42 59 55 38 53 49 57 36 42 43 56 48 57 44 52 0
46 50 44 50 44 51 61 37 61 42 60 55 48 49 56 0
41 41 47 57 45 53 56 50 47 44 58 51 34 63 48 0
48 49 61 46 53 44 48 49 51 36 59 48 49 48 60 0
72 39 51 57 44 52 43 44 69 40 40 47 54 40 49 0
53 57 42 49 45 48 41 41 45 44 56 56 43 49 43 0
41 61 46 70 52 39 42 44 49 42 39 73 61 45 59 0
52 38 48 62 57 60 61 53 37 64 43 51 59 41 47 0
46 50 51 55 46 67 51 57 41 54 50 57 57 58 48 0
33 57 47 49 59 45 39 45 51 59 55 53 48 55 66 0
59 53 51 59 35 52 61 44 51 46 53 52 56 48 39 0
55 59 53 62 49 58 54 53 40 59 48 46 55 50 50 0
45 49 48 39 64 31 53 50 53 58 34 48 51 48 51 0
50 52 50 52 42 47 53 53 53 50 40 62 51 59 55 0
49 47 40 54 53 47 47 47 46 52 49 47 44 46 46 0
48 59 51 46 50 36 52 58 53 47 60 54 45 57 54 0
44 51 49 62 66 37 49 35 54 49 46 47 50 51 52 0
57 70 58 43 47 57 57 41 51 43 43 51 44 56 49 0
38 46 54 50 43 66 47 48 47 42 45 49 46 32 55 0
42 45 52 53 62 44 46 41 57 60 53 45 45 56 47 0
59 52 62 33 60 61 49 51 49 44 63 62 52 45 36 0
51 40 40 55 76 52 57 47 44 44 47 45 40 42 44 0
51 44 54 51 52 52 52 60 56 63 49 50 44 50 56 0
44 53 41 57 58 33 61 49 46 45 48 48 48 40 51 0
50 51 48 52 48 58 59 36 44 51 49 57 45 50 50 0
54 58 45 45 54 45 59 56 57 44 50 56 52 44 52 0
58 62 55 44 56 58 50 42 57 43 46 45 53 48 45 0
43 46 54 52 53 49 58 37 47 62 51 56 56 51 52 0
55 52 45 62 51 49 57 42 50 53 49 48 64 51 45 0
44 51 45 61 40 45 40 55 46 49 45 54 51 41 41 0
54 48 44 50 61 57 57 51 50 43 54 43 41 59 46 0
39 50 44 46 45 47 51 36 56 41 54 61 48 48 53 0
44 50 47 73 44 64 45 43 54 44 40 40 42 34 54 0
57 56 42 44 63 50 49 57 66 53 54 40 61 43 62 0
53 44 49 42 34 46 58 47 47 60 48 60 53 47 53 0
37 34 44 63 40 53 41 49 53 45 53 36 55 47 44 0
44 50 55 39 41 43 54 59 49 44 36 50 61 53 49 0
51 46 58 63 50 54 69 47 52 50 33 46 43 46 51 0
43 57 45 48 42 56 52 60 48 49 53 41 50 41 51 0
41 54 54 60 57 61 39 47 47 53 55 50 54 55 70 0
47 39 47 55 53 58 59 58 43 49 43 49 50 59 52 0
50 50 43 38 59 47 56 53 52 44 37 52 43 62 52 0
45 48 48 53 47 44 48 57 48 57 45 52 51 51 46 0
49 49 48 35 45 47 45 50 66 45 53 55 45 42 51 0
62 56 52 58 58 44 55 58 47 54 45 41 45 56 58 0
44 53 64 44 50 48 29 52 46 52 64 56 45 51 44 0
49 52 41 43 55 49 41 53 47 49 48 57 54 53 45 0
47 51 61 48 47 51 48 49 47 46 38 50 55 57 40 0
44 47 52 46 58 46 56 46 41 54 38 47 46 50 51 0
52 36 51 49 53 53 45 47 47 62 38 47 54 51 47 0
44 50 49 48 59 54 50 55 56 54 44 65 47 36 45 0
47 51 52 55 47 48 51 48 52 49 58 57 59 51 41 0
53 44 41 51 67 52 53 42 54 43 45 47 53 45 41 0
46 53 53 57 46 38 34 45 42 57 57 53 49 47 54 0
51 39 52 54 48 44 45 37 47 58 55 40 48 45 39 0
49 40 43 58 58 51 49 38 41 54 61 39 51 53 63 0
58 61 56 57 45 46 50 47 47 47 50 41 53 51 47 0
51 52 57 54 47 57 51 58 49 45 63 58 46 54 45 0
56 61 45 61 48 40 48 55 48 49 48 56 53 45 59 0
55 52 53 45 45 35 48 42 58 48 56 56 38 41 46 0
37 59 50 41 66 51 46 47 46 50 42 39 42 52 57 0
43 48 50 52 54 65 44 42 62 46 45 53 34 50 58 0
54 52 44 42 55 52 59 49 51 48 48 61 54 38 57 0
51 51 56 54 44 47 51 49 54 52 50 54 50 66 60 0
51 58 43 57 51 52 52 46 45 50 49 51 49 45 49 0
57 43 49 53 42 52 62 45 57 53 47 48 41 44 52 0
63 56 50 49 47 51 55 48 50 50 57 51 47 41 55 0
49 51 56 60 44 52 36 49 49 53 54 47 54 42 37 0
41 48 41 41 45 44 54 45 55 51 37 53 51 47 53 0
61 39 49 50 53 53 39 45 53 52 59 42 53 48 48 0
59 55 52 49 43 51 50 38 44 52 58 40 54 47 44 0
47 46 58 38 51 54 51 50 47 49 49 45 47 48 53 0
50 49 52 46 48 66 52 55 41 50 47 46 53 48 48 0
41 44 53 42 56 49 52 56 49 50 50 56 45 59 54 0
49 56 48 41 58 53 58 52 47 37 53 65 48 52 54 0
61 40 43 47 60 53 57 43 50 48 51 48 46 45 39 0
50 47 54 61 37 48 52 45 56 47 52 49 58 44 53 0
48 49 60 53 50 55 49 58 45 51 47 43 39 50 47 0
52 56 51 41 61 45 44 58 58 45 61 56 39 50 47 0
58 49 61 41 61 53 51 51 50 57 52 51 47 49 54 0
51 50 44 48 40 47 55 49 58 43 39 50 48 52 62 0
64 57 39 36 46 52 49 49 64 48 44 50 57 41 61 0
44 44 55 55 48 58 55 45 39 68 51 53 46 59 48 0
62 52 43 58 49 57 46 51 59 69 50 58 65 53 42 0
47 48 46 61 47 43 48 43 67 50 37 46 64 49 51 0
39 59 45 62 54 39 48 51 58 51 55 47 54 40 35 0
50 51 48 47 53 44 42 40 43 50 58 54 52 44 42 0
51 42 55 46 42 47 45 61 52 44 40 39 42 57 50 0
54 45 44 44 39 53 56 45 56 47 54 47 62 52 52 0
53 50 43 66 52 42 51 48 50 56 61 45 53 37 61 0
51 48 43 49 49 37 54 40 56 51 69 56 51 48 47 0
61 38 53 50 46 39 36 47 41 49 52 38 40 50 48 0
42 42 41 55 41 55 47 72 58 39 61 42 54 38 57 0
52 47 36 56 65 45 46 47 35 51 51 62 41 66 60 0
45 43 47 45 57 61 52 41 51 50 38 60 51 64 52 0
53 43 52 47 51 50 53 57 39 35 44 49 68 45 46 0
48 47 50 47 52 40 38 53 52 48 54 50 57 54 53 0
57 39 40 52 55 48 58 63 55 46 52 48 54 41 41 0
57 58 49 48 46 43 43 65 48 57 53 63 46 45 51 0
44 44 52 45 47 42 57 52 51 49 50 48 45 50 61 0
41 52 41 49 48 48 44 46 47 54 36 50 53 51 44 0
51 52 46 55 64 44 44 53 54 49 37 50 43 49 59 0
39 58 44 39 52 47 53 45 30 39 39 35 64 44 39 0
48 55 48 58 63 53 52 42 39 46 45 48 34 42 52 0
63 47 65 51 56 50 43 45 46 54 67 56 59 43 42 0
48 50 38 56 32 57 52 45 59 47 67 44 49 58 51 0
49 73 53 52 54 50 47 47 51 54 37 51 46 50 43 0
60 54 55 41 59 45 45 52 54 56 41 46 47 59 55 0
42 55 49 58 51 50 51 43 46 47 48 47 53 61 58 0
37 43 52 72 49 53 46 53 60 36 49 55 39 57 50 0
52 36 44 38 46 40 55 44 56 41 51 54 51 56 57 0
54 50 43 46 50 53 47 39 51 58 49 43 52 40 54 0
54 34 50 43 41 48 47 51 36 50 54 40 59 45 36 0
55 55 51 59 49 51 53 44 52 56 44 45 46 56 52 0
55 55 47 51 41 41 51 65 42 56 42 49 60 41 60 0
50 49 51 46 38 56 43 51 57 54 54 55 48 52 56 0
46 54 62 39 46 53 45 42 50 41 48 55 38 46 59 0
60 42 42 46 57 49 45 40 44 49 49 60 42 45 45 0
48 52 50 57 45 50 37 56 43 53 54 44 66 55 55 0
42 47 52 59 46 46 46 50 54 55 42 45 61 55 36 0
43 45 32 56 60 56 46 46 40 58 48 59 51 48 50 0
51 62 54 51 49 49 58 46 43 56 52 44 40 35 49 0
48 52 50 51 49 46 55 47 55 53 49 44 51 44 46 0
52 50 53 34 54 56 41 44 44 46 57 50 57 50 50 0
46 60 50 59 41 45 49 45 50 45 42 57 53 53 41 0
61 58 57 47 49 34 60 43 56 39 48 46 55 49 51 0
51 52 48 34 43 39 58 57 47 43 58 45 40 42 47 0
36 47 40 42 58 50 51 49 57 56 51 51 52 40 49 0
51 55 37 49 54 47 48 57 48 43 49 49 38 50 55 0
63 47 35 39 44 48 47 49 57 62 50 52 61 40 47 0
48 51 50 50 49 53 51 63 40 47 56 54 42 51 46 0
53 56 54 51 58 54 51 52 54 51 54 51 52 49 55 0
49 42 48 43 32 44 64 50 66 59 59 58 51 45 46 0
58 38 44 50 39 49 62 42 47 56 41 44 41 58 54 0
58 54 45 42 54 50 41 52 60 50 58 43 46 62 42 0
46 40 46 42 48 32 38 57 39 59 67 45 42 57 60 0
45 53 50 39 67 43 52 43 43 59 54 58 45 54 55 0
45 52 51 38 52 49 49 58 52 47 51 60 55 53 58 0
48 46 58 50 46 51 45 43 47 66 53 36 50 50 40 0
53 55 42 55 47 46 51 47 35 45 46 47 39 43 66 0
34 43 62 54 55 51 58 55 48 33 73 54 49 55 54 0
50 56 55 38 39 56 48 57 59 56 54 61 45 48 47 0
60 60 46 49 42 45 64 43 51 46 43 55 52 52 48 0
57 57 47 47 54 54 49 48 51 46 60 49 50 49 33 0
55 44 65 43 54 37 45 40 42 42 34 55 39 45 52 0
60 47 67 39 57 50 39 47 54 48 54 40 48 50 51 0
36 50 44 54 46 54 62 56 42 46 41 44 48 50 55 0
39 46 56 52 55 46 51 38 55 55 47 49 48 45 55 0
38 52 52 49 50 57 50 46 47 49 46 53 53 56 44 0
45 41 47 35 40 33 53 54 57 49 45 48 52 47 57 0
44 39 66 58 45 41 56 47 45 48 51 42 49 47 51 0
56 48 64 49 51 44 58 53 54 44 36 54 40 50 47 0
43 65 52 39 54 52 49 47 64 45 43 43 44 53 51 0
45 45 69 59 44 54 44 66 42 47 53 49 36 45 40 0
44 49 56 54 48 47 55 66 49 51 45 61 43 51 57 0
53 45 46 56 49 45 53 64 53 43 48 48 50 52 49 0
47 41 42 43 47 56 48 54 45 44 57 43 42 48 52 0
46 43 48 40 53 50 60 57 41 48 48 37 48 39 56 0
51 64 49 60 53 51 44 52 56 54 61 53 56 57 60 0
61 43 58 48 55 50 56 48 48 44 37 55 46 53 50 0
44 51 48 48 54 53 48 42 62 54 54 60 51 69 42 0
43 48 48 47 46 49 62 52 51 51 49 41 49 56 50 0
51 50 49 43 52 42 42 44 42 44 46 55 52 50 46 0
55 45 54 58 39 43 51 54 61 53 57 49 38 52 40 0
49 57 63 46 59 48 44 50 47 53 48 42 59 44 50 0
55 43 56 55 44 50 40 55 44 43 48 48 43 41 52 0
57 47 39 42 40 45 48 58 48 43 57 37 45 51 55 0
43 40 48 61 41 51 54 47 54 48 48 49 57 51 47 0
50 50 50 45 44 40 33 54 62 50 44 50 52 45 42 0
37 57 27 47 43 36 52 45 48 57 55 53 53 59 42 0
40 45 52 56 39 52 48 48 38 49 60 55 48 61 49 0
52 47 48 45 45 56 48 44 68 40 41 47 48 52 42 0
58 33 54 56 59 44 55 37 50 55 53 50 51 50 35 0
48 52 43 48 46 46 54 52 62 53 56 50 43 52 48 0
61 46 61 48 57 45 54 56 47 55 44 56 51 53 51 0
34 66 52 52 59 53 47 54 53 48 47 62 45 52 47 0
51 48 53 44 48 42 47 55 43 48 52 47 52 50 56 0
47 49 50 56 38 46 51 62 56 56 44 55 57 51 48 0
52 42 47 50 70 52 58 52 38 61 58 57 41 49 54 0
60 60 59 52 44 64 43 53 50 44 61 60 47 47 48 0
46 40 42 40 67 58 54 47 45 51 43 44 50 56 66 0
50 54 64 45 62 44 53 39 56 46 55 42 47 56 60 0
50 61 43 39 49 52 48 38 37 51 53 35 52 57 51 0
57 50 55 51 65 51 39 56 41 64 52 50 57 56 56 0
42 45 50 49 59 44 50 48 54 53 56 43 55 52 55 0
50 57 52 54 48 59 39 53 58 48 52 56 54 53 43 0
52 52 51 57 46 33 41 51 55 42 44 48 56 45 49 0
49 39 51 53 66 62 48 50 54 52 40 54 35 53 42 0
52 61 41 47 56 53 56 52 45 46 39 58 48 44 54 0
48 33 50 45 59 46 52 58 52 54 59 51 50 64 44 0
49 48 49 49 58 42 54 45 48 44 49 59 48 46 52 0
53 46 46 48 45 52 54 45 52 58 48 51 32 52 44 0
59 42 47 44 62 54 50 55 53 61 46 52 49 56 50 0
56 64 56 57 42 54 57 47 56 46 61 41 48 52 44 0
48 47 37 42 48 52 46 54 56 37 53 38 43 63 37 0
60 49 52 36 44 60 57 54 52 46 60 57 48 33 47 0
45 50 42 48 46 49 41 31 44 59 60 48 45 43 42 0
52 40 56 47 37 54 56 47 58 55 47 61 51 56 51 0
52 51 51 45 34 48 50 63 50 47 57 40 44 49 78 0
50 42 46 64 55 51 51 51 44 61 54 41 47 42 43 0
44 53 43 41 47 57 60 56 45 59 38 45 43 51 45 0
56 49 52 42 40 68 61 52 49 60 43 43 54 54 49 0
60 49 58 45 56 51 44 48 47 49 52 45 55 45 50 0
62 45 57 65 42 56 47 41 44 50 39 54 42 45 47 0
49 56 46 59 63 38 55 46 47 58 50 45 49 61 54 0
54 58 54 53 55 45 44 42 55 39 56 31 41 58 36 0
51 55 56 60 51 35 61 53 45 49 48 40 42 51 56 0
56 48 51 52 64 48 53 45 60 56 52 41 41 48 58 0
50 45 48 67 49 39 44 48 44 50 44 60 43 47 38 0
60 46 44 53 37 47 58 47 51 48 45 47 53 53 49 0
55 48 53 57 52 46 60 42 62 58 48 53 46 49 41 0
50 66 51 39 39 74 48 45 54 51 49 50 46 46 53 0
50 59 42 48 48 59 49 60 59 51 54 54 42 48 43 0
52 54 38 54 46 38 55 53 60 46 52 46 51 50 40 0
49 51 56 57 39 57 50 47 64 63 54 51 52 45 53 0
57 49 48 51 53 40 49 50 53 44 44 44 51 67 41 0
54 47 50 54 38 61 57 51 50 47 41 39 38 61 47 0
62 47 69 48 45 55 56 48 60 59 47 60 44 56 61 0
35 48 38 48 60 51 36 43 42 64 52 60 46 62 48 0
58 48 43 47 45 46 60 55 57 48 55 34 44 47 46 0
47 62 47 52 41 45 41 60 44 47 60 50 56 49 58 0
52 43 57 38 43 52 33 38 61 52 60 55 57 52 47 0
53 57 61 68 49 47 43 53 62 58 39 52 46 50 55 0
46 50 48 53 62 40 62 46 57 44 53 43 53 51 59 0
49 59 62 48 51 52 43 51 50 32 51 51 35 59 51 0
49 44 46 59 42 51 48 49 53 46 52 49 58 47 61 0
54 55 59 53 53 46 48 49 50 57 55 48 48 61 56 0
47 42 53 43 45 47 49 54 50 57 59 54 48 44 53 0
41 50 49 51 47 40 48 56 56 45 57 54 53 65 51 0
61 57 38 44 42 42 54 40 47 53 56 53 48 43 51 0
43 59 57 39 47 50 37 51 47 53 57 59 48 53 50 0
35 42 54 49 60 47 55 42 51 50 59 41 58 51 33 0
51 47 45 53 45 57 64 44 57 56 51 48 53 53 52 0
59 49 55 41 42 48 55 54 44 38 54 48 64 45 47 0
47 45 46 43 48 50 46 45 48 38 56 52 54 56 40 0
54 46 47 58 42 57 52 43 54 44 50 41 63 44 52 0
65 43 50 55 53 57 52 54 44 46 45 41 53 57 40 0
56 56 52 44 53 50 51 54 54 40 57 60 49 56 53 0
44 47 50 40 56 35 50 69 50 55 58 46 49 58 42 0
41 54 48 66 55 49 68 40 51 49 47 46 54 47 43 0
54 52 48 51 43 51 46 57 45 48 49 58 47 49 44 0
54 48 35 62 60 51 47 49 58 49 56 52 50 50 55 0
47 57 49 45 43 46 62 54 55 63 42 50 51 46 50 0
48 48 53 56 54 43 53 34 46 42 46 46 47 45 43 0
62 52 44 51 55 56 40 59 44 47 52 38 43 46 51 0
43 46 51 52 37 40 51 56 48 53 56 61 53 45 37 0
49 52 46 28 49 34 44 50 51 53 37 43 57 40 58 0
55 47 52 53 59 44 47 53 43 47 51 46 55 65 40 0
53 59 73 35 66 49 43 44 54 50 41 47 59 36 55 0
41 43 38 58 38 55 56 47 47 40 42 49 48 46 58 0
38 54 48 51 49 44 51 50 52 47 43 51 48 52 42 0
51 38 42 43 47 52 60 45 44 41 53 56 53 50 62 0
57 36 52 52 39 48 46 51 46 61 48 55 54 48 50 0
51 47 52 51 49 36 41 49 55 49 55 46 35 59 57 0
47 55 31 55 43 44 43 57 55 55 37 40 58 49 52 0
48 56 40 56 48 53 51 51 49 44 62 39 54 51 50 0
50 45 54 55 50 46 40 50 58 42 42 39 59 42 61 0
50 60 45 52 43 50 53 45 39 45 51 51 50 48 52 0
51 47 55 55 47 61 57 50 48 53 53 61 49 50 53 0
49 41 55 56 50 56 60 48 57 53 42 48 54 58 38 0
56 54 39 53 50 51 55 53 62 51 41 50 68 51 40 0
55 51 49 53 71 46 52 48 65 46 52 44 56 41 52 0
45 54 49 57 47 52 54 46 61 55 46 53 54 61 51 0
35 54 43 55 59 45 48 45 46 51 51 46 53 60 44 0
48 46 47 53 38 43 50 54 52 55 50 44 45 54 44 0
36 55 54 42 48 58 49 46 44 50 54 54 47 49 53 0
58 40 52 48 41 49 45 55 51 43 43 53 35 48 44 0
49 42 44 49 54 57 55 53 48 57 61 43 50 42 47 0
51 65 44 59 44 46 35 50 55 58 59 46 45 54 41 0
44 51 44 52 43 45 40 41 57 55 62 48 58 39 53 0
47 50 46 61 56 41 58 62 59 34 47 66 49 40 47 0
42 52 54 53 50 51 47 41 53 61 53 54 51 47 47 0
50 44 39 62 56 48 56 52 65 54 55 56 61 51 36 0
62 54 44 53 51 52 49 37 49 46 42 46 49 52 64 0
44 40 49 43 39 58 53 54 48 46 48 48 60 58 58 0
50 42 48 51 48 52 36 45 53 53 54 47 50 52 45 0
48 48 46 52 58 49 52 58 45 45 43 47 46 55 48 0
45 58 40 53 52 48 45 46 64 53 52 43 41 55 50 0
42 55 46 53 62 51 51 42 52 57 51 37 49 39 45 0
40 46 37 56 52 44 57 45 48 54 52 35 61 55 42 0
63 65 48 45 46 53 54 60 44 47 41 52 43 50 48 0
50 43 47 51 47 44 51 46 51 53 49 60 48 51 63 0
54 64 49 51 56 53 47 55 51 33 59 60 61 57 61 0
52 60 48 44 58 44 44 64 51 47 51 50 61 57 56 0
43 37 57 65 54 50 41 42 41 53 40 45 49 55 55 0
61 52 60 46 61 49 46 47 39 37 56 48 37 41 49 0
52 33 43 52 45 51 47 50 59 51 53 66 54 56 58 0
46 53 47 46 42 51 61 55 42 52 60 36 51 45 41 0
58 40 42 42 61 51 59 33 41 52 44 43 39 40 53 0
53 43 44 50 51 54 62 57 48 47 51 53 46 68 56 0
48 37 57 52 49 61 46 51 55 49 60 44 56 49 49 0
51 41 56 50 44 52 34 51 44 56 52 50 40 48 54 0
54 47 42 60 54 48 60 59 41 51 53 55 49 48 39 0
52 47 58 44 48 39 38 45 51 55 36 53 50 62 43 0
52 45 52 55 48 60 50 40 57 42 54 54 49 50 54 0
41 48 44 48 39 49 48 54 46 37 57 58 52 49 46 0
55 57 48 49 52 52 55 60 53 41 65 60 52 36 52 0
59 46 39 52 51 58 47 46 60 56 46 40 57 41 61 0
48 56 42 55 57 53 56 43 52 54 46 44 49 48 51 0
54 39 52 36 52 53 57 56 50 45 43 39 44 53 47 0
44 55 64 54 43 40 48 58 39 40 50 46 49 42 58 0
49 61 63 47 46 53 42 45 45 54 37 44 43 53 56 0
48 53 40 46 54 53 42 47 46 46 57 58 50 39 31 0
48 40 46 34 46 55 51 43 53 43 58 56 45 41 47 0
60 38 44 39 52 54 55 54 37 37 44 37 57 44 59 0
52 40 62 56 53 46 46 45 50 59 63 44 43 40 61 0
51 52 48 52 44 45 48 47 45 39 61 50 44 56 46 0
48 56 51 47 55 57 52 47 47 45 58 43 52 53 37 0
54 42 47 56 48 57 44 53 48 47 51 46 68 64 39 0
44 53 47 51 46 47 59 44 45 60 67 59 57 50 49 0
47 49 42 44 59 48 39 51 48 51 51 53 49 58 60 0
56 54 56 56 48 51 52 50 51 53 54 51 54 57 58 0
46 48 49 49 39 54 47 47 42 61 44 39 35 53 57 0
47 39 67 37 61 44 42 53 59 53 52 26 46 37 31 0
58 50 51 54 51 50 58 52 58 47 45 52 55 49 56 0
44 62 65 52 52 60 52 39 34 43 57 48 53 40 49 0
53 44 53 56 49 45 46 51 61 53 53 45 69 40 59 0
46 58 51 45 47 47 46 49 51 55 39 50 60 65 54 0
51 40 50 56 49 60 47 35 53 58 55 66 51 53 64 0
42 38 50 50 48 43 54 48 38 49 57 49 55 44 52 0
55 37 60 31 50 51 53 53 60 49 50 56 62 30 56 0
48 52 46 55 53 53 49 63 41 54 41 43 54 54 55 0
38 48 49 56 42 43 47 45 50 49 50 46 39 46 48 0
65 44 41 47 51 64 53 35 51 55 39 48 41 53 52 0
