48 43 0 0 16 0 0 0 0 0 3 0 0 0 1 0
43 28 0 20 0 11 3 0 0 7 0 0 1 0 0 0
57 21 0 21 0 11 0 1 0 15 0 11 2 0 0 0
45 18 0 4 0 22 0 0 0 42 3 18 2 0 0 0
41 36 0 0 23 0 1 0 0 0 8 0 0 1 0 0
40 9 0 0 0 39 1 0 0 2 0 0 0 1 0 0
56 29 0 0 41 0 0 0 0 0 29 0 0 2 0 0
49 51 0 3 16 0 0 0 0 1 14 1 0 0 0 0
56 9 0 0 0 43 8 4 0 0 0 2 0 0 3 0
48 2 5 0 0 0 0 1 0 6 0 0 0 0 2 0
52 33 1 2 2 22 7 1 0 0 0 1 3 5 2 0
62 9 0 0 0 40 0 18 0 0 0 0 0 0 0 0
49 24 0 8 0 9 8 0 1 0 0 0 5 0 0 0
49 29 0 5 0 6 5 0 0 0 0 0 8 0 1 0
49 0 1 0 0 0 1 0 7 0 0 0 0 0 3 0
67 23 4 0 0 23 0 5 0 0 0 0 4 0 0 0
58 2 4 0 0 0 0 1 21 0 0 0 0 0 0 0
54 52 0 4 0 0 0 1 1 0 0 2 0 0 0 0
51 21 0 1 0 31 2 0 0 23 0 8 2 0 0 0
47 29 10 1 6 0 0 0 1 0 0 5 0 0 0 0
58 39 0 0 0 4 19 0 1 1 0 1 0 0 1 0
47 1 33 0 0 0 0 0 0 0 0 1 0 0 0 0
50 30 0 0 26 4 0 0 0 0 0 0 5 0 0 0
55 1 2 0 0 0 0 0 0 0 0 0 1 5 1 0
58 35 5 0 0 24 20 0 0 1 0 0 27 4 0 0
55 35 0 0 2 0 0 0 0 0 1 1 0 0 0 0
33 7 0 2 1 17 0 0 0 3 5 2 0 0 0 0
43 46 0 2 1 0 0 1 2 3 0 0 5 0 0 0
41 0 44 1 1 0 1 0 0 0 0 0 0 2 0 0
49 13 0 1 0 0 3 0 3 0 0 0 1 0 1 0
57 21 0 0 13 1 0 1 2 0 24 0 0 0 0 0
39 51 1 0 45 0 0 0 0 0 12 0 1 5 0 0
48 3 0 0 0 0 0 0 0 0 5 0 0 0 0 0
38 55 0 0 45 1 0 0 0 0 42 0 0 7 0 0
49 39 0 0 40 0 0 0 0 0 0 0 0 0 0 0
42 0 0 1 0 0 0 0 2 0 0 0 0 0 0 0
54 18 2 5 20 0 2 0 0 0 8 0 0 0 0 0
57 4 0 0 0 54 0 20 0 2 0 0 0 0 0 0
44 0 8 1 0 0 0 0 0 0 0 0 0 0 0 0
49 0 0 5 0 0 0 0 2 1 0 0 1 0 0 0
51 26 0 0 0 7 1 18 0 0 0 0 1 0 2 0
64 31 0 0 0 16 0 12 0 0 0 0 0 0 0 0
56 0 8 0 2 0 1 2 20 0 0 0 0 0 0 0
45 26 0 0 12 0 0 0 3 0 25 0 3 2 0 0
49 48 0 0 25 9 0 0 0 0 7 0 0 0 0 0
64 26 0 0 28 0 2 0 0 0 0 0 0 3 0 0
46 49 2 3 0 7 15 2 0 0 1 0 4 0 1 0
53 0 27 2 0 0 0 0 0 0 0 1 0 0 0 0
32 8 0 4 0 34 1 0 0 35 0 2 0 0 0 0
45 31 0 9 0 2 6 0 0 2 0 2 6 0 0 0
42 41 4 0 33 0 0 0 2 0 13 4 0 3 1 0
54 22 0 2 0 38 0 0 0 17 0 4 0 2 0 0
42 0 33 0 1 0 0 0 11 0 0 0 2 0 0 0
49 0 1 1 0 36 1 16 0 0 0 0 0 0 0 0
60 17 1 14 0 17 0 0 0 36 1 15 0 0 1 0
60 11 0 5 0 17 1 0 6 9 0 4 0 0 1 0
45 25 1 6 0 20 4 0 0 0 0 0 9 0 0 0
52 32 0 10 0 19 1 1 4 0 0 0 18 0 0 0
60 18 6 10 1 11 0 0 0 19 0 1 0 1 0 0
35 43 0 17 0 5 10 2 0 0 0 0 5 0 2 0
41 0 0 0 1 0 0 0 0 0 2 0 0 0 0 0
41 27 0 2 3 7 21 0 1 6 0 0 1 1 0 0
44 0 26 0 0 0 0 1 0 2 0 0 0 0 0 0
44 0 0 0 0 45 0 1 0 0 0 0 0 0 29 0
55 10 0 0 0 20 0 4 0 0 0 0 7 1 21 0
40 0 10 0 0 0 0 0 20 9 0 0 0 0 0 0
43 8 0 1 0 10 0 0 0 0 1 0 0 0 0 0
35 17 1 0 0 24 0 0 8 0 0 0 0 0 0 0
54 5 0 0 0 36 0 0 0 0 0 0 0 1 27 0
44 10 0 0 0 22 1 18 0 4 0 1 0 2 0 0
42 0 15 0 1 0 0 0 0 1 1 1 0 4 0 0
46 0 0 0 0 0 0 0 0 0 0 0 0 3 1 0
57 30 0 9 0 2 2 0 0 0 0 0 0 0 0 0
65 1 0 0 0 0 0 1 0 0 0 0 0 1 0 0
49 23 0 0 0 19 0 2 0 0 0 0 2 0 0 0
60 33 0 15 0 1 0 0 0 0 0 0 0 3 2 0
44 23 0 0 5 14 0 0 0 0 0 1 0 0 4 0
44 34 0 16 0 7 0 0 7 0 0 0 3 4 0 0
52 24 0 0 0 20 0 0 1 1 0 0 0 0 0 0
50 22 1 9 0 24 0 0 0 16 0 12 0 0 0 0
48 25 0 27 0 0 15 0 0 0 0 0 0 0 0 0
52 0 0 0 2 0 0 0 1 0 0 0 0 0 0 0
53 30 0 0 29 0 0 1 0 0 7 0 0 0 0 0
41 23 0 0 0 25 0 0 0 0 7 0 0 0 15 0
52 0 7 3 0 0 0 0 35 1 0 0 4 0 0 0
46 11 0 2 1 0 0 0 0 0 0 0 0 0 2 0
62 25 0 0 1 20 0 0 0 0 0 0 0 0 0 0
56 0 0 0 0 7 0 0 0 10 0 1 1 0 0 0
57 23 0 0 0 17 0 4 0 0 0 0 0 0 0 0
56 2 0 0 0 20 0 0 1 2 0 0 0 0 17 0
61 11 0 14 0 32 0 0 1 20 0 0 0 0 0 0
41 0 0 0 0 0 0 0 0 0 0 13 0 0 0 0
39 38 0 0 27 0 0 0 0 0 0 0 0 0 0 0
44 25 0 0 1 21 0 0 1 0 0 0 0 0 0 0
36 19 0 15 0 19 12 0 0 0 0 3 0 0 0 0
51 0 23 0 0 0 0 0 0 5 0 3 0 3 0 0
56 0 0 0 1 0 0 2 0 0 0 0 0 0 2 0
50 10 0 0 0 7 0 0 0 0 0 4 0 0 3 0
45 0 9 0 0 0 0 1 13 0 1 0 0 0 0 0
52 25 3 0 9 11 1 0 0 0 1 0 0 0 6 0
52 44 4 0 43 0 0 6 0 0 10 0 0 2 0 0
46 13 0 0 0 9 2 1 0 0 0 0 0 1 0 0
60 32 0 0 10 1 0 0 0 0 16 1 0 0 0 0
51 43 0 0 0 0 5 1 0 2 3 0 0 0 0 0
67 37 0 9 13 0 0 0 0 5 0 0 1 0 1 0
42 12 4 1 3 0 1 0 0 0 2 0 1 0 0 0
60 2 23 0 0 0 0 0 0 0 0 2 0 0 0 0
54 1 0 0 0 31 0 0 0 0 0 0 0 5 10 0
64 34 0 0 40 0 0 2 0 0 34 6 1 40 2 0
62 0 0 0 0 0 2 0 0 0 0 1 0 0 2 0
47 23 0 9 0 12 0 0 0 2 0 0 0 1 0 0
60 51 0 0 32 0 0 1 0 0 14 0 0 15 0 0
48 6 0 0 0 31 4 0 15 0 0 2 22 0 0 0
63 0 0 0 0 0 2 0 0 0 3 8 4 0 0 0
51 29 0 2 0 14 17 0 0 0 1 2 4 0 0 0
58 27 0 2 0 23 0 0 0 0 2 0 0 0 0 0
45 39 0 0 49 0 0 1 0 0 7 0 0 0 0 0
40 5 1 0 0 28 0 6 2 0 0 0 0 1 0 0
57 27 0 2 0 33 0 0 0 17 0 0 5 0 0 0
52 45 0 0 37 0 0 1 0 2 10 0 0 0 0 0
46 0 0 0 1 0 0 0 0 0 0 1 0 0 1 0
60 46 0 23 0 11 0 0 0 0 0 0 1 0 0 0
47 0 24 0 0 0 4 0 9 0 0 0 1 0 0 0
48 24 0 16 1 11 2 0 4 1 1 0 8 0 0 0
54 0 37 0 0 0 0 0 10 0 0 0 1 0 0 0
58 0 2 0 0 0 0 0 1 0 0 0 0 0 0 0
47 15 0 0 0 21 1 7 0 1 0 0 0 0 0 0
47 30 0 2 0 3 0 1 0 4 0 0 0 0 0 0
58 34 0 2 0 12 0 0 0 1 0 0 0 0 0 0
43 7 0 0 14 0 2 0 0 0 0 1 0 0 0 0
48 28 0 9 0 4 12 12 1 1 0 0 7 0 0 0
46 0 0 0 4 0 0 0 0 2 1 3 3 0 0 0
40 52 0 5 0 3 16 0 0 0 0 0 2 0 1 0
47 31 0 1 1 16 11 0 0 1 0 0 4 0 0 0
40 20 0 3 21 3 1 0 0 0 0 1 0 0 0 0
50 23 0 0 12 0 0 0 0 0 6 0 1 0 0 0
44 46 0 20 0 2 0 0 0 7 0 0 0 0 0 0
60 16 0 6 0 22 0 0 0 7 0 0 0 0 0 0
55 13 0 0 0 1 0 0 0 0 0 0 0 0 0 0
57 29 0 5 0 20 0 0 1 19 0 15 1 0 0 0
43 34 0 0 27 4 0 0 0 0 0 0 1 0 0 0
53 7 0 0 0 0 0 0 4 1 0 0 0 0 0 0
49 33 0 16 0 12 0 0 0 10 1 2 0 3 0 0
41 6 0 1 0 18 0 0 1 10 0 0 0 0 0 0
42 48 2 0 52 0 0 0 1 0 28 0 0 14 0 0
47 24 0 3 0 4 6 0 0 0 0 0 5 2 1 0
51 45 0 1 19 0 5 4 0 0 24 0 0 11 0 0
39 23 0 0 1 2 0 5 0 0 0 0 0 0 0 0
65 11 0 4 0 15 2 0 0 12 7 0 0 0 0 0
38 11 0 0 0 0 0 0 0 0 0 0 0 0 0 0
49 1 21 1 0 0 0 0 0 1 0 0 0 0 0 0
66 8 0 25 0 31 0 0 0 28 0 0 0 2 0 0
36 33 0 0 24 0 6 0 0 0 4 2 2 3 0 0
54 3 0 0 0 23 0 1 0 0 0 0 0 0 7 0
56 19 3 1 0 49 0 0 0 0 0 0 0 0 15 0
61 18 0 0 13 0 0 0 0 0 10 0 0 1 0 0
51 20 0 1 0 9 13 0 4 0 1 0 0 0 0 0
49 47 0 0 4 0 1 0 0 0 4 1 0 4 0 0
52 0 2 0 0 0 0 0 21 0 0 1 0 0 0 0
58 41 0 1 26 0 0 0 1 0 11 0 0 0 1 0
57 8 0 13 0 21 0 0 0 28 0 0 0 0 0 0
48 22 0 7 10 0 0 2 4 0 0 0 1 0 0 0
46 21 2 11 0 2 5 0 0 0 1 0 0 0 0 0
46 3 0 2 3 28 0 0 0 9 8 16 0 0 0 0
41 13 0 12 0 31 0 0 0 21 0 1 3 1 0 0
34 20 0 9 0 0 5 1 0 2 0 0 1 0 0 0
40 21 0 25 0 16 0 0 4 13 3 6 5 0 0 0
41 29 0 0 9 0 0 0 3 2 0 0 1 0 3 0
48 43 1 0 29 0 0 0 1 0 33 0 0 10 2 0
55 0 3 0 0 0 0 0 19 0 1 0 2 2 0 0
49 0 7 1 0 0 0 0 7 0 0 0 0 0 0 0
47 4 0 0 0 36 0 3 0 0 0 0 0 1 0 0
48 14 0 0 1 4 1 0 1 0 0 0 0 1 0 0
62 31 0 1 0 0 0 0 0 0 9 0 0 2 0 0
46 18 1 0 0 14 0 0 0 0 1 0 0 2 0 0
55 8 0 4 0 17 0 3 0 0 2 0 3 0 0 0
42 38 0 10 0 17 7 0 0 2 0 2 5 0 0 0
46 17 1 4 0 7 9 3 0 0 0 0 0 0 1 0
41 35 0 4 35 0 3 0 0 0 18 0 0 1 0 0
48 32 2 0 18 1 0 1 0 1 13 1 0 0 0 0
71 21 0 0 0 27 1 8 0 3 1 1 0 0 0 0
53 0 13 0 0 0 0 0 14 0 1 0 0 0 0 0
40 7 0 2 1 26 1 0 0 0 3 0 0 3 0 0
52 9 0 0 0 50 0 2 0 0 0 0 0 0 23 0
46 15 0 9 0 24 0 0 0 0 0 0 8 0 0 0
33 14 0 11 0 24 0 0 0 4 0 12 0 0 0 0
55 1 0 0 1 15 0 2 0 0 0 0 0 0 0 0
55 2 0 1 0 7 0 1 0 1 0 7 0 0 4 0
45 35 5 5 15 4 0 0 1 0 1 1 0 0 0 0
50 17 0 4 2 18 12 0 0 0 0 0 2 0 11 0
49 1 14 0 0 0 0 0 0 0 0 0 0 0 0 0
45 1 0 1 0 30 0 0 0 0 0 0 1 0 1 0
44 0 17 0 2 1 0 0 18 0 0 0 0 0 0 0
57 30 0 1 0 16 2 0 2 0 0 0 5 0 0 0
38 0 35 0 0 0 1 1 6 0 0 0 0 0 2 0
42 15 0 14 4 15 0 0 0 11 0 0 0 0 0 0
58 41 0 0 1 0 1 0 1 2 0 0 0 0 0 0
50 33 0 0 38 0 1 0 5 0 0 0 0 0 0 0
50 19 2 0 0 19 10 9 0 0 0 2 2 0 0 0
44 8 0 1 0 12 0 0 0 3 0 0 0 2 0 0
48 40 0 0 2 0 19 0 0 0 0 3 0 0 0 0
54 37 0 0 0 0 0 0 0 0 0 0 0 1 0 0
58 45 0 0 34 0 0 0 0 2 2 0 0 0 0 0
43 24 0 6 0 12 19 0 0 0 0 3 0 0 0 0
55 4 0 3 0 12 0 1 0 0 2 0 0 0 8 0
44 51 1 0 16 0 0 0 0 0 10 0 0 8 0 0
52 0 0 0 0 0 0 0 42 0 0 0 0 0 0 0
39 0 12 3 0 0 6 0 27 0 0 0 1 0 1 0
43 24 0 12 0 12 9 0 0 0 0 0 1 0 0 0
57 26 1 1 0 4 0 0 0 1 0 0 8 1 0 0
53 0 0 0 0 0 0 0 0 0 0 0 1 0 0 0
37 12 0 0 0 18 0 0 0 0 0 2 0 0 0 0
44 2 0 0 1 9 0 0 0 0 0 0 3 0 1 0
51 11 1 27 2 18 0 0 0 13 0 0 0 1 1 0
43 36 0 16 1 2 19 0 0 0 1 0 1 0 3 0
39 19 2 9 0 41 1 1 14 1 2 4 0 0 0 0
47 29 0 5 0 12 0 0 0 0 2 0 0 0 0 0
48 35 0 7 0 27 1 1 0 0 0 0 0 5 0 0
44 30 0 17 0 24 0 0 0 0 1 0 0 0 1 0
49 0 16 0 1 0 0 0 0 1 0 0 1 1 2 0
62 51 0 0 48 0 0 5 0 0 13 0 0 15 0 0
43 0 0 0 0 0 1 2 0 0 1 0 2 0 0 0
49 0 0 0 0 30 0 6 0 0 2 0 3 0 25 0
43 1 17 0 0 0 0 0 0 0 0 1 0 1 0 0
44 10 0 4 0 12 16 0 0 0 1 0 0 0 0 0
52 24 0 0 17 0 0 0 3 0 14 0 0 29 1 0
44 24 0 0 0 31 1 7 0 0 0 0 0 2 0 0
47 28 1 7 0 7 0 0 0 0 0 1 0 0 1 0
53 40 0 0 59 3 0 4 5 0 26 0 0 0 3 0
44 21 0 7 0 16 18 0 0 0 0 0 0 0 0 0
51 17 0 8 1 19 0 2 0 0 0 0 0 0 0 0
49 6 0 4 16 1 0 0 1 0 11 0 0 2 0 0
58 31 0 32 1 3 0 1 0 6 1 0 2 0 0 0
51 0 26 6 0 0 0 0 10 0 0 0 0 0 0 0
56 11 1 0 0 0 3 0 0 0 2 1 0 0 0 0
55 7 43 0 0 0 2 0 0 0 0 0 4 0 2 0
37 43 1 0 15 0 0 5 0 0 0 0 0 2 1 0
43 15 0 3 1 0 14 0 0 0 0 0 0 0 0 0
54 25 0 0 0 0 0 2 0 0 0 0 0 0 0 0
51 14 1 0 2 13 0 0 1 0 0 0 0 0 0 0
51 50 0 0 21 0 0 0 1 0 0 0 0 0 11 0
57 0 0 2 0 1 0 0 2 1 0 1 0 0 0 0
63 8 0 0 0 6 0 0 0 6 0 0 2 0 2 0
49 2 0 18 2 18 1 0 2 3 0 7 0 0 0 0
41 0 20 0 0 0 0 2 24 4 0 0 1 0 0 0
59 37 0 0 49 0 0 0 0 0 45 0 0 4 0 0
58 34 0 2 0 10 1 0 1 0 0 0 1 0 0 0
47 43 0 0 19 1 8 0 0 0 5 1 0 0 0 0
50 0 19 0 0 0 1 1 0 4 0 0 3 0 0 0
41 32 0 0 23 0 0 0 0 0 1 0 0 0 0 0
49 17 0 0 0 42 0 21 0 0 0 0 0 0 0 0
61 10 0 9 0 19 0 4 0 20 0 0 0 0 0 0
50 19 8 0 0 15 0 2 0 0 0 0 0 7 0 0
48 15 0 7 0 4 11 2 0 0 0 0 3 0 0 0
52 0 12 0 0 0 0 3 0 0 0 0 0 0 0 0
58 12 0 0 0 0 0 6 0 0 0 0 0 0 0 0
51 12 0 0 0 13 0 6 0 0 0 0 0 0 0 0
64 24 0 3 2 20 0 1 0 0 0 0 2 0 0 0
44 0 12 0 0 0 0 0 18 0 0 0 0 0 1 0
62 40 0 2 0 10 9 2 0 0 0 0 0 0 0 0
47 15 0 0 3 26 0 1 0 0 0 0 0 1 0 0
39 35 0 1 0 22 1 0 0 0 0 0 0 4 19 0
48 0 31 0 0 0 0 0 0 2 0 0 0 0 0 0
51 17 0 0 0 22 0 0 0 0 0 0 0 0 0 0
54 2 0 8 0 10 0 0 0 7 0 1 0 0 0 0
53 12 0 8 0 0 0 0 0 0 0 0 1 0 0 0
51 18 0 0 0 25 14 0 0 0 0 0 25 0 0 0
61 18 0 0 0 3 0 0 0 1 0 0 0 0 0 0
42 0 17 0 0 0 0 0 0 0 0 0 0 2 0 0
52 12 0 5 0 21 0 0 0 19 1 8 0 0 4 0
45 19 0 0 5 1 0 1 0 1 0 0 0 0 0 0
53 33 0 0 15 0 0 0 0 0 0 0 0 0 0 0
48 28 0 7 0 6 1 0 0 0 0 0 0 0 0 0
57 28 0 0 0 0 0 0 0 0 0 0 1 8 0 0
57 25 0 0 15 0 2 1 0 1 33 0 3 0 0 0
44 39 0 0 27 0 0 0 0 0 18 2 0 1 0 0
41 0 8 0 0 0 2 1 0 1 0 0 7 0 0 0
49 23 0 0 0 0 0 0 4 0 0 0 3 0 0 0
39 45 0 2 0 4 29 0 0 0 0 0 8 0 0 0
48 3 0 0 0 0 0 0 0 0 0 0 0 0 0 0
62 12 0 0 0 30 0 18 0 4 0 0 0 13 0 0
48 22 0 2 0 15 0 0 0 3 3 0 0 1 0 0
49 52 0 9 0 5 0 1 0 0 0 0 1 0 0 0
60 27 0 0 0 22 0 1 0 8 0 0 0 0 0 0
39 11 0 0 0 40 1 15 2 0 0 0 1 4 1 0
37 7 0 0 0 46 0 19 0 0 0 0 0 0 0 0
47 0 0 0 0 3 5 0 0 0 0 0 0 0 0 0
54 0 10 0 2 0 0 2 0 0 0 0 1 0 9 0
54 3 1 6 0 3 0 0 0 0 0 0 0 0 2 0
55 50 0 0 40 0 0 1 0 0 38 0 0 30 0 0
55 51 0 0 12 0 0 0 1 0 11 0 0 6 0 0
50 6 0 1 1 45 0 0 1 26 0 2 2 0 0 0
45 29 0 0 33 0 2 0 1 1 30 0 0 4 1 0
60 30 0 0 0 0 0 0 0 5 3 1 0 0 0 0
46 22 0 5 0 16 0 0 0 14 0 0 0 1 0 0
42 1 24 0 0 0 0 0 0 0 0 0 0 0 0 0
43 36 0 1 0 11 0 0 3 18 1 0 0 0 0 0
51 22 0 0 0 30 0 0 0 0 0 0 12 0 0 0
48 49 1 0 20 0 0 2 1 0 5 0 0 12 1 0
52 14 0 0 3 35 0 2 5 1 1 0 0 0 0 0
46 22 0 15 0 12 1 0 0 3 0 14 0 0 0 0
61 43 0 6 0 20 1 1 0 30 0 6 0 0 1 0
49 19 4 0 0 0 2 0 1 0 0 0 0 0 0 0
36 14 0 0 0 19 0 0 0 0 0 0 0 0 0 0
51 46 0 0 0 0 4 0 1 0 0 1 0 3 7 0
62 17 3 2 0 2 6 0 0 1 2 0 0 0 0 0
48 51 0 0 24 0 1 1 0 0 0 0 0 1 0 0
52 11 0 3 8 0 0 0 6 0 0 0 0 0 0 0
49 12 0 2 0 20 6 0 3 0 0 1 9 0 0 0
57 18 1 18 0 14 1 0 0 20 0 1 0 3 0 0
58 46 0 12 0 7 0 0 2 0 0 0 0 0 0 0
46 2 0 0 1 9 0 0 0 0 0 6 0 0 0 0
45 2 0 5 0 26 0 0 0 2 1 0 0 0 0 0
45 16 0 0 0 22 0 1 0 15 0 3 2 0 3 0
48 28 0 3 9 0 0 0 0 0 6 0 0 5 2 0
53 13 0 0 0 26 0 15 0 0 0 0 1 0 0 0
34 8 0 2 0 19 0 0 0 3 5 0 0 0 6 0
50 44 0 0 25 0 0 0 0 0 12 0 0 0 0 0
60 2 0 1 0 0 2 0 0 0 1 0 0 0 0 0
56 50 0 23 0 20 4 0 0 0 5 0 0 0 0 0
55 29 0 0 11 0 0 0 0 0 0 0 0 0 0 0
60 23 0 4 0 11 19 0 0 0 0 0 13 0 0 0
36 20 0 1 0 45 0 0 0 1 1 0 0 0 7 0
39 5 0 0 0 29 0 0 0 0 0 0 0 0 12 0
38 16 0 0 0 38 3 0 0 2 0 0 9 0 0 0
45 17 0 17 0 17 3 0 0 0 7 0 0 0 0 0
44 29 0 0 24 0 3 0 0 0 31 0 0 21 0 0
56 8 0 0 0 24 0 0 0 2 0 0 0 0 0 0
43 4 4 0 0 32 0 0 0 0 1 1 1 0 0 0
45 4 0 11 0 36 0 0 0 30 0 0 0 0 0 0
43 0 0 2 0 0 0 7 0 0 0 0 0 0 0 0
53 10 0 1 0 11 3 0 4 0 1 0 8 0 0 0
47 23 1 0 1 0 2 0 0 0 1 0 1 0 0 0
46 22 0 0 42 0 0 0 0 0 31 0 0 0 0 0
51 23 0 2 0 21 0 21 0 0 3 1 3 5 0 0
59 19 0 0 42 1 0 0 0 0 2 1 0 0 0 0
44 6 5 3 0 20 0 1 0 8 0 1 2 0 0 0
43 26 0 0 0 8 0 0 0 0 0 0 0 0 10 0
50 39 0 0 1 0 0 0 0 2 1 0 0 0 0 0
55 35 0 4 25 0 0 0 0 0 6 0 0 0 0 0
49 47 0 0 12 1 1 1 0 1 11 0 3 0 0 0
55 1 41 7 1 0 0 0 1 1 3 0 0 0 0 0
57 47 0 0 30 0 2 0 0 0 9 0 0 1 0 0
43 0 0 0 0 0 0 2 0 1 0 0 5 0 0 0
46 5 0 0 0 8 0 1 0 0 0 1 0 0 0 0
35 36 0 7 0 15 12 0 0 0 0 0 3 0 0 0
40 36 2 0 19 0 0 0 0 2 32 0 0 28 0 0
52 13 0 10 0 41 0 1 0 17 1 1 0 0 0 0
54 17 0 22 1 11 0 0 4 0 0 0 0 0 0 0
48 28 1 1 0 7 0 2 0 0 1 0 0 0 0 0
61 19 0 20 0 3 4 0 6 0 0 0 2 1 0 0
34 37 0 0 0 0 0 0 3 0 0 0 0 0 0 0
51 44 0 1 20 0 0 0 0 0 28 0 1 6 2 0
44 33 0 0 16 0 0 0 0 0 5 0 0 0 1 0
48 34 2 7 1 5 0 1 0 0 0 0 0 0 1 0
60 0 37 0 0 1 0 0 1 2 0 0 0 0 1 0
46 0 2 0 0 0 0 1 0 0 0 0 0 0 0 0
50 12 0 0 12 0 2 0 3 0 0 0 0 0 0 0
50 11 0 4 1 32 8 0 1 0 0 0 18 0 0 0
57 0 0 0 0 0 0 0 0 0 0 3 0 0 0 0
42 0 0 0 0 0 0 0 0 1 0 0 0 0 0 0
50 12 1 0 0 34 0 3 0 0 2 0 0 0 0 0
52 0 33 0 1 0 0 0 1 2 0 0 2 5 0 0
48 21 0 0 1 19 0 0 0 0 0 0 0 0 19 0
52 54 0 0 41 0 0 0 0 0 22 0 0 2 0 0
48 18 0 0 2 12 0 0 10 1 1 0 0 1 21 0
45 46 0 0 31 0 0 0 0 0 22 0 4 7 0 0
44 0 25 0 0 0 0 1 0 0 0 0 0 0 0 0
46 1 44 0 0 0 0 0 0 2 0 0 0 7 0 0
52 4 0 3 0 24 3 0 0 5 0 0 0 0 0 0
48 31 0 24 0 18 0 0 0 7 0 1 0 4 1 0
59 21 3 0 0 18 1 0 0 2 0 2 6 0 0 0
45 29 2 36 0 7 3 0 1 0 0 0 0 0 4 0
45 0 24 0 0 0 0 0 0 0 2 0 0 0 0 0
52 0 17 2 0 0 0 0 37 0 1 0 0 0 0 0
50 3 44 1 0 0 0 0 9 0 1 0 0 0 3 0
44 6 0 4 1 31 0 0 0 23 0 0 0 0 0 0
50 0 5 0 0 0 0 0 35 1 8 0 1 0 1 0
60 23 0 2 0 20 6 0 0 0 0 0 7 0 0 0
62 12 0 0 0 21 1 0 0 1 1 0 0 2 5 0
49 0 1 0 1 0 1 0 0 0 0 0 0 0 0 0
54 7 0 0 0 23 0 0 0 0 0 0 0 0 0 0
51 27 0 1 1 8 0 12 0 0 1 0 0 0 0 0
56 10 0 0 0 27 0 1 0 0 0 0 0 0 27 0
49 28 0 6 3 0 0 0 0 0 0 6 0 4 0 0
60 42 0 6 0 12 16 0 0 0 0 0 5 0 0 0
54 16 0 1 0 16 0 0 0 0 0 0 0 1 7 0
50 9 0 0 0 17 0 0 0 3 0 0 2 0 17 0
50 6 0 0 0 46 0 21 0 0 2 0 0 0 0 0
52 45 1 0 26 0 0 1 0 0 0 0 0 0 7 0
49 4 0 0 0 48 0 0 0 0 0 0 0 0 19 0
57 10 2 2 0 29 0 0 0 12 1 0 2 0 0 0
54 14 0 0 0 41 0 16 0 0 0 0 0 0 1 0
61 0 10 0 0 3 1 0 25 0 0 0 0 0 0 0
35 20 0 0 25 0 0 0 0 3 17 0 0 10 0 0
57 35 0 13 0 12 13 0 2 2 0 1 2 1 1 0
47 3 0 3 0 16 0 0 0 0 0 0 0 0 2 0
50 27 0 0 0 14 0 0 0 0 0 3 0 0 0 0
53 36 0 0 32 0 0 1 2 1 18 0 0 15 0 0
46 29 0 2 0 0 0 0 2 1 0 0 4 0 1 0
49 10 0 0 1 0 0 0 0 0 0 0 0 0 0 0
49 11 0 0 0 48 0 1 0 0 0 0 0 0 2 0
54 36 0 6 0 25 1 0 0 8 0 0 10 3 0 0
47 29 0 0 38 2 0 0 2 0 41 0 0 3 0 0
40 14 0 0 0 33 0 0 0 15 0 9 0 0 0 0
60 11 0 1 0 26 8 0 0 0 0 0 1 0 0 0
43 24 2 0 7 0 0 0 0 1 0 0 1 0 0 0
35 11 1 2 5 13 1 0 0 0 0 0 0 1 5 0
50 21 0 28 0 11 11 0 2 8 0 3 0 0 0 0
59 1 16 0 0 0 6 0 0 3 0 0 3 0 0 0
46 31 0 0 11 0 0 0 0 0 1 0 0 0 0 0
54 26 1 4 0 18 26 0 0 1 0 0 0 0 0 0
65 32 0 0 33 0 0 1 0 0 6 0 1 0 0 0
55 26 0 0 0 32 0 0 0 0 0 2 0 0 2 0
42 0 0 1 0 0 0 1 0 0 0 0 1 0 0 0
41 0 3 0 0 1 0 0 0 0 0 0 0 3 1 0
54 32 2 0 36 0 0 0 0 0 12 0 0 0 0 0
54 23 0 15 0 24 9 0 0 3 0 0 1 1 0 0
46 14 0 1 0 7 5 0 1 0 0 0 3 0 0 0
48 27 0 12 0 28 0 0 0 0 0 0 0 0 1 0
62 30 0 29 1 34 0 0 0 0 0 0 2 0 0 0
43 15 0 0 0 2 1 0 0 0 8 3 0 0 0 0
49 20 0 3 0 15 0 0 0 0 0 0 0 1 0 0
55 23 0 37 0 3 0 0 5 0 0 0 0 0 0 0
53 1 0 0 0 1 0 1 0 2 0 0 0 0 5 0
41 1 6 0 0 0 0 0 20 0 2 4 0 0 0 0
38 37 0 25 0 16 0 3 0 0 0 0 8 0 0 0
51 22 1 0 0 6 0 0 9 0 1 0 0 0 0 0
57 1 27 0 1 0 0 0 1 3 0 0 0 0 0 0
51 7 0 6 0 24 0 0 2 0 0 1 3 1 0 0
47 35 0 6 0 7 0 32 0 0 0 0 3 0 0 0
46 20 0 14 0 8 0 1 4 4 0 0 0 6 0 0
50 15 0 0 12 3 0 2 0 0 0 3 0 0 2 0
50 27 0 0 33 0 0 0 0 0 8 0 0 0 0 0
51 38 0 1 20 0 0 0 0 0 27 0 0 7 1 0
49 37 0 0 32 0 0 0 0 0 8 0 0 0 0 0
56 50 0 0 0 0 0 2 9 0 1 5 2 1 0 0
55 1 37 0 3 0 1 0 0 0 2 0 0 0 0 0
43 43 0 0 11 0 0 0 0 0 11 4 0 0 1 0
35 5 0 0 0 38 0 2 0 5 0 0 0 0 21 0
48 35 0 24 0 10 0 0 1 0 0 0 0 0 0 0
36 43 0 0 31 0 0 0 0 0 8 2 0 0 9 0
58 2 0 0 0 28 6 7 1 0 0 0 0 0 0 0
49 22 0 0 0 28 0 0 0 0 0 0 0 0 8 0
51 32 1 5 0 22 0 8 0 0 0 0 0 0 0 0
44 33 0 11 0 16 0 0 0 19 10 12 0 0 4 0
46 41 0 0 18 0 0 0 0 4 0 0 0 0 0 0
42 32 0 2 0 13 5 0 0 3 0 0 5 1 0 0
50 5 0 1 0 39 1 10 0 0 0 0 0 0 12 0
60 13 0 6 1 9 2 0 0 3 2 0 0 0 0 0
44 8 0 0 1 16 0 11 1 0 0 0 0 1 0 0
50 30 0 0 26 0 0 0 0 0 27 0 0 10 0 0
48 26 0 0 0 1 1 0 0 0 4 1 0 1 0 0
45 0 7 0 0 0 0 0 53 0 0 0 0 0 0 0
42 7 0 0 0 36 0 0 1 3 0 0 1 0 6 0
40 17 0 0 0 10 0 0 0 3 0 0 0 0 0 0
63 23 0 0 0 0 0 5 0 0 0 1 0 2 0 0
46 0 39 0 0 0 0 1 0 0 0 0 0 0 5 0
52 0 0 0 0 0 6 0 3 0 2 1 0 0 0 0
51 0 2 0 0 1 0 0 31 0 0 0 0 0 0 0
43 37 0 0 14 0 0 0 0 1 0 2 0 1 0 0
61 18 0 0 0 10 0 5 0 0 0 0 0 0 0 0
52 21 0 0 0 0 0 1 1 0 1 0 0 0 0 0
46 0 8 0 0 0 7 0 22 0 0 2 8 0 0 0
58 16 0 0 7 24 2 17 0 0 0 0 0 1 0 0
53 30 0 0 19 0 0 0 0 0 0 0 0 0 0 0
48 30 1 0 25 1 0 0 0 0 12 0 0 2 0 0
51 0 4 0 4 0 0 0 7 0 0 0 0 0 0 0
54 34 0 0 33 1 0 1 0 0 19 2 0 0 0 0
51 14 0 0 0 0 0 1 0 5 0 1 0 2 0 0
52 27 0 4 3 31 0 0 0 15 0 0 0 0 0 0
40 4 0 0 0 9 1 0 0 0 0 4 0 2 3 0
55 32 0 3 28 0 3 0 0 0 1 0 0 0 1 0
59 0 0 3 0 22 0 0 0 0 0 0 1 0 0 0
48 0 0 0 0 3 1 0 0 1 0 0 0 0 0 0
54 30 0 0 15 4 5 1 1 0 17 1 0 0 0 0
44 0 0 0 0 6 0 0 0 0 0 0 0 0 1 0
49 59 1 1 36 0 0 0 0 0 0 0 0 0 0 0
47 44 0 0 0 0 0 0 0 0 0 1 0 0 0 0
48 39 0 4 10 2 0 0 0 0 0 0 0 2 4 0
60 0 1 0 0 6 0 0 0 0 1 0 0 0 0 0
52 30 0 2 0 7 11 0 1 0 0 0 0 0 1 0
47 20 7 0 32 0 0 0 0 0 8 0 0 0 0 0
47 22 0 0 1 12 3 0 0 0 0 0 0 0 0 0
54 24 0 17 0 10 0 0 0 14 1 0 0 0 4 0
43 47 0 0 14 8 0 0 0 0 4 0 0 0 0 0
47 41 0 15 1 2 6 0 0 0 0 1 0 0 1 0
56 0 26 0 0 0 0 0 15 0 0 0 0 2 0 0
46 1 0 0 0 37 0 0 0 4 0 0 0 0 0 0
47 26 0 21 0 2 7 0 0 0 14 0 2 1 0 0
58 19 0 0 0 7 0 0 0 0 0 0 0 1 12 0
44 0 14 0 0 0 0 0 5 0 0 0 1 2 0 0
52 16 0 6 2 19 2 3 0 0 0 0 15 5 0 0
46 24 0 2 8 0 0 0 0 0 0 0 3 0 0 0
51 0 0 0 0 3 0 0 0 3 7 0 2 0 0 0
42 9 0 0 0 15 7 10 5 3 0 2 0 0 0 0
55 0 0 0 0 0 0 0 1 0 1 1 0 0 8 0
48 46 0 0 0 1 0 0 0 0 0 0 0 0 0 0
38 20 1 11 0 24 13 0 0 0 0 0 5 1 0 0
65 32 0 0 20 0 0 0 0 0 0 1 0 0 0 0
