1.0000 0.7963 0.0000 0.0000 0.3200 0.0000 0.0000 0.0000 0.0000 0.0000 0.0698 0.0000 0.0000 0.0000 0.0208 0.0000
1.0000 0.6512 0.0000 0.4082 0.0000 0.2200 0.0566 0.0000 0.0000 0.1207 0.0000 0.0000 0.0213 0.0000 0.0000 0.0000
1.0000 0.5676 0.0000 0.5250 0.0000 0.2245 0.0000 0.0217 0.0000 0.3659 0.0000 0.1930 0.0500 0.0000 0.0000 0.0000
1.0000 0.3462 0.0000 0.0690 0.0000 0.4151 0.0000 0.0000 0.0000 0.6562 0.0600 0.3396 0.0400 0.0000 0.0000 0.0000
1.0000 0.6923 0.0000 0.0000 0.3710 0.0000 0.0278 0.0000 0.0000 0.0000 0.1860 0.0000 0.0000 0.0213 0.0000 0.0000
1.0000 0.1731 0.0000 0.0000 0.0000 0.6842 0.0196 0.0000 0.0000 0.0377 0.0000 0.0000 0.0000 0.0256 0.0000 0.0000
1.0000 0.9062 0.0000 0.0000 0.8723 0.0000 0.0000 0.0000 0.0000 0.0000 0.4531 0.0000 0.0000 0.0426 0.0000 0.0000
1.0000 0.9623 0.0000 0.0625 0.5000 0.0000 0.0000 0.0000 0.0000 0.0233 0.3111 0.0217 0.0000 0.0000 0.0000 0.0000
1.0000 0.1915 0.0000 0.0000 0.0000 0.7679 0.1600 0.0769 0.0000 0.0000 0.0000 0.0417 0.0000 0.0000 0.0526 0.0000
1.0000 0.0444 0.1000 0.0000 0.0000 0.0000 0.0000 0.0185 0.0000 0.1091 0.0000 0.0000 0.0000 0.0000 0.0345 0.0000
1.0000 0.6471 0.0189 0.0426 0.0364 0.3860 0.1373 0.0159 0.0000 0.0000 0.0000 0.0192 0.0600 0.0862 0.0377 0.0000
1.0000 0.1452 0.0000 0.0000 0.0000 0.7692 0.0000 0.3750 0.0000 0.0000 0.0000 0.0000 0.0000 0.0000 0.0000 0.0000
1.0000 0.5854 0.0000 0.1509 0.0000 0.2093 0.1739 0.0000 0.0175 0.0000 0.0000 0.0000 0.0943 0.0000 0.0000 0.0000
0.9608 0.5370 0.0000 0.0962 0.0000 0.1132 0.1042 0.0000 0.0000 0.0000 0.0000 0.0000 0.1509 0.0000 0.0189 0.0000
0.9800 0.0000 0.0175 0.0000 0.0000 0.0000 0.0213 0.0000 0.1273 0.0000 0.0000 0.0000 0.0000 0.0000 0.0600 0.0000
1.0000 0.3898 0.0833 0.0000 0.0000 0.5000 0.0000 0.1000 0.0000 0.0000 0.0000 0.0000 0.1081 0.0000 0.0000 0.0000
1.0000 0.0385 0.0851 0.0000 0.0000 0.0000 0.0000 0.0175 0.3889 0.0000 0.0000 0.0000 0.0000 0.0000 0.0000 0.0000
1.0000 0.8525 0.0000 0.0755 0.0000 0.0000 0.0000 0.0196 0.0179 0.0000 0.0000 0.0541 0.0000 0.0000 0.0000 0.0000
1.0000 0.5676 0.0000 0.0217 0.0000 0.7381 0.0333 0.0000 0.0000 0.5111 0.0000 0.1429 0.0426 0.0000 0.0000 0.0000
1.0000 0.6744 0.2326 0.0233 0.1538 0.0000 0.0000 0.0000 0.0213 0.0000 0.0000 0.0862 0.0000 0.0000 0.0000 0.0000
1.0000 0.8478 0.0000 0.0000 0.0000 0.0952 0.4130 0.0000 0.0192 0.0161 0.0000 0.0200 0.0000 0.0000 0.0182 0.0000
1.0000 0.0238 0.7500 0.0000 0.0000 0.0000 0.0000 0.0000 0.0000 0.0000 0.0000 0.0217 0.0000 0.0000 0.0000 0.0000
1.0000 0.6000 0.0000 0.0000 0.5200 0.0741 0.0000 0.0000 0.0000 0.0000 0.0000 0.0000 0.1020 0.0000 0.0000 0.0000
1.0000 0.0200 0.0385 0.0000 0.0000 0.0000 0.0000 0.0000 0.0000 0.0000 0.0000 0.0000 0.0213 0.0862 0.0185 0.0000
0.9667 0.7609 0.0862 0.0000 0.0000 0.4286 0.3125 0.0000 0.0000 0.0169 0.0000 0.0000 0.5745 0.0976 0.0000 0.0000
1.0000 0.6481 0.0000 0.0000 0.0364 0.0000 0.0000 0.0000 0.0000 0.0000 0.0217 0.0200 0.0000 0.0000 0.0000 0.0000
0.8919 0.1429 0.0000 0.0364 0.0167 0.2698 0.0000 0.0000 0.0000 0.0789 0.0962 0.0417 0.0000 0.0000 0.0000 0.0000
0.9773 0.8214 0.0000 0.0435 0.0175 0.0000 0.0000 0.0222 0.0323 0.0652 0.0000 0.0000 0.0980 0.0000 0.0000 0.0000
1.0000 0.0000 0.7857 0.0286 0.0179 0.0000 0.0189 0.0000 0.0000 0.0000 0.0000 0.0000 0.0000 0.0426 0.0000 0.0000
1.0000 0.2889 0.0000 0.0179 0.0000 0.0000 0.0682 0.0000 0.0566 0.0000 0.0000 0.0000 0.0250 0.0000 0.0192 0.0000
1.0000 0.4565 0.0000 0.0000 0.2766 0.0244 0.0000 0.0270 0.0526 0.0000 0.4444 0.0000 0.0000 0.0000 0.0000 0.0000
0.8478 0.9273 0.0256 0.0000 0.8491 0.0000 0.0000 0.0000 0.0000 0.0000 0.2105 0.0000 0.0208 0.0833 0.0000 0.0000
0.9796 0.0517 0.0000 0.0000 0.0000 0.0000 0.0000 0.0000 0.0000 0.0000 0.1020 0.0000 0.0000 0.0000 0.0000 0.0000
0.9268 0.9322 0.0000 0.0000 0.8654 0.0208 0.0000 0.0000 0.0000 0.0000 0.7368 0.0000 0.0000 0.1400 0.0000 0.0000
1.0000 0.7500 0.0000 0.0000 0.8333 0.0000 0.0000 0.0000 0.0000 0.0000 0.0000 0.0000 0.0000 0.0000 0.0000 0.0000
1.0000 0.0000 0.0000 0.0189 0.0000 0.0000 0.0000 0.0000 0.0476 0.0000 0.0000 0.0000 0.0000 0.0000 0.0000 0.0000
1.0000 0.3750 0.0541 0.1316 0.3922 0.0000 0.0400 0.0000 0.0000 0.0000 0.1633 0.0000 0.0000 0.0000 0.0000 0.0000
1.0000 0.0800 0.0000 0.0000 0.0000 0.9818 0.0000 0.3704 0.0000 0.0541 0.0000 0.0000 0.0000 0.0000 0.0000 0.0000
1.0000 0.0000 0.1739 0.0175 0.0000 0.0000 0.0000 0.0000 0.0000 0.0000 0.0000 0.0000 0.0000 0.0000 0.0000 0.0000
1.0000 0.0000 0.0000 0.1042 0.0000 0.0000 0.0000 0.0000 0.0323 0.0156 0.0000 0.0000 0.0213 0.0000 0.0000 0.0000
1.0000 0.5652 0.0000 0.0000 0.0000 0.1591 0.0200 0.3103 0.0000 0.0000 0.0000 0.0000 0.0222 0.0000 0.0377 0.0000
1.0000 0.4627 0.0000 0.0000 0.0000 0.3137 0.0000 0.2857 0.0000 0.0000 0.0000 0.0000 0.0000 0.0000 0.0000 0.0000
0.9825 0.0000 0.1667 0.0000 0.0455 0.0000 0.0167 0.0370 0.3030 0.0000 0.0000 0.0000 0.0000 0.0000 0.0000 0.0000
0.9375 0.4643 0.0000 0.0000 0.2400 0.0000 0.0000 0.0000 0.0545 0.0000 0.4237 0.0000 0.0556 0.0392 0.0000 0.0000
0.9423 0.9231 0.0000 0.0000 0.4464 0.1667 0.0000 0.0000 0.0000 0.0000 0.1591 0.0000 0.0000 0.0000 0.0000 0.0000
1.0000 0.7027 0.0000 0.0000 0.4746 0.0000 0.0435 0.0000 0.0000 0.0000 0.0000 0.0000 0.0000 0.0566 0.0000 0.0000
1.0000 0.8033 0.0444 0.0508 0.0000 0.1944 0.2885 0.0333 0.0000 0.0000 0.0172 0.0000 0.0678 0.0000 0.0244 0.0000
1.0000 0.0000 0.5510 0.0444 0.0000 0.0000 0.0000 0.0000 0.0000 0.0000 0.0000 0.0172 0.0000 0.0000 0.0000 0.0000
1.0000 0.1778 0.0000 0.0656 0.0000 0.6939 0.0189 0.0000 0.0000 0.7143 0.0000 0.0370 0.0000 0.0000 0.0000 0.0000
1.0000 0.7561 0.0000 0.2308 0.0000 0.0426 0.1200 0.0000 0.0000 0.0392 0.0000 0.0339 0.1304 0.0000 0.0000 0.0000
1.0000 1.0000 0.0769 0.0000 0.7021 0.0000 0.0000 0.0000 0.0444 0.0000 0.3171 0.0645 0.0000 0.0612 0.0222 0.0000
1.0000 0.4074 0.0000 0.0392 0.0000 0.6552 0.0000 0.0000 0.0000 0.2787 0.0000 0.0702 0.0000 0.0435 0.0000 0.0000
1.0000 0.0000 0.7857 0.0000 0.0238 0.0000 0.0000 0.0000 0.1930 0.0000 0.0000 0.0000 0.0392 0.0000 0.0000 0.0000
0.9074 0.0000 0.0208 0.0192 0.0000 0.6923 0.0154 0.3137 0.0000 0.0000 0.0000 0.0000 0.0000 0.0000 0.0000 0.0000
1.0000 0.3864 0.0164 0.2917 0.0000 0.4146 0.0000 0.0000 0.0000 0.6316 0.0208 0.2542 0.0000 0.0000 0.0175 0.0000
1.0000 0.2292 0.0000 0.0943 0.0000 0.3469 0.0204 0.0000 0.1071 0.2093 0.0000 0.0769 0.0000 0.0000 0.0179 0.0000
1.0000 0.5435 0.0185 0.1277 0.0000 0.4167 0.0930 0.0000 0.0000 0.0000 0.0000 0.0000 0.1731 0.0000 0.0000 0.0000
1.0000 0.4638 0.0000 0.1695 0.0000 0.3167 0.0256 0.0192 0.0784 0.0000 0.0000 0.0000 0.3462 0.0000 0.0000 0.0000
1.0000 0.5455 0.1277 0.1724 0.0179 0.3056 0.0000 0.0000 0.0000 0.4419 0.0000 0.0227 0.0000 0.0172 0.0000 0.0000
1.0000 0.8776 0.0000 0.3542 0.0000 0.0893 0.1923 0.0377 0.0000 0.0000 0.0000 0.0000 0.1064 0.0000 0.0500 0.0000
0.8913 0.0000 0.0000 0.0000 0.0263 0.0000 0.0000 0.0000 0.0000 0.0000 0.0408 0.0000 0.0000 0.0000 0.0000 0.0000
0.9318 0.5745 0.0000 0.0444 0.0625 0.1489 0.4667 0.0000 0.0213 0.1277 0.0000 0.0000 0.0244 0.0189 0.0000 0.0000
1.0000 0.0000 0.5000 0.0000 0.0000 0.0000 0.0000 0.0233 0.0000 0.0339 0.0000 0.0000 0.0000 0.0000 0.0000 0.0000
0.9778 0.0000 0.0000 0.0000 0.0000 0.9184 0.0000 0.0200 0.0000 0.0000 0.0000 0.0000 0.0000 0.0000 0.7436 0.0000
1.0000 0.2000 0.0000 0.0000 0.0000 0.4444 0.0000 0.0816 0.0000 0.0000 0.0000 0.0000 0.1400 0.0204 0.3387 0.0000
1.0000 0.0000 0.2174 0.0000 0.0000 0.0000 0.0000 0.0000 0.6250 0.1765 0.0000 0.0000 0.0000 0.0000 0.0000 0.0000
0.9348 0.1778 0.0000 0.0222 0.0000 0.1818 0.0000 0.0000 0.0000 0.0000 0.0169 0.0000 0.0000 0.0000 0.0000 0.0000
1.0000 0.3269 0.0175 0.0000 0.0000 0.6316 0.0000 0.0000 0.1333 0.0000 0.0000 0.0000 0.0000 0.0000 0.0000 0.0000
1.0000 0.1163 0.0000 0.0000 0.0000 0.7347 0.0000 0.0000 0.0000 0.0000 0.0000 0.0000 0.0000 0.0179 0.5870 0.0000
1.0000 0.2222 0.0000 0.0000 0.0000 0.4681 0.0189 0.3103 0.0000 0.1000 0.0000 0.0200 0.0000 0.0364 0.0000 0.0000
0.9767 0.0000 0.3261 0.0000 0.0250 0.0000 0.0000 0.0000 0.0000 0.0217 0.0175 0.0217 0.0000 0.0800 0.0000 0.0000
1.0000 0.0000 0.0000 0.0000 0.0000 0.0000 0.0000 0.0000 0.0000 0.0000 0.0000 0.0000 0.0000 0.0545 0.0200 0.0000
1.0000 0.5085 0.0000 0.1607 0.0000 0.0408 0.0455 0.0000 0.0000 0.0000 0.0000 0.0000 0.0000 0.0000 0.0000 0.0000
1.0000 0.0217 0.0000 0.0000 0.0000 0.0000 0.0000 0.0164 0.0000 0.0000 0.0000 0.0000 0.0000 0.0213 0.0000 0.0000
0.9423 0.5476 0.0000 0.0000 0.0000 0.3725 0.0000 0.0417 0.0000 0.0000 0.0000 0.0000 0.0370 0.0000 0.0000 0.0000
0.9524 0.6000 0.0000 0.3000 0.0000 0.0227 0.0000 0.0000 0.0000 0.0000 0.0000 0.0000 0.0000 0.0682 0.0312 0.0000
1.0000 0.4894 0.0000 0.0000 0.1064 0.2692 0.0000 0.0000 0.0000 0.0000 0.0000 0.0238 0.0000 0.0000 0.0952 0.0000
1.0000 0.5000 0.0000 0.3404 0.0000 0.1296 0.0000 0.0000 0.1346 0.0000 0.0000 0.0000 0.0600 0.0741 0.0000 0.0000
1.0000 0.4138 0.0000 0.0000 0.0000 0.3390 0.0000 0.0000 0.0179 0.0204 0.0000 0.0000 0.0000 0.0000 0.0000 0.0000
1.0000 0.4231 0.0196 0.1731 0.0000 0.5333 0.0000 0.0000 0.0000 0.3265 0.0000 0.2222 0.0000 0.0000 0.0000 0.0000
1.0000 0.4902 0.0000 0.4821 0.0000 0.0000 0.3488 0.0000 0.0000 0.0000 0.0000 0.0000 0.0000 0.0000 0.0000 0.0000
1.0000 0.0000 0.0000 0.0000 0.0435 0.0000 0.0000 0.0000 0.0222 0.0000 0.0000 0.0000 0.0000 0.0000 0.0000 0.0000
1.0000 0.7317 0.0000 0.0000 0.6591 0.0000 0.0000 0.0200 0.0000 0.0000 0.1373 0.0000 0.0000 0.0000 0.0000 0.0000
1.0000 0.4600 0.0000 0.0000 0.0000 0.4464 0.0000 0.0000 0.0000 0.0000 0.1250 0.0000 0.0000 0.0000 0.2586 0.0000
1.0000 0.0000 0.1429 0.0517 0.0000 0.0000 0.0000 0.0000 0.6731 0.0233 0.0000 0.0000 0.0645 0.0000 0.0000 0.0000
1.0000 0.2157 0.0000 0.0303 0.0192 0.0000 0.0000 0.0000 0.0000 0.0000 0.0000 0.0000 0.0000 0.0000 0.0392 0.0000
1.0000 0.4717 0.0000 0.0000 0.0208 0.4545 0.0000 0.0000 0.0000 0.0000 0.0000 0.0000 0.0000 0.0000 0.0000 0.0000
1.0000 0.0000 0.0000 0.0000 0.0000 0.1207 0.0000 0.0000 0.0000 0.1961 0.0000 0.0182 0.0333 0.0000 0.0000 0.0000
1.0000 0.4340 0.0000 0.0000 0.0000 0.3953 0.0000 0.0889 0.0000 0.0000 0.0000 0.0000 0.0000 0.0000 0.0000 0.0000
1.0000 0.0488 0.0000 0.0000 0.0000 0.3922 0.0000 0.0000 0.0204 0.0303 0.0000 0.0000 0.0000 0.0000 0.3542 0.0000
1.0000 0.2558 0.0000 0.2121 0.0000 0.6809 0.0000 0.0000 0.0200 0.4167 0.0000 0.0000 0.0000 0.0000 0.0000 0.0000
1.0000 0.0000 0.0000 0.0000 0.0000 0.0000 0.0000 0.0000 0.0000 0.0000 0.0000 0.2453 0.0000 0.0000 0.0000 0.0000
1.0000 0.7917 0.0000 0.0000 0.4500 0.0000 0.0000 0.0000 0.0000 0.0000 0.0000 0.0000 0.0000 0.0000 0.0000 0.0000
1.0000 0.5208 0.0000 0.0000 0.0208 0.4667 0.0000 0.0000 0.0189 0.0000 0.0000 0.0000 0.0000 0.0000 0.0000 0.0000
0.9474 0.4419 0.0000 0.3061 0.0000 0.4222 0.2222 0.0000 0.0000 0.0000 0.0000 0.0750 0.0000 0.0000 0.0000 0.0000
1.0000 0.0000 0.4107 0.0000 0.0000 0.0000 0.0000 0.0000 0.0000 0.0980 0.0000 0.0625 0.0000 0.0652 0.0000 0.0000
1.0000 0.0000 0.0000 0.0000 0.0175 0.0000 0.0000 0.0370 0.0000 0.0000 0.0000 0.0000 0.0000 0.0000 0.0400 0.0000
1.0000 0.2632 0.0000 0.0000 0.0000 0.1522 0.0000 0.0000 0.0000 0.0000 0.0000 0.0816 0.0000 0.0000 0.0469 0.0000
1.0000 0.0000 0.1698 0.0000 0.0000 0.0000 0.0000 0.0175 0.2708 0.0000 0.0192 0.0000 0.0000 0.0000 0.0000 0.0000
1.0000 0.4167 0.0556 0.0000 0.1525 0.2245 0.0200 0.0000 0.0000 0.0000 0.0244 0.0000 0.0000 0.0000 0.1200 0.0000
1.0000 0.8148 0.0597 0.0000 0.9149 0.0000 0.0000 0.1429 0.0000 0.0000 0.2381 0.0000 0.0000 0.0500 0.0000 0.0000
1.0000 0.3171 0.0000 0.0000 0.0000 0.1875 0.0308 0.0208 0.0000 0.0000 0.0000 0.0000 0.0000 0.0200 0.0000 0.0000
1.0000 0.6957 0.0000 0.0000 0.2326 0.0294 0.0000 0.0000 0.0000 0.0000 0.3200 0.0185 0.0000 0.0000 0.0000 0.0000
1.0000 0.8113 0.0000 0.0000 0.0000 0.0000 0.1064 0.0192 0.0000 0.0370 0.0909 0.0000 0.0000 0.0000 0.0000 0.0000
1.0000 0.9250 0.0000 0.1731 0.3023 0.0000 0.0000 0.0000 0.0000 0.1042 0.0000 0.0000 0.0189 0.0000 0.0192 0.0000
1.0000 0.3529 0.0690 0.0227 0.0500 0.0000 0.0196 0.0000 0.0000 0.0000 0.0345 0.0000 0.0185 0.0000 0.0000 0.0000
1.0000 0.0417 0.5610 0.0000 0.0000 0.0000 0.0000 0.0000 0.0000 0.0000 0.0000 0.0417 0.0000 0.0000 0.0000 0.0000
1.0000 0.0227 0.0000 0.0000 0.0000 0.6739 0.0000 0.0000 0.0000 0.0000 0.0000 0.0000 0.0000 0.1020 0.2128 0.0000
1.0000 0.8718 0.0000 0.0000 0.7692 0.0000 0.0000 0.0333 0.0000 0.0000 0.6415 0.1053 0.0222 0.7547 0.0426 0.0000
1.0000 0.0000 0.0000 0.0000 0.0000 0.0000 0.0435 0.0000 0.0000 0.0000 0.0000 0.0179 0.0000 0.0000 0.0513 0.0000
1.0000 0.4894 0.0000 0.1429 0.0000 0.2264 0.0000 0.0000 0.0000 0.0476 0.0000 0.0000 0.0000 0.0196 0.0000 0.0000
1.0000 0.7727 0.0000 0.0000 0.5926 0.0000 0.0000 0.0233 0.0000 0.0000 0.3500 0.0000 0.0000 0.2778 0.0000 0.0000
1.0000 0.1224 0.0000 0.0000 0.0000 0.6458 0.0784 0.0000 0.2941 0.0000 0.0000 0.0444 0.4400 0.0000 0.0000 0.0000
1.0000 0.0000 0.0000 0.0000 0.0000 0.0000 0.0345 0.0000 0.0000 0.0000 0.0566 0.1311 0.0784 0.0000 0.0000 0.0000
1.0000 0.5273 0.0000 0.0444 0.0000 0.2745 0.2982 0.0000 0.0000 0.0000 0.0185 0.0455 0.0615 0.0000 0.0000 0.0000
1.0000 0.5192 0.0000 0.0400 0.0000 0.4035 0.0000 0.0000 0.0000 0.0000 0.0465 0.0000 0.0000 0.0000 0.0000 0.0000
0.9375 0.9070 0.0000 0.0000 0.7778 0.0000 0.0000 0.0185 0.0000 0.0000 0.1250 0.0000 0.0000 0.0000 0.0000 0.0000
0.9524 0.0893 0.0196 0.0000 0.0000 0.5000 0.0000 0.1429 0.0364 0.0000 0.0000 0.0000 0.0000 0.0189 0.0000 0.0000
1.0000 0.5094 0.0000 0.0488 0.0000 0.6875 0.0000 0.0000 0.0000 0.3778 0.0000 0.0000 0.0893 0.0000 0.0000 0.0000
1.0000 0.7895 0.0000 0.0000 0.6271 0.0000 0.0000 0.0204 0.0000 0.0500 0.1961 0.0000 0.0000 0.0000 0.0000 0.0000
1.0000 0.0000 0.0000 0.0000 0.0182 0.0000 0.0000 0.0000 0.0000 0.0000 0.0000 0.0256 0.0000 0.0000 0.0238 0.0000
1.0000 0.9200 0.0000 0.4340 0.0000 0.2200 0.0000 0.0000 0.0000 0.0000 0.0000 0.0000 0.0227 0.0000 0.0000 0.0000
0.9038 0.0000 0.4068 0.0000 0.0000 0.0000 0.0714 0.0000 0.1607 0.0000 0.0000 0.0000 0.0263 0.0000 0.0000 0.0000
1.0000 0.4898 0.0000 0.2667 0.0213 0.2500 0.0370 0.0000 0.0727 0.0204 0.0196 0.0000 0.1739 0.0000 0.0000 0.0000
0.9818 0.0000 0.7872 0.0000 0.0000 0.0000 0.0000 0.0000 0.2222 0.0000 0.0000 0.0000 0.0192 0.0000 0.0000 0.0000
1.0000 0.0000 0.0370 0.0000 0.0000 0.0000 0.0000 0.0000 0.0200 0.0000 0.0000 0.0000 0.0000 0.0000 0.0000 0.0000
0.8393 0.2381 0.0000 0.0000 0.0000 0.5122 0.0270 0.1400 0.0000 0.0172 0.0000 0.0000 0.0000 0.0000 0.0000 0.0000
1.0000 0.6667 0.0000 0.0333 0.0000 0.0600 0.0000 0.0182 0.0000 0.0755 0.0000 0.0000 0.0000 0.0000 0.0000 0.0000
1.0000 0.5574 0.0000 0.0385 0.0000 0.2308 0.0000 0.0000 0.0000 0.0185 0.0000 0.0000 0.0000 0.0000 0.0000 0.0000
1.0000 0.1750 0.0000 0.0000 0.2692 0.0000 0.0351 0.0000 0.0000 0.0000 0.0000 0.0217 0.0000 0.0000 0.0000 0.0000
1.0000 0.6087 0.0000 0.2195 0.0000 0.0755 0.1967 0.1967 0.0250 0.0200 0.0000 0.0000 0.1628 0.0000 0.0000 0.0000
1.0000 0.0000 0.0000 0.0000 0.0784 0.0000 0.0000 0.0000 0.0000 0.0400 0.0227 0.0968 0.0526 0.0000 0.0000 0.0000
1.0000 0.9630 0.0000 0.0962 0.0000 0.0625 0.2857 0.0000 0.0000 0.0000 0.0000 0.0000 0.0426 0.0000 0.0208 0.0000
1.0000 0.5849 0.0000 0.0222 0.0208 0.3137 0.2391 0.0000 0.0000 0.0185 0.0000 0.0000 0.0800 0.0000 0.0000 0.0000
0.9756 0.5714 0.0000 0.0566 0.3889 0.0577 0.0256 0.0000 0.0000 0.0000 0.0000 0.0263 0.0000 0.0000 0.0000 0.0000
1.0000 0.4894 0.0000 0.0000 0.2143 0.0000 0.0000 0.0000 0.0000 0.0000 0.1463 0.0000 0.0213 0.0000 0.0000 0.0000
1.0000 0.8070 0.0000 0.5556 0.0000 0.0400 0.0000 0.0000 0.0000 0.1556 0.0000 0.0000 0.0000 0.0000 0.0000 0.0000
1.0000 0.3333 0.0000 0.1579 0.0000 0.4314 0.0000 0.0000 0.0000 0.1707 0.0000 0.0000 0.0000 0.0000 0.0000 0.0000
1.0000 0.2500 0.0000 0.0000 0.0000 0.0169 0.0000 0.0000 0.0000 0.0000 0.0000 0.0000 0.0000 0.0000 0.0000 0.0000
1.0000 0.6905 0.0000 0.0893 0.0000 0.4348 0.0000 0.0000 0.0185 0.4419 0.0000 0.3061 0.0152 0.0000 0.0000 0.0000
1.0000 0.6182 0.0000 0.0000 0.5094 0.0741 0.0000 0.0000 0.0000 0.0000 0.0000 0.0000 0.0196 0.0000 0.0000 0.0000
1.0000 0.1429 0.0000 0.0000 0.0000 0.0000 0.0000 0.0000 0.0741 0.0270 0.0000 0.0000 0.0000 0.0000 0.0000 0.0000
1.0000 0.6111 0.0000 0.2667 0.0000 0.2609 0.0000 0.0000 0.0000 0.2326 0.0213 0.0385 0.0000 0.0500 0.0000 0.0000
1.0000 0.1154 0.0000 0.0189 0.0000 0.3214 0.0000 0.0000 0.0200 0.2381 0.0000 0.0000 0.0000 0.0000 0.0000 0.0000
1.0000 0.9231 0.0455 0.0000 0.9123 0.0000 0.0000 0.0000 0.0196 0.0000 0.5091 0.0000 0.0000 0.4242 0.0000 0.0000
1.0000 0.4898 0.0000 0.0732 0.0000 0.1143 0.1176 0.0000 0.0000 0.0000 0.0000 0.0000 0.0893 0.0370 0.0227 0.0000
1.0000 0.7258 0.0000 0.0204 0.5938 0.0000 0.0833 0.1081 0.0000 0.0000 0.4444 0.0000 0.0000 0.1864 0.0000 0.0000
0.7959 0.5000 0.0000 0.0000 0.0208 0.0476 0.0000 0.1190 0.0000 0.0000 0.0000 0.0000 0.0000 0.0000 0.0000 0.0000
1.0000 0.3667 0.0000 0.0833 0.0000 0.3000 0.0465 0.0000 0.0000 0.2182 0.1346 0.0000 0.0000 0.0000 0.0000 0.0000
1.0000 0.2500 0.0000 0.0000 0.0000 0.0000 0.0000 0.0000 0.0000 0.0000 0.0000 0.0000 0.0000 0.0000 0.0000 0.0000
1.0000 0.0208 0.3818 0.0189 0.0000 0.0000 0.0000 0.0000 0.0000 0.0182 0.0000 0.0000 0.0000 0.0000 0.0000 0.0000
1.0000 0.1778 0.0000 0.4310 0.0000 0.6200 0.0000 0.0000 0.0000 0.5714 0.0000 0.0000 0.0000 0.0435 0.0000 0.0000
0.9730 0.5893 0.0000 0.0000 0.4068 0.0000 0.1132 0.0000 0.0000 0.0000 0.0625 0.0364 0.0526 0.0698 0.0000 0.0000
1.0000 0.0612 0.0000 0.0000 0.0000 0.6053 0.0000 0.0227 0.0000 0.0000 0.0000 0.0000 0.0000 0.0000 0.1458 0.0000
1.0000 0.3654 0.0769 0.0222 0.0000 0.8167 0.0000 0.0000 0.0000 0.0000 0.0000 0.0000 0.0000 0.0000 0.2727 0.0000
1.0000 0.5294 0.0000 0.0000 0.2708 0.0000 0.0000 0.0000 0.0000 0.0000 0.2128 0.0000 0.0000 0.0233 0.0000 0.0000
1.0000 0.4348 0.0000 0.0217 0.0000 0.2195 0.2097 0.0000 0.1000 0.0000 0.0179 0.0000 0.0000 0.0000 0.0000 0.0000
1.0000 0.8393 0.0000 0.0000 0.0870 0.0000 0.0189 0.0000 0.0000 0.0000 0.0833 0.0233 0.0000 0.1000 0.0000 0.0000
0.9455 0.0000 0.0400 0.0000 0.0000 0.0000 0.0000 0.0000 0.6562 0.0000 0.0000 0.0179 0.0000 0.0000 0.0000 0.0000
0.9831 1.0000 0.0000 0.0227 0.5778 0.0000 0.0000 0.0000 0.0256 0.0000 0.1897 0.0000 0.0000 0.0000 0.0222 0.0000
1.0000 0.1778 0.0000 0.2281 0.0000 0.4773 0.0000 0.0000 0.0000 0.4746 0.0000 0.0000 0.0000 0.0000 0.0000 0.0000
1.0000 0.4151 0.0000 0.1321 0.1667 0.0000 0.0000 0.0392 0.0909 0.0000 0.0000 0.0000 0.0175 0.0000 0.0000 0.0000
1.0000 0.4667 0.0500 0.2391 0.0000 0.0426 0.0862 0.0000 0.0000 0.0000 0.0244 0.0000 0.0000 0.0000 0.0000 0.0000
1.0000 0.0588 0.0000 0.0385 0.0566 0.5385 0.0000 0.0000 0.0000 0.2093 0.1860 0.2963 0.0000 0.0000 0.0000 0.0000
0.9762 0.2653 0.0000 0.2667 0.0000 0.6458 0.0000 0.0000 0.0000 0.4468 0.0000 0.0175 0.0625 0.0169 0.0000 0.0000
0.9714 0.3922 0.0000 0.2045 0.0000 0.0000 0.0980 0.0182 0.0000 0.0351 0.0000 0.0000 0.0189 0.0000 0.0000 0.0000
0.9524 0.5676 0.0000 0.4098 0.0000 0.3077 0.0000 0.0000 0.0702 0.2766 0.0566 0.1091 0.1163 0.0000 0.0000 0.0000
1.0000 0.6170 0.0000 0.0000 0.3000 0.0000 0.0000 0.0000 0.0698 0.0417 0.0000 0.0000 0.0149 0.0000 0.0536 0.0000
1.0000 0.8958 0.0213 0.0000 0.6304 0.0000 0.0000 0.0000 0.0217 0.0000 0.5893 0.0000 0.0000 0.2222 0.0392 0.0000
1.0000 0.0000 0.0638 0.0000 0.0000 0.0000 0.0000 0.0000 0.3115 0.0000 0.0192 0.0000 0.0435 0.0345 0.0000 0.0000
1.0000 0.0000 0.1373 0.0147 0.0000 0.0000 0.0000 0.0000 0.1429 0.0000 0.0000 0.0000 0.0000 0.0000 0.0000 0.0000
1.0000 0.0727 0.0000 0.0000 0.0000 0.6923 0.0000 0.0682 0.0000 0.0000 0.0000 0.0000 0.0000 0.0227 0.0000 0.0000
1.0000 0.2456 0.0000 0.0000 0.0200 0.0930 0.0192 0.0000 0.0200 0.0000 0.0000 0.0000 0.0000 0.0213 0.0000 0.0000
1.0000 0.8378 0.0000 0.0222 0.0000 0.0000 0.0000 0.0000 0.0000 0.0000 0.1636 0.0000 0.0000 0.0364 0.0000 0.0000
1.0000 0.4000 0.0200 0.0000 0.0000 0.3256 0.0000 0.0000 0.0000 0.0000 0.0227 0.0000 0.0000 0.0377 0.0000 0.0000
1.0000 0.1569 0.0000 0.0548 0.0000 0.2982 0.0000 0.0625 0.0000 0.0000 0.0351 0.0000 0.0638 0.0000 0.0000 0.0000
1.0000 0.6441 0.0000 0.2632 0.0000 0.3469 0.1228 0.0000 0.0000 0.0465 0.0000 0.0417 0.0877 0.0000 0.0000 0.0000
1.0000 0.3400 0.0227 0.0800 0.0000 0.1373 0.1475 0.0811 0.0000 0.0000 0.0000 0.0000 0.0000 0.0000 0.0179 0.0000
1.0000 0.8537 0.0000 0.0702 0.7778 0.0000 0.0536 0.0000 0.0000 0.0000 0.3103 0.0000 0.0000 0.0159 0.0000 0.0000
1.0000 0.6531 0.0328 0.0000 0.3396 0.0227 0.0000 0.0204 0.0000 0.0278 0.2203 0.0208 0.0000 0.0000 0.0000 0.0000
0.9861 0.5385 0.0000 0.0000 0.0000 0.5192 0.0233 0.1818 0.0000 0.0750 0.0250 0.0213 0.0000 0.0000 0.0000 0.0000
1.0000 0.0000 0.3095 0.0000 0.0000 0.0000 0.0000 0.0000 0.3111 0.0000 0.0179 0.0000 0.0000 0.0000 0.0000 0.0000
0.9756 0.1148 0.0000 0.0286 0.0192 0.6667 0.0238 0.0000 0.0000 0.0000 0.0769 0.0000 0.0000 0.0667 0.0000 0.0000
1.0000 0.2368 0.0000 0.0000 0.0000 0.8333 0.0000 0.0377 0.0000 0.0000 0.0000 0.0000 0.0000 0.0000 0.4894 0.0000
1.0000 0.3000 0.0000 0.1636 0.0000 0.3582 0.0000 0.0000 0.0000 0.0000 0.0000 0.0000 0.1404 0.0000 0.0000 0.0000
1.0000 0.2456 0.0000 0.2245 0.0000 0.5333 0.0000 0.0000 0.0000 0.0678 0.0000 0.2264 0.0000 0.0000 0.0000 0.0000
0.9322 0.0189 0.0000 0.0000 0.0286 0.2885 0.0000 0.0455 0.0000 0.0000 0.0000 0.0000 0.0000 0.0000 0.0000 0.0000
1.0000 0.0339 0.0000 0.0161 0.0000 0.1207 0.0000 0.0189 0.0000 0.0169 0.0000 0.1522 0.0000 0.0000 0.0800 0.0000
1.0000 0.7143 0.1042 0.1282 0.2344 0.1290 0.0000 0.0000 0.0189 0.0000 0.0294 0.0208 0.0000 0.0000 0.0000 0.0000
1.0000 0.3269 0.0000 0.0769 0.0476 0.3830 0.2264 0.0000 0.0000 0.0000 0.0000 0.0000 0.0392 0.0000 0.2000 0.0000
1.0000 0.0213 0.3500 0.0000 0.0000 0.0000 0.0000 0.0000 0.0000 0.0000 0.0000 0.0000 0.0000 0.0000 0.0000 0.0000
0.9375 0.0169 0.0000 0.0217 0.0000 0.8333 0.0000 0.0000 0.0000 0.0000 0.0000 0.0000 0.0222 0.0000 0.0185 0.0000
1.0000 0.0000 0.3469 0.0000 0.0303 0.0270 0.0000 0.0000 0.3333 0.0000 0.0000 0.0000 0.0000 0.0000 0.0000 0.0000
1.0000 0.4286 0.0000 0.0233 0.0000 0.2807 0.0351 0.0000 0.0392 0.0000 0.0000 0.0000 0.1136 0.0000 0.0000 0.0000
1.0000 0.0000 0.6481 0.0000 0.0000 0.0000 0.0213 0.0208 0.1277 0.0000 0.0000 0.0000 0.0000 0.0000 0.0364 0.0000
1.0000 0.3333 0.0000 0.2642 0.0645 0.3409 0.0000 0.0000 0.0000 0.1833 0.0000 0.0000 0.0000 0.0000 0.0000 0.0000
0.9831 0.7885 0.0000 0.0000 0.0167 0.0000 0.0204 0.0000 0.0204 0.0455 0.0000 0.0000 0.0000 0.0000 0.0000 0.0000
0.9804 0.8250 0.0000 0.0000 0.5000 0.0000 0.0175 0.0000 0.1136 0.0000 0.0000 0.0000 0.0000 0.0000 0.0000 0.0000
0.9804 0.4318 0.0370 0.0000 0.0000 0.3654 0.1923 0.1500 0.0000 0.0000 0.0000 0.0400 0.0455 0.0000 0.0000 0.0000
1.0000 0.1509 0.0000 0.0175 0.0000 0.3636 0.0000 0.0000 0.0000 0.0667 0.0000 0.0000 0.0000 0.0500 0.0000 0.0000
0.9600 0.7843 0.0000 0.0000 0.0417 0.0000 0.3220 0.0000 0.0000 0.0000 0.0000 0.0526 0.0000 0.0000 0.0000 0.0000
1.0000 0.6379 0.0000 0.0000 0.0000 0.0000 0.0000 0.0000 0.0000 0.0000 0.0000 0.0000 0.0000 0.0227 0.0000 0.0000
1.0000 0.7258 0.0000 0.0000 0.6071 0.0000 0.0000 0.0000 0.0000 0.0465 0.0435 0.0000 0.0000 0.0000 0.0000 0.0000
1.0000 0.5217 0.0000 0.1154 0.0000 0.2449 0.3276 0.0000 0.0000 0.0000 0.0000 0.0536 0.0000 0.0000 0.0000 0.0000
1.0000 0.0769 0.0000 0.0484 0.0000 0.2449 0.0000 0.0238 0.0000 0.0000 0.0408 0.0000 0.0000 0.0000 0.1778 0.0000
1.0000 1.0000 0.0222 0.0000 0.4000 0.0000 0.0000 0.0000 0.0000 0.0000 0.2222 0.0000 0.0000 0.1951 0.0000 0.0000
0.9630 0.0000 0.0000 0.0000 0.0000 0.0000 0.0000 0.0000 0.8400 0.0000 0.0000 0.0000 0.0000 0.0000 0.0000 0.0000
1.0000 0.0000 0.2727 0.0652 0.0000 0.0000 0.1176 0.0000 0.4821 0.0000 0.0000 0.0000 0.0208 0.0000 0.0189 0.0000
0.9773 0.4800 0.0000 0.1644 0.0000 0.1875 0.2000 0.0000 0.0000 0.0000 0.0000 0.0000 0.0238 0.0000 0.0000 0.0000
1.0000 0.4643 0.0238 0.0227 0.0000 0.0800 0.0000 0.0000 0.0000 0.0189 0.0000 0.0000 0.1311 0.0233 0.0000 0.0000
1.0000 0.0000 0.0000 0.0000 0.0000 0.0000 0.0000 0.0000 0.0000 0.0000 0.0000 0.0000 0.0189 0.0000 0.0000 0.0000
1.0000 0.3529 0.0000 0.0000 0.0000 0.3396 0.0000 0.0000 0.0000 0.0000 0.0000 0.0556 0.0000 0.0000 0.0000 0.0000
1.0000 0.0400 0.0000 0.0000 0.0244 0.2093 0.0000 0.0000 0.0000 0.0000 0.0000 0.0000 0.0492 0.0000 0.0204 0.0000
1.0000 0.2391 0.0172 0.4286 0.0400 0.3333 0.0000 0.0000 0.0000 0.2600 0.0000 0.0000 0.0000 0.0217 0.0196 0.0000
1.0000 0.6316 0.0000 0.3333 0.0238 0.0357 0.3654 0.0000 0.0000 0.0000 0.0189 0.0000 0.0200 0.0000 0.0588 0.0000
0.9512 0.3519 0.0370 0.1500 0.0000 0.6721 0.0256 0.0213 0.2979 0.0189 0.0364 0.0800 0.0000 0.0000 0.0000 0.0000
1.0000 0.7436 0.0000 0.0909 0.0000 0.2069 0.0000 0.0000 0.0000 0.0000 0.0465 0.0000 0.0000 0.0000 0.0000 0.0000
0.9600 0.7000 0.0000 0.1842 0.0000 0.5745 0.0179 0.0189 0.0000 0.0000 0.0000 0.0000 0.0000 0.0806 0.0000 0.0000
0.9778 0.6250 0.0000 0.3208 0.0000 0.5455 0.0000 0.0000 0.0000 0.0000 0.0222 0.0000 0.0000 0.0000 0.0217 0.0000
1.0000 0.0000 0.3333 0.0000 0.0222 0.0000 0.0000 0.0000 0.0000 0.0222 0.0000 0.0000 0.0222 0.0238 0.0392 0.0000
1.0000 0.9107 0.0000 0.0000 0.8276 0.0000 0.0000 0.0862 0.0000 0.0000 0.2889 0.0000 0.0000 0.2679 0.0000 0.0000
0.9773 0.0000 0.0000 0.0000 0.0000 0.0000 0.0345 0.0385 0.0000 0.0000 0.0156 0.0000 0.0444 0.0000 0.0000 0.0000
1.0000 0.0000 0.0000 0.0000 0.0000 0.6122 0.0000 0.1132 0.0000 0.0000 0.0417 0.0000 0.0556 0.0000 0.5556 0.0000
0.9149 0.0196 0.2787 0.0000 0.0000 0.0000 0.0000 0.0000 0.0000 0.0000 0.0000 0.0200 0.0000 0.0175 0.0000 0.0000
1.0000 0.2128 0.0000 0.0870 0.0000 0.2609 0.2857 0.0000 0.0000 0.0000 0.0263 0.0000 0.0000 0.0000 0.0000 0.0000
1.0000 0.6667 0.0000 0.0000 0.3208 0.0000 0.0000 0.0000 0.0638 0.0000 0.3684 0.0000 0.0000 0.5686 0.0213 0.0000
1.0000 0.4800 0.0000 0.0000 0.0000 0.5741 0.0200 0.1273 0.0000 0.0000 0.0000 0.0000 0.0000 0.0556 0.0000 0.0000
1.0000 0.5490 0.0192 0.1273 0.0000 0.1458 0.0000 0.0000 0.0000 0.0000 0.0000 0.0175 0.0000 0.0000 0.0244 0.0000
1.0000 0.9091 0.0000 0.0000 0.8806 0.0577 0.0000 0.0952 0.0926 0.0000 0.5778 0.0000 0.0000 0.0000 0.0732 0.0000
0.9565 0.3962 0.0000 0.1228 0.0000 0.4211 0.5294 0.0000 0.0000 0.0000 0.0000 0.0000 0.0000 0.0000 0.0000 0.0000
1.0000 0.4359 0.0000 0.1481 0.0208 0.4318 0.0000 0.0541 0.0000 0.0000 0.0000 0.0000 0.0000 0.0000 0.0000 0.0000
1.0000 0.1500 0.0000 0.0690 0.2759 0.0196 0.0000 0.0000 0.0244 0.0000 0.1803 0.0000 0.0000 0.0377 0.0000 0.0000
1.0000 0.5082 0.0000 0.5614 0.0222 0.0652 0.0000 0.0213 0.0000 0.1277 0.0200 0.0000 0.0377 0.0000 0.0000 0.0000
1.0000 0.0000 0.4561 0.1111 0.0000 0.0000 0.0000 0.0000 0.2041 0.0000 0.0000 0.0000 0.0000 0.0000 0.0000 0.0000
1.0000 0.1803 0.0222 0.0000 0.0000 0.0000 0.0625 0.0000 0.0000 0.0000 0.0417 0.0179 0.0000 0.0000 0.0000 0.0000
1.0000 0.1346 0.8113 0.0000 0.0000 0.0000 0.0417 0.0000 0.0000 0.0000 0.0000 0.0000 0.1053 0.0000 0.0435 0.0000
1.0000 0.7288 0.0200 0.0000 0.2273 0.0000 0.0000 0.1064 0.0000 0.0000 0.0000 0.0000 0.0000 0.0385 0.0175 0.0000
1.0000 0.3125 0.0000 0.0577 0.0185 0.0000 0.3182 0.0000 0.0000 0.0000 0.0000 0.0000 0.0000 0.0000 0.0000 0.0000
1.0000 0.4808 0.0000 0.0000 0.0000 0.0000 0.0000 0.0408 0.0000 0.0000 0.0000 0.0000 0.0000 0.0000 0.0000 0.0000
1.0000 0.2745 0.0179 0.0000 0.0455 0.2766 0.0000 0.0000 0.0185 0.0000 0.0000 0.0000 0.0000 0.0000 0.0000 0.0000
1.0000 0.8621 0.0000 0.0000 0.4118 0.0000 0.0000 0.0000 0.0222 0.0000 0.0000 0.0000 0.0000 0.0000 0.2245 0.0000
1.0000 0.0000 0.0000 0.0377 0.0000 0.0192 0.0000 0.0000 0.0351 0.0189 0.0000 0.0208 0.0000 0.0000 0.0000 0.0000
1.0000 0.1429 0.0000 0.0000 0.0000 0.1176 0.0000 0.0000 0.0000 0.1200 0.0000 0.0000 0.0426 0.0000 0.0364 0.0000
1.0000 0.0392 0.0000 0.3000 0.0455 0.3462 0.0278 0.0000 0.0408 0.0566 0.0000 0.1489 0.0000 0.0000 0.0000 0.0000
1.0000 0.0000 0.4878 0.0000 0.0000 0.0000 0.0000 0.0444 0.4364 0.0784 0.0000 0.0000 0.0196 0.0000 0.0000 0.0000
0.9672 0.9487 0.0000 0.0000 0.9245 0.0000 0.0000 0.0000 0.0000 0.0000 0.7627 0.0000 0.0000 0.0833 0.0000 0.0000
0.9831 0.6182 0.0000 0.0408 0.0000 0.1961 0.0200 0.0000 0.0227 0.0000 0.0000 0.0000 0.0185 0.0000 0.0000 0.0000
1.0000 0.9348 0.0000 0.0000 0.3725 0.0185 0.1569 0.0000 0.0000 0.0000 0.1020 0.0222 0.0000 0.0000 0.0000 0.0000
1.0000 0.0000 0.3654 0.0000 0.0000 0.0000 0.0192 0.0182 0.0000 0.0800 0.0000 0.0000 0.0566 0.0000 0.0000 0.0000
1.0000 0.7273 0.0000 0.0000 0.4107 0.0000 0.0000 0.0000 0.0000 0.0000 0.0200 0.0000 0.0000 0.0000 0.0000 0.0000
1.0000 0.3036 0.0000 0.0000 0.0000 0.7925 0.0000 0.4038 0.0000 0.0000 0.0000 0.0000 0.0000 0.0000 0.0000 0.0000
1.0000 0.2500 0.0000 0.1915 0.0000 0.3585 0.0000 0.0930 0.0000 0.4167 0.0000 0.0000 0.0000 0.0000 0.0000 0.0000
1.0000 0.4043 0.1481 0.0000 0.0000 0.3125 0.0000 0.0444 0.0000 0.0000 0.0000 0.0000 0.0000 0.1591 0.0000 0.0000
1.0000 0.3061 0.0000 0.1321 0.0000 0.0727 0.2245 0.0345 0.0000 0.0000 0.0000 0.0000 0.0769 0.0000 0.0000 0.0000
1.0000 0.0000 0.2353 0.0000 0.0000 0.0000 0.0000 0.0517 0.0000 0.0000 0.0000 0.0000 0.0000 0.0000 0.0000 0.0000
1.0000 0.2449 0.0000 0.0000 0.0000 0.0000 0.0000 0.1176 0.0000 0.0000 0.0000 0.0000 0.0000 0.0000 0.0000 0.0000
1.0000 0.2400 0.0000 0.0000 0.0000 0.2766 0.0000 0.1224 0.0000 0.0000 0.0000 0.0000 0.0000 0.0000 0.0000 0.0000
1.0000 0.4211 0.0000 0.0833 0.0435 0.3846 0.0000 0.0204 0.0000 0.0000 0.0000 0.0000 0.0351 0.0000 0.0000 0.0000
1.0000 0.0000 0.2182 0.0000 0.0000 0.0000 0.0000 0.0000 0.4615 0.0000 0.0000 0.0000 0.0000 0.0000 0.0208 0.0000
1.0000 0.7692 0.0000 0.0345 0.0000 0.1754 0.1957 0.0392 0.0000 0.0000 0.0000 0.0000 0.0000 0.0000 0.0000 0.0000
1.0000 0.3125 0.0000 0.0000 0.0638 0.6047 0.0000 0.0233 0.0000 0.0000 0.0000 0.0000 0.0000 0.0204 0.0000 0.0000
1.0000 0.5932 0.0000 0.0161 0.0000 0.5641 0.0208 0.0000 0.0000 0.0000 0.0000 0.0000 0.0000 0.1000 0.5429 0.0000
0.9600 0.0000 0.6458 0.0000 0.0000 0.0000 0.0000 0.0000 0.0000 0.0400 0.0000 0.0000 0.0000 0.0000 0.0000 0.0000
1.0000 0.4048 0.0000 0.0000 0.0000 0.4681 0.0000 0.0000 0.0000 0.0000 0.0000 0.0000 0.0000 0.0000 0.0000 0.0000
1.0000 0.0444 0.0000 0.1818 0.0000 0.1887 0.0000 0.0000 0.0000 0.1489 0.0000 0.0213 0.0000 0.0000 0.0000 0.0000
1.0000 0.2400 0.0000 0.1212 0.0000 0.0000 0.0000 0.0000 0.0000 0.0000 0.0000 0.0000 0.0189 0.0000 0.0000 0.0000
1.0000 0.3750 0.0000 0.0000 0.0000 0.6757 0.2593 0.0000 0.0000 0.0000 0.0000 0.0000 0.4902 0.0000 0.0000 0.0000
1.0000 0.4737 0.0000 0.0000 0.0000 0.0769 0.0000 0.0000 0.0000 0.0204 0.0000 0.0000 0.0000 0.0000 0.0000 0.0000
1.0000 0.0000 0.4146 0.0000 0.0000 0.0000 0.0000 0.0000 0.0000 0.0000 0.0000 0.0000 0.0000 0.0526 0.0000 0.0000
1.0000 0.2553 0.0000 0.0893 0.0000 0.4667 0.0000 0.0000 0.0000 0.3725 0.0196 0.1290 0.0000 0.0000 0.0667 0.0000
1.0000 0.4419 0.0000 0.0000 0.0877 0.0164 0.0000 0.0244 0.0000 0.0200 0.0000 0.0000 0.0000 0.0000 0.0000 0.0000
1.0000 0.7674 0.0000 0.0000 0.2941 0.0000 0.0000 0.0000 0.0000 0.0000 0.0000 0.0000 0.0000 0.0000 0.0000 0.0000
1.0000 0.5957 0.0000 0.1489 0.0000 0.1500 0.0263 0.0000 0.0000 0.0000 0.0000 0.0000 0.0000 0.0000 0.0000 0.0000
1.0000 0.7179 0.0000 0.0000 0.0000 0.0000 0.0000 0.0000 0.0000 0.0000 0.0000 0.0000 0.0185 0.1951 0.0000 0.0000
1.0000 0.4310 0.0000 0.0000 0.3261 0.0000 0.0465 0.0154 0.0000 0.0175 0.6226 0.0000 0.0652 0.0000 0.0000 0.0000
1.0000 0.8864 0.0000 0.0000 0.5745 0.0000 0.0000 0.0000 0.0000 0.0000 0.3600 0.0417 0.0000 0.0200 0.0000 0.0000
1.0000 0.0000 0.1951 0.0000 0.0000 0.0000 0.0455 0.0217 0.0000 0.0185 0.0000 0.0000 0.1321 0.0000 0.0000 0.0000
0.9608 0.4423 0.0000 0.0000 0.0000 0.0000 0.0000 0.0000 0.0741 0.0000 0.0000 0.0000 0.0698 0.0000 0.0000 0.0000
1.0000 0.7759 0.0000 0.0513 0.0000 0.0851 0.5472 0.0000 0.0000 0.0000 0.0000 0.0000 0.1250 0.0000 0.0000 0.0000
1.0000 0.0545 0.0000 0.0000 0.0000 0.0000 0.0000 0.0000 0.0000 0.0000 0.0000 0.0000 0.0000 0.0000 0.0000 0.0000
0.9841 0.2553 0.0000 0.0000 0.0000 0.6000 0.0000 0.4000 0.0000 0.0741 0.0000 0.0000 0.0000 0.3023 0.0000 0.0000
1.0000 0.4400 0.0000 0.0357 0.0000 0.2632 0.0000 0.0000 0.0000 0.0638 0.0448 0.0000 0.0000 0.0172 0.0000 0.0000
1.0000 0.7123 0.0000 0.1731 0.0000 0.1000 0.0000 0.0213 0.0000 0.0000 0.0000 0.0000 0.0217 0.0000 0.0000 0.0000
1.0000 0.5000 0.0000 0.0000 0.0000 0.4889 0.0000 0.0192 0.0000 0.1429 0.0000 0.0000 0.0000 0.0000 0.0000 0.0000
0.9286 0.2000 0.0000 0.0000 0.0000 0.8000 0.0196 0.3488 0.0435 0.0000 0.0000 0.0000 0.0189 0.0656 0.0172 0.0000
1.0000 0.1628 0.0000 0.0000 0.0000 0.8679 0.0000 0.3585 0.0000 0.0000 0.0000 0.0000 0.0000 0.0000 0.0000 0.0000
0.9038 0.0000 0.0000 0.0000 0.0000 0.0750 0.0909 0.0000 0.0000 0.0000 0.0000 0.0000 0.0000 0.0000 0.0000 0.0000
1.0000 0.0000 0.2326 0.0000 0.0400 0.0000 0.0000 0.0513 0.0000 0.0000 0.0000 0.0000 0.0192 0.0000 0.1667 0.0000
1.0000 0.0882 0.0200 0.1395 0.0000 0.0625 0.0000 0.0000 0.0000 0.0000 0.0000 0.0000 0.0000 0.0000 0.0556 0.0000
1.0000 0.9091 0.0000 0.0000 0.8163 0.0000 0.0000 0.0227 0.0000 0.0000 0.8636 0.0000 0.0000 0.5357 0.0000 0.0000
1.0000 0.9273 0.0000 0.0000 0.2927 0.0000 0.0000 0.0000 0.0238 0.0000 0.2619 0.0000 0.0000 0.1463 0.0000 0.0000
1.0000 0.1224 0.0000 0.0217 0.0263 0.8036 0.0000 0.0000 0.0175 0.4815 0.0000 0.0364 0.0417 0.0000 0.0000 0.0000
0.9783 0.5370 0.0000 0.0000 0.7174 0.0000 0.0444 0.0000 0.0200 0.0244 0.6250 0.0000 0.0000 0.0870 0.0169 0.0000
1.0000 0.7143 0.0000 0.0000 0.0000 0.0000 0.0000 0.0000 0.0000 0.1020 0.0612 0.0167 0.0000 0.0000 0.0000 0.0000
0.9583 0.4231 0.0000 0.0877 0.0000 0.3200 0.0000 0.0000 0.0000 0.2642 0.0000 0.0000 0.0000 0.0182 0.0000 0.0000
1.0000 0.0213 0.4615 0.0000 0.0000 0.0000 0.0000 0.0000 0.0000 0.0000 0.0000 0.0000 0.0000 0.0000 0.0000 0.0000
1.0000 0.8000 0.0000 0.0179 0.0000 0.1964 0.0000 0.0000 0.0750 0.3103 0.0208 0.0000 0.0000 0.0000 0.0000 0.0000
1.0000 0.3548 0.0000 0.0000 0.0000 0.6122 0.0000 0.0000 0.0000 0.0000 0.0000 0.0000 0.3000 0.0000 0.0000 0.0000
1.0000 0.9423 0.0200 0.0000 0.4082 0.0000 0.0000 0.0426 0.0182 0.0000 0.1020 0.0000 0.0000 0.2727 0.0217 0.0000
1.0000 0.2800 0.0000 0.0000 0.0556 0.6250 0.0000 0.0455 0.1136 0.0217 0.0175 0.0000 0.0000 0.0000 0.0000 0.0000
1.0000 0.3667 0.0000 0.2542 0.0000 0.2667 0.0204 0.0000 0.0000 0.0667 0.0000 0.2456 0.0000 0.0000 0.0000 0.0000
1.0000 0.7414 0.0000 0.1277 0.0000 0.5882 0.0167 0.0233 0.0000 0.7692 0.0000 0.1304 0.0000 0.0000 0.0196 0.0000
0.9608 0.3654 0.0833 0.0000 0.0000 0.0000 0.0345 0.0000 0.0213 0.0000 0.0000 0.0000 0.0000 0.0000 0.0000 0.0000
1.0000 0.2979 0.0000 0.0000 0.0000 0.3800 0.0000 0.0000 0.0000 0.0000 0.0000 0.0000 0.0000 0.0000 0.0000 0.0000
1.0000 0.8364 0.0000 0.0000 0.0000 0.0000 0.0833 0.0000 0.0208 0.0000 0.0000 0.0204 0.0000 0.0600 0.1273 0.0000
0.9841 0.3617 0.0857 0.0513 0.0000 0.0417 0.1277 0.0000 0.0000 0.0161 0.0400 0.0000 0.0000 0.0000 0.0000 0.0000
1.0000 1.0000 0.0000 0.0000 0.4898 0.0000 0.0196 0.0159 0.0000 0.0000 0.0000 0.0000 0.0000 0.0196 0.0000 0.0000
0.9811 0.1964 0.0000 0.0588 0.1379 0.0000 0.0000 0.0000 0.1111 0.0000 0.0000 0.0000 0.0000 0.0000 0.0000 0.0000
1.0000 0.2857 0.0000 0.0465 0.0000 0.4545 0.0938 0.0000 0.0455 0.0000 0.0000 0.0172 0.1765 0.0000 0.0000 0.0000
0.9828 0.4737 0.0227 0.3600 0.0000 0.2857 0.0161 0.0000 0.0000 0.3571 0.0000 0.0227 0.0000 0.0517 0.0000 0.0000
1.0000 0.8519 0.0000 0.2857 0.0000 0.1400 0.0000 0.0000 0.0333 0.0000 0.0000 0.0000 0.0000 0.0000 0.0000 0.0000
1.0000 0.0500 0.0000 0.0000 0.0208 0.2812 0.0000 0.0000 0.0000 0.0000 0.0000 0.1333 0.0000 0.0000 0.0000 0.0000
1.0000 0.0377 0.0000 0.1282 0.0000 0.6047 0.0000 0.0000 0.0000 0.0339 0.0185 0.0000 0.0000 0.0000 0.0000 0.0000
1.0000 0.3077 0.0000 0.0000 0.0000 0.4490 0.0000 0.0172 0.0000 0.3191 0.0000 0.0500 0.0364 0.0000 0.0517 0.0000
1.0000 0.6087 0.0000 0.0600 0.1957 0.0000 0.0000 0.0000 0.0000 0.0000 0.1132 0.0000 0.0000 0.1000 0.0500 0.0000
1.0000 0.2364 0.0000 0.0000 0.0000 0.5652 0.0000 0.3191 0.0000 0.0000 0.0000 0.0000 0.0256 0.0000 0.0000 0.0000
1.0000 0.1860 0.0000 0.0370 0.0000 0.3725 0.0000 0.0000 0.0000 0.0909 0.0685 0.0000 0.0000 0.0000 0.1111 0.0000
1.0000 0.7857 0.0000 0.0000 0.6410 0.0000 0.0000 0.0000 0.0000 0.0000 0.2222 0.0000 0.0000 0.0000 0.0000 0.0000
1.0000 0.0333 0.0000 0.0204 0.0000 0.0000 0.0312 0.0000 0.0000 0.0000 0.0233 0.0000 0.0000 0.0000 0.0000 0.0000
0.9825 0.8772 0.0000 0.4894 0.0000 0.3704 0.0816 0.0000 0.0000 0.0000 0.0833 0.0000 0.0000 0.0000 0.0000 0.0000
1.0000 0.6591 0.0000 0.0000 0.2037 0.0000 0.0000 0.0000 0.0000 0.0000 0.0000 0.0000 0.0000 0.0000 0.0000 0.0000
1.0000 0.4894 0.0000 0.1026 0.0000 0.2200 0.4872 0.0000 0.0000 0.0000 0.0000 0.0000 0.2708 0.0000 0.0000 0.0000
1.0000 0.4000 0.0000 0.0185 0.0000 0.8333 0.0000 0.0000 0.0000 0.0217 0.0244 0.0000 0.0000 0.0000 0.1273 0.0000
1.0000 0.1087 0.0000 0.0000 0.0000 0.6304 0.0000 0.0000 0.0000 0.0000 0.0000 0.0000 0.0000 0.0000 0.2182 0.0000
1.0000 0.3077 0.0000 0.0000 0.0000 0.6667 0.0600 0.0000 0.0000 0.0408 0.0000 0.0000 0.1698 0.0000 0.0000 0.0000
1.0000 0.4146 0.0000 0.4857 0.0000 0.5152 0.0566 0.0000 0.0000 0.0000 0.1556 0.0000 0.0000 0.0000 0.0000 0.0000
1.0000 0.7436 0.0000 0.0000 0.5333 0.0000 0.0536 0.0000 0.0000 0.0000 0.6078 0.0000 0.0000 0.4468 0.0000 0.0000
1.0000 0.1667 0.0000 0.0000 0.0000 0.5455 0.0000 0.0000 0.0000 0.0455 0.0000 0.0000 0.0000 0.0000 0.0000 0.0000
1.0000 0.0615 0.0769 0.0000 0.0000 0.6154 0.0000 0.0000 0.0000 0.0000 0.0233 0.0233 0.0227 0.0000 0.0000 0.0000
1.0000 0.0889 0.0000 0.1864 0.0000 0.6667 0.0000 0.0000 0.0000 0.6383 0.0000 0.0000 0.0000 0.0000 0.0000 0.0000
0.9773 0.0000 0.0000 0.0370 0.0000 0.0000 0.0000 0.1061 0.0000 0.0000 0.0000 0.0000 0.0000 0.0000 0.0000 0.0000
1.0000 0.2222 0.0000 0.0179 0.0000 0.2444 0.0566 0.0000 0.0755 0.0000 0.0208 0.0000 0.1600 0.0000 0.0000 0.0000
1.0000 0.5610 0.0238 0.0000 0.0213 0.0000 0.0417 0.0000 0.0000 0.0000 0.0175 0.0000 0.0238 0.0000 0.0000 0.0000
1.0000 0.5116 0.0000 0.0000 0.7925 0.0000 0.0000 0.0000 0.0000 0.0000 0.6458 0.0000 0.0000 0.0000 0.0000 0.0000
1.0000 0.3594 0.0000 0.0333 0.0000 0.4118 0.0000 0.4038 0.0000 0.0000 0.0492 0.0189 0.0536 0.0877 0.0000 0.0000
0.9672 0.4419 0.0000 0.0000 0.7636 0.0200 0.0000 0.0000 0.0000 0.0000 0.0541 0.0182 0.0000 0.0000 0.0000 0.0000
1.0000 0.1176 0.1042 0.0625 0.0000 0.3774 0.0000 0.0238 0.0000 0.1481 0.0000 0.0167 0.0392 0.0000 0.0000 0.0000
1.0000 0.5417 0.0000 0.0000 0.0000 0.1633 0.0000 0.0000 0.0000 0.0000 0.0000 0.0000 0.0000 0.0000 0.2000 0.0000
0.9804 0.7800 0.0000 0.0000 0.0192 0.0000 0.0000 0.0000 0.0000 0.0455 0.0217 0.0000 0.0000 0.0000 0.0000 0.0000
1.0000 0.7778 0.0000 0.0690 0.6410 0.0000 0.0000 0.0000 0.0000 0.0000 0.1053 0.0000 0.0000 0.0000 0.0000 0.0000
1.0000 0.8246 0.0000 0.0000 0.2034 0.0208 0.0227 0.0200 0.0000 0.0189 0.2292 0.0000 0.0508 0.0000 0.0000 0.0000
1.0000 0.0233 0.7321 0.1273 0.0227 0.0000 0.0000 0.0000 0.0227 0.0233 0.0625 0.0000 0.0000 0.0000 0.0000 0.0000
1.0000 1.0000 0.0000 0.0000 0.7500 0.0000 0.0417 0.0000 0.0000 0.0000 0.1579 0.0000 0.0000 0.0196 0.0000 0.0000
1.0000 0.0000 0.0000 0.0000 0.0000 0.0000 0.0000 0.0426 0.0000 0.0208 0.0000 0.0000 0.0877 0.0000 0.0000 0.0000
0.9200 0.1000 0.0000 0.0000 0.0000 0.2000 0.0000 0.0185 0.0000 0.0000 0.0000 0.0200 0.0000 0.0000 0.0000 0.0000
0.9459 0.6316 0.0000 0.1489 0.0000 0.4167 0.2308 0.0000 0.0000 0.0000 0.0000 0.0000 0.0566 0.0000 0.0000 0.0000
1.0000 0.8000 0.0385 0.0000 0.4872 0.0000 0.0000 0.0000 0.0000 0.0408 0.5333 0.0000 0.0000 0.4590 0.0000 0.0000
1.0000 0.2766 0.0000 0.2222 0.0000 0.7321 0.0000 0.0227 0.0000 0.4250 0.0244 0.0213 0.0000 0.0000 0.0000 0.0000
0.9310 0.5152 0.0000 0.3929 0.0169 0.2500 0.0000 0.0000 0.0800 0.0000 0.0000 0.0000 0.0000 0.0000 0.0000 0.0000
1.0000 0.5385 0.0233 0.0208 0.0000 0.1522 0.0000 0.0385 0.0000 0.0000 0.0179 0.0000 0.0000 0.0000 0.0000 0.0000
1.0000 0.4130 0.0000 0.4167 0.0000 0.0667 0.0741 0.0000 0.1277 0.0000 0.0000 0.0000 0.0392 0.0189 0.0000 0.0000
1.0000 0.5606 0.0000 0.0000 0.0000 0.0000 0.0000 0.0000 0.0566 0.0000 0.0000 0.0000 0.0000 0.0000 0.0000 0.0000
1.0000 0.9167 0.0000 0.0227 0.4167 0.0000 0.0000 0.0000 0.0000 0.0000 0.5385 0.0000 0.0192 0.1200 0.0357 0.0000
0.9362 0.6735 0.0000 0.0000 0.4211 0.0000 0.0000 0.0000 0.0000 0.0000 0.1136 0.0000 0.0000 0.0000 0.0208 0.0000
0.9231 0.8095 0.0426 0.1400 0.0143 0.0962 0.0000 0.0192 0.0000 0.0000 0.0000 0.0000 0.0000 0.0000 0.0185 0.0000
1.0000 0.0000 0.6271 0.0000 0.0000 0.0156 0.0000 0.0000 0.0200 0.0455 0.0000 0.0000 0.0000 0.0000 0.0208 0.0000
1.0000 0.0000 0.0476 0.0000 0.0000 0.0000 0.0000 0.0213 0.0000 0.0000 0.0000 0.0000 0.0000 0.0000 0.0000 0.0000
1.0000 0.2222 0.0000 0.0000 0.1935 0.0000 0.0377 0.0000 0.0536 0.0000 0.0000 0.0000 0.0000 0.0000 0.0000 0.0000
1.0000 0.1803 0.0000 0.1026 0.0204 0.6154 0.1667 0.0000 0.0270 0.0000 0.0000 0.0000 0.3462 0.0000 0.0000 0.0000
1.0000 0.0000 0.0000 0.0000 0.0000 0.0000 0.0000 0.0000 0.0000 0.0000 0.0000 0.0600 0.0000 0.0000 0.0000 0.0000
1.0000 0.0000 0.0000 0.0000 0.0000 0.0000 0.0000 0.0000 0.0000 0.0189 0.0000 0.0000 0.0000 0.0000 0.0000 0.0000
1.0000 0.2105 0.0192 0.0000 0.0000 0.5763 0.0000 0.0566 0.0000 0.0000 0.0385 0.0000 0.0000 0.0000 0.0000 0.0000
1.0000 0.0000 0.6471 0.0000 0.0217 0.0000 0.0000 0.0000 0.0182 0.0476 0.0000 0.0000 0.0357 0.1111 0.0000 0.0000
0.9796 0.5385 0.0000 0.0000 0.0152 0.3065 0.0000 0.0000 0.0000 0.0000 0.0000 0.0000 0.0000 0.0000 0.4524 0.0000
1.0000 0.8852 0.0000 0.0000 0.7321 0.0000 0.0000 0.0000 0.0000 0.0000 0.5641 0.0000 0.0000 0.0455 0.0000 0.0000
1.0000 0.5455 0.0000 0.0000 0.0339 0.2609 0.0000 0.0000 0.1923 0.0185 0.0169 0.0000 0.0000 0.0156 0.4773 0.0000
0.9184 0.9583 0.0000 0.0000 0.5345 0.0000 0.0000 0.0000 0.0000 0.0000 0.4490 0.0000 0.0833 0.1522 0.0000 0.0000
0.8302 0.0000 0.5435 0.0000 0.0000 0.0000 0.0000 0.0222 0.0000 0.0000 0.0000 0.0000 0.0000 0.0000 0.0000 0.0000
0.7797 0.0238 0.9362 0.0000 0.0000 0.0000 0.0000 0.0000 0.0000 0.0328 0.0000 0.0000 0.0000 0.1250 0.0000 0.0000
0.9286 0.0625 0.0000 0.0526 0.0000 0.4444 0.0526 0.0000 0.0000 0.1087 0.0000 0.0000 0.0000 0.0000 0.0000 0.0000
1.0000 0.6596 0.0000 0.5714 0.0000 0.3462 0.0000 0.0000 0.0000 0.1892 0.0000 0.0263 0.0000 0.0635 0.0270 0.0000
0.9833 0.4286 0.0577 0.0000 0.0000 0.3000 0.0175 0.0000 0.0000 0.0435 0.0000 0.0351 0.1250 0.0000 0.0000 0.0000
1.0000 0.5800 0.0476 0.7500 0.0000 0.1429 0.0732 0.0000 0.0227 0.0000 0.0000 0.0000 0.0000 0.0000 0.0952 0.0000
0.8654 0.0000 0.4286 0.0000 0.0000 0.0000 0.0000 0.0000 0.0000 0.0000 0.0426 0.0000 0.0000 0.0000 0.0000 0.0000
1.0000 0.0000 0.3333 0.0444 0.0000 0.0000 0.0000 0.0000 0.7400 0.0000 0.0175 0.0000 0.0000 0.0000 0.0000 0.0000
1.0000 0.0714 0.9565 0.0156 0.0000 0.0000 0.0000 0.0000 0.2045 0.0000 0.0185 0.0000 0.0000 0.0000 0.0698 0.0000
1.0000 0.1132 0.0000 0.0976 0.0213 0.5439 0.0000 0.0000 0.0000 0.3898 0.0000 0.0000 0.0000 0.0000 0.0000 0.0000
0.8929 0.0000 0.0962 0.0000 0.0000 0.0000 0.0000 0.0000 0.7143 0.0167 0.1860 0.0000 0.0185 0.0000 0.0204 0.0000
1.0000 0.4694 0.0000 0.0444 0.0000 0.3922 0.1364 0.0000 0.0000 0.0000 0.0000 0.0000 0.1273 0.0000 0.0000 0.0000
1.0000 0.2667 0.0000 0.0000 0.0000 0.3750 0.0213 0.0000 0.0000 0.0200 0.0256 0.0000 0.0000 0.0444 0.1064 0.0000
1.0000 0.0000 0.0217 0.0000 0.0159 0.0000 0.0182 0.0000 0.0000 0.0000 0.0000 0.0000 0.0000 0.0000 0.0000 0.0000
1.0000 0.1207 0.0000 0.0000 0.0000 0.5111 0.0000 0.0000 0.0000 0.0000 0.0000 0.0000 0.0000 0.0000 0.0000 0.0000
1.0000 0.4909 0.0000 0.0167 0.0196 0.2286 0.0000 0.2264 0.0000 0.0000 0.0208 0.0000 0.0000 0.0000 0.0000 0.0000
1.0000 0.2083 0.0000 0.0000 0.0000 0.5625 0.0000 0.0222 0.0000 0.0000 0.0000 0.0000 0.0000 0.0000 0.4655 0.0000
0.9800 0.6222 0.0000 0.0896 0.0612 0.0000 0.0000 0.0000 0.0000 0.0000 0.0000 0.1000 0.0000 0.0851 0.0000 0.0000
1.0000 0.9130 0.0000 0.1132 0.0000 0.2553 0.2759 0.0000 0.0000 0.0000 0.0000 0.0000 0.0943 0.0000 0.0000 0.0000
0.9818 0.3333 0.0000 0.0175 0.0000 0.3478 0.0000 0.0000 0.0000 0.0000 0.0000 0.0000 0.0000 0.0204 0.1707 0.0000
1.0000 0.1364 0.0000 0.0000 0.0000 0.2297 0.0000 0.0000 0.0000 0.0588 0.0000 0.0000 0.0435 0.0000 0.3208 0.0000
1.0000 0.1017 0.0000 0.0000 0.0000 0.7797 0.0000 0.3500 0.0000 0.0000 0.0370 0.0000 0.0000 0.0000 0.0000 0.0000
1.0000 0.8333 0.0263 0.0000 0.5652 0.0000 0.0000 0.0189 0.0000 0.0000 0.0000 0.0000 0.0000 0.0000 0.1750 0.0000
1.0000 0.0784 0.0000 0.0000 0.0000 0.8421 0.0000 0.0000 0.0000 0.0000 0.0000 0.0000 0.0000 0.0000 0.3585 0.0000
1.0000 0.2041 0.0417 0.0392 0.0000 0.7250 0.0000 0.0000 0.0000 0.2727 0.0227 0.0000 0.0392 0.0000 0.0000 0.0000
1.0000 0.2979 0.0000 0.0000 0.0000 0.6721 0.0000 0.3137 0.0000 0.0000 0.0000 0.0000 0.0000 0.0000 0.0213 0.0000
0.9839 0.0000 0.1449 0.0000 0.0000 0.0545 0.0179 0.0000 0.4167 0.0000 0.0000 0.0000 0.0000 0.0000 0.0000 0.0000
1.0000 0.4167 0.0000 0.0000 0.4167 0.0000 0.0000 0.0000 0.0000 0.0469 0.3269 0.0000 0.0000 0.1613 0.0000 0.0000
0.9828 0.7292 0.0000 0.2766 0.0000 0.2609 0.2167 0.0000 0.0351 0.0417 0.0000 0.0294 0.0455 0.0213 0.0217 0.0000
1.0000 0.0484 0.0000 0.0577 0.0000 0.3556 0.0000 0.0000 0.0000 0.0000 0.0000 0.0000 0.0000 0.0000 0.0345 0.0000
0.9615 0.6279 0.0000 0.0000 0.0000 0.2692 0.0000 0.0000 0.0000 0.0000 0.0000 0.0545 0.0000 0.0000 0.0000 0.0000
1.0000 0.6316 0.0000 0.0000 0.6531 0.0000 0.0000 0.0189 0.0323 0.0172 0.4615 0.0000 0.0000 0.3000 0.0000 0.0000
1.0000 0.5800 0.0000 0.0377 0.0000 0.0000 0.0000 0.0000 0.0351 0.0227 0.0000 0.0000 0.0755 0.0000 0.0169 0.0000
1.0000 0.1695 0.0000 0.0000 0.0196 0.0000 0.0000 0.0000 0.0000 0.0000 0.0000 0.0000 0.0000 0.0000 0.0000 0.0000
1.0000 0.2500 0.0000 0.0000 0.0000 0.9412 0.0000 0.0204 0.0000 0.0000 0.0000 0.0000 0.0000 0.0000 0.0328 0.0000
1.0000 0.6545 0.0000 0.1132 0.0000 0.5435 0.0208 0.0000 0.0000 0.1404 0.0000 0.0000 0.2083 0.0492 0.0000 0.0000
1.0000 0.6905 0.0000 0.0000 0.8444 0.0426 0.0000 0.0000 0.0400 0.0000 0.6949 0.0000 0.0000 0.0682 0.0000 0.0000
0.9756 0.2800 0.0000 0.0000 0.0000 0.8250 0.0000 0.0000 0.0000 0.3333 0.0000 0.1667 0.0000 0.0000 0.0000 0.0000
0.9836 0.1930 0.0000 0.0227 0.0000 0.6190 0.1481 0.0000 0.0000 0.0000 0.0000 0.0000 0.0208 0.0000 0.0000 0.0000
1.0000 0.4068 0.0351 0.0000 0.1489 0.0000 0.0000 0.0000 0.0000 0.0189 0.0000 0.0000 0.0208 0.0000 0.0000 0.0000
1.0000 0.2619 0.0185 0.0408 0.0833 0.2766 0.0182 0.0000 0.0000 0.0000 0.0000 0.0000 0.0000 0.0196 0.1515 0.0000
0.9804 0.4468 0.0000 0.5283 0.0000 0.1930 0.1719 0.0000 0.0351 0.1429 0.0000 0.0625 0.0000 0.0000 0.0000 0.0000
1.0000 0.0204 0.2909 0.0000 0.0000 0.0000 0.1091 0.0000 0.0000 0.0789 0.0000 0.0000 0.0469 0.0000 0.0000 0.0000
0.9787 0.6889 0.0000 0.0000 0.2292 0.0000 0.0000 0.0000 0.0000 0.0000 0.0179 0.0000 0.0000 0.0000 0.0000 0.0000
1.0000 0.5652 0.0213 0.0690 0.0000 0.3158 0.5000 0.0000 0.0000 0.0227 0.0000 0.0000 0.0000 0.0000 0.0000 0.0000
1.0000 0.7442 0.0000 0.0000 0.6226 0.0000 0.0000 0.0185 0.0000 0.0000 0.1333 0.0000 0.0189 0.0000 0.0000 0.0000
0.9821 0.4643 0.0000 0.0000 0.0000 0.6400 0.0000 0.0000 0.0000 0.0000 0.0000 0.0333 0.0000 0.0000 0.0377 0.0000
0.9545 0.0000 0.0000 0.0250 0.0000 0.0000 0.0000 0.0145 0.0000 0.0000 0.0000 0.0000 0.0204 0.0000 0.0000 0.0000
1.0000 0.0000 0.0625 0.0000 0.0000 0.0204 0.0000 0.0000 0.0000 0.0000 0.0000 0.0000 0.0000 0.0638 0.0233 0.0000
1.0000 0.6154 0.0417 0.0000 0.8372 0.0000 0.0000 0.0000 0.0000 0.0000 0.2449 0.0000 0.0000 0.0000 0.0000 0.0000
1.0000 0.4792 0.0000 0.2419 0.0000 0.4706 0.1915 0.0000 0.0000 0.0612 0.0000 0.0000 0.0200 0.0200 0.0000 0.0000
0.9787 0.2456 0.0000 0.0222 0.0000 0.1522 0.0806 0.0000 0.0182 0.0000 0.0000 0.0000 0.0588 0.0000 0.0000 0.0000
1.0000 0.5625 0.0000 0.2143 0.0000 0.6512 0.0000 0.0000 0.0000 0.0000 0.0000 0.0000 0.0000 0.0000 0.0233 0.0000
1.0000 0.5769 0.0000 0.5686 0.0182 0.6071 0.0000 0.0000 0.0000 0.0000 0.0000 0.0000 0.0465 0.0000 0.0000 0.0000
1.0000 0.3261 0.0000 0.0000 0.0000 0.0500 0.0196 0.0000 0.0000 0.0000 0.1429 0.0492 0.0000 0.0000 0.0000 0.0000
1.0000 0.3846 0.0000 0.1071 0.0000 0.4412 0.0000 0.0000 0.0000 0.0000 0.0000 0.0000 0.0000 0.0250 0.0000 0.0000
1.0000 0.4894 0.0000 0.6981 0.0000 0.0682 0.0000 0.0000 0.1163 0.0000 0.0000 0.0000 0.0000 0.0000 0.0000 0.0000
1.0000 0.0169 0.0000 0.0000 0.0000 0.0204 0.0000 0.0227 0.0000 0.0400 0.0000 0.0000 0.0000 0.0000 0.0909 0.0000
1.0000 0.0233 0.1579 0.0000 0.0000 0.0000 0.0000 0.0000 0.4255 0.0000 0.0476 0.0816 0.0000 0.0000 0.0000 0.0000
1.0000 0.6852 0.0000 0.4902 0.0000 0.3636 0.0000 0.0600 0.0000 0.0000 0.0000 0.0000 0.1667 0.0000 0.0000 0.0000
1.0000 0.5789 0.0238 0.0000 0.0000 0.1154 0.0000 0.0000 0.2045 0.0000 0.0189 0.0000 0.0000 0.0000 0.0000 0.0000
1.0000 0.0278 0.5192 0.0000 0.0256 0.0000 0.0000 0.0000 0.0217 0.0492 0.0000 0.0000 0.0000 0.0000 0.0000 0.0000
1.0000 0.1489 0.0000 0.1176 0.0000 0.6667 0.0000 0.0000 0.0364 0.0000 0.0000 0.0217 0.0857 0.0169 0.0000 0.0000
1.0000 0.6364 0.0000 0.1091 0.0000 0.1591 0.0000 0.5614 0.0000 0.0000 0.0000 0.0000 0.0517 0.0000 0.0000 0.0000
0.9583 0.3571 0.0000 0.2500 0.0000 0.1509 0.0000 0.0196 0.0816 0.0909 0.0000 0.0000 0.0000 0.1176 0.0000 0.0000
1.0000 0.3333 0.0000 0.0000 0.2400 0.0652 0.0000 0.0400 0.0000 0.0000 0.0000 0.0769 0.0000 0.0000 0.0328 0.0000
1.0000 0.4500 0.0000 0.0000 0.7674 0.0000 0.0000 0.0000 0.0000 0.0000 0.1569 0.0000 0.0000 0.0000 0.0000 0.0000
1.0000 0.8085 0.0000 0.0182 0.4255 0.0000 0.0000 0.0000 0.0000 0.0000 0.5094 0.0000 0.0000 0.1400 0.0189 0.0000
1.0000 0.9024 0.0000 0.0000 0.6400 0.0000 0.0000 0.0000 0.0000 0.0000 0.1905 0.0000 0.0000 0.0000 0.0000 0.0000
1.0000 0.9259 0.0000 0.0000 0.0000 0.0000 0.0000 0.0377 0.1452 0.0000 0.0244 0.1000 0.0294 0.0196 0.0000 0.0000
1.0000 0.0196 0.7551 0.0000 0.0423 0.0000 0.0192 0.0000 0.0000 0.0000 0.0385 0.0000 0.0000 0.0000 0.0000 0.0000
0.9556 0.7963 0.0000 0.0000 0.2340 0.0000 0.0000 0.0000 0.0000 0.0000 0.2391 0.0755 0.0000 0.0000 0.0196 0.0000
1.0000 0.0926 0.0000 0.0000 0.0000 0.8444 0.0000 0.0444 0.0000 0.0980 0.0000 0.0000 0.0000 0.0000 0.4773 0.0000
1.0000 0.7609 0.0000 0.4528 0.0000 0.2326 0.0000 0.0000 0.0192 0.0000 0.0000 0.0000 0.0000 0.0000 0.0000 0.0000
1.0000 0.7818 0.0000 0.0000 0.6458 0.0000 0.0000 0.0000 0.0000 0.0000 0.1481 0.0370 0.0000 0.0000 0.1698 0.0000
1.0000 0.0500 0.0000 0.0000 0.0000 0.5714 0.1333 0.1273 0.0196 0.0000 0.0000 0.0000 0.0000 0.0000 0.0000 0.0000
1.0000 0.5238 0.0000 0.0000 0.0000 0.4912 0.0000 0.0000 0.0000 0.0000 0.0000 0.0000 0.0000 0.0000 0.1702 0.0000
1.0000 0.4923 0.0227 0.0847 0.0000 0.4783 0.0000 0.1600 0.0000 0.0000 0.0000 0.0000 0.0000 0.0000 0.0000 0.0000
1.0000 0.6471 0.0000 0.2115 0.0000 0.3556 0.0000 0.0000 0.0000 0.3455 0.1613 0.2500 0.0000 0.0000 0.0755 0.0000
0.9787 0.8200 0.0000 0.0000 0.3214 0.0000 0.0000 0.0000 0.0000 0.1176 0.0000 0.0000 0.0000 0.0000 0.0000 0.0000
1.0000 0.6154 0.0000 0.0377 0.0000 0.2549 0.1064 0.0000 0.0000 0.0492 0.0000 0.0000 0.0980 0.0213 0.0000 0.0000
1.0000 0.1136 0.0000 0.0161 0.0000 0.8125 0.0179 0.1923 0.0000 0.0000 0.0000 0.0000 0.0000 0.0000 0.3333 0.0000
0.9677 0.2407 0.0000 0.1132 0.0196 0.1731 0.0408 0.0000 0.0000 0.0652 0.0476 0.0000 0.0000 0.0000 0.0000 0.0000
1.0000 0.2000 0.0000 0.0000 0.0256 0.2759 0.0000 0.2037 0.0208 0.0000 0.0000 0.0000 0.0000 0.0172 0.0000 0.0000
1.0000 0.7143 0.0000 0.0000 0.5417 0.0000 0.0000 0.0000 0.0000 0.0000 0.5000 0.0000 0.0000 0.1923 0.0000 0.0000
1.0000 0.5417 0.0000 0.0000 0.0000 0.0204 0.0192 0.0000 0.0000 0.0000 0.0930 0.0213 0.0000 0.0182 0.0000 0.0000
1.0000 0.0000 0.1750 0.0000 0.0000 0.0000 0.0000 0.0000 0.8281 0.0000 0.0000 0.0000 0.0000 0.0000 0.0000 0.0000
1.0000 0.1273 0.0000 0.0000 0.0000 0.7059 0.0000 0.0000 0.0192 0.0526 0.0000 0.0000 0.0204 0.0000 0.1333 0.0000
1.0000 0.3696 0.0000 0.0000 0.0000 0.2273 0.0000 0.0000 0.0000 0.0556 0.0000 0.0000 0.0000 0.0000 0.0000 0.0000
1.0000 0.3538 0.0000 0.0000 0.0000 0.0000 0.0000 0.0833 0.0000 0.0000 0.0000 0.0192 0.0000 0.0400 0.0000 0.0000
0.9200 0.0000 0.8298 0.0000 0.0000 0.0000 0.0000 0.0217 0.0000 0.0000 0.0000 0.0000 0.0000 0.0000 0.0794 0.0000
0.9630 0.0000 0.0000 0.0000 0.0000 0.0000 0.1277 0.0000 0.0588 0.0000 0.0339 0.0167 0.0000 0.0000 0.0000 0.0000
0.9808 0.0000 0.0417 0.0000 0.0000 0.0227 0.0000 0.0000 0.6078 0.0000 0.0000 0.0000 0.0000 0.0000 0.0000 0.0000
1.0000 1.0000 0.0000 0.0000 0.2593 0.0000 0.0000 0.0000 0.0000 0.0189 0.0000 0.0444 0.0000 0.0182 0.0000 0.0000
1.0000 0.3462 0.0000 0.0000 0.0000 0.2041 0.0000 0.1064 0.0000 0.0000 0.0000 0.0000 0.0000 0.0000 0.0000 0.0000
1.0000 0.6364 0.0000 0.0000 0.0000 0.0000 0.0000 0.0200 0.0169 0.0000 0.0189 0.0000 0.0000 0.0000 0.0000 0.0000
1.0000 0.0000 0.1702 0.0000 0.0000 0.0000 0.1148 0.0000 0.5238 0.0000 0.0000 0.0556 0.1569 0.0000 0.0000 0.0000
1.0000 0.4000 0.0000 0.0000 0.1148 0.4706 0.0339 0.5152 0.0000 0.0000 0.0000 0.0000 0.0000 0.0250 0.0000 0.0000
1.0000 0.6977 0.0000 0.0000 0.3725 0.0000 0.0000 0.0000 0.0000 0.0000 0.0000 0.0000 0.0000 0.0000 0.0000 0.0000
1.0000 0.8108 0.0175 0.0000 0.5102 0.0164 0.0000 0.0000 0.0000 0.0000 0.2000 0.0000 0.0000 0.0408 0.0000 0.0000
1.0000 0.0000 0.0714 0.0000 0.0909 0.0000 0.0000 0.0000 0.1591 0.0000 0.0000 0.0000 0.0000 0.0000 0.0000 0.0000
1.0000 0.7234 0.0000 0.0000 0.6111 0.0208 0.0000 0.0169 0.0000 0.0000 0.3585 0.0364 0.0000 0.0000 0.0000 0.0000
0.9808 0.2979 0.0000 0.0000 0.0000 0.0000 0.0000 0.0222 0.0000 0.0909 0.0000 0.0189 0.0000 0.0323 0.0000 0.0000
1.0000 0.6000 0.0000 0.0727 0.0625 0.5167 0.0000 0.0000 0.0000 0.3571 0.0000 0.0000 0.0000 0.0000 0.0000 0.0000
0.9756 0.0833 0.0000 0.0000 0.0000 0.1837 0.0208 0.0000 0.0000 0.0000 0.0000 0.0690 0.0000 0.0408 0.0652 0.0000
1.0000 0.5614 0.0000 0.0612 0.5385 0.0000 0.0545 0.0000 0.0000 0.0000 0.0154 0.0000 0.0000 0.0000 0.0192 0.0000
1.0000 0.0000 0.0000 0.0577 0.0000 0.3793 0.0000 0.0000 0.0000 0.0000 0.0000 0.0000 0.0175 0.0000 0.0000 0.0000
1.0000 0.0000 0.0000 0.0000 0.0000 0.0566 0.0179 0.0000 0.0000 0.0185 0.0000 0.0000 0.0000 0.0000 0.0000 0.0000
1.0000 0.7692 0.0000 0.0000 0.2885 0.0755 0.0877 0.0179 0.0200 0.0000 0.3953 0.0256 0.0000 0.0000 0.0000 0.0000
1.0000 0.0000 0.0000 0.0000 0.0000 0.1500 0.0000 0.0000 0.0000 0.0000 0.0000 0.0000 0.0000 0.0000 0.0172 0.0000
1.0000 0.9672 0.0159 0.0213 0.7826 0.0000 0.0000 0.0000 0.0000 0.0000 0.0000 0.0000 0.0000 0.0000 0.0000 0.0000
0.9792 0.8302 0.0000 0.0000 0.0000 0.0000 0.0000 0.0000 0.0000 0.0000 0.0000 0.0172 0.0000 0.0000 0.0000 0.0000
1.0000 0.9750 0.0000 0.1176 0.2174 0.0364 0.0000 0.0000 0.0000 0.0000 0.0000 0.0000 0.0000 0.0488 0.0851 0.0000
1.0000 0.0000 0.0227 0.0000 0.0000 0.1111 0.0000 0.0000 0.0000 0.0000 0.0227 0.0000 0.0000 0.0000 0.0000 0.0000
1.0000 0.7500 0.0000 0.0357 0.0000 0.1522 0.2391 0.0000 0.0200 0.0000 0.0000 0.0000 0.0000 0.0000 0.0164 0.0000
0.9216 0.3846 0.1458 0.0000 0.7273 0.0000 0.0000 0.0000 0.0000 0.0000 0.1311 0.0000 0.0000 0.0000 0.0000 0.0000
0.9792 0.3929 0.0000 0.0000 0.0182 0.2105 0.0577 0.0000 0.0000 0.0000 0.0000 0.0000 0.0000 0.0000 0.0000 0.0000
1.0000 0.5714 0.0000 0.3036 0.0000 0.1754 0.0000 0.0000 0.0000 0.2979 0.0196 0.0000 0.0000 0.0000 0.1026 0.0000
0.9773 0.8868 0.0000 0.0000 0.3043 0.1702 0.0000 0.0000 0.0000 0.0000 0.0597 0.0000 0.0000 0.0000 0.0000 0.0000
1.0000 0.8367 0.0000 0.3409 0.0169 0.0417 0.1538 0.0000 0.0000 0.0000 0.0000 0.0189 0.0000 0.0000 0.0167 0.0000
1.0000 0.0000 0.4643 0.0000 0.0000 0.0000 0.0000 0.0000 0.2941 0.0000 0.0000 0.0000 0.0000 0.0351 0.0000 0.0000
1.0000 0.0208 0.0000 0.0000 0.0000 0.6852 0.0000 0.0000 0.0000 0.0656 0.0000 0.0000 0.0000 0.0000 0.0000 0.0000
1.0000 0.6667 0.0000 0.5676 0.0000 0.0455 0.1667 0.0000 0.0000 0.0000 0.2692 0.0000 0.0435 0.0270 0.0000 0.0000
1.0000 0.3800 0.0000 0.0000 0.0000 0.1400 0.0000 0.0000 0.0000 0.0000 0.0000 0.0000 0.0000 0.0204 0.2143 0.0000
1.0000 0.0000 0.2154 0.0000 0.0000 0.0000 0.0000 0.0000 0.1471 0.0000 0.0000 0.0000 0.0189 0.0500 0.0000 0.0000
0.9811 0.3636 0.0000 0.1071 0.0408 0.4222 0.0435 0.0588 0.0000 0.0000 0.0000 0.0000 0.2174 0.1250 0.0000 0.0000
1.0000 0.4138 0.0000 0.0444 0.1702 0.0000 0.0000 0.0000 0.0000 0.0000 0.0000 0.0000 0.0500 0.0000 0.0000 0.0000
1.0000 0.0000 0.0000 0.0000 0.0000 0.0500 0.0000 0.0000 0.0000 0.0517 0.1273 0.0000 0.0392 0.0000 0.0000 0.0000
1.0000 0.2368 0.0000 0.0000 0.0000 0.3488 0.1296 0.2083 0.1316 0.0612 0.0000 0.0408 0.0000 0.0000 0.0000 0.0000
1.0000 0.0000 0.0000 0.0000 0.0000 0.0000 0.0000 0.0000 0.0167 0.0000 0.0200 0.0179 0.0000 0.0000 0.1429 0.0000
1.0000 0.8846 0.0000 0.0000 0.0000 0.0189 0.0000 0.0000 0.0000 0.0000 0.0000 0.0000 0.0000 0.0000 0.0000 0.0000
1.0000 0.4167 0.0204 0.1964 0.0000 0.5581 0.2766 0.0000 0.0000 0.0000 0.0000 0.0000 0.1282 0.0217 0.0000 0.0000
1.0000 0.7273 0.0000 0.0000 0.3922 0.0000 0.0000 0.0000 0.0000 0.0000 0.0000 0.0208 0.0000 0.0000 0.0000 0.0000
