0.4462 0.3348 0.0000 0.0000 0.0959 0.0000 0.0000 0.0000 0.0000 0.0000 0.1232 0.0000 0.0000 0.0000 0.0000
0.3187 0.0520 0.0000 0.3906 0.0000 0.0725 0.0883 0.0000 0.0000 0.0000 0.0000 0.0000 0.0779 0.0000 0.0000
0.1601 0.2491 0.0000 0.3199 0.0000 0.0677 0.0000 0.0000 0.0000 0.0578 0.0000 0.1454 0.0000 0.0000 0.0000
0.1807 0.1120 0.0000 0.1133 0.0000 0.1222 0.0000 0.0000 0.0000 0.1559 0.0000 0.3160 0.0000 0.0000 0.0000
0.3032 0.0788 0.0000 0.0000 0.3379 0.0000 0.0000 0.0000 0.0000 0.0000 0.2801 0.0000 0.0000 0.0000 0.0000
0.1775 0.1155 0.0000 0.0000 0.0000 0.7070 0.0000 0.0000 0.0000 0.0000 0.0000 0.0000 0.0000 0.0000 0.0000
0.1046 0.2015 0.0000 0.0000 0.1593 0.0000 0.0000 0.0000 0.0000 0.0000 0.4675 0.0000 0.0000 0.0670 0.0000
0.1450 0.3055 0.0000 0.0000 0.2558 0.0000 0.0000 0.0000 0.0000 0.0000 0.2937 0.0000 0.0000 0.0000 0.0000
0.2213 0.2985 0.0000 0.0000 0.0000 0.3016 0.0000 0.0000 0.0000 0.0000 0.0000 0.0000 0.0000 0.0000 0.1787
1.0000 0.0000 0.0000 0.0000 0.0000 0.0000 0.0000 0.0000 0.0000 0.0000 0.0000 0.0000 0.0000 0.0000 0.0000
0.2476 0.0718 0.0000 0.0685 0.0000 0.2338 0.3066 0.0000 0.0000 0.0000 0.0000 0.0000 0.0718 0.0000 0.0000
0.1208 0.1443 0.0000 0.0000 0.0000 0.2194 0.0000 0.5155 0.0000 0.0000 0.0000 0.0000 0.0000 0.0000 0.0000
0.1699 0.1902 0.0000 0.1359 0.0000 0.1323 0.2378 0.0000 0.0000 0.0000 0.0000 0.0000 0.1339 0.0000 0.0000
0.2934 0.1767 0.0000 0.1655 0.0000 0.0750 0.1178 0.0000 0.0000 0.0000 0.0000 0.0000 0.1716 0.0000 0.0000
1.0000 0.0000 0.0000 0.0000 0.0000 0.0000 0.0000 0.0000 0.0000 0.0000 0.0000 0.0000 0.0000 0.0000 0.0000
0.1814 0.3220 0.0000 0.0000 0.0000 0.3699 0.0000 0.1266 0.0000 0.0000 0.0000 0.0000 0.0000 0.0000 0.0000
0.3810 0.0000 0.1936 0.0000 0.0000 0.0000 0.0000 0.0000 0.4253 0.0000 0.0000 0.0000 0.0000 0.0000 0.0000
0.3148 0.6852 0.0000 0.0000 0.0000 0.0000 0.0000 0.0000 0.0000 0.0000 0.0000 0.0000 0.0000 0.0000 0.0000
0.0894 0.3328 0.0000 0.0848 0.0000 0.2533 0.0000 0.0000 0.0000 0.1285 0.0000 0.1113 0.0000 0.0000 0.0000
0.3672 0.5452 0.0000 0.0000 0.0876 0.0000 0.0000 0.0000 0.0000 0.0000 0.0000 0.0000 0.0000 0.0000 0.0000
0.0593 0.3322 0.0000 0.0667 0.0000 0.1952 0.3466 0.0000 0.0000 0.0000 0.0000 0.0000 0.0000 0.0000 0.0000
0.3014 0.0000 0.6986 0.0000 0.0000 0.0000 0.0000 0.0000 0.0000 0.0000 0.0000 0.0000 0.0000 0.0000 0.0000
0.2166 0.1020 0.0000 0.0000 0.6814 0.0000 0.0000 0.0000 0.0000 0.0000 0.0000 0.0000 0.0000 0.0000 0.0000
1.0000 0.0000 0.0000 0.0000 0.0000 0.0000 0.0000 0.0000 0.0000 0.0000 0.0000 0.0000 0.0000 0.0000 0.0000
0.0607 0.1790 0.0000 0.0522 0.0000 0.1165 0.2696 0.0000 0.0000 0.0000 0.0000 0.0000 0.3220 0.0000 0.0000
0.3583 0.6417 0.0000 0.0000 0.0000 0.0000 0.0000 0.0000 0.0000 0.0000 0.0000 0.0000 0.0000 0.0000 0.0000
0.4111 0.2083 0.0000 0.0000 0.0000 0.3806 0.0000 0.0000 0.0000 0.0000 0.0000 0.0000 0.0000 0.0000 0.0000
0.3969 0.6031 0.0000 0.0000 0.0000 0.0000 0.0000 0.0000 0.0000 0.0000 0.0000 0.0000 0.0000 0.0000 0.0000
0.2763 0.0000 0.7237 0.0000 0.0000 0.0000 0.0000 0.0000 0.0000 0.0000 0.0000 0.0000 0.0000 0.0000 0.0000
0.7287 0.2713 0.0000 0.0000 0.0000 0.0000 0.0000 0.0000 0.0000 0.0000 0.0000 0.0000 0.0000 0.0000 0.0000
0.4880 0.1927 0.0000 0.0000 0.1520 0.0000 0.0000 0.0000 0.0000 0.0000 0.1673 0.0000 0.0000 0.0000 0.0000
0.0873 0.1684 0.0000 0.0000 0.4347 0.0000 0.0000 0.0000 0.0000 0.0000 0.2018 0.0000 0.0000 0.1078 0.0000
1.0000 0.0000 0.0000 0.0000 0.0000 0.0000 0.0000 0.0000 0.0000 0.0000 0.0000 0.0000 0.0000 0.0000 0.0000
0.0762 0.2034 0.0000 0.0000 0.0643 0.0000 0.0000 0.0000 0.0000 0.0000 0.4174 0.0000 0.0000 0.2388 0.0000
0.1455 0.2297 0.0000 0.0000 0.6248 0.0000 0.0000 0.0000 0.0000 0.0000 0.0000 0.0000 0.0000 0.0000 0.0000
1.0000 0.0000 0.0000 0.0000 0.0000 0.0000 0.0000 0.0000 0.0000 0.0000 0.0000 0.0000 0.0000 0.0000 0.0000
0.3798 0.1577 0.0000 0.0000 0.0897 0.0000 0.0000 0.0000 0.0000 0.0000 0.2630 0.0000 0.0000 0.1098 0.0000
0.1083 0.1078 0.0000 0.0000 0.0000 0.3487 0.0000 0.4352 0.0000 0.0000 0.0000 0.0000 0.0000 0.0000 0.0000
0.8823 0.0000 0.1177 0.0000 0.0000 0.0000 0.0000 0.0000 0.0000 0.0000 0.0000 0.0000 0.0000 0.0000 0.0000
1.0000 0.0000 0.0000 0.0000 0.0000 0.0000 0.0000 0.0000 0.0000 0.0000 0.0000 0.0000 0.0000 0.0000 0.0000
0.1114 0.4902 0.0000 0.0000 0.0000 0.2458 0.0000 0.1526 0.0000 0.0000 0.0000 0.0000 0.0000 0.0000 0.0000
0.1128 0.5465 0.0000 0.0000 0.0000 0.0665 0.0000 0.2743 0.0000 0.0000 0.0000 0.0000 0.0000 0.0000 0.0000
0.4563 0.0000 0.1453 0.0000 0.0000 0.0000 0.0000 0.0000 0.3984 0.0000 0.0000 0.0000 0.0000 0.0000 0.0000
0.4072 0.2021 0.0000 0.0000 0.1666 0.0000 0.0000 0.0000 0.0000 0.0000 0.0733 0.0000 0.0000 0.1508 0.0000
0.1060 0.2550 0.0000 0.0000 0.3939 0.0000 0.0000 0.0000 0.0000 0.0000 0.2451 0.0000 0.0000 0.0000 0.0000
0.4062 0.2593 0.0000 0.0000 0.3345 0.0000 0.0000 0.0000 0.0000 0.0000 0.0000 0.0000 0.0000 0.0000 0.0000
0.1321 0.1397 0.0000 0.1876 0.0000 0.2061 0.2247 0.0000 0.0000 0.0000 0.0000 0.0000 0.1099 0.0000 0.0000
0.6426 0.0000 0.3574 0.0000 0.0000 0.0000 0.0000 0.0000 0.0000 0.0000 0.0000 0.0000 0.0000 0.0000 0.0000
0.0501 0.0737 0.0000 0.1001 0.0000 0.0894 0.0000 0.0000 0.0000 0.5742 0.0000 0.1124 0.0000 0.0000 0.0000
0.1691 0.1695 0.0000 0.3507 0.0000 0.0547 0.1954 0.0000 0.0000 0.0000 0.0000 0.0000 0.0607 0.0000 0.0000
0.0512 0.3424 0.0000 0.0000 0.2201 0.0000 0.0000 0.0000 0.0000 0.0000 0.3862 0.0000 0.0000 0.0000 0.0000
0.1468 0.1604 0.0000 0.0721 0.0000 0.4020 0.0000 0.0000 0.0000 0.1176 0.0000 0.1012 0.0000 0.0000 0.0000
0.0645 0.0000 0.7938 0.0000 0.0000 0.0000 0.0000 0.0000 0.1417 0.0000 0.0000 0.0000 0.0000 0.0000 0.0000
0.1841 0.3910 0.0000 0.0000 0.0000 0.1377 0.0000 0.2872 0.0000 0.0000 0.0000 0.0000 0.0000 0.0000 0.0000
0.0581 0.1435 0.0000 0.4028 0.0000 0.0549 0.0000 0.0000 0.0000 0.1646 0.0000 0.1761 0.0000 0.0000 0.0000
0.1265 0.2257 0.0000 0.0799 0.0000 0.4939 0.0000 0.0000 0.0000 0.0740 0.0000 0.0000 0.0000 0.0000 0.0000
0.0912 0.1627 0.0000 0.0557 0.0000 0.3463 0.1918 0.0000 0.0000 0.0000 0.0000 0.0000 0.1523 0.0000 0.0000
0.1048 0.2021 0.0000 0.1791 0.0000 0.1700 0.1348 0.0000 0.0000 0.0000 0.0000 0.0000 0.2092 0.0000 0.0000
0.0718 0.4273 0.0000 0.0605 0.0000 0.1837 0.0000 0.0000 0.0000 0.2023 0.0000 0.0545 0.0000 0.0000 0.0000
0.1160 0.2302 0.0000 0.3101 0.0000 0.0612 0.1947 0.0000 0.0000 0.0000 0.0000 0.0000 0.0877 0.0000 0.0000
1.0000 0.0000 0.0000 0.0000 0.0000 0.0000 0.0000 0.0000 0.0000 0.0000 0.0000 0.0000 0.0000 0.0000 0.0000
0.0753 0.0965 0.0000 0.0636 0.0000 0.1318 0.4716 0.0000 0.0000 0.0000 0.0000 0.0000 0.1612 0.0000 0.0000
0.5411 0.0000 0.4589 0.0000 0.0000 0.0000 0.0000 0.0000 0.0000 0.0000 0.0000 0.0000 0.0000 0.0000 0.0000
0.1329 0.0501 0.0000 0.0000 0.0000 0.2261 0.0000 0.0000 0.0000 0.0000 0.0000 0.0000 0.0000 0.0000 0.5909
0.2468 0.4378 0.0000 0.0000 0.0000 0.1507 0.0000 0.0000 0.0000 0.0000 0.0000 0.0000 0.0000 0.0000 0.1647
0.2338 0.0000 0.1809 0.0000 0.0000 0.0000 0.0000 0.0000 0.5852 0.0000 0.0000 0.0000 0.0000 0.0000 0.0000
0.5848 0.0923 0.0000 0.0000 0.0000 0.3229 0.0000 0.0000 0.0000 0.0000 0.0000 0.0000 0.0000 0.0000 0.0000
0.2334 0.2733 0.0000 0.0000 0.0000 0.4933 0.0000 0.0000 0.0000 0.0000 0.0000 0.0000 0.0000 0.0000 0.0000
0.2105 0.0797 0.0000 0.0000 0.0000 0.1625 0.0000 0.0000 0.0000 0.0000 0.0000 0.0000 0.0000 0.0000 0.5472
0.0537 0.4193 0.0000 0.0000 0.0000 0.0836 0.0000 0.4435 0.0000 0.0000 0.0000 0.0000 0.0000 0.0000 0.0000
0.8473 0.0000 0.1527 0.0000 0.0000 0.0000 0.0000 0.0000 0.0000 0.0000 0.0000 0.0000 0.0000 0.0000 0.0000
1.0000 0.0000 0.0000 0.0000 0.0000 0.0000 0.0000 0.0000 0.0000 0.0000 0.0000 0.0000 0.0000 0.0000 0.0000
0.2693 0.2918 0.0000 0.2208 0.0000 0.1426 0.0755 0.0000 0.0000 0.0000 0.0000 0.0000 0.0000 0.0000 0.0000
1.0000 0.0000 0.0000 0.0000 0.0000 0.0000 0.0000 0.0000 0.0000 0.0000 0.0000 0.0000 0.0000 0.0000 0.0000
0.5630 0.1908 0.0000 0.0000 0.0000 0.2462 0.0000 0.0000 0.0000 0.0000 0.0000 0.0000 0.0000 0.0000 0.0000
0.3258 0.1573 0.0000 0.3150 0.0000 0.2020 0.0000 0.0000 0.0000 0.0000 0.0000 0.0000 0.0000 0.0000 0.0000
0.0973 0.5595 0.0000 0.0000 0.0000 0.2724 0.0000 0.0000 0.0000 0.0000 0.0000 0.0000 0.0000 0.0000 0.0707
0.1587 0.2846 0.0000 0.3155 0.0000 0.2412 0.0000 0.0000 0.0000 0.0000 0.0000 0.0000 0.0000 0.0000 0.0000
0.1143 0.5745 0.0000 0.0000 0.0000 0.3112 0.0000 0.0000 0.0000 0.0000 0.0000 0.0000 0.0000 0.0000 0.0000
0.0931 0.0564 0.0000 0.2530 0.0000 0.1261 0.0000 0.0000 0.0000 0.2243 0.0000 0.2471 0.0000 0.0000 0.0000
0.3401 0.2077 0.0000 0.2109 0.0000 0.1066 0.1347 0.0000 0.0000 0.0000 0.0000 0.0000 0.0000 0.0000 0.0000
1.0000 0.0000 0.0000 0.0000 0.0000 0.0000 0.0000 0.0000 0.0000 0.0000 0.0000 0.0000 0.0000 0.0000 0.0000
0.3400 0.0547 0.0000 0.0000 0.3302 0.0000 0.0000 0.0000 0.0000 0.0000 0.2751 0.0000 0.0000 0.0000 0.0000
0.1061 0.5300 0.0000 0.0000 0.0000 0.1125 0.0000 0.0000 0.0000 0.0000 0.0000 0.0000 0.0000 0.0000 0.2514
0.0538 0.0000 0.1951 0.0000 0.0000 0.0000 0.0000 0.0000 0.7511 0.0000 0.0000 0.0000 0.0000 0.0000 0.0000
0.8451 0.1549 0.0000 0.0000 0.0000 0.0000 0.0000 0.0000 0.0000 0.0000 0.0000 0.0000 0.0000 0.0000 0.0000
0.0860 0.3812 0.0000 0.0000 0.0000 0.5328 0.0000 0.0000 0.0000 0.0000 0.0000 0.0000 0.0000 0.0000 0.0000
1.0000 0.0000 0.0000 0.0000 0.0000 0.0000 0.0000 0.0000 0.0000 0.0000 0.0000 0.0000 0.0000 0.0000 0.0000
0.2289 0.3350 0.0000 0.0568 0.0000 0.3793 0.0000 0.0000 0.0000 0.0000 0.0000 0.0000 0.0000 0.0000 0.0000
0.2230 0.0712 0.0000 0.0000 0.0000 0.3985 0.0000 0.0000 0.0000 0.0000 0.0000 0.0000 0.0000 0.0000 0.3073
0.1018 0.1033 0.0000 0.1256 0.0000 0.3181 0.0000 0.0000 0.0000 0.3512 0.0000 0.0000 0.0000 0.0000 0.0000
1.0000 0.0000 0.0000 0.0000 0.0000 0.0000 0.0000 0.0000 0.0000 0.0000 0.0000 0.0000 0.0000 0.0000 0.0000
0.1721 0.3535 0.0000 0.0000 0.4744 0.0000 0.0000 0.0000 0.0000 0.0000 0.0000 0.0000 0.0000 0.0000 0.0000
0.1451 0.4349 0.0000 0.0000 0.0000 0.4200 0.0000 0.0000 0.0000 0.0000 0.0000 0.0000 0.0000 0.0000 0.0000
0.2856 0.0852 0.0000 0.2600 0.0000 0.1236 0.2456 0.0000 0.0000 0.0000 0.0000 0.0000 0.0000 0.0000 0.0000
0.3865 0.0000 0.4915 0.0000 0.0000 0.0000 0.0000 0.0000 0.1220 0.0000 0.0000 0.0000 0.0000 0.0000 0.0000
1.0000 0.0000 0.0000 0.0000 0.0000 0.0000 0.0000 0.0000 0.0000 0.0000 0.0000 0.0000 0.0000 0.0000 0.0000
0.3934 0.1748 0.0000 0.0000 0.0000 0.2583 0.0000 0.0000 0.0000 0.0000 0.0000 0.0000 0.0000 0.0000 0.1734
0.2790 0.0000 0.2866 0.0000 0.0000 0.0000 0.0000 0.0000 0.4344 0.0000 0.0000 0.0000 0.0000 0.0000 0.0000
0.6554 0.2583 0.0000 0.0000 0.0864 0.0000 0.0000 0.0000 0.0000 0.0000 0.0000 0.0000 0.0000 0.0000 0.0000
0.0813 0.1005 0.0000 0.0000 0.5438 0.0000 0.0000 0.0000 0.0000 0.0000 0.1310 0.0000 0.0000 0.1433 0.0000
0.2639 0.5926 0.0000 0.0000 0.0000 0.1435 0.0000 0.0000 0.0000 0.0000 0.0000 0.0000 0.0000 0.0000 0.0000
0.3279 0.3354 0.0000 0.0000 0.0691 0.0000 0.0000 0.0000 0.0000 0.0000 0.1303 0.0000 0.0000 0.1372 0.0000
0.3880 0.6120 0.0000 0.0000 0.0000 0.0000 0.0000 0.0000 0.0000 0.0000 0.0000 0.0000 0.0000 0.0000 0.0000
0.1275 0.5678 0.0000 0.0000 0.3046 0.0000 0.0000 0.0000 0.0000 0.0000 0.0000 0.0000 0.0000 0.0000 0.0000
0.6686 0.1774 0.0000 0.0000 0.1540 0.0000 0.0000 0.0000 0.0000 0.0000 0.0000 0.0000 0.0000 0.0000 0.0000
0.6075 0.0000 0.3925 0.0000 0.0000 0.0000 0.0000 0.0000 0.0000 0.0000 0.0000 0.0000 0.0000 0.0000 0.0000
0.2569 0.0508 0.0000 0.0000 0.0000 0.5791 0.0000 0.0000 0.0000 0.0000 0.0000 0.0000 0.0000 0.0000 0.1131
0.1639 0.0584 0.0000 0.0000 0.2738 0.0000 0.0000 0.0000 0.0000 0.0000 0.0765 0.0000 0.0000 0.4275 0.0000
1.0000 0.0000 0.0000 0.0000 0.0000 0.0000 0.0000 0.0000 0.0000 0.0000 0.0000 0.0000 0.0000 0.0000 0.0000
0.3381 0.1523 0.0000 0.1524 0.0000 0.2496 0.0000 0.0000 0.0000 0.0509 0.0000 0.0567 0.0000 0.0000 0.0000
0.1989 0.2159 0.0000 0.0000 0.2178 0.0000 0.0000 0.0000 0.0000 0.0000 0.0779 0.0000 0.0000 0.2896 0.0000
0.0907 0.0694 0.0000 0.1152 0.0000 0.0989 0.0690 0.0000 0.0000 0.0000 0.0000 0.0000 0.5568 0.0000 0.0000
1.0000 0.0000 0.0000 0.0000 0.0000 0.0000 0.0000 0.0000 0.0000 0.0000 0.0000 0.0000 0.0000 0.0000 0.0000
0.2685 0.1720 0.0000 0.0903 0.0000 0.0639 0.3411 0.0000 0.0000 0.0000 0.0000 0.0000 0.0641 0.0000 0.0000
0.1129 0.5147 0.0000 0.0000 0.0000 0.3724 0.0000 0.0000 0.0000 0.0000 0.0000 0.0000 0.0000 0.0000 0.0000
0.0547 0.1947 0.0000 0.0000 0.6891 0.0000 0.0000 0.0000 0.0000 0.0000 0.0615 0.0000 0.0000 0.0000 0.0000
0.3501 0.1730 0.0000 0.0000 0.0000 0.2212 0.0000 0.2557 0.0000 0.0000 0.0000 0.0000 0.0000 0.0000 0.0000
0.0785 0.1820 0.0000 0.1058 0.0000 0.0685 0.0000 0.0000 0.0000 0.5652 0.0000 0.0000 0.0000 0.0000 0.0000
0.1935 0.3149 0.0000 0.0000 0.3468 0.0000 0.0000 0.0000 0.0000 0.0000 0.1448 0.0000 0.0000 0.0000 0.0000
1.0000 0.0000 0.0000 0.0000 0.0000 0.0000 0.0000 0.0000 0.0000 0.0000 0.0000 0.0000 0.0000 0.0000 0.0000
0.2434 0.2089 0.0000 0.4802 0.0000 0.0675 0.0000 0.0000 0.0000 0.0000 0.0000 0.0000 0.0000 0.0000 0.0000
0.6000 0.0000 0.1792 0.0000 0.0000 0.0000 0.0000 0.0000 0.2208 0.0000 0.0000 0.0000 0.0000 0.0000 0.0000
0.1023 0.0965 0.0000 0.2169 0.0000 0.2499 0.2228 0.0000 0.0000 0.0000 0.0000 0.0000 0.1116 0.0000 0.0000
0.2356 0.0000 0.5608 0.0000 0.0000 0.0000 0.0000 0.0000 0.2035 0.0000 0.0000 0.0000 0.0000 0.0000 0.0000
1.0000 0.0000 0.0000 0.0000 0.0000 0.0000 0.0000 0.0000 0.0000 0.0000 0.0000 0.0000 0.0000 0.0000 0.0000
0.0754 0.3474 0.0000 0.0000 0.0000 0.4841 0.0000 0.0932 0.0000 0.0000 0.0000 0.0000 0.0000 0.0000 0.0000
0.1929 0.4624 0.0000 0.0585 0.0000 0.1289 0.0000 0.0000 0.0000 0.1573 0.0000 0.0000 0.0000 0.0000 0.0000
0.0740 0.5715 0.0000 0.0606 0.0000 0.2939 0.0000 0.0000 0.0000 0.0000 0.0000 0.0000 0.0000 0.0000 0.0000
0.5740 0.0886 0.0000 0.0000 0.3373 0.0000 0.0000 0.0000 0.0000 0.0000 0.0000 0.0000 0.0000 0.0000 0.0000
0.1084 0.1166 0.0000 0.2427 0.0000 0.0947 0.3866 0.0000 0.0000 0.0000 0.0000 0.0000 0.0510 0.0000 0.0000
1.0000 0.0000 0.0000 0.0000 0.0000 0.0000 0.0000 0.0000 0.0000 0.0000 0.0000 0.0000 0.0000 0.0000 0.0000
0.0661 0.5531 0.0000 0.0527 0.0000 0.0537 0.2743 0.0000 0.0000 0.0000 0.0000 0.0000 0.0000 0.0000 0.0000
0.3128 0.2254 0.0000 0.0954 0.0000 0.1687 0.0572 0.0000 0.0000 0.0000 0.0000 0.0000 0.1404 0.0000 0.0000
0.4926 0.1265 0.0000 0.0000 0.2852 0.0000 0.0000 0.0000 0.0000 0.0000 0.0957 0.0000 0.0000 0.0000 0.0000
0.5296 0.1442 0.0000 0.0000 0.1440 0.0000 0.0000 0.0000 0.0000 0.0000 0.1822 0.0000 0.0000 0.0000 0.0000
0.1779 0.1857 0.0000 0.4462 0.0000 0.0789 0.0000 0.0000 0.0000 0.0553 0.0000 0.0560 0.0000 0.0000 0.0000
0.1234 0.3309 0.0000 0.1864 0.0000 0.0699 0.0000 0.0000 0.0000 0.2894 0.0000 0.0000 0.0000 0.0000 0.0000
0.6033 0.3967 0.0000 0.0000 0.0000 0.0000 0.0000 0.0000 0.0000 0.0000 0.0000 0.0000 0.0000 0.0000 0.0000
0.0611 0.5238 0.0000 0.0778 0.0000 0.0717 0.0000 0.0000 0.0000 0.1365 0.0000 0.1291 0.0000 0.0000 0.0000
0.0991 0.2356 0.0000 0.0000 0.6654 0.0000 0.0000 0.0000 0.0000 0.0000 0.0000 0.0000 0.0000 0.0000 0.0000
0.8228 0.1772 0.0000 0.0000 0.0000 0.0000 0.0000 0.0000 0.0000 0.0000 0.0000 0.0000 0.0000 0.0000 0.0000
0.1550 0.2431 0.0000 0.3010 0.0000 0.3008 0.0000 0.0000 0.0000 0.0000 0.0000 0.0000 0.0000 0.0000 0.0000
0.4126 0.1737 0.0000 0.0516 0.0000 0.1996 0.0000 0.0000 0.0000 0.1625 0.0000 0.0000 0.0000 0.0000 0.0000
0.0883 0.0861 0.0000 0.0000 0.2367 0.0000 0.0000 0.0000 0.0000 0.0000 0.1968 0.0000 0.0000 0.3921 0.0000
0.2033 0.2273 0.0000 0.2762 0.0000 0.2336 0.0597 0.0000 0.0000 0.0000 0.0000 0.0000 0.0000 0.0000 0.0000
0.0591 0.3363 0.0000 0.0000 0.2744 0.0000 0.0000 0.0000 0.0000 0.0000 0.3302 0.0000 0.0000 0.0000 0.0000
0.3963 0.3777 0.0000 0.0000 0.0000 0.0997 0.0000 0.1263 0.0000 0.0000 0.0000 0.0000 0.0000 0.0000 0.0000
0.0646 0.2876 0.0000 0.2481 0.0000 0.2343 0.0000 0.0000 0.0000 0.1654 0.0000 0.0000 0.0000 0.0000 0.0000
0.4886 0.5114 0.0000 0.0000 0.0000 0.0000 0.0000 0.0000 0.0000 0.0000 0.0000 0.0000 0.0000 0.0000 0.0000
0.8240 0.0000 0.1760 0.0000 0.0000 0.0000 0.0000 0.0000 0.0000 0.0000 0.0000 0.0000 0.0000 0.0000 0.0000
0.0684 0.0791 0.0000 0.2342 0.0000 0.2541 0.0000 0.0000 0.0000 0.3643 0.0000 0.0000 0.0000 0.0000 0.0000
0.3894 0.2369 0.0000 0.0000 0.0913 0.0000 0.0000 0.0000 0.0000 0.0000 0.1437 0.0000 0.0000 0.1387 0.0000
0.1132 0.1967 0.0000 0.0000 0.0000 0.6901 0.0000 0.0000 0.0000 0.0000 0.0000 0.0000 0.0000 0.0000 0.0000
0.2526 0.0761 0.0000 0.0000 0.0000 0.3702 0.0000 0.0000 0.0000 0.0000 0.0000 0.0000 0.0000 0.0000 0.3011
0.4582 0.2047 0.0000 0.0000 0.1881 0.0000 0.0000 0.0000 0.0000 0.0000 0.0723 0.0000 0.0000 0.0767 0.0000
0.2504 0.3132 0.0000 0.0824 0.0000 0.1971 0.1568 0.0000 0.0000 0.0000 0.0000 0.0000 0.0000 0.0000 0.0000
0.2595 0.4330 0.0000 0.0000 0.0765 0.0000 0.0000 0.0000 0.0000 0.0000 0.0727 0.0000 0.0000 0.1583 0.0000
0.5573 0.0000 0.0500 0.0000 0.0000 0.0000 0.0000 0.0000 0.3927 0.0000 0.0000 0.0000 0.0000 0.0000 0.0000
0.1735 0.2205 0.0000 0.0000 0.4065 0.0000 0.0000 0.0000 0.0000 0.0000 0.1995 0.0000 0.0000 0.0000 0.0000
0.1129 0.1780 0.0000 0.2570 0.0000 0.0575 0.0000 0.0000 0.0000 0.3945 0.0000 0.0000 0.0000 0.0000 0.0000
0.6033 0.3308 0.0000 0.0000 0.0659 0.0000 0.0000 0.0000 0.0000 0.0000 0.0000 0.0000 0.0000 0.0000 0.0000
0.4411 0.2386 0.0000 0.1420 0.0000 0.0512 0.1270 0.0000 0.0000 0.0000 0.0000 0.0000 0.0000 0.0000 0.0000
0.3148 0.1503 0.0000 0.0652 0.0000 0.0814 0.0000 0.0000 0.0000 0.0778 0.0000 0.3106 0.0000 0.0000 0.0000
0.1190 0.1055 0.0000 0.1900 0.0000 0.3390 0.0000 0.0000 0.0000 0.2465 0.0000 0.0000 0.0000 0.0000 0.0000
0.4466 0.1309 0.0000 0.1519 0.0000 0.1034 0.1671 0.0000 0.0000 0.0000 0.0000 0.0000 0.0000 0.0000 0.0000
0.0980 0.1235 0.0000 0.3024 0.0000 0.1118 0.0000 0.0000 0.0000 0.2399 0.0000 0.1244 0.0000 0.0000 0.0000
0.3418 0.3419 0.0000 0.0000 0.2355 0.0000 0.0000 0.0000 0.0000 0.0000 0.0808 0.0000 0.0000 0.0000 0.0000
0.1833 0.1307 0.0000 0.0000 0.2589 0.0000 0.0000 0.0000 0.0000 0.0000 0.3260 0.0000 0.0000 0.1011 0.0000
0.3513 0.0000 0.1379 0.0000 0.0000 0.0000 0.0000 0.0000 0.5108 0.0000 0.0000 0.0000 0.0000 0.0000 0.0000
0.5114 0.0000 0.1763 0.0000 0.0000 0.0000 0.0000 0.0000 0.3123 0.0000 0.0000 0.0000 0.0000 0.0000 0.0000
0.2222 0.2280 0.0000 0.0000 0.0000 0.4101 0.0000 0.1398 0.0000 0.0000 0.0000 0.0000 0.0000 0.0000 0.0000
0.6954 0.1534 0.0000 0.0000 0.0000 0.1512 0.0000 0.0000 0.0000 0.0000 0.0000 0.0000 0.0000 0.0000 0.0000
0.2782 0.7218 0.0000 0.0000 0.0000 0.0000 0.0000 0.0000 0.0000 0.0000 0.0000 0.0000 0.0000 0.0000 0.0000
0.3215 0.3283 0.0000 0.0000 0.0000 0.3501 0.0000 0.0000 0.0000 0.0000 0.0000 0.0000 0.0000 0.0000 0.0000
0.4054 0.1581 0.0000 0.0572 0.0000 0.2176 0.0923 0.0000 0.0000 0.0000 0.0000 0.0000 0.0694 0.0000 0.0000
0.1167 0.0649 0.0000 0.2231 0.0000 0.1661 0.2890 0.0000 0.0000 0.0000 0.0000 0.0000 0.1402 0.0000 0.0000
0.4461 0.0918 0.0000 0.1197 0.0000 0.1572 0.1853 0.0000 0.0000 0.0000 0.0000 0.0000 0.0000 0.0000 0.0000
0.1855 0.1317 0.0000 0.0000 0.1774 0.0000 0.0000 0.0000 0.0000 0.0000 0.5054 0.0000 0.0000 0.0000 0.0000
0.2788 0.3064 0.0000 0.0000 0.2282 0.0000 0.0000 0.0000 0.0000 0.0000 0.1865 0.0000 0.0000 0.0000 0.0000
0.1885 0.3212 0.0000 0.0000 0.0000 0.3998 0.0000 0.0904 0.0000 0.0000 0.0000 0.0000 0.0000 0.0000 0.0000
0.4163 0.0000 0.5043 0.0000 0.0000 0.0000 0.0000 0.0000 0.0794 0.0000 0.0000 0.0000 0.0000 0.0000 0.0000
0.1747 0.2170 0.0000 0.0000 0.0000 0.6083 0.0000 0.0000 0.0000 0.0000 0.0000 0.0000 0.0000 0.0000 0.0000
0.1998 0.0806 0.0000 0.0000 0.0000 0.1314 0.0000 0.0000 0.0000 0.0000 0.0000 0.0000 0.0000 0.0000 0.5883
0.2984 0.0513 0.0000 0.2814 0.0000 0.3688 0.0000 0.0000 0.0000 0.0000 0.0000 0.0000 0.0000 0.0000 0.0000
0.1195 0.2266 0.0000 0.2570 0.0000 0.1378 0.0000 0.0000 0.0000 0.0872 0.0000 0.1719 0.0000 0.0000 0.0000
0.5456 0.1069 0.0000 0.0000 0.0000 0.2907 0.0000 0.0000 0.0000 0.0000 0.0000 0.0000 0.0000 0.0000 0.0568
1.0000 0.0000 0.0000 0.0000 0.0000 0.0000 0.0000 0.0000 0.0000 0.0000 0.0000 0.0000 0.0000 0.0000 0.0000
0.5624 0.2060 0.0000 0.0000 0.1345 0.0000 0.0000 0.0000 0.0000 0.0000 0.0971 0.0000 0.0000 0.0000 0.0000
0.0783 0.1272 0.0000 0.0578 0.0000 0.4113 0.1964 0.0000 0.0000 0.0000 0.0000 0.0000 0.1291 0.0000 0.0000
0.7415 0.0000 0.2585 0.0000 0.0000 0.0000 0.0000 0.0000 0.0000 0.0000 0.0000 0.0000 0.0000 0.0000 0.0000
0.0937 0.0592 0.0000 0.0000 0.0000 0.8471 0.0000 0.0000 0.0000 0.0000 0.0000 0.0000 0.0000 0.0000 0.0000
0.1020 0.0000 0.4957 0.0000 0.0000 0.0000 0.0000 0.0000 0.4023 0.0000 0.0000 0.0000 0.0000 0.0000 0.0000
0.1614 0.3577 0.0000 0.0863 0.0000 0.2117 0.0955 0.0000 0.0000 0.0000 0.0000 0.0000 0.0873 0.0000 0.0000
0.0690 0.0000 0.6772 0.0000 0.0000 0.0000 0.0000 0.0000 0.2538 0.0000 0.0000 0.0000 0.0000 0.0000 0.0000
0.2490 0.0745 0.0000 0.1909 0.0000 0.3085 0.0000 0.0000 0.0000 0.0681 0.0000 0.1090 0.0000 0.0000 0.0000
0.1724 0.7269 0.0000 0.0000 0.1007 0.0000 0.0000 0.0000 0.0000 0.0000 0.0000 0.0000 0.0000 0.0000 0.0000
0.2395 0.2397 0.0000 0.0000 0.5208 0.0000 0.0000 0.0000 0.0000 0.0000 0.0000 0.0000 0.0000 0.0000 0.0000
0.0698 0.3662 0.0000 0.0831 0.0000 0.2992 0.1208 0.0000 0.0000 0.0000 0.0000 0.0000 0.0608 0.0000 0.0000
0.3341 0.2769 0.0000 0.0852 0.0000 0.3038 0.0000 0.0000 0.0000 0.0000 0.0000 0.0000 0.0000 0.0000 0.0000
0.1545 0.8455 0.0000 0.0000 0.0000 0.0000 0.0000 0.0000 0.0000 0.0000 0.0000 0.0000 0.0000 0.0000 0.0000
0.2201 0.7799 0.0000 0.0000 0.0000 0.0000 0.0000 0.0000 0.0000 0.0000 0.0000 0.0000 0.0000 0.0000 0.0000
0.3198 0.0760 0.0000 0.0000 0.4989 0.0000 0.0000 0.0000 0.0000 0.0000 0.1053 0.0000 0.0000 0.0000 0.0000
0.1727 0.0649 0.0000 0.1410 0.0000 0.3499 0.2715 0.0000 0.0000 0.0000 0.0000 0.0000 0.0000 0.0000 0.0000
0.2399 0.1848 0.0000 0.0000 0.0000 0.3929 0.0000 0.0000 0.0000 0.0000 0.0000 0.0000 0.0000 0.0000 0.1823
0.0665 0.2802 0.0000 0.0000 0.4887 0.0000 0.0000 0.0000 0.0000 0.0000 0.1023 0.0000 0.0000 0.0623 0.0000
0.2944 0.0000 0.0791 0.0000 0.0000 0.0000 0.0000 0.0000 0.6265 0.0000 0.0000 0.0000 0.0000 0.0000 0.0000
0.4381 0.0000 0.1600 0.0000 0.0000 0.0000 0.0000 0.0000 0.4018 0.0000 0.0000 0.0000 0.0000 0.0000 0.0000
0.2091 0.1600 0.0000 0.1500 0.0000 0.1370 0.3439 0.0000 0.0000 0.0000 0.0000 0.0000 0.0000 0.0000 0.0000
0.2481 0.4447 0.0000 0.0622 0.0000 0.0548 0.0514 0.0000 0.0000 0.0000 0.0000 0.0000 0.1387 0.0000 0.0000
1.0000 0.0000 0.0000 0.0000 0.0000 0.0000 0.0000 0.0000 0.0000 0.0000 0.0000 0.0000 0.0000 0.0000 0.0000
0.2285 0.4876 0.0000 0.0000 0.0000 0.2840 0.0000 0.0000 0.0000 0.0000 0.0000 0.0000 0.0000 0.0000 0.0000
0.5936 0.0685 0.0000 0.0547 0.0000 0.2832 0.0000 0.0000 0.0000 0.0000 0.0000 0.0000 0.0000 0.0000 0.0000
0.2232 0.0561 0.0000 0.3155 0.0000 0.2164 0.0000 0.0000 0.0000 0.1888 0.0000 0.0000 0.0000 0.0000 0.0000
0.0805 0.3341 0.0000 0.2348 0.0000 0.1893 0.1613 0.0000 0.0000 0.0000 0.0000 0.0000 0.0000 0.0000 0.0000
0.0900 0.0782 0.0000 0.3347 0.0000 0.4338 0.0633 0.0000 0.0000 0.0000 0.0000 0.0000 0.0000 0.0000 0.0000
0.2085 0.2138 0.0000 0.2380 0.0000 0.2263 0.1134 0.0000 0.0000 0.0000 0.0000 0.0000 0.0000 0.0000 0.0000
0.2016 0.3430 0.0000 0.2128 0.0000 0.2427 0.0000 0.0000 0.0000 0.0000 0.0000 0.0000 0.0000 0.0000 0.0000
0.3543 0.1063 0.0000 0.2947 0.0000 0.2447 0.0000 0.0000 0.0000 0.0000 0.0000 0.0000 0.0000 0.0000 0.0000
0.6724 0.0000 0.3276 0.0000 0.0000 0.0000 0.0000 0.0000 0.0000 0.0000 0.0000 0.0000 0.0000 0.0000 0.0000
0.0829 0.0692 0.0000 0.0000 0.5243 0.0000 0.0000 0.0000 0.0000 0.0000 0.1279 0.0000 0.0000 0.1957 0.0000
1.0000 0.0000 0.0000 0.0000 0.0000 0.0000 0.0000 0.0000 0.0000 0.0000 0.0000 0.0000 0.0000 0.0000 0.0000
0.4529 0.0613 0.0000 0.0000 0.0000 0.0735 0.0000 0.0000 0.0000 0.0000 0.0000 0.0000 0.0000 0.0000 0.4122
0.6456 0.0000 0.2755 0.0000 0.0000 0.0000 0.0000 0.0000 0.0789 0.0000 0.0000 0.0000 0.0000 0.0000 0.0000
0.1176 0.1555 0.0000 0.1489 0.0000 0.2230 0.3549 0.0000 0.0000 0.0000 0.0000 0.0000 0.0000 0.0000 0.0000
0.3557 0.0646 0.0000 0.0000 0.1169 0.0000 0.0000 0.0000 0.0000 0.0000 0.1895 0.0000 0.0000 0.2733 0.0000
0.4572 0.1718 0.0000 0.0000 0.0000 0.3709 0.0000 0.0000 0.0000 0.0000 0.0000 0.0000 0.0000 0.0000 0.0000
0.3569 0.2672 0.0000 0.2589 0.0000 0.1170 0.0000 0.0000 0.0000 0.0000 0.0000 0.0000 0.0000 0.0000 0.0000
0.0680 0.1187 0.0000 0.0000 0.3909 0.0000 0.0000 0.0000 0.0000 0.0000 0.4224 0.0000 0.0000 0.0000 0.0000
0.2990 0.1521 0.0000 0.0854 0.0000 0.2977 0.1658 0.0000 0.0000 0.0000 0.0000 0.0000 0.0000 0.0000 0.0000
0.2465 0.4193 0.0000 0.0000 0.0000 0.3343 0.0000 0.0000 0.0000 0.0000 0.0000 0.0000 0.0000 0.0000 0.0000
0.7073 0.1165 0.0000 0.0000 0.1762 0.0000 0.0000 0.0000 0.0000 0.0000 0.0000 0.0000 0.0000 0.0000 0.0000
0.1285 0.1000 0.0000 0.5374 0.0000 0.0650 0.0000 0.0000 0.0000 0.1691 0.0000 0.0000 0.0000 0.0000 0.0000
0.2426 0.0000 0.4572 0.0000 0.0000 0.0000 0.0000 0.0000 0.3003 0.0000 0.0000 0.0000 0.0000 0.0000 0.0000
0.8000 0.2000 0.0000 0.0000 0.0000 0.0000 0.0000 0.0000 0.0000 0.0000 0.0000 0.0000 0.0000 0.0000 0.0000
0.2180 0.0000 0.7820 0.0000 0.0000 0.0000 0.0000 0.0000 0.0000 0.0000 0.0000 0.0000 0.0000 0.0000 0.0000
0.5309 0.1877 0.0000 0.0000 0.2178 0.0000 0.0000 0.0000 0.0000 0.0000 0.0636 0.0000 0.0000 0.0000 0.0000
0.6754 0.3246 0.0000 0.0000 0.0000 0.0000 0.0000 0.0000 0.0000 0.0000 0.0000 0.0000 0.0000 0.0000 0.0000
0.4071 0.5414 0.0000 0.0000 0.0000 0.0515 0.0000 0.0000 0.0000 0.0000 0.0000 0.0000 0.0000 0.0000 0.0000
0.2234 0.4987 0.0000 0.0000 0.0000 0.2779 0.0000 0.0000 0.0000 0.0000 0.0000 0.0000 0.0000 0.0000 0.0000
0.1474 0.3431 0.0000 0.0000 0.5095 0.0000 0.0000 0.0000 0.0000 0.0000 0.0000 0.0000 0.0000 0.0000 0.0000
1.0000 0.0000 0.0000 0.0000 0.0000 0.0000 0.0000 0.0000 0.0000 0.0000 0.0000 0.0000 0.0000 0.0000 0.0000
0.7646 0.0552 0.0000 0.0000 0.0000 0.1802 0.0000 0.0000 0.0000 0.0000 0.0000 0.0000 0.0000 0.0000 0.0000
0.4379 0.0942 0.0000 0.2222 0.0000 0.0629 0.0000 0.0000 0.0000 0.1313 0.0000 0.0515 0.0000 0.0000 0.0000
0.1110 0.0000 0.5645 0.0000 0.0000 0.0000 0.0000 0.0000 0.3245 0.0000 0.0000 0.0000 0.0000 0.0000 0.0000
0.0669 0.1551 0.0000 0.0000 0.1992 0.0000 0.0000 0.0000 0.0000 0.0000 0.4157 0.0000 0.0000 0.1631 0.0000
0.2242 0.4361 0.0000 0.0759 0.0000 0.1264 0.0559 0.0000 0.0000 0.0000 0.0000 0.0000 0.0815 0.0000 0.0000
0.0972 0.5545 0.0000 0.0000 0.3483 0.0000 0.0000 0.0000 0.0000 0.0000 0.0000 0.0000 0.0000 0.0000 0.0000
0.8207 0.0000 0.1793 0.0000 0.0000 0.0000 0.0000 0.0000 0.0000 0.0000 0.0000 0.0000 0.0000 0.0000 0.0000
0.4098 0.3275 0.0000 0.0000 0.2627 0.0000 0.0000 0.0000 0.0000 0.0000 0.0000 0.0000 0.0000 0.0000 0.0000
0.1445 0.2363 0.0000 0.0000 0.0000 0.4374 0.0000 0.1818 0.0000 0.0000 0.0000 0.0000 0.0000 0.0000 0.0000
0.2464 0.0659 0.0000 0.1415 0.0000 0.1023 0.0000 0.0000 0.0000 0.3803 0.0000 0.0637 0.0000 0.0000 0.0000
0.4063 0.1870 0.0000 0.0000 0.0000 0.4067 0.0000 0.0000 0.0000 0.0000 0.0000 0.0000 0.0000 0.0000 0.0000
0.5436 0.0524 0.0000 0.2638 0.0000 0.0620 0.0782 0.0000 0.0000 0.0000 0.0000 0.0000 0.0000 0.0000 0.0000
0.7529 0.0000 0.2471 0.0000 0.0000 0.0000 0.0000 0.0000 0.0000 0.0000 0.0000 0.0000 0.0000 0.0000 0.0000
0.6127 0.3873 0.0000 0.0000 0.0000 0.0000 0.0000 0.0000 0.0000 0.0000 0.0000 0.0000 0.0000 0.0000 0.0000
0.2802 0.1808 0.0000 0.0000 0.0000 0.2203 0.0000 0.3187 0.0000 0.0000 0.0000 0.0000 0.0000 0.0000 0.0000
0.2748 0.3678 0.0000 0.1162 0.0000 0.2412 0.0000 0.0000 0.0000 0.0000 0.0000 0.0000 0.0000 0.0000 0.0000
0.1930 0.0000 0.3133 0.0000 0.0000 0.0000 0.0000 0.0000 0.4937 0.0000 0.0000 0.0000 0.0000 0.0000 0.0000
0.0985 0.1895 0.0000 0.0806 0.0000 0.3455 0.2858 0.0000 0.0000 0.0000 0.0000 0.0000 0.0000 0.0000 0.0000
0.0598 0.3161 0.0000 0.0000 0.0000 0.4836 0.0000 0.1404 0.0000 0.0000 0.0000 0.0000 0.0000 0.0000 0.0000
0.0531 0.2855 0.0000 0.0000 0.0000 0.1981 0.0000 0.0000 0.0000 0.0000 0.0000 0.0000 0.0000 0.0000 0.4634
0.4642 0.0000 0.5358 0.0000 0.0000 0.0000 0.0000 0.0000 0.0000 0.0000 0.0000 0.0000 0.0000 0.0000 0.0000
0.2340 0.2675 0.0000 0.0000 0.0000 0.4985 0.0000 0.0000 0.0000 0.0000 0.0000 0.0000 0.0000 0.0000 0.0000
0.4059 0.0943 0.0000 0.1616 0.0000 0.0984 0.0000 0.0000 0.0000 0.1463 0.0000 0.0935 0.0000 0.0000 0.0000
0.7083 0.2917 0.0000 0.0000 0.0000 0.0000 0.0000 0.0000 0.0000 0.0000 0.0000 0.0000 0.0000 0.0000 0.0000
0.0958 0.0588 0.0000 0.0668 0.0000 0.1973 0.1731 0.0000 0.0000 0.0000 0.0000 0.0000 0.4081 0.0000 0.0000
0.6107 0.3893 0.0000 0.0000 0.0000 0.0000 0.0000 0.0000 0.0000 0.0000 0.0000 0.0000 0.0000 0.0000 0.0000
0.7023 0.0000 0.2977 0.0000 0.0000 0.0000 0.0000 0.0000 0.0000 0.0000 0.0000 0.0000 0.0000 0.0000 0.0000
0.2408 0.0778 0.0000 0.0787 0.0000 0.2001 0.0000 0.0000 0.0000 0.0703 0.0000 0.3324 0.0000 0.0000 0.0000
0.5879 0.2052 0.0000 0.0000 0.2069 0.0000 0.0000 0.0000 0.0000 0.0000 0.0000 0.0000 0.0000 0.0000 0.0000
0.4298 0.3724 0.0000 0.0000 0.1978 0.0000 0.0000 0.0000 0.0000 0.0000 0.0000 0.0000 0.0000 0.0000 0.0000
0.3170 0.1514 0.0000 0.3034 0.0000 0.2282 0.0000 0.0000 0.0000 0.0000 0.0000 0.0000 0.0000 0.0000 0.0000
0.4590 0.5410 0.0000 0.0000 0.0000 0.0000 0.0000 0.0000 0.0000 0.0000 0.0000 0.0000 0.0000 0.0000 0.0000
0.5158 0.0554 0.0000 0.0000 0.1018 0.0000 0.0000 0.0000 0.0000 0.0000 0.3270 0.0000 0.0000 0.0000 0.0000
0.1463 0.2467 0.0000 0.0000 0.0933 0.0000 0.0000 0.0000 0.0000 0.0000 0.3151 0.0000 0.0000 0.1986 0.0000
0.8532 0.0000 0.1468 0.0000 0.0000 0.0000 0.0000 0.0000 0.0000 0.0000 0.0000 0.0000 0.0000 0.0000 0.0000
0.6169 0.3831 0.0000 0.0000 0.0000 0.0000 0.0000 0.0000 0.0000 0.0000 0.0000 0.0000 0.0000 0.0000 0.0000
0.1644 0.0678 0.0000 0.0644 0.0000 0.1520 0.4350 0.0000 0.0000 0.0000 0.0000 0.0000 0.1165 0.0000 0.0000
1.0000 0.0000 0.0000 0.0000 0.0000 0.0000 0.0000 0.0000 0.0000 0.0000 0.0000 0.0000 0.0000 0.0000 0.0000
0.2235 0.1828 0.0000 0.0000 0.0000 0.0907 0.0000 0.5030 0.0000 0.0000 0.0000 0.0000 0.0000 0.0000 0.0000
0.2607 0.3297 0.0000 0.0711 0.0000 0.1844 0.0000 0.0000 0.0000 0.1540 0.0000 0.0000 0.0000 0.0000 0.0000
0.1134 0.6176 0.0000 0.1944 0.0000 0.0745 0.0000 0.0000 0.0000 0.0000 0.0000 0.0000 0.0000 0.0000 0.0000
0.0909 0.4703 0.0000 0.0563 0.0000 0.2144 0.0000 0.0000 0.0000 0.1681 0.0000 0.0000 0.0000 0.0000 0.0000
0.0506 0.1592 0.0000 0.0000 0.0000 0.2280 0.0000 0.5622 0.0000 0.0000 0.0000 0.0000 0.0000 0.0000 0.0000
0.3651 0.1698 0.0000 0.0000 0.0000 0.0753 0.0000 0.3898 0.0000 0.0000 0.0000 0.0000 0.0000 0.0000 0.0000
1.0000 0.0000 0.0000 0.0000 0.0000 0.0000 0.0000 0.0000 0.0000 0.0000 0.0000 0.0000 0.0000 0.0000 0.0000
0.7024 0.0000 0.2976 0.0000 0.0000 0.0000 0.0000 0.0000 0.0000 0.0000 0.0000 0.0000 0.0000 0.0000 0.0000
0.6594 0.1176 0.0000 0.1203 0.0000 0.1027 0.0000 0.0000 0.0000 0.0000 0.0000 0.0000 0.0000 0.0000 0.0000
0.0996 0.1081 0.0000 0.0000 0.2131 0.0000 0.0000 0.0000 0.0000 0.0000 0.1653 0.0000 0.0000 0.4139 0.0000
0.2410 0.3847 0.0000 0.0000 0.0782 0.0000 0.0000 0.0000 0.0000 0.0000 0.0858 0.0000 0.0000 0.2103 0.0000
0.0549 0.1036 0.0000 0.0734 0.0000 0.0743 0.0000 0.0000 0.0000 0.6939 0.0000 0.0000 0.0000 0.0000 0.0000
0.3968 0.0769 0.0000 0.0000 0.1221 0.0000 0.0000 0.0000 0.0000 0.0000 0.4043 0.0000 0.0000 0.0000 0.0000
0.2343 0.7657 0.0000 0.0000 0.0000 0.0000 0.0000 0.0000 0.0000 0.0000 0.0000 0.0000 0.0000 0.0000 0.0000
0.1352 0.4889 0.0000 0.0825 0.0000 0.1091 0.0000 0.0000 0.0000 0.1844 0.0000 0.0000 0.0000 0.0000 0.0000
0.5488 0.0000 0.4512 0.0000 0.0000 0.0000 0.0000 0.0000 0.0000 0.0000 0.0000 0.0000 0.0000 0.0000 0.0000
0.1688 0.6335 0.0000 0.0554 0.0000 0.0687 0.0000 0.0000 0.0000 0.0736 0.0000 0.0000 0.0000 0.0000 0.0000
0.0998 0.4276 0.0000 0.0000 0.0000 0.4726 0.0000 0.0000 0.0000 0.0000 0.0000 0.0000 0.0000 0.0000 0.0000
0.1429 0.2562 0.0000 0.0000 0.3721 0.0000 0.0000 0.0000 0.0000 0.0000 0.2289 0.0000 0.0000 0.0000 0.0000
0.2767 0.1499 0.0000 0.0000 0.0000 0.4929 0.0000 0.0804 0.0000 0.0000 0.0000 0.0000 0.0000 0.0000 0.0000
0.0657 0.2849 0.0000 0.1822 0.0000 0.2955 0.0000 0.0000 0.0000 0.0874 0.0000 0.0843 0.0000 0.0000 0.0000
0.0631 0.2872 0.0000 0.1029 0.0000 0.1551 0.0000 0.0000 0.0000 0.3043 0.0000 0.0874 0.0000 0.0000 0.0000
0.6087 0.3913 0.0000 0.0000 0.0000 0.0000 0.0000 0.0000 0.0000 0.0000 0.0000 0.0000 0.0000 0.0000 0.0000
0.2394 0.4531 0.0000 0.0000 0.0000 0.3074 0.0000 0.0000 0.0000 0.0000 0.0000 0.0000 0.0000 0.0000 0.0000
0.1067 0.7958 0.0000 0.0000 0.0000 0.0975 0.0000 0.0000 0.0000 0.0000 0.0000 0.0000 0.0000 0.0000 0.0000
0.2883 0.4481 0.0000 0.0695 0.0000 0.1164 0.0777 0.0000 0.0000 0.0000 0.0000 0.0000 0.0000 0.0000 0.0000
0.0906 0.7113 0.0000 0.0000 0.1981 0.0000 0.0000 0.0000 0.0000 0.0000 0.0000 0.0000 0.0000 0.0000 0.0000
0.7810 0.0899 0.0000 0.0000 0.0000 0.0582 0.0000 0.0710 0.0000 0.0000 0.0000 0.0000 0.0000 0.0000 0.0000
0.2830 0.1535 0.0000 0.1280 0.0000 0.1309 0.0645 0.0000 0.0000 0.0000 0.0000 0.0000 0.2401 0.0000 0.0000
0.1003 0.1431 0.0000 0.3557 0.0000 0.2524 0.0000 0.0000 0.0000 0.1485 0.0000 0.0000 0.0000 0.0000 0.0000
0.3258 0.0757 0.0000 0.4986 0.0000 0.0999 0.0000 0.0000 0.0000 0.0000 0.0000 0.0000 0.0000 0.0000 0.0000
0.5145 0.0752 0.0000 0.0000 0.0000 0.4103 0.0000 0.0000 0.0000 0.0000 0.0000 0.0000 0.0000 0.0000 0.0000
0.0570 0.1018 0.0000 0.2192 0.0000 0.5540 0.0000 0.0000 0.0000 0.0680 0.0000 0.0000 0.0000 0.0000 0.0000
0.1637 0.4174 0.0000 0.0996 0.0000 0.1361 0.0000 0.0000 0.0000 0.1294 0.0000 0.0537 0.0000 0.0000 0.0000
0.1833 0.5040 0.0000 0.0000 0.1545 0.0000 0.0000 0.0000 0.0000 0.0000 0.1582 0.0000 0.0000 0.0000 0.0000
0.0766 0.3457 0.0000 0.0000 0.0000 0.2041 0.0000 0.3736 0.0000 0.0000 0.0000 0.0000 0.0000 0.0000 0.0000
0.3171 0.2353 0.0000 0.0757 0.0000 0.2311 0.0000 0.0000 0.0000 0.1409 0.0000 0.0000 0.0000 0.0000 0.0000
0.1037 0.2676 0.0000 0.0000 0.4055 0.0000 0.0000 0.0000 0.0000 0.0000 0.2232 0.0000 0.0000 0.0000 0.0000
1.0000 0.0000 0.0000 0.0000 0.0000 0.0000 0.0000 0.0000 0.0000 0.0000 0.0000 0.0000 0.0000 0.0000 0.0000
0.0654 0.1249 0.0000 0.4152 0.0000 0.1639 0.1726 0.0000 0.0000 0.0000 0.0000 0.0000 0.0581 0.0000 0.0000
0.5076 0.3929 0.0000 0.0000 0.0995 0.0000 0.0000 0.0000 0.0000 0.0000 0.0000 0.0000 0.0000 0.0000 0.0000
0.0835 0.1842 0.0000 0.0858 0.0000 0.1453 0.3315 0.0000 0.0000 0.0000 0.0000 0.0000 0.1697 0.0000 0.0000
0.1534 0.3815 0.0000 0.0000 0.0000 0.2666 0.0000 0.0000 0.0000 0.0000 0.0000 0.0000 0.0000 0.0000 0.1984
0.1010 0.2771 0.0000 0.0000 0.0000 0.3893 0.0000 0.0000 0.0000 0.0000 0.0000 0.0000 0.0000 0.0000 0.2326
0.0776 0.1714 0.0000 0.1347 0.0000 0.2080 0.1046 0.0000 0.0000 0.0000 0.0000 0.0000 0.3038 0.0000 0.0000
0.0872 0.1027 0.0000 0.3570 0.0000 0.4531 0.0000 0.0000 0.0000 0.0000 0.0000 0.0000 0.0000 0.0000 0.0000
0.2689 0.0682 0.0000 0.0000 0.1348 0.0000 0.0000 0.0000 0.0000 0.0000 0.0925 0.0000 0.0000 0.4356 0.0000
0.2630 0.1896 0.0000 0.0000 0.0000 0.5474 0.0000 0.0000 0.0000 0.0000 0.0000 0.0000 0.0000 0.0000 0.0000
0.0986 0.1930 0.0000 0.0000 0.0000 0.7084 0.0000 0.0000 0.0000 0.0000 0.0000 0.0000 0.0000 0.0000 0.0000
0.0626 0.2245 0.0000 0.0738 0.0000 0.1644 0.0000 0.0000 0.0000 0.4747 0.0000 0.0000 0.0000 0.0000 0.0000
1.0000 0.0000 0.0000 0.0000 0.0000 0.0000 0.0000 0.0000 0.0000 0.0000 0.0000 0.0000 0.0000 0.0000 0.0000
0.2354 0.1646 0.0000 0.0608 0.0000 0.2069 0.1081 0.0000 0.0000 0.0000 0.0000 0.0000 0.2242 0.0000 0.0000
0.5424 0.4576 0.0000 0.0000 0.0000 0.0000 0.0000 0.0000 0.0000 0.0000 0.0000 0.0000 0.0000 0.0000 0.0000
0.2291 0.0538 0.0000 0.0000 0.1247 0.0000 0.0000 0.0000 0.0000 0.0000 0.5924 0.0000 0.0000 0.0000 0.0000
0.1621 0.3954 0.0000 0.0000 0.0000 0.0583 0.0000 0.3842 0.0000 0.0000 0.0000 0.0000 0.0000 0.0000 0.0000
0.3452 0.1052 0.0000 0.0000 0.3305 0.0000 0.0000 0.0000 0.0000 0.0000 0.2191 0.0000 0.0000 0.0000 0.0000
0.3152 0.1587 0.0000 0.0721 0.0000 0.3718 0.0000 0.0000 0.0000 0.0822 0.0000 0.0000 0.0000 0.0000 0.0000
0.2293 0.5085 0.0000 0.0000 0.0000 0.0675 0.0000 0.0000 0.0000 0.0000 0.0000 0.0000 0.0000 0.0000 0.1947
0.3328 0.5602 0.0000 0.0000 0.1070 0.0000 0.0000 0.0000 0.0000 0.0000 0.0000 0.0000 0.0000 0.0000 0.0000
0.2272 0.1668 0.0000 0.0000 0.3418 0.0000 0.0000 0.0000 0.0000 0.0000 0.2642 0.0000 0.0000 0.0000 0.0000
0.0756 0.4489 0.0000 0.0000 0.2459 0.0000 0.0000 0.0000 0.0000 0.0000 0.2296 0.0000 0.0000 0.0000 0.0000
0.2610 0.0000 0.7390 0.0000 0.0000 0.0000 0.0000 0.0000 0.0000 0.0000 0.0000 0.0000 0.0000 0.0000 0.0000
0.0697 0.1188 0.0000 0.0000 0.5814 0.0000 0.0000 0.0000 0.0000 0.0000 0.2301 0.0000 0.0000 0.0000 0.0000
1.0000 0.0000 0.0000 0.0000 0.0000 0.0000 0.0000 0.0000 0.0000 0.0000 0.0000 0.0000 0.0000 0.0000 0.0000
0.5694 0.0812 0.0000 0.0000 0.0000 0.2975 0.0000 0.0520 0.0000 0.0000 0.0000 0.0000 0.0000 0.0000 0.0000
0.1603 0.1925 0.0000 0.2702 0.0000 0.1243 0.0800 0.0000 0.0000 0.0000 0.0000 0.0000 0.1727 0.0000 0.0000
0.1392 0.1973 0.0000 0.0000 0.0990 0.0000 0.0000 0.0000 0.0000 0.0000 0.2141 0.0000 0.0000 0.3503 0.0000
0.0536 0.2659 0.0000 0.1567 0.0000 0.2143 0.0000 0.0000 0.0000 0.3095 0.0000 0.0000 0.0000 0.0000 0.0000
0.0836 0.2556 0.0000 0.4060 0.0000 0.2548 0.0000 0.0000 0.0000 0.0000 0.0000 0.0000 0.0000 0.0000 0.0000
0.2661 0.5320 0.0000 0.0623 0.0000 0.1396 0.0000 0.0000 0.0000 0.0000 0.0000 0.0000 0.0000 0.0000 0.0000
0.4088 0.0595 0.0000 0.3533 0.0000 0.1198 0.0585 0.0000 0.0000 0.0000 0.0000 0.0000 0.0000 0.0000 0.0000
0.4294 0.5706 0.0000 0.0000 0.0000 0.0000 0.0000 0.0000 0.0000 0.0000 0.0000 0.0000 0.0000 0.0000 0.0000
0.1155 0.4121 0.0000 0.0000 0.0786 0.0000 0.0000 0.0000 0.0000 0.0000 0.2266 0.0000 0.0000 0.1673 0.0000
0.3121 0.1505 0.0000 0.0000 0.4112 0.0000 0.0000 0.0000 0.0000 0.0000 0.1262 0.0000 0.0000 0.0000 0.0000
0.2449 0.2895 0.0000 0.3221 0.0000 0.1436 0.0000 0.0000 0.0000 0.0000 0.0000 0.0000 0.0000 0.0000 0.0000
0.3019 0.0000 0.6981 0.0000 0.0000 0.0000 0.0000 0.0000 0.0000 0.0000 0.0000 0.0000 0.0000 0.0000 0.0000
0.9235 0.0000 0.0765 0.0000 0.0000 0.0000 0.0000 0.0000 0.0000 0.0000 0.0000 0.0000 0.0000 0.0000 0.0000
0.6093 0.1336 0.0000 0.0000 0.2571 0.0000 0.0000 0.0000 0.0000 0.0000 0.0000 0.0000 0.0000 0.0000 0.0000
0.0706 0.1419 0.0000 0.1393 0.0000 0.2028 0.1154 0.0000 0.0000 0.0000 0.0000 0.0000 0.3300 0.0000 0.0000
1.0000 0.0000 0.0000 0.0000 0.0000 0.0000 0.0000 0.0000 0.0000 0.0000 0.0000 0.0000 0.0000 0.0000 0.0000
1.0000 0.0000 0.0000 0.0000 0.0000 0.0000 0.0000 0.0000 0.0000 0.0000 0.0000 0.0000 0.0000 0.0000 0.0000
0.1921 0.2219 0.0000 0.0000 0.0000 0.5099 0.0000 0.0761 0.0000 0.0000 0.0000 0.0000 0.0000 0.0000 0.0000
0.1698 0.0000 0.8302 0.0000 0.0000 0.0000 0.0000 0.0000 0.0000 0.0000 0.0000 0.0000 0.0000 0.0000 0.0000
0.1238 0.4830 0.0000 0.0000 0.0000 0.2389 0.0000 0.0000 0.0000 0.0000 0.0000 0.0000 0.0000 0.0000 0.1543
0.2299 0.1042 0.0000 0.0000 0.1538 0.0000 0.0000 0.0000 0.0000 0.0000 0.4419 0.0000 0.0000 0.0703 0.0000
0.0947 0.5287 0.0000 0.0000 0.0000 0.1083 0.0000 0.0000 0.0000 0.0000 0.0000 0.0000 0.0000 0.0000 0.2682
0.1217 0.2835 0.0000 0.0000 0.1285 0.0000 0.0000 0.0000 0.0000 0.0000 0.2947 0.0000 0.0000 0.1717 0.0000
0.5599 0.0000 0.4401 0.0000 0.0000 0.0000 0.0000 0.0000 0.0000 0.0000 0.0000 0.0000 0.0000 0.0000 0.0000
0.0934 0.0000 0.9066 0.0000 0.0000 0.0000 0.0000 0.0000 0.0000 0.0000 0.0000 0.0000 0.0000 0.0000 0.0000
0.1816 0.0788 0.0000 0.1506 0.0000 0.5168 0.0000 0.0000 0.0000 0.0723 0.0000 0.0000 0.0000 0.0000 0.0000
0.0913 0.1029 0.0000 0.5378 0.0000 0.1217 0.0000 0.0000 0.0000 0.0794 0.0000 0.0670 0.0000 0.0000 0.0000
0.3917 0.3493 0.0000 0.0718 0.0000 0.0601 0.0000 0.0000 0.0000 0.0665 0.0000 0.0605 0.0000 0.0000 0.0000
0.0734 0.1384 0.0000 0.5081 0.0000 0.1668 0.0613 0.0000 0.0000 0.0000 0.0000 0.0000 0.0520 0.0000 0.0000
0.6322 0.0000 0.3678 0.0000 0.0000 0.0000 0.0000 0.0000 0.0000 0.0000 0.0000 0.0000 0.0000 0.0000 0.0000
0.0512 0.0000 0.3004 0.0000 0.0000 0.0000 0.0000 0.0000 0.6484 0.0000 0.0000 0.0000 0.0000 0.0000 0.0000
0.0919 0.0000 0.7943 0.0000 0.0000 0.0000 0.0000 0.0000 0.1138 0.0000 0.0000 0.0000 0.0000 0.0000 0.0000
0.2541 0.1141 0.0000 0.1619 0.0000 0.1111 0.0000 0.0000 0.0000 0.3588 0.0000 0.0000 0.0000 0.0000 0.0000
0.1141 0.0000 0.1413 0.0000 0.0000 0.0000 0.0000 0.0000 0.7446 0.0000 0.0000 0.0000 0.0000 0.0000 0.0000
0.3233 0.2617 0.0000 0.1439 0.0000 0.0957 0.0688 0.0000 0.0000 0.0000 0.0000 0.0000 0.1066 0.0000 0.0000
0.1479 0.5273 0.0000 0.0000 0.0000 0.2065 0.0000 0.0000 0.0000 0.0000 0.0000 0.0000 0.0000 0.0000 0.1182
1.0000 0.0000 0.0000 0.0000 0.0000 0.0000 0.0000 0.0000 0.0000 0.0000 0.0000 0.0000 0.0000 0.0000 0.0000
0.1313 0.2379 0.0000 0.0000 0.0000 0.6308 0.0000 0.0000 0.0000 0.0000 0.0000 0.0000 0.0000 0.0000 0.0000
0.2112 0.4848 0.0000 0.0000 0.0000 0.1400 0.0000 0.1640 0.0000 0.0000 0.0000 0.0000 0.0000 0.0000 0.0000
0.0695 0.2826 0.0000 0.0000 0.0000 0.3734 0.0000 0.0000 0.0000 0.0000 0.0000 0.0000 0.0000 0.0000 0.2746
0.5762 0.3057 0.0000 0.0000 0.0592 0.0000 0.0000 0.0000 0.0000 0.0000 0.0589 0.0000 0.0000 0.0000 0.0000
0.0641 0.1565 0.0000 0.1418 0.0000 0.1498 0.3129 0.0000 0.0000 0.0000 0.0000 0.0000 0.1749 0.0000 0.0000
0.1032 0.4408 0.0000 0.0000 0.0000 0.2815 0.0000 0.0000 0.0000 0.0000 0.0000 0.0000 0.0000 0.0000 0.1744
0.4513 0.1258 0.0000 0.0000 0.0000 0.0627 0.0000 0.0000 0.0000 0.0000 0.0000 0.0000 0.0000 0.0000 0.3602
0.2115 0.1902 0.0000 0.0000 0.0000 0.4687 0.0000 0.1296 0.0000 0.0000 0.0000 0.0000 0.0000 0.0000 0.0000
0.2459 0.2974 0.0000 0.0000 0.4567 0.0000 0.0000 0.0000 0.0000 0.0000 0.0000 0.0000 0.0000 0.0000 0.0000
0.1212 0.1461 0.0000 0.0000 0.0000 0.3864 0.0000 0.0000 0.0000 0.0000 0.0000 0.0000 0.0000 0.0000 0.3463
0.2937 0.0571 0.0000 0.1311 0.0000 0.2862 0.0000 0.0000 0.0000 0.2319 0.0000 0.0000 0.0000 0.0000 0.0000
0.1581 0.2981 0.0000 0.0000 0.0000 0.1372 0.0000 0.4066 0.0000 0.0000 0.0000 0.0000 0.0000 0.0000 0.0000
0.3727 0.0000 0.3323 0.0000 0.0000 0.0000 0.0000 0.0000 0.2950 0.0000 0.0000 0.0000 0.0000 0.0000 0.0000
0.5268 0.1124 0.0000 0.0000 0.0795 0.0000 0.0000 0.0000 0.0000 0.0000 0.1301 0.0000 0.0000 0.1512 0.0000
0.3884 0.1638 0.0000 0.1931 0.0000 0.0540 0.1307 0.0000 0.0000 0.0000 0.0000 0.0000 0.0700 0.0000 0.0000
0.4106 0.0778 0.0000 0.0814 0.0000 0.4302 0.0000 0.0000 0.0000 0.0000 0.0000 0.0000 0.0000 0.0000 0.0000
0.2220 0.5178 0.0000 0.0000 0.0000 0.2602 0.0000 0.0000 0.0000 0.0000 0.0000 0.0000 0.0000 0.0000 0.0000
0.2663 0.0758 0.0000 0.0000 0.0833 0.0000 0.0000 0.0000 0.0000 0.0000 0.3566 0.0000 0.0000 0.2180 0.0000
0.3238 0.6762 0.0000 0.0000 0.0000 0.0000 0.0000 0.0000 0.0000 0.0000 0.0000 0.0000 0.0000 0.0000 0.0000
0.8652 0.1348 0.0000 0.0000 0.0000 0.0000 0.0000 0.0000 0.0000 0.0000 0.0000 0.0000 0.0000 0.0000 0.0000
0.1460 0.1126 0.0000 0.0000 0.0000 0.5176 0.0000 0.0000 0.0000 0.0000 0.0000 0.0000 0.0000 0.0000 0.2238
0.1172 0.2561 0.0000 0.1801 0.0000 0.1096 0.0000 0.0000 0.0000 0.3370 0.0000 0.0000 0.0000 0.0000 0.0000
0.1771 0.0703 0.0000 0.0000 0.1690 0.0000 0.0000 0.0000 0.0000 0.0000 0.4290 0.0000 0.0000 0.1547 0.0000
0.1561 0.1766 0.0000 0.0579 0.0000 0.2003 0.0000 0.0000 0.0000 0.2010 0.0000 0.2081 0.0000 0.0000 0.0000
0.1601 0.2862 0.0000 0.0000 0.0000 0.5537 0.0000 0.0000 0.0000 0.0000 0.0000 0.0000 0.0000 0.0000 0.0000
0.7117 0.1871 0.0000 0.0000 0.1012 0.0000 0.0000 0.0000 0.0000 0.0000 0.0000 0.0000 0.0000 0.0000 0.0000
0.4259 0.1313 0.0000 0.0000 0.0000 0.3512 0.0000 0.0000 0.0000 0.0000 0.0000 0.0000 0.0000 0.0000 0.0915
0.0729 0.0899 0.0000 0.2293 0.0000 0.3038 0.3042 0.0000 0.0000 0.0000 0.0000 0.0000 0.0000 0.0000 0.0000
0.4855 0.0000 0.4634 0.0000 0.0000 0.0000 0.0000 0.0000 0.0510 0.0000 0.0000 0.0000 0.0000 0.0000 0.0000
0.3172 0.5825 0.0000 0.0000 0.1003 0.0000 0.0000 0.0000 0.0000 0.0000 0.0000 0.0000 0.0000 0.0000 0.0000
0.3328 0.0813 0.0000 0.0855 0.0000 0.1865 0.3139 0.0000 0.0000 0.0000 0.0000 0.0000 0.0000 0.0000 0.0000
0.2976 0.1373 0.0000 0.0000 0.4660 0.0000 0.0000 0.0000 0.0000 0.0000 0.0991 0.0000 0.0000 0.0000 0.0000
0.2008 0.3337 0.0000 0.0000 0.0000 0.4655 0.0000 0.0000 0.0000 0.0000 0.0000 0.0000 0.0000 0.0000 0.0000
1.0000 0.0000 0.0000 0.0000 0.0000 0.0000 0.0000 0.0000 0.0000 0.0000 0.0000 0.0000 0.0000 0.0000 0.0000
0.9245 0.0000 0.0755 0.0000 0.0000 0.0000 0.0000 0.0000 0.0000 0.0000 0.0000 0.0000 0.0000 0.0000 0.0000
0.0952 0.3537 0.0000 0.0000 0.3853 0.0000 0.0000 0.0000 0.0000 0.0000 0.1658 0.0000 0.0000 0.0000 0.0000
0.2057 0.1143 0.0000 0.1361 0.0000 0.4539 0.0900 0.0000 0.0000 0.0000 0.0000 0.0000 0.0000 0.0000 0.0000
0.3935 0.0681 0.0000 0.0936 0.0000 0.3062 0.1385 0.0000 0.0000 0.0000 0.0000 0.0000 0.0000 0.0000 0.0000
0.1172 0.2013 0.0000 0.2807 0.0000 0.3102 0.0905 0.0000 0.0000 0.0000 0.0000 0.0000 0.0000 0.0000 0.0000
0.0596 0.0949 0.0000 0.3802 0.0000 0.4654 0.0000 0.0000 0.0000 0.0000 0.0000 0.0000 0.0000 0.0000 0.0000
0.6076 0.3343 0.0000 0.0000 0.0000 0.0581 0.0000 0.0000 0.0000 0.0000 0.0000 0.0000 0.0000 0.0000 0.0000
0.2124 0.2288 0.0000 0.0938 0.0000 0.4650 0.0000 0.0000 0.0000 0.0000 0.0000 0.0000 0.0000 0.0000 0.0000
0.2550 0.0777 0.0000 0.4394 0.0000 0.2279 0.0000 0.0000 0.0000 0.0000 0.0000 0.0000 0.0000 0.0000 0.0000
1.0000 0.0000 0.0000 0.0000 0.0000 0.0000 0.0000 0.0000 0.0000 0.0000 0.0000 0.0000 0.0000 0.0000 0.0000
0.3596 0.0000 0.3039 0.0000 0.0000 0.0000 0.0000 0.0000 0.3365 0.0000 0.0000 0.0000 0.0000 0.0000 0.0000
0.1085 0.3523 0.0000 0.2347 0.0000 0.3045 0.0000 0.0000 0.0000 0.0000 0.0000 0.0000 0.0000 0.0000 0.0000
0.3636 0.4798 0.0000 0.0646 0.0000 0.0920 0.0000 0.0000 0.0000 0.0000 0.0000 0.0000 0.0000 0.0000 0.0000
0.4311 0.0000 0.5111 0.0000 0.0000 0.0000 0.0000 0.0000 0.0577 0.0000 0.0000 0.0000 0.0000 0.0000 0.0000
0.1278 0.1503 0.0000 0.0932 0.0000 0.4996 0.0000 0.0000 0.0000 0.0745 0.0000 0.0546 0.0000 0.0000 0.0000
0.1170 0.5485 0.0000 0.0000 0.0000 0.1019 0.0000 0.2326 0.0000 0.0000 0.0000 0.0000 0.0000 0.0000 0.0000
0.4379 0.2359 0.0000 0.2101 0.0000 0.0599 0.0000 0.0000 0.0000 0.0563 0.0000 0.0000 0.0000 0.0000 0.0000
0.7049 0.1400 0.0000 0.0000 0.1551 0.0000 0.0000 0.0000 0.0000 0.0000 0.0000 0.0000 0.0000 0.0000 0.0000
0.3689 0.0539 0.0000 0.0000 0.4095 0.0000 0.0000 0.0000 0.0000 0.0000 0.1677 0.0000 0.0000 0.0000 0.0000
0.1992 0.4486 0.0000 0.0000 0.0599 0.0000 0.0000 0.0000 0.0000 0.0000 0.0762 0.0000 0.0000 0.2161 0.0000
0.0667 0.3957 0.0000 0.0000 0.3499 0.0000 0.0000 0.0000 0.0000 0.0000 0.1878 0.0000 0.0000 0.0000 0.0000
0.0625 0.9375 0.0000 0.0000 0.0000 0.0000 0.0000 0.0000 0.0000 0.0000 0.0000 0.0000 0.0000 0.0000 0.0000
0.2722 0.0000 0.7278 0.0000 0.0000 0.0000 0.0000 0.0000 0.0000 0.0000 0.0000 0.0000 0.0000 0.0000 0.0000
0.1106 0.3598 0.0000 0.0000 0.4558 0.0000 0.0000 0.0000 0.0000 0.0000 0.0739 0.0000 0.0000 0.0000 0.0000
0.1044 0.1428 0.0000 0.0000 0.0000 0.2708 0.0000 0.0000 0.0000 0.0000 0.0000 0.0000 0.0000 0.0000 0.4820
0.1494 0.1872 0.0000 0.4274 0.0000 0.1576 0.0785 0.0000 0.0000 0.0000 0.0000 0.0000 0.0000 0.0000 0.0000
0.2458 0.2276 0.0000 0.0000 0.3607 0.0000 0.0000 0.0000 0.0000 0.0000 0.1658 0.0000 0.0000 0.0000 0.0000
0.6432 0.0628 0.0000 0.0000 0.0000 0.0934 0.0000 0.2005 0.0000 0.0000 0.0000 0.0000 0.0000 0.0000 0.0000
0.1413 0.4688 0.0000 0.0000 0.0000 0.2958 0.0000 0.0000 0.0000 0.0000 0.0000 0.0000 0.0000 0.0000 0.0941
0.0955 0.4903 0.0000 0.0000 0.0000 0.1535 0.0000 0.2607 0.0000 0.0000 0.0000 0.0000 0.0000 0.0000 0.0000
0.0741 0.5227 0.0000 0.1140 0.0000 0.0744 0.0000 0.0000 0.0000 0.0670 0.0000 0.1478 0.0000 0.0000 0.0000
0.0830 0.5756 0.0000 0.0000 0.3414 0.0000 0.0000 0.0000 0.0000 0.0000 0.0000 0.0000 0.0000 0.0000 0.0000
0.0804 0.2771 0.0000 0.1436 0.0000 0.2029 0.2429 0.0000 0.0000 0.0000 0.0000 0.0000 0.0531 0.0000 0.0000
0.0689 0.2444 0.0000 0.0000 0.0000 0.2239 0.0000 0.0000 0.0000 0.0000 0.0000 0.0000 0.0000 0.0000 0.4628
0.5291 0.0994 0.0000 0.1343 0.0000 0.1386 0.0000 0.0000 0.0000 0.0986 0.0000 0.0000 0.0000 0.0000 0.0000
0.3329 0.3741 0.0000 0.0000 0.0000 0.1689 0.0000 0.1241 0.0000 0.0000 0.0000 0.0000 0.0000 0.0000 0.0000
0.2459 0.2311 0.0000 0.0000 0.1393 0.0000 0.0000 0.0000 0.0000 0.0000 0.2593 0.0000 0.0000 0.1244 0.0000
0.3775 0.6225 0.0000 0.0000 0.0000 0.0000 0.0000 0.0000 0.0000 0.0000 0.0000 0.0000 0.0000 0.0000 0.0000
0.1080 0.0000 0.1672 0.0000 0.0000 0.0000 0.0000 0.0000 0.7248 0.0000 0.0000 0.0000 0.0000 0.0000 0.0000
0.2955 0.1336 0.0000 0.0000 0.0000 0.3798 0.0000 0.0000 0.0000 0.0000 0.0000 0.0000 0.0000 0.0000 0.1912
0.2233 0.5745 0.0000 0.0000 0.0000 0.2022 0.0000 0.0000 0.0000 0.0000 0.0000 0.0000 0.0000 0.0000 0.0000
0.7428 0.2572 0.0000 0.0000 0.0000 0.0000 0.0000 0.0000 0.0000 0.0000 0.0000 0.0000 0.0000 0.0000 0.0000
0.4310 0.0000 0.5690 0.0000 0.0000 0.0000 0.0000 0.0000 0.0000 0.0000 0.0000 0.0000 0.0000 0.0000 0.0000
1.0000 0.0000 0.0000 0.0000 0.0000 0.0000 0.0000 0.0000 0.0000 0.0000 0.0000 0.0000 0.0000 0.0000 0.0000
0.3781 0.0000 0.0852 0.0000 0.0000 0.0000 0.0000 0.0000 0.5367 0.0000 0.0000 0.0000 0.0000 0.0000 0.0000
0.0587 0.6470 0.0000 0.0000 0.2944 0.0000 0.0000 0.0000 0.0000 0.0000 0.0000 0.0000 0.0000 0.0000 0.0000
0.3884 0.3777 0.0000 0.0000 0.0000 0.1371 0.0000 0.0969 0.0000 0.0000 0.0000 0.0000 0.0000 0.0000 0.0000
0.4549 0.5451 0.0000 0.0000 0.0000 0.0000 0.0000 0.0000 0.0000 0.0000 0.0000 0.0000 0.0000 0.0000 0.0000
0.3973 0.0000 0.0514 0.0000 0.0000 0.0000 0.0000 0.0000 0.5512 0.0000 0.0000 0.0000 0.0000 0.0000 0.0000
0.2026 0.3519 0.0000 0.0000 0.0000 0.1606 0.0000 0.2849 0.0000 0.0000 0.0000 0.0000 0.0000 0.0000 0.0000
0.3601 0.3708 0.0000 0.0000 0.2691 0.0000 0.0000 0.0000 0.0000 0.0000 0.0000 0.0000 0.0000 0.0000 0.0000
0.2973 0.3283 0.0000 0.0000 0.1216 0.0000 0.0000 0.0000 0.0000 0.0000 0.1680 0.0000 0.0000 0.0848 0.0000
0.5591 0.0000 0.1770 0.0000 0.0000 0.0000 0.0000 0.0000 0.2639 0.0000 0.0000 0.0000 0.0000 0.0000 0.0000
0.2935 0.1724 0.0000 0.0000 0.1197 0.0000 0.0000 0.0000 0.0000 0.0000 0.4144 0.0000 0.0000 0.0000 0.0000
0.8685 0.1315 0.0000 0.0000 0.0000 0.0000 0.0000 0.0000 0.0000 0.0000 0.0000 0.0000 0.0000 0.0000 0.0000
0.1885 0.1504 0.0000 0.1978 0.0000 0.1519 0.0000 0.0000 0.0000 0.3113 0.0000 0.0000 0.0000 0.0000 0.0000
0.9149 0.0851 0.0000 0.0000 0.0000 0.0000 0.0000 0.0000 0.0000 0.0000 0.0000 0.0000 0.0000 0.0000 0.0000
0.3067 0.2620 0.0000 0.0000 0.4313 0.0000 0.0000 0.0000 0.0000 0.0000 0.0000 0.0000 0.0000 0.0000 0.0000
0.5039 0.1257 0.0000 0.0000 0.0000 0.3704 0.0000 0.0000 0.0000 0.0000 0.0000 0.0000 0.0000 0.0000 0.0000
1.0000 0.0000 0.0000 0.0000 0.0000 0.0000 0.0000 0.0000 0.0000 0.0000 0.0000 0.0000 0.0000 0.0000 0.0000
0.2442 0.2721 0.0000 0.0000 0.1870 0.0000 0.0000 0.0000 0.0000 0.0000 0.2318 0.0000 0.0000 0.0649 0.0000
1.0000 0.0000 0.0000 0.0000 0.0000 0.0000 0.0000 0.0000 0.0000 0.0000 0.0000 0.0000 0.0000 0.0000 0.0000
0.0849 0.1784 0.0000 0.0000 0.7367 0.0000 0.0000 0.0000 0.0000 0.0000 0.0000 0.0000 0.0000 0.0000 0.0000
0.2393 0.6017 0.0000 0.0000 0.1590 0.0000 0.0000 0.0000 0.0000 0.0000 0.0000 0.0000 0.0000 0.0000 0.0000
0.0614 0.4762 0.0000 0.0000 0.4624 0.0000 0.0000 0.0000 0.0000 0.0000 0.0000 0.0000 0.0000 0.0000 0.0000
1.0000 0.0000 0.0000 0.0000 0.0000 0.0000 0.0000 0.0000 0.0000 0.0000 0.0000 0.0000 0.0000 0.0000 0.0000
0.3521 0.2285 0.0000 0.0535 0.0000 0.2014 0.1645 0.0000 0.0000 0.0000 0.0000 0.0000 0.0000 0.0000 0.0000
0.4554 0.0964 0.0000 0.0000 0.2832 0.0000 0.0000 0.0000 0.0000 0.0000 0.1651 0.0000 0.0000 0.0000 0.0000
0.4597 0.4006 0.0000 0.0000 0.0000 0.1398 0.0000 0.0000 0.0000 0.0000 0.0000 0.0000 0.0000 0.0000 0.0000
0.1429 0.3704 0.0000 0.2537 0.0000 0.0586 0.0000 0.0000 0.0000 0.0796 0.0000 0.0948 0.0000 0.0000 0.0000
0.1051 0.4131 0.0000 0.0000 0.4294 0.0000 0.0000 0.0000 0.0000 0.0000 0.0524 0.0000 0.0000 0.0000 0.0000
0.1811 0.3931 0.0000 0.2367 0.0000 0.0556 0.1335 0.0000 0.0000 0.0000 0.0000 0.0000 0.0000 0.0000 0.0000
0.5208 0.0000 0.3929 0.0000 0.0000 0.0000 0.0000 0.0000 0.0863 0.0000 0.0000 0.0000 0.0000 0.0000 0.0000
0.3927 0.0513 0.0000 0.0000 0.0000 0.4385 0.0000 0.0000 0.0000 0.0000 0.0000 0.0000 0.0000 0.0000 0.1176
0.1309 0.0833 0.0000 0.4833 0.0000 0.0954 0.1350 0.0000 0.0000 0.0000 0.0000 0.0000 0.0720 0.0000 0.0000
0.2917 0.4409 0.0000 0.0000 0.0000 0.0990 0.0000 0.0000 0.0000 0.0000 0.0000 0.0000 0.0000 0.0000 0.1683
0.5992 0.0000 0.1680 0.0000 0.0000 0.0000 0.0000 0.0000 0.2329 0.0000 0.0000 0.0000 0.0000 0.0000 0.0000
0.1981 0.1495 0.0000 0.1015 0.0000 0.3081 0.1177 0.0000 0.0000 0.0000 0.0000 0.0000 0.1252 0.0000 0.0000
0.5918 0.1552 0.0000 0.0000 0.2531 0.0000 0.0000 0.0000 0.0000 0.0000 0.0000 0.0000 0.0000 0.0000 0.0000
1.0000 0.0000 0.0000 0.0000 0.0000 0.0000 0.0000 0.0000 0.0000 0.0000 0.0000 0.0000 0.0000 0.0000 0.0000
0.3052 0.2941 0.0000 0.0000 0.0000 0.2491 0.0000 0.1516 0.0000 0.0000 0.0000 0.0000 0.0000 0.0000 0.0000
1.0000 0.0000 0.0000 0.0000 0.0000 0.0000 0.0000 0.0000 0.0000 0.0000 0.0000 0.0000 0.0000 0.0000 0.0000
0.1790 0.8210 0.0000 0.0000 0.0000 0.0000 0.0000 0.0000 0.0000 0.0000 0.0000 0.0000 0.0000 0.0000 0.0000
0.1249 0.1148 0.0000 0.2027 0.0000 0.1811 0.1502 0.0000 0.0000 0.0000 0.0000 0.0000 0.2263 0.0000 0.0000
0.4661 0.0645 0.0000 0.0000 0.4694 0.0000 0.0000 0.0000 0.0000 0.0000 0.0000 0.0000 0.0000 0.0000 0.0000
