49 39 57 48 60 47 51 51 61 38 56 48 51 50 49 0
51 51 41 68 39 53 45 45 62 53 65 43 50 46 57 0
46 42 51 50 50 53 65 39 40 50 54 52 60 47 67 0
54 51 49 56 50 58 44 52 43 52 58 48 47 56 55 0
57 55 42 38 48 46 48 63 46 47 41 44 49 44 58 0
48 52 49 56 47 58 55 55 58 48 45 47 35 52 56 0
48 40 48 57 40 45 54 50 46 48 46 58 50 44 54 0
53 62 62 58 64 47 44 45 61 44 48 47 49 44 51 0
54 56 53 47 46 54 52 45 36 57 43 52 61 47 63 0
57 52 42 48 40 49 56 62 54 47 51 45 46 52 41 0
62 55 35 54 52 45 58 56 53 55 59 30 62 46 51 0
43 50 48 50 50 44 47 45 45 57 55 55 62 54 36 0
48 49 49 47 45 55 41 47 55 65 65 55 41 51 34 0
51 50 48 50 64 57 44 52 51 54 52 55 40 45 39 0
44 54 46 58 50 53 50 39 46 52 55 61 50 58 54 0
56 61 54 52 51 53 48 53 49 42 52 53 42 53 51 0
54 52 62 45 51 47 56 51 52 46 59 46 55 44 52 0
44 60 57 38 58 55 56 49 46 49 57 47 44 45 51 0
45 69 47 39 41 49 47 49 45 44 56 55 47 47 44 0
46 48 57 53 52 44 44 49 54 34 77 49 50 45 46 0
55 47 51 62 48 60 46 44 50 48 41 49 41 44 50 0
42 46 53 45 58 45 48 59 48 46 53 55 44 60 45 0
53 61 46 49 42 55 45 51 44 55 44 48 51 47 57 0
51 51 52 46 49 48 47 51 52 53 41 53 45 58 49 0
43 57 47 56 64 57 42 52 42 44 47 56 58 58 47 0
50 53 47 48 45 61 38 52 57 30 44 51 59 39 53 0
53 43 47 43 39 41 51 39 38 46 56 48 50 54 65 0
50 50 51 56 40 53 51 37 57 47 57 51 49 51 38 0
58 62 59 47 55 57 39 44 50 39 51 51 61 53 46 0
45 53 46 56 58 36 54 48 42 49 44 51 40 42 49 0
56 47 40 51 64 39 55 55 52 56 46 56 55 56 52 0
57 49 58 49 49 52 50 56 43 43 52 49 49 47 43 0
53 56 46 49 42 42 59 58 50 59 49 62 48 39 41 0
51 54 53 41 49 49 58 52 54 41 59 50 56 53 49 0
47 44 56 42 50 43 47 42 46 58 60 56 62 61 42 0
40 51 58 32 47 42 43 50 44 48 42 46 45 49 49 0
46 52 48 48 53 59 45 53 39 49 55 52 46 57 47 0
46 58 52 51 46 47 58 43 48 43 46 50 33 43 69 0
56 47 56 49 47 51 41 44 45 58 48 63 47 49 50 0
42 44 43 51 55 48 50 47 41 49 57 49 48 61 59 0
45 55 49 48 40 46 51 54 45 39 53 48 41 55 34 0
51 39 56 46 57 45 50 47 63 55 49 63 57 48 42 0
46 55 59 56 59 38 47 42 47 47 46 55 55 51 44 0
39 38 39 47 40 52 48 51 45 44 38 47 50 32 49 0
46 54 54 54 52 59 50 59 49 51 66 48 51 51 47 0
53 40 60 59 59 56 52 65 40 57 53 55 43 47 45 0
43 48 44 50 44 49 50 49 54 45 47 48 39 49 51 0
54 52 37 45 54 59 54 40 57 53 61 53 34 55 46 0
47 53 54 51 53 52 43 59 47 60 46 51 48 44 62 0
48 51 57 64 47 42 47 49 51 41 51 49 49 51 53 0
59 53 42 45 32 50 43 40 55 51 52 57 52 46 38 0
51 51 56 45 58 52 47 55 37 66 51 53 47 49 57 0
59 60 48 41 39 60 37 53 40 55 57 47 44 52 52 0
53 51 48 48 57 53 49 62 44 51 53 50 49 47 57 0
43 37 46 52 56 54 66 59 45 54 52 47 48 40 54 0
55 64 57 54 50 53 43 52 40 42 54 56 51 54 63 0
36 36 51 42 46 64 52 49 45 56 57 41 33 54 45 0
40 40 41 53 52 57 61 50 59 60 51 36 52 51 50 0
60 49 49 53 53 48 65 62 62 44 43 49 54 46 49 0
56 46 57 58 49 48 60 54 40 57 43 37 37 42 41 0
45 47 46 51 53 46 54 47 46 46 60 60 49 62 48 0
50 45 50 44 51 47 44 46 48 51 44 54 49 57 45 0
53 50 42 58 50 49 71 60 52 58 50 44 56 51 54 0
55 50 49 44 64 54 62 61 54 54 51 43 41 58 55 0
56 63 55 41 42 58 56 48 62 47 67 56 53 48 47 0
58 46 52 50 56 40 46 45 45 52 61 40 56 51 53 0
52 46 54 41 58 53 56 50 55 61 44 46 46 52 56 0
51 54 49 54 62 57 56 45 54 52 42 44 39 58 47 0
57 51 51 47 45 53 58 54 51 55 51 42 55 53 53 0
53 46 45 45 52 46 54 48 40 45 51 49 58 46 51 0
48 28 44 52 58 47 58 47 51 60 55 50 58 50 51 0
59 55 50 45 47 56 39 50 41 62 41 33 50 56 52 0
43 57 42 42 59 63 54 46 50 49 46 42 53 50 58 0
49 59 37 46 40 54 64 50 39 42 45 42 55 54 44 0
52 48 48 44 49 47 54 41 55 50 36 33 54 52 54 0
42 39 54 51 42 47 50 49 48 51 49 69 56 46 62 0
56 47 49 69 43 47 51 51 44 63 61 53 51 48 60 0
54 51 49 50 41 49 54 59 57 51 37 38 52 38 59 0
53 43 45 35 54 62 51 50 42 42 58 60 39 44 52 0
47 50 40 47 39 46 46 49 42 49 47 58 38 51 47 0
47 51 50 63 53 53 59 52 47 54 57 44 52 49 40 0
47 59 46 33 62 61 59 50 53 52 42 63 50 51 59 0
59 49 47 45 51 46 48 40 47 48 51 48 43 58 48 0
59 51 50 44 59 53 55 59 57 53 48 38 48 43 44 0
43 62 54 41 50 45 47 50 45 58 49 43 52 57 57 0
56 56 42 54 59 47 56 54 64 61 36 53 36 56 57 0
47 51 57 65 52 44 42 63 46 43 56 51 43 42 43 0
57 56 45 48 54 50 53 55 60 47 59 56 53 57 39 0
64 51 58 51 46 41 52 46 50 52 57 62 65 42 51 0
43 40 42 63 47 52 46 45 49 35 45 61 51 50 45 0
51 54 36 52 52 64 48 53 52 44 53 50 48 40 53 0
39 39 45 47 62 43 54 49 53 49 47 55 48 60 48 0
58 48 53 57 42 41 39 51 51 53 49 43 56 46 51 0
42 50 56 47 61 61 48 48 52 40 48 53 53 60 57 0
41 49 45 42 52 43 52 48 54 51 62 46 45 51 45 0
55 55 33 47 46 64 35 40 70 52 55 56 50 47 56 0
50 57 39 51 49 49 51 63 32 49 35 57 54 51 55 0
60 39 57 59 36 50 43 47 58 61 57 59 52 43 52 0
43 57 60 35 51 52 46 48 55 56 48 58 46 55 45 0
46 58 49 55 48 47 50 45 53 46 61 55 51 52 49 0
56 54 53 58 37 42 45 51 42 50 64 51 60 56 55 0
51 58 51 40 51 47 44 44 46 51 52 56 42 48 55 0
61 54 55 56 42 52 53 48 48 45 44 50 52 58 52 0
56 48 54 55 47 47 48 47 41 45 55 46 46 48 48 0
42 69 59 50 53 56 40 45 45 43 50 50 46 43 51 0
55 50 59 47 46 45 55 47 68 46 41 46 52 53 50 0
43 55 51 53 47 43 52 50 68 48 52 60 56 49 50 0
39 41 59 36 48 55 42 39 55 41 53 50 49 47 40 0
51 51 61 50 48 51 42 48 47 49 50 58 54 60 41 0
46 48 56 54 46 50 75 44 56 46 50 42 50 46 59 0
58 53 39 46 56 49 50 51 51 58 43 54 55 55 48 0
54 64 47 47 47 52 53 43 65 52 58 50 51 56 60 0
52 40 56 45 46 59 42 37 44 49 62 48 55 44 43 0
50 53 61 49 50 54 38 43 52 40 45 52 48 43 52 0
63 55 48 45 54 52 49 49 50 49 40 52 61 66 33 0
49 50 50 52 45 57 56 53 50 56 44 39 54 48 45 0
48 46 56 53 66 42 53 53 46 43 55 50 51 42 52 0
58 58 45 63 42 42 64 39 64 45 50 56 59 53 58 0
41 50 48 47 53 38 50 51 49 39 42 44 52 47 54 0
52 64 48 55 49 54 45 55 41 45 42 50 49 55 70 0
56 50 51 39 49 49 48 63 51 51 46 56 43 43 51 0
65 46 46 58 56 50 54 46 49 59 55 49 53 50 65 0
50 51 49 55 55 57 38 62 41 53 41 42 43 45 51 0
52 54 49 47 49 53 48 42 49 41 49 39 55 40 56 0
40 49 52 48 49 47 44 46 46 39 46 52 63 54 62 0
59 49 35 44 67 42 48 52 50 41 37 59 46 47 46 0
30 58 46 48 44 45 45 34 49 40 53 46 58 39 39 0
42 62 50 50 62 46 38 54 41 48 49 51 44 52 44 0
51 43 44 37 42 42 52 42 54 44 49 52 45 39 50 0
47 36 39 51 51 59 44 55 41 63 43 44 53 37 46 0
48 61 52 60 54 42 44 40 51 57 55 59 53 52 55 0
57 39 53 49 53 48 55 44 42 50 65 56 48 53 63 0
49 62 61 59 50 38 46 58 57 52 45 38 42 49 44 0
42 51 63 44 62 58 39 45 50 54 47 58 43 39 53 0
35 53 48 42 48 42 49 45 57 50 48 42 39 44 50 0
47 38 41 57 65 37 62 44 47 55 49 41 56 46 36 0
52 40 55 56 51 44 29 57 46 52 59 43 50 58 35 0
49 61 61 57 59 46 55 45 52 39 57 45 56 48 47 0
50 57 38 46 41 61 54 51 41 52 63 50 48 64 44 0
56 46 54 53 57 57 52 48 51 51 62 46 54 54 59 0
60 47 52 53 32 41 52 54 46 51 46 43 54 44 40 0
46 50 45 57 63 67 53 49 53 56 51 42 36 46 53 0
49 39 44 45 64 65 49 43 53 52 52 56 51 40 56 0
50 63 55 59 61 52 48 46 45 47 37 40 53 50 50 0
63 50 52 45 63 47 53 55 55 50 50 43 47 47 53 0
50 57 45 57 56 57 58 54 60 46 47 45 35 50 48 0
49 48 47 41 47 52 49 39 45 45 44 49 59 55 53 0
40 52 42 64 49 47 54 38 39 54 58 46 40 56 63 0
43 58 50 45 56 53 55 57 41 54 51 51 41 55 43 0
58 44 62 69 37 42 51 52 46 52 49 51 39 45 49 0
42 55 50 62 52 37 35 48 59 47 48 53 45 38 46 0
48 61 45 51 52 54 40 41 51 36 56 54 53 47 40 0
38 45 53 57 48 51 37 51 52 54 63 45 41 57 45 0
45 55 47 55 53 48 44 47 56 51 50 40 38 57 59 0
51 57 50 59 53 51 46 61 46 53 62 52 45 42 58 0
52 55 44 52 52 58 45 46 37 53 46 54 49 48 42 0
46 57 58 55 45 60 57 56 44 45 49 49 48 58 55 0
54 49 41 60 59 56 53 41 42 47 45 61 47 55 58 0
43 41 48 62 54 48 52 54 51 43 54 48 43 53 61 0
53 50 53 49 48 63 48 42 49 60 46 52 47 49 37 0
51 57 43 52 46 43 63 54 56 55 45 51 43 58 58 0
43 48 47 58 52 48 55 53 48 51 48 49 52 47 58 0
47 48 42 54 45 46 47 47 49 56 37 48 43 39 36 0
48 55 47 45 58 49 61 44 50 48 53 44 46 55 43 0
45 57 53 56 48 58 53 48 58 56 53 37 47 56 57 0
57 44 57 35 50 45 56 43 48 42 40 49 54 59 59 0
50 53 43 47 61 42 42 41 55 57 50 49 33 51 49 0
66 43 56 59 51 63 61 54 34 43 59 67 47 45 51 0
39 45 47 47 51 50 49 48 44 51 57 56 55 48 61 0
55 55 55 36 68 54 46 51 46 54 54 49 57 48 42 0
53 49 57 41 51 66 48 57 55 46 53 63 55 47 72 0
56 45 45 53 53 57 52 50 49 42 44 54 47 52 43 0
43 51 61 48 54 49 59 49 54 54 50 54 39 52 49 0
54 38 64 39 51 49 49 49 58 46 43 42 43 47 53 0
50 61 48 51 48 51 56 57 54 46 52 52 59 47 53 0
38 51 38 32 51 63 58 51 42 50 46 53 45 55 49 0
34 57 51 55 51 53 53 53 55 42 53 52 63 60 44 0
48 42 39 42 48 52 57 64 38 51 52 53 42 42 51 0
58 56 42 47 48 47 44 42 59 52 42 48 56 57 38 0
43 50 67 53 59 56 52 44 44 40 55 49 51 51 63 0
59 45 60 63 39 44 38 52 44 54 49 57 54 39 61 0
46 47 54 49 64 55 47 39 49 44 46 44 57 43 41 0
48 58 39 46 47 53 50 59 57 42 59 53 47 52 49 0
53 55 44 48 57 46 63 57 62 57 48 44 36 60 52 0
59 65 57 48 36 53 56 50 46 55 53 57 49 53 41 0
50 45 47 51 64 43 48 40 52 51 47 60 57 47 46 0
55 51 43 48 51 58 46 40 42 52 40 52 55 62 38 0
45 48 51 53 48 49 60 55 48 58 47 45 52 58 48 0
64 52 37 49 47 42 50 41 40 39 48 52 52 43 59 0
53 49 42 50 49 47 42 44 60 49 67 55 57 49 50 0
51 44 52 50 53 62 45 46 45 43 40 57 54 54 59 0
58 43 55 48 59 43 51 54 56 55 42 39 41 50 49 0
43 48 48 40 56 42 56 43 49 47 54 47 52 45 54 0
66 57 65 49 50 43 52 54 51 51 44 50 49 44 46 0
63 42 43 52 47 49 43 59 64 56 64 37 51 42 43 0
46 45 38 42 50 54 52 54 40 28 56 53 46 46 53 0
59 43 41 51 57 38 46 49 44 46 58 37 48 40 48 0
66 43 56 65 50 55 52 57 46 56 53 44 54 50 48 0
35 54 46 60 54 61 56 45 50 58 52 50 40 48 54 0
56 50 48 56 51 49 59 69 53 59 42 48 46 46 50 0
59 49 46 53 53 36 49 52 56 55 36 54 39 47 56 0
46 59 63 44 60 48 60 47 55 41 46 48 43 32 51 0
46 56 55 43 54 44 44 50 56 46 59 56 53 51 50 0
40 56 45 56 55 45 53 43 42 47 54 57 51 44 43 0
47 46 57 57 55 51 41 56 40 41 60 53 35 39 49 0
64 51 47 64 47 56 58 49 56 50 43 52 48 46 53 0
54 44 49 49 42 48 58 41 61 46 53 76 56 50 48 0
52 50 52 52 42 66 49 62 44 52 49 51 52 59 47 0
52 51 46 62 44 41 38 52 48 51 47 49 43 55 59 0
56 49 58 55 46 54 55 52 53 53 49 57 49 50 60 0
44 47 42 59 36 47 38 51 41 55 54 48 53 50 37 0
40 40 42 52 35 36 66 45 50 44 39 45 37 42 43 0
66 50 50 55 38 48 54 41 54 56 55 42 54 49 52 0
38 43 47 50 37 44 49 53 44 47 45 46 48 56 58 0
50 41 54 49 35 56 55 49 56 49 58 56 50 50 56 0
32 47 47 48 50 51 56 60 51 41 42 55 46 66 55 0
50 37 52 40 46 54 55 40 51 52 57 55 46 47 57 0
52 50 47 47 53 55 60 50 50 47 38 42 48 58 44 0
58 52 64 54 56 38 67 45 57 49 58 49 65 37 61 0
45 57 43 55 36 53 51 55 43 37 52 36 41 53 57 0
37 50 52 52 47 48 48 63 44 50 62 55 57 35 58 0
43 65 51 53 46 50 39 50 58 62 51 41 54 43 47 0
45 46 62 51 56 60 44 54 62 49 45 56 58 47 51 0
45 61 40 51 32 48 51 49 53 42 44 58 59 45 55 0
72 44 54 48 47 50 47 55 54 38 56 36 51 52 55 0
44 45 42 53 52 45 44 46 53 46 40 36 45 56 40 0
44 53 57 44 49 54 51 51 44 50 43 45 39 44 49 0
56 47 65 52 50 44 51 57 50 59 58 39 51 45 57 0
45 58 49 48 49 47 34 55 44 36 46 59 46 52 50 0
42 60 48 52 67 52 45 53 53 49 41 52 48 53 55 0
66 64 67 62 51 57 45 52 47 66 62 42 42 52 52 0
52 58 52 46 47 47 60 53 48 52 53 60 50 45 43 0
38 48 55 36 44 49 52 53 54 52 64 54 37 43 56 0
44 57 63 43 44 54 46 54 41 59 47 42 52 45 56 0
55 44 57 46 44 44 55 30 37 50 47 44 59 42 56 0
50 45 48 39 34 64 48 56 57 63 54 41 37 52 42 0
42 39 62 65 42 37 39 46 38 48 63 49 46 58 52 0
44 62 64 48 56 47 47 49 49 56 47 41 60 53 49 0
54 48 52 46 43 54 58 43 52 52 53 46 48 51 46 0
33 48 60 67 53 67 52 49 46 37 44 46 41 52 64 0
43 61 53 51 39 44 48 51 58 52 38 52 56 54 42 0
47 57 40 55 58 51 51 40 50 45 40 45 43 46 50 0
53 45 49 50 60 47 40 48 50 50 59 58 63 51 56 0
44 41 57 42 56 71 51 55 49 40 33 55 50 52 61 0
61 42 43 52 54 60 34 59 61 49 49 42 55 53 53 0
52 55 47 51 38 42 47 38 46 41 42 48 62 66 43 0
43 44 43 53 41 56 36 43 48 47 50 49 59 58 49 0
47 39 59 55 55 37 65 62 40 44 49 38 58 58 51 0
52 53 59 44 54 49 55 47 43 47 44 42 44 43 61 0
60 65 49 46 55 45 55 46 62 51 53 54 56 57 52 0
52 50 54 72 65 45 46 48 40 33 48 47 44 47 50 0
52 59 37 55 71 52 60 60 53 43 45 64 43 46 51 0
57 37 44 46 67 47 60 34 66 48 38 51 40 48 55 0
50 36 37 40 52 48 41 43 51 58 46 52 48 52 48 0
50 55 47 46 48 50 62 58 56 55 68 50 43 49 54 0
52 45 60 50 53 50 48 55 56 56 40 59 58 40 47 0
51 43 53 63 43 57 56 50 70 46 47 44 68 52 46 0
44 53 45 47 41 60 34 47 45 67 49 58 54 51 66 0
36 56 42 38 46 44 59 39 53 59 54 63 55 46 45 0
47 55 40 42 57 60 46 44 50 38 39 56 49 58 53 0
52 55 59 51 67 38 43 45 40 47 49 55 48 44 55 0
51 49 61 53 59 50 51 54 56 58 51 46 45 53 44 0
43 44 37 47 58 57 45 39 62 37 55 57 54 49 53 0
47 41 61 47 51 47 43 52 43 50 50 40 47 59 46 0
42 50 48 60 52 51 52 65 47 59 46 50 47 46 50 0
55 55 46 53 44 48 55 58 60 48 54 66 55 43 62 0
48 46 43 48 50 62 51 51 51 54 57 52 53 56 50 0
54 44 40 59 46 48 56 51 37 40 47 55 48 51 61 0
58 46 47 49 58 57 51 57 50 48 41 47 47 51 53 0
39 45 47 51 58 56 50 54 51 53 51 56 50 40 46 0
58 56 41 44 56 60 53 57 53 44 50 47 58 48 42 0
40 39 41 37 47 57 43 52 46 57 53 49 42 38 58 0
55 52 41 47 44 41 66 54 75 49 55 60 46 35 36 0
52 47 55 47 61 46 46 49 50 49 43 48 44 74 47 0
57 47 60 44 56 57 51 43 47 51 46 49 48 45 47 0
63 32 58 35 59 44 52 48 56 53 42 50 55 59 63 0
51 45 34 47 50 47 36 60 52 47 46 56 54 48 56 0
33 58 64 47 60 40 54 50 55 46 53 56 45 42 57 0
48 47 34 61 48 46 43 51 53 42 58 48 51 48 52 0
59 48 53 53 63 54 48 49 39 43 45 60 47 47 41 0
50 55 50 48 53 55 59 53 44 55 56 46 59 53 52 0
54 45 31 53 67 50 47 37 61 46 44 61 66 53 55 0
45 52 44 42 46 54 56 48 43 49 56 49 59 46 51 0
38 41 50 56 38 44 54 42 51 45 47 52 48 54 42 0
53 58 51 48 48 59 45 42 50 49 53 53 45 38 50 0
61 60 44 40 43 50 48 47 49 40 47 42 56 56 57 0
65 43 53 44 51 51 54 36 45 51 44 46 57 49 37 0
47 53 56 50 53 62 49 37 43 53 55 56 50 44 50 0
39 51 42 37 59 45 54 57 60 46 53 45 48 39 46 0
39 54 43 52 56 47 58 45 52 53 60 39 60 46 56 0
57 44 51 53 65 47 44 55 51 48 42 46 57 55 57 0
50 54 42 53 40 44 60 49 51 41 60 44 45 40 52 0
47 53 36 46 55 55 55 53 71 59 55 50 55 47 46 0
42 64 51 53 57 46 49 47 55 64 50 41 41 52 54 0
53 60 48 58 55 52 44 55 49 46 48 54 49 43 39 0
41 51 52 51 45 54 49 49 49 52 49 47 50 61 47 0
56 45 49 54 51 51 62 50 58 50 54 54 48 47 57 0
54 63 52 48 40 43 44 40 61 43 52 49 42 55 47 0
48 51 54 53 46 44 43 44 43 43 56 47 48 43 63 0
58 57 52 51 43 58 48 47 49 57 46 44 56 50 51 0
47 56 43 49 52 44 57 53 46 51 54 48 46 49 47 0
55 52 56 51 47 55 62 50 47 46 46 52 47 52 38 0
46 49 43 56 46 48 54 50 41 45 61 46 55 58 57 0
49 46 42 49 56 52 58 52 66 50 56 52 44 46 42 0
55 44 56 64 58 49 45 31 40 57 57 45 65 49 45 0
42 45 52 46 27 50 41 58 50 45 50 61 40 51 46 0
54 52 46 62 43 53 46 46 55 48 49 43 41 54 52 0
56 57 54 43 55 46 41 42 37 46 33 54 55 61 45 0
61 47 53 51 50 44 49 47 51 44 44 47 52 55 41 0
53 37 54 62 46 61 48 43 49 39 41 48 57 56 42 0
54 49 44 52 40 45 51 52 53 57 52 58 49 50 44 0
45 45 59 48 49 52 55 38 56 49 50 57 43 54 63 0
50 54 50 51 47 46 58 42 57 36 61 58 38 57 45 0
44 47 46 43 47 34 43 42 59 44 45 33 45 59 52 0
46 45 54 51 48 44 41 57 39 63 59 53 46 44 49 0
54 63 44 48 57 46 53 56 50 44 50 49 44 42 57 0
62 43 37 59 55 47 51 53 47 52 40 58 43 57 68 0
48 52 50 43 46 53 38 52 50 43 49 57 52 58 56 0
40 56 55 47 34 59 49 57 50 56 51 47 50 42 53 0
55 55 40 49 49 53 65 47 47 47 57 55 67 54 50 0
46 52 49 52 56 59 50 54 51 46 50 53 44 46 46 0
63 46 41 59 46 55 49 45 46 49 53 51 48 62 43 0
53 53 54 52 56 54 51 58 53 38 64 60 67 49 42 0
40 43 44 46 54 56 52 56 52 44 56 42 52 44 47 0
43 51 53 45 58 48 69 38 56 47 41 41 56 39 58 0
54 58 50 43 43 46 51 43 44 53 50 53 49 40 55 0
52 63 54 52 48 42 59 46 51 41 54 53 43 41 41 0
51 57 46 42 64 39 39 53 44 55 51 52 63 42 53 0
54 54 53 53 58 50 44 55 35 43 47 53 50 47 71 0
58 47 51 46 65 55 51 55 47 47 40 39 57 56 62 0
51 57 49 46 50 44 38 45 36 66 48 45 43 53 58 0
41 49 48 62 42 38 45 54 48 44 60 58 44 52 56 0
64 50 40 48 39 43 48 45 60 46 64 59 58 57 50 0
40 52 42 47 42 42 46 50 42 55 51 44 50 51 48 0
54 52 55 57 46 48 49 55 56 43 45 56 40 46 49 0
49 51 37 48 52 49 49 48 39 45 61 38 47 33 51 0
48 57 48 50 52 59 43 57 50 49 51 45 44 54 46 0
49 45 54 58 38 53 56 49 40 42 51 52 58 44 47 0
52 40 54 63 61 56 40 44 35 41 49 40 55 40 61 0
58 46 54 42 50 39 38 55 44 48 59 46 59 49 54 0
58 63 48 58 57 38 50 53 39 50 56 34 63 56 47 0
41 56 43 52 48 50 48 47 44 42 44 58 50 54 57 0
54 49 61 55 64 47 48 55 59 55 45 51 49 52 53 0
42 53 49 63 61 47 44 53 48 43 59 49 53 49 49 0
51 47 51 48 50 50 47 70 63 62 47 37 54 53 63 0
45 53 49 58 46 45 34 61 48 52 44 39 58 57 54 0
51 47 41 56 60 62 65 44 54 44 45 54 57 44 57 0
55 48 58 46 51 46 65 51 53 36 59 62 51 41 54 0
54 64 73 54 43 40 49 52 56 43 47 58 50 58 52 0
49 58 46 37 44 40 61 48 51 50 49 66 41 48 44 0
46 43 53 57 53 42 47 45 49 51 57 48 53 51 47 0
54 35 48 42 63 52 52 52 50 43 47 38 45 53 46 0
60 47 43 53 42 48 52 55 39 55 54 54 59 44 60 0
46 48 48 41 42 43 31 60 52 59 39 48 45 37 57 0
46 51 43 59 59 45 49 54 45 51 67 43 59 56 51 0
51 37 58 50 39 40 47 55 68 45 41 56 44 59 49 0
60 51 42 43 55 50 52 55 37 44 44 41 51 44 50 0
45 51 59 39 65 51 50 52 54 58 54 45 42 51 52 0
51 53 44 52 47 54 53 62 41 45 45 60 53 41 53 0
41 45 53 38 42 71 48 52 50 42 49 53 67 65 42 0
58 55 66 54 53 42 44 51 44 57 41 40 47 54 44 0
59 51 47 45 46 48 49 49 60 55 53 46 62 53 52 0
54 59 55 41 50 54 54 55 41 54 55 46 58 39 42 0
50 45 46 50 57 50 34 64 51 43 52 52 52 64 48 0
47 61 46 49 59 51 48 42 51 40 44 54 55 52 52 0
43 45 61 63 53 49 55 52 52 51 59 45 47 58 44 0
41 59 48 42 59 48 52 35 51 52 46 44 49 55 42 0
47 52 45 50 54 60 59 36 58 48 48 51 45 50 48 0
45 52 64 51 44 53 62 46 51 60 42 58 44 52 57 0
59 43 54 58 49 42 47 53 41 47 58 42 45 56 49 0
38 52 48 53 62 61 53 56 51 44 70 56 63 49 49 0
46 46 67 58 57 71 48 58 59 56 36 39 46 49 56 0
44 34 42 63 59 52 41 39 51 48 52 55 58 57 61 0
53 46 39 57 41 56 40 48 46 56 55 41 51 45 48 0
53 52 48 36 57 49 52 61 55 54 43 46 48 55 49 0
40 40 45 47 61 57 53 47 39 44 59 45 53 44 57 0
47 47 46 55 51 39 36 48 39 47 61 55 38 60 55 0
59 57 51 57 57 46 46 43 61 50 49 65 46 60 53 0
49 62 54 54 55 54 66 42 55 42 48 47 52 44 49 0
32 37 49 57 39 48 57 49 53 50 47 62 50 55 52 0
61 35 58 60 55 51 54 33 42 52 60 46 42 40 43 0
53 53 61 51 53 62 51 43 51 46 54 48 41 53 50 0
42 47 52 49 56 45 52 51 42 43 53 41 30 46 53 0
47 58 46 50 49 38 44 59 53 58 51 43 40 48 43 0
52 50 46 54 42 59 58 52 42 44 60 44 52 63 40 0
42 45 43 52 53 57 56 35 52 54 49 56 47 46 47 0
43 44 44 50 54 47 55 56 57 44 52 64 46 54 54 0
47 47 56 50 48 44 36 57 47 56 56 40 40 51 54 0
45 53 54 52 45 57 50 54 57 41 51 42 52 55 65 0
60 59 65 53 57 38 46 63 46 74 48 44 53 63 50 0
46 62 37 46 64 47 52 63 43 54 52 51 46 45 61 0
54 38 61 65 56 66 52 45 46 56 48 50 57 43 37 0
52 54 41 68 49 48 49 45 46 44 62 41 52 48 50 0
53 40 39 51 41 51 46 59 38 54 36 38 49 65 39 0
54 39 49 48 43 50 54 45 46 46 57 42 49 49 59 0
47 52 63 46 47 48 59 57 60 62 49 48 52 42 57 0
47 41 48 67 60 48 56 69 49 45 55 64 55 45 47 0
38 57 57 48 60 43 48 45 43 41 48 59 40 57 56 0
43 52 41 38 40 52 43 45 54 49 49 43 45 59 51 0
47 57 46 61 53 41 47 52 46 61 49 49 67 47 53 0
51 54 54 53 54 62 45 52 51 49 46 53 37 46 55 0
58 44 52 38 41 56 49 43 46 54 62 52 50 57 59 0
36 55 47 44 56 57 59 60 50 59 49 59 50 50 55 0
52 40 45 38 49 54 40 51 49 49 53 39 50 57 55 0
46 44 56 50 62 65 37 63 37 66 57 51 50 50 51 0
43 48 48 40 60 46 54 56 52 54 53 48 51 43 60 0
41 57 52 39 62 53 51 53 64 48 47 61 38 57 47 0
35 63 41 47 37 64 51 50 47 31 48 46 51 55 42 0
36 49 54 61 49 53 46 52 54 48 42 42 43 56 49 0
46 45 52 52 47 44 55 57 61 50 31 57 54 41 49 0
48 55 39 44 46 42 40 54 45 51 45 43 40 56 52 0
39 58 53 54 48 55 56 43 45 44 41 57 38 54 49 0
58 60 59 39 57 41 53 43 61 60 59 48 35 46 45 0
40 66 49 48 46 47 53 64 44 51 51 51 48 63 47 0
37 57 37 46 42 68 65 56 42 51 46 68 44 49 40 0
41 48 48 57 51 44 52 53 47 52 52 41 46 45 43 0
50 39 40 44 44 42 52 49 55 45 61 49 46 43 47 0
57 54 59 53 51 49 50 43 46 45 49 37 51 58 52 0
54 55 43 53 52 55 59 47 53 55 52 57 53 46 68 0
55 45 35 44 56 57 49 62 73 46 48 42 58 55 46 0
48 60 49 50 52 70 60 40 43 57 53 49 41 51 58 0
43 49 58 35 36 44 61 54 55 57 44 57 59 47 41 0
50 56 52 44 44 44 43 48 36 39 50 59 48 56 54 0
55 49 42 52 53 40 49 53 62 38 51 42 44 47 51 0
52 46 43 57 36 48 52 50 46 50 47 46 58 42 54 0
48 48 43 51 42 49 55 54 49 51 56 57 44 44 55 0
56 52 64 45 45 53 53 53 53 50 49 35 47 56 50 0
55 52 62 65 45 48 34 47 57 42 50 48 52 44 41 0
53 60 40 58 36 42 59 51 52 57 47 55 48 56 50 0
47 54 54 48 44 45 45 56 54 47 58 51 47 39 52 0
42 49 42 54 48 63 50 49 40 39 51 49 67 53 45 0
44 58 45 52 46 45 65 53 45 55 45 44 42 47 35 0
50 41 53 49 44 56 49 56 54 41 47 44 43 52 40 0
43 43 55 60 48 47 52 46 56 55 48 39 48 52 49 0
49 55 50 54 52 64 52 72 62 47 46 54 53 40 52 0
57 46 39 43 36 52 40 58 43 46 49 49 44 49 58 0
64 43 50 41 42 45 49 55 50 45 70 56 52 43 44 0
68 39 46 43 50 46 49 38 61 47 42 39 59 54 54 0
56 55 56 59 58 45 65 67 38 47 50 54 47 45 52 0
47 45 55 61 54 52 47 55 59 47 40 57 53 50 58 0
48 40 44 40 44 44 72 59 48 57 64 51 45 54 44 0
43 48 54 51 42 49 52 45 57 46 50 49 48 62 44 0
37 56 53 45 33 60 49 51 51 63 38 42 52 52 42 0
56 35 48 49 57 49 45 42 39 45 34 42 54 38 40 0
67 52 59 56 43 60 55 42 46 44 67 54 50 51 61 0
52 46 38 45 49 45 49 51 56 53 57 44 55 63 39 0
50 54 56 59 70 50 46 50 53 51 48 50 48 47 52 0
55 56 42 56 49 54 50 47 35 37 58 66 41 49 41 0
47 53 46 47 62 48 40 51 39 45 47 48 43 61 55 0
59 42 48 45 57 45 50 54 52 50 60 46 45 58 59 0
52 46 46 49 45 56 58 39 54 48 60 59 51 57 49 0
54 41 43 42 40 54 53 49 48 57 55 59 54 43 46 0
51 53 43 49 46 52 44 46 42 54 39 40 46 54 48 0
62 49 46 45 56 61 45 57 55 49 55 47 57 54 49 0
54 52 67 54 51 50 51 43 60 36 46 42 52 47 54 0
40 53 44 55 53 49 50 57 46 47 51 36 44 56 49 0
52 58 66 39 46 58 47 43 47 52 51 52 50 36 37 0
60 41 57 49 48 58 43 44 64 62 50 61 42 56 55 0
44 46 44 60 55 62 53 57 61 42 51 53 47 49 48 0
46 41 53 58 52 44 58 50 66 48 42 57 46 46 57 0
70 54 55 44 42 50 45 43 35 57 49 50 47 56 54 0
48 52 51 62 48 49 50 54 64 46 52 55 38 59 65 0
52 55 48 48 49 49 48 47 51 46 48 51 55 57 50 0
48 38 45 54 54 53 54 65 52 51 41 45 41 66 49 0
56 46 59 57 44 51 42 39 48 43 52 61 47 42 49 0
54 38 65 50 52 44 54 55 57 65 48 41 44 66 57 0
45 45 55 42 53 57 56 60 41 58 54 56 35 64 61 0
42 60 52 48 42 29 48 52 51 52 47 63 44 46 41 0
48 61 40 41 47 58 56 60 50 48 68 39 35 55 57 0
51 48 43 40 53 52 45 52 53 52 56 61 37 49 46 0
40 50 44 43 48 51 52 45 54 49 44 33 43 51 50 0
51 59 43 46 61 54 49 49 50 40 36 52 47 43 46 0
42 55 40 43 35 40 38 48 53 45 43 55 49 39 58 0
54 48 49 50 56 51 48 48 50 44 57 46 47 46 60 0
48 63 43 39 65 52 41 45 37 54 48 51 58 47 49 0
50 57 40 44 43 48 43 56 49 56 46 43 57 42 42 0
37 50 48 46 52 58 43 56 51 43 56 56 54 51 47 0
46 58 50 47 44 42 55 58 53 46 49 40 62 54 54 0
57 53 46 52 59 51 58 58 44 43 34 37 51 54 45 0
51 45 52 56 58 63 49 55 54 44 45 48 54 51 62 0
36 58 54 59 56 52 65 50 48 63 58 49 62 57 44 0
54 44 39 55 54 42 56 57 46 53 46 49 49 46 50 0
43 46 44 44 45 39 49 52 50 48 57 52 40 47 53 0
51 62 60 54 53 40 49 59 49 44 48 55 43 48 50 0
56 43 58 49 55 50 57 39 44 47 58 54 52 47 61 0
42 53 50 54 39 61 30 52 61 39 50 43 68 60 44 0
48 45 53 53 61 54 61 58 50 40 40 62 59 46 60 0
53 47 45 47 60 53 36 46 37 54 47 47 41 49 57 0
52 55 35 46 49 41 57 52 48 48 55 65 41 47 58 0
53 52 50 55 47 42 47 52 47 46 56 40 52 47 42 0
53 56 54 49 45 51 52 57 39 46 38 38 54 52 41 0
44 47 44 50 53 61 45 49 48 50 42 45 45 45 47 0
45 45 49 51 46 59 60 54 56 59 38 55 56 41 68 0
49 51 59 59 49 54 48 53 55 51 59 47 32 56 48 0
56 56 49 42 50 64 42 42 52 58 48 60 56 56 60 0
65 63 36 49 48 55 44 43 46 47 47 38 58 54 46 0
51 65 55 57 42 45 54 47 56 60 40 51 47 45 50 0
57 57 56 46 35 60 48 54 42 36 55 67 49 52 51 0
61 53 53 56 57 53 56 50 53 48 40 52 46 59 51 0
39 54 45 36 44 58 51 44 43 50 54 43 44 53 46 0
