49 0 0 0 0 0 0 0 10 0 2 0 0 0 0 0
51 34 25 21 11 0 0 0 0 0 0 0 0 0 1 0
46 0 0 0 0 42 45 1 0 0 7 0 0 0 0 0
54 49 30 8 0 0 0 0 1 0 0 0 0 1 0 0
57 46 21 0 0 0 0 0 0 0 0 0 0 0 0 0
47 0 2 0 0 33 21 0 0 0 0 0 0 0 20 0
48 28 1 0 0 0 1 0 0 0 1 3 0 14 0 0
50 0 0 0 0 45 1 14 0 9 0 0 0 0 0 0
54 0 0 0 0 46 26 0 0 1 0 19 0 0 0 0
57 47 0 0 0 0 0 0 0 0 1 1 0 6 0 0
62 0 0 0 6 38 0 0 3 0 0 0 3 0 0 0
43 7 8 0 0 44 27 0 0 1 0 22 20 0 0 0
47 2 0 0 0 0 0 0 0 0 0 1 0 0 0 0
51 13 16 0 0 0 0 0 2 0 0 0 0 0 0 0
44 0 0 0 0 45 36 0 0 0 0 1 0 0 26 0
56 0 0 0 0 49 8 0 11 0 0 1 0 0 0 0
53 1 2 0 0 0 0 0 5 4 0 0 0 0 0 0
44 0 0 0 1 41 2 0 1 0 0 1 0 0 0 0
45 0 0 0 0 41 9 21 0 3 0 0 0 0 0 0
46 0 0 0 0 41 32 0 3 0 0 13 0 1 1 0
55 47 39 43 18 3 0 3 0 0 0 0 0 0 0 0
42 0 0 1 2 40 30 11 0 0 0 0 0 0 0 0
52 0 1 1 3 20 13 15 0 0 0 0 0 0 0 0
51 0 0 0 0 45 6 20 0 0 0 0 0 2 0 0
43 0 0 5 0 49 18 0 0 0 0 4 0 0 0 0
50 0 1 0 0 48 0 1 0 12 1 0 7 4 0 0
53 0 0 0 0 32 18 0 0 0 0 8 0 0 0 0
49 0 0 0 0 31 25 0 0 0 1 11 0 0 0 0
58 1 0 0 0 45 17 20 1 2 12 0 0 0 0 0
45 0 0 0 0 34 21 9 3 0 8 0 0 0 0 0
56 21 25 36 18 0 0 2 0 0 0 0 0 0 0 0
57 6 0 0 0 48 39 0 0 0 0 0 0 0 20 0
52 0 0 0 0 9 9 0 0 0 0 5 1 0 0 0
51 37 1 0 1 0 0 0 0 0 0 0 2 0 0 0
47 0 5 0 0 39 13 0 2 0 0 22 0 0 0 0
40 43 0 3 0 0 0 0 2 0 0 0 0 3 0 0
45 0 0 0 0 59 31 0 1 0 0 0 1 0 2 0
46 0 0 0 1 0 0 0 0 0 0 0 4 1 2 0
56 0 0 0 0 45 8 0 24 0 0 2 1 1 0 0
42 0 0 0 1 44 2 10 0 0 0 0 0 0 0 0
45 18 13 0 0 0 0 0 0 0 0 0 5 2 0 0
51 0 0 0 0 22 29 0 0 0 0 0 0 0 0 0
46 0 0 0 1 25 34 0 0 0 2 0 0 0 11 0
39 11 0 0 0 0 3 0 0 0 0 0 0 0 0 0
46 0 1 0 0 31 1 0 0 0 0 0 0 0 0 0
53 0 0 1 0 11 1 0 1 2 0 0 0 8 0 0
41 18 27 18 0 1 0 0 3 0 0 0 0 0 0 0
54 27 0 0 0 0 0 0 0 1 0 0 7 2 0 0
47 0 0 0 0 50 13 0 0 0 0 24 7 0 0 0
46 1 1 0 0 39 1 33 0 0 30 0 0 1 0 0
59 37 0 0 0 0 0 0 0 0 0 0 0 0 2 0
51 25 0 0 0 0 0 0 0 0 1 0 0 15 0 0
59 0 0 0 0 30 21 0 0 0 0 0 0 0 8 0
53 0 0 0 0 48 4 26 0 0 27 0 0 0 0 0
42 32 0 0 0 0 0 4 0 0 0 0 0 28 0 0
53 0 0 0 0 49 1 28 0 0 18 0 0 0 6 0
36 29 1 0 0 0 2 4 0 2 1 1 0 0 0 0
40 0 0 0 0 57 8 0 0 0 0 19 15 0 0 0
60 0 0 0 0 8 0 2 0 1 0 0 0 0 1 0
56 17 4 0 0 0 1 0 0 0 0 0 0 0 0 0
45 0 0 0 1 42 27 0 10 1 0 0 0 0 0 0
50 11 30 9 12 0 3 0 0 0 0 0 1 0 0 0
53 38 24 16 1 0 0 0 0 0 0 4 0 0 0 0
55 0 0 0 0 53 20 5 0 23 0 1 0 0 0 0
56 0 0 0 0 52 2 0 0 0 0 26 5 0 0 0
58 13 0 0 0 0 1 0 1 0 0 0 0 0 2 0
52 0 0 0 1 48 4 0 0 0 0 17 11 1 10 0
51 30 7 4 2 0 0 0 2 0 0 3 0 0 0 0
57 39 28 7 7 0 0 0 0 0 0 6 3 0 0 0
53 12 3 0 0 0 3 0 0 0 0 0 0 0 0 0
48 2 0 0 0 26 2 0 8 1 0 0 1 0 11 0
59 0 0 0 0 44 14 0 2 0 0 0 0 0 24 0
43 39 0 0 0 1 1 0 0 0 0 0 0 29 0 0
49 4 0 1 0 48 14 12 0 0 0 0 0 0 3 0
52 0 0 0 0 37 13 18 0 0 0 0 0 0 0 0
40 0 0 0 0 43 5 0 0 0 0 58 6 0 0 0
56 43 42 31 5 0 1 0 0 0 0 0 0 0 0 0
54 0 5 0 2 47 20 15 0 0 6 0 0 4 0 0
53 23 2 0 5 8 0 0 1 0 1 0 0 0 0 0
47 5 1 0 0 0 1 0 1 0 0 1 0 0 0 0
47 9 0 0 0 0 0 0 0 0 1 0 0 2 0 0
47 0 0 1 0 55 8 0 1 0 1 4 0 0 0 0
59 0 0 0 0 0 0 2 1 0 0 1 0 5 0 0
59 0 0 0 0 53 9 0 3 0 0 4 2 0 0 0
39 0 1 0 0 44 14 2 0 10 0 0 5 1 0 0
56 30 0 0 1 0 3 0 0 0 0 0 1 8 2 0
44 0 0 0 0 27 5 0 4 0 0 0 0 0 0 0
57 51 29 10 6 0 0 1 0 0 0 0 0 0 3 0
63 30 31 33 3 2 0 2 0 0 0 0 1 0 0 0
43 0 0 0 2 50 31 0 0 2 0 0 0 0 0 0
51 0 1 0 5 41 14 3 16 0 0 0 2 1 0 0
39 0 0 0 1 17 12 0 0 0 0 2 0 4 0 0
58 27 34 7 2 0 0 0 0 1 0 0 0 0 0 0
39 16 0 0 2 0 0 0 0 0 0 3 5 3 0 0
41 2 0 0 0 29 21 7 0 1 0 0 0 0 0 0
54 0 0 0 0 52 6 0 0 0 2 29 2 1 0 0
50 0 1 0 0 23 0 0 0 0 0 0 1 0 0 0
60 0 1 1 1 6 1 0 10 0 0 0 0 0 0 0
43 8 0 6 0 0 0 0 0 0 0 0 0 0 0 0
41 0 0 0 0 43 25 0 5 2 1 23 0 0 0 0
56 32 31 6 1 0 0 0 0 0 12 0 0 1 0 0
51 0 0 1 1 43 0 13 3 1 3 0 0 0 6 0
61 0 0 0 0 42 21 0 0 0 2 0 0 1 0 0
56 0 3 0 0 19 0 0 1 0 0 5 0 0 0 0
42 0 0 0 0 47 1 0 0 0 0 34 4 0 0 0
55 0 0 0 0 33 20 0 40 0 0 0 0 0 1 0
43 0 2 0 0 41 1 6 0 8 0 0 0 0 0 0
36 37 34 0 2 0 0 0 1 1 0 0 0 0 0 0
45 0 1 2 2 49 21 17 0 0 10 3 0 1 0 0
46 0 0 1 0 34 28 6 0 0 7 0 1 1 0 0
52 0 0 0 0 39 0 0 0 0 0 1 0 1 0 0
54 0 0 1 0 19 1 1 1 3 0 0 1 0 0 0
52 32 29 0 0 2 0 0 0 0 0 0 0 0 0 0
50 51 49 3 10 0 0 0 0 0 0 1 0 0 2 0
63 2 0 0 1 38 19 3 19 0 0 1 3 0 0 0
49 35 0 1 0 0 0 0 0 0 0 0 1 38 2 0
48 0 0 0 0 41 19 1 0 1 3 15 16 0 0 0
58 55 41 32 9 0 0 5 0 0 1 0 2 0 0 0
41 0 0 0 0 32 4 0 1 0 0 6 15 0 0 0
52 0 1 0 0 48 12 9 0 5 0 0 5 0 5 0
56 0 0 0 0 37 31 0 0 0 0 6 0 0 0 0
65 0 1 0 0 47 14 23 0 0 0 0 0 0 0 0
50 0 0 0 0 52 26 0 1 0 0 0 0 0 21 0
52 0 0 0 1 2 0 0 1 0 0 0 0 0 0 0
40 0 2 0 0 30 12 2 1 0 0 1 0 0 0 0
59 0 1 0 0 33 1 0 1 0 0 30 16 0 0 0
30 56 17 8 0 0 0 0 0 0 0 0 0 0 0 0
42 54 37 12 7 0 0 0 8 0 1 0 0 0 0 0
45 0 1 0 0 38 13 6 0 0 3 0 0 0 0 0
47 0 0 0 0 34 4 14 0 0 2 2 0 0 4 0
48 0 0 0 1 23 13 0 0 0 0 5 0 5 0 0
56 23 0 0 0 0 0 0 0 0 0 2 0 11 0 0
49 0 0 0 1 9 5 0 0 2 0 0 0 0 3 0
42 36 52 31 12 0 0 0 0 0 0 0 0 0 3 0
35 0 0 0 0 19 8 6 1 6 8 0 0 1 0 0
47 0 0 0 4 24 27 0 0 0 0 0 0 0 5 0
51 0 1 0 0 21 7 0 0 5 0 18 10 0 0 0
49 0 0 0 3 44 28 0 0 0 0 0 0 0 3 0
50 0 0 0 0 0 0 0 0 0 0 0 0 0 0 0
56 0 0 0 0 11 11 0 0 1 0 0 0 0 5 0
60 43 20 4 0 0 1 1 1 0 0 0 0 0 0 0
46 14 0 0 5 0 0 0 0 0 2 0 0 30 0 0
49 0 0 1 0 48 7 1 6 3 0 0 2 0 2 0
50 1 0 1 0 41 37 0 1 0 0 1 0 0 11 0
63 1 1 2 0 20 8 0 0 0 0 0 0 0 1 0
50 57 20 0 0 0 0 0 0 0 2 0 4 0 0 0
49 0 0 0 0 40 0 12 0 29 0 0 0 1 0 0
30 1 0 0 1 40 7 0 0 1 0 15 11 0 0 0
43 0 0 0 0 34 5 0 12 1 0 1 0 2 0 0
58 0 2 0 0 20 0 0 0 0 1 0 0 0 2 0
42 0 19 0 1 0 0 0 0 0 0 1 0 0 0 0
48 57 25 34 18 0 1 0 0 0 1 0 0 0 3 0
38 0 0 0 0 20 7 8 0 0 1 11 0 0 0 0
45 43 30 17 0 0 0 0 0 5 1 0 1 0 1 0
51 0 1 0 0 51 2 0 34 0 0 1 0 2 0 0
52 0 0 0 0 42 1 0 0 1 0 30 0 0 0 0
46 21 0 0 2 0 0 0 1 0 0 0 0 0 0 0
51 0 0 1 0 34 20 1 0 0 0 3 0 0 0 0
43 37 2 1 0 0 5 0 3 1 2 0 0 1 0 0
51 2 0 0 0 34 0 0 0 0 0 0 0 0 0 0
50 0 0 0 0 0 0 0 0 0 0 0 0 0 0 0
43 45 22 1 7 0 0 0 1 11 0 0 0 0 0 0
47 0 0 0 0 42 15 3 0 7 0 0 0 0 0 0
47 0 0 0 0 28 2 21 0 2 9 0 0 2 0 0
45 0 1 1 0 55 2 0 1 1 1 12 0 0 0 0
53 0 0 0 0 44 25 0 21 0 0 0 0 0 1 0
50 1 0 0 0 26 7 9 0 0 8 0 1 4 0 0
66 0 2 0 0 60 21 12 0 9 1 0 0 0 0 0
39 0 0 0 0 10 0 0 0 0 0 1 2 0 0 0
55 0 0 0 1 42 7 0 0 1 0 22 0 0 0 0
53 43 15 1 0 0 0 0 0 0 0 0 0 1 0 0
56 16 0 0 0 0 2 0 0 0 0 0 0 0 0 0
42 0 0 0 0 46 5 4 4 0 0 0 0 0 0 0
54 29 15 0 3 0 0 1 0 0 0 0 0 1 0 0
50 17 12 0 0 0 2 0 0 0 0 0 0 1 0 0
38 0 1 0 0 58 13 0 0 0 0 0 0 0 1 0
34 0 0 0 0 52 30 2 0 0 0 4 0 0 2 0
48 36 19 4 0 0 0 0 1 0 0 0 0 0 0 0
57 21 0 0 2 0 0 0 0 0 0 0 0 0 0 0
43 0 0 0 0 44 38 0 0 1 1 0 0 5 8 0
59 0 0 0 0 38 7 0 0 0 0 0 0 1 1 0
46 1 0 0 0 15 0 0 0 1 3 0 0 0 5 0
48 0 0 0 0 21 5 1 0 0 0 0 2 0 0 0
53 48 0 0 0 1 0 0 0 1 0 0 2 1 0 0
57 0 0 0 2 32 8 0 7 0 0 2 0 1 0 0
50 0 0 0 0 22 21 0 0 3 0 1 0 0 0 0
55 0 0 0 0 1 0 0 0 0 0 0 0 0 0 0
45 0 0 0 1 30 4 21 0 0 3 0 0 0 0 0
64 0 0 0 1 0 0 2 2 1 1 0 0 0 0 0
53 0 0 0 0 38 12 13 0 16 0 0 0 0 0 0
51 4 0 0 0 58 19 3 0 0 0 0 0 0 0 0
58 0 0 2 0 0 0 0 0 0 0 4 3 0 1 0
43 0 0 2 0 27 7 0 2 0 7 0 2 0 0 0
60 0 5 0 0 6 0 0 0 1 0 0 0 0 2 0
63 2 0 0 0 24 1 0 10 2 0 0 0 0 0 0
40 0 0 0 0 43 0 36 0 0 25 1 5 0 0 0
59 0 1 0 1 34 30 1 0 17 0 1 2 1 0 0
66 0 0 0 0 55 0 0 0 0 0 0 0 0 0 0
35 0 0 9 0 51 6 0 3 0 0 32 1 0 0 0
56 3 0 0 0 38 0 0 0 0 0 0 7 1 1 0
56 1 0 0 0 28 0 0 0 1 1 24 3 0 0 0
46 18 1 0 0 0 0 0 0 7 0 0 0 0 0 0
45 39 28 26 3 1 0 0 3 0 0 0 0 4 0 0
40 0 0 0 0 3 0 1 0 0 0 0 3 0 0 0
47 0 2 0 0 46 13 1 5 0 0 0 0 0 22 0
64 34 5 0 0 0 0 0 0 0 0 0 0 2 0 0
54 0 0 0 0 47 29 9 7 0 0 0 0 0 0 0
52 3 1 0 0 51 17 11 0 0 0 0 0 6 0 0
52 0 0 1 0 33 4 0 0 2 3 11 0 0 5 0
56 0 0 0 0 23 12 0 3 0 0 0 0 0 0 0
44 32 0 0 2 0 0 1 0 0 0 0 0 24 0 0
40 24 2 0 0 0 0 2 0 0 0 0 0 0 0 0
62 1 0 0 0 26 9 3 0 1 13 0 0 0 0 0
38 0 0 0 0 0 0 0 0 0 0 1 0 3 0 0
50 23 0 0 0 0 0 0 2 0 9 0 0 2 0 0
32 0 0 0 0 37 31 0 0 0 0 0 0 0 2 0
50 0 4 0 0 47 26 0 0 0 3 6 0 0 0 0
52 0 0 1 0 52 25 0 0 0 4 0 0 1 0 0
58 39 44 18 6 0 3 0 0 0 0 1 0 0 0 0
45 35 19 4 0 0 0 0 0 0 0 0 0 0 0 0
37 0 1 0 0 46 31 0 0 0 6 18 9 0 1 0
43 2 1 6 0 41 28 4 0 0 2 0 1 0 2 0
45 1 0 1 0 59 12 21 0 2 0 1 1 0 0 0
45 36 0 6 0 0 0 0 2 0 0 0 0 21 0 0
72 0 0 1 0 31 12 0 1 0 0 9 0 0 0 0
44 0 0 3 0 13 1 0 3 0 1 0 0 0 0 0
44 0 0 0 0 45 0 0 0 2 0 24 23 0 2 0
56 1 0 0 1 42 14 0 4 0 0 0 0 0 3 0
42 23 17 0 0 0 1 0 0 0 0 1 0 0 0 0
42 14 0 0 1 0 0 0 0 0 0 4 0 0 0 0
66 1 1 0 4 50 12 0 0 0 3 16 4 0 0 0
52 42 5 0 0 0 0 0 0 2 0 0 5 0 0 0
38 0 0 0 0 44 14 42 0 0 0 4 0 0 0 0
44 42 43 19 5 0 0 2 0 0 2 0 0 0 0 0
55 0 0 0 0 42 4 0 1 0 0 9 0 0 1 0
50 2 3 0 0 50 12 1 0 0 0 2 0 0 0 0
42 0 0 0 0 21 4 25 0 0 2 0 0 1 0 0
44 0 0 0 0 32 41 0 0 1 0 0 0 0 4 0
54 0 0 0 0 3 0 0 0 0 0 0 0 0 0 0
33 21 22 0 0 0 0 0 0 0 0 1 0 2 0 0
43 49 0 0 0 0 3 0 0 0 0 0 0 6 0 0
42 55 23 27 16 0 0 0 0 0 0 0 0 0 0 0
53 0 1 0 0 33 16 0 1 2 0 0 3 0 0 0
42 3 0 0 0 0 0 0 0 0 1 0 0 14 0 0
61 0 0 3 0 41 16 0 9 0 0 0 0 0 0 0
51 0 0 0 0 38 9 0 0 0 2 0 1 0 0 0
43 0 0 4 0 36 7 3 7 0 0 0 0 0 0 0
47 0 6 0 2 29 1 0 0 0 4 15 2 1 4 0
46 0 1 1 0 34 7 3 0 0 1 18 13 0 4 0
60 62 45 20 32 0 0 0 0 0 0 0 0 0 0 0
51 46 0 0 0 1 0 0 0 0 0 0 1 8 1 0
51 0 0 0 0 39 8 14 0 10 1 0 0 0 4 0
57 20 13 0 0 2 0 1 1 0 2 0 0 0 3 0
49 1 0 0 0 29 26 0 4 0 0 0 0 0 0 0
49 54 34 22 3 0 1 0 12 1 0 1 0 0 0 0
50 19 39 7 13 0 0 0 1 0 0 0 1 3 0 0
51 0 0 0 0 15 1 8 0 0 0 0 0 0 0 0
44 0 0 0 0 0 0 0 0 0 0 0 0 0 0 0
36 54 28 5 0 0 0 0 0 0 0 1 0 0 0 0
47 46 8 0 0 0 0 1 2 0 0 0 0 0 5 0
48 52 31 0 3 1 6 1 0 0 0 2 0 4 0 0
51 37 40 22 5 0 0 1 0 0 1 0 0 0 0 0
43 0 0 2 0 36 23 0 0 0 1 0 3 0 0 0
47 27 25 15 0 2 0 0 1 0 0 1 0 0 0 0
42 0 0 0 0 39 1 24 0 0 23 0 0 0 1 0
55 0 0 4 0 26 1 7 0 0 8 0 0 0 0 0
48 1 0 0 0 20 0 22 1 1 0 0 0 0 0 0
54 0 0 0 0 40 3 0 0 0 0 5 1 0 0 0
58 1 0 0 0 52 6 1 0 0 0 0 2 0 0 0
39 42 38 41 24 0 0 0 0 0 0 0 1 0 0 0
58 0 0 0 0 51 13 2 0 1 0 0 0 7 0 0
38 0 0 1 0 47 19 0 0 0 0 0 0 0 0 0
55 0 0 0 0 36 26 0 0 0 0 12 0 0 1 0
50 0 0 0 0 33 22 0 0 1 2 6 1 0 2 0
57 0 1 1 10 20 15 1 1 0 4 0 0 0 0 0
62 9 15 0 0 0 0 1 0 0 0 1 1 0 0 0
51 42 8 0 0 0 7 0 0 0 1 0 0 0 0 0
33 57 27 13 7 0 0 0 0 0 0 0 0 4 1 0
48 34 24 12 1 0 0 0 2 0 0 2 0 0 2 0
59 0 1 0 0 27 14 0 0 0 0 0 2 0 0 0
50 35 20 15 0 0 0 10 0 0 0 0 2 0 0 0
52 0 0 0 2 34 6 0 0 0 0 0 0 0 0 0
45 36 4 0 0 1 0 0 0 0 0 3 0 0 0 0
38 0 0 0 0 42 33 2 0 2 0 0 0 0 0 0
53 0 1 0 0 41 18 3 0 1 0 3 0 0 0 0
61 0 0 0 0 0 0 0 0 2 0 0 0 1 0 0
65 0 0 0 3 37 9 3 0 3 0 0 0 0 0 0
47 0 1 2 4 48 11 7 0 0 8 0 0 0 0 0
38 0 0 0 0 43 11 0 0 0 0 12 4 0 0 0
35 0 0 0 0 3 0 0 0 0 0 0 1 0 0 0
57 0 0 2 0 37 0 0 0 0 0 0 4 0 5 0
48 13 0 0 0 0 1 1 0 0 0 2 0 5 0 0
47 52 15 3 0 0 0 0 0 0 0 0 4 0 0 0
42 0 0 0 0 27 34 0 0 0 0 5 0 0 9 0
53 0 2 1 0 51 5 25 0 0 10 8 3 0 0 0
41 0 0 0 0 54 4 0 0 0 0 0 0 0 5 0
56 0 1 2 0 37 2 18 0 0 0 0 0 0 0 0
49 25 28 0 0 0 0 1 0 0 0 1 0 0 0 0
48 0 0 0 2 22 0 0 1 0 0 10 5 0 0 0
58 0 0 0 0 0 8 2 0 0 0 0 9 0 0 0
47 0 0 0 2 41 2 26 0 7 0 0 0 0 0 0
55 51 39 0 0 1 0 0 0 0 0 0 0 3 0 0
46 31 0 1 0 10 1 0 0 0 0 0 0 22 2 0
49 0 0 0 0 23 0 0 0 0 3 1 0 0 0 0
55 0 0 0 0 22 6 2 18 0 0 0 1 0 0 0
41 33 36 10 0 0 0 0 0 0 1 0 0 0 0 0
53 0 0 0 0 45 19 0 0 0 0 10 0 0 1 0
56 32 0 0 0 0 0 0 0 0 0 0 0 0 0 0
61 0 2 3 0 25 23 0 0 0 0 0 1 1 6 0
53 0 0 0 0 40 5 13 0 1 0 1 1 0 0 0
52 0 1 0 3 35 0 0 8 0 0 18 0 0 0 0
45 41 28 15 0 0 1 0 3 0 0 0 1 7 0 0
50 4 1 0 0 45 17 0 28 0 0 0 0 0 0 0
44 2 0 0 0 31 2 20 0 0 17 0 0 4 4 0
46 31 3 0 1 2 0 0 0 2 0 0 4 0 0 0
54 0 0 0 0 41 4 0 2 0 0 0 0 0 4 0
62 28 21 0 0 0 2 4 0 0 0 0 0 0 6 0
48 0 0 3 0 32 13 0 0 0 1 6 1 0 19 0
40 52 0 0 0 0 0 7 0 0 2 0 0 31 0 0
55 36 6 0 0 0 0 0 0 1 0 0 0 0 1 0
46 0 0 0 0 36 18 0 1 0 0 0 0 0 0 0
59 0 0 0 0 4 10 8 0 0 0 0 0 0 0 0
51 0 8 0 1 48 7 4 0 0 0 0 0 0 0 0
40 33 0 1 0 0 0 0 3 0 0 0 1 25 0 0
43 17 7 0 0 0 10 1 0 7 0 1 0 0 0 0
54 0 0 0 0 0 1 0 0 0 0 0 0 0 4 0
52 0 0 2 0 21 13 0 0 0 2 1 0 0 0 0
51 55 34 31 27 1 0 0 0 0 8 0 0 0 0 0
54 0 0 1 0 46 0 32 1 1 0 0 3 0 0 0
57 0 0 0 0 35 6 12 0 2 0 0 0 0 0 0
51 54 0 0 0 2 0 0 1 1 0 0 0 37 0 0
41 39 24 28 0 0 1 0 0 1 0 3 0 0 1 0
64 0 0 0 0 40 9 3 0 6 0 0 0 0 0 0
40 47 0 0 0 0 3 0 0 0 0 0 0 9 0 0
54 0 0 0 0 48 11 1 0 0 0 0 2 0 14 0
48 0 0 0 0 8 0 0 0 0 0 0 0 0 0 0
48 53 17 0 0 0 0 0 0 0 0 0 2 0 1 0
49 11 0 0 0 3 2 0 3 0 0 0 1 0 0 0
52 0 0 0 8 56 3 0 0 0 0 33 10 0 0 0
58 44 48 22 8 0 0 0 0 6 3 0 0 0 0 0
57 36 6 0 0 0 8 0 0 0 0 0 0 0 0 0
41 0 3 0 0 17 17 0 0 0 0 0 0 2 10 0
54 0 0 0 0 0 0 0 0 0 0 0 0 0 0 0
42 1 0 0 0 0 6 0 0 1 0 0 0 0 0 0
50 3 0 2 0 34 7 0 0 0 2 15 1 0 0 0
45 0 0 8 0 10 4 0 3 0 0 0 0 0 0 0
51 41 17 15 2 0 0 0 0 0 2 0 0 6 0 0
55 34 0 0 0 0 0 4 4 0 0 1 0 16 0 0
54 0 0 3 0 28 22 0 6 0 0 2 0 1 0 0
49 15 0 0 0 0 0 0 0 0 0 6 7 19 0 0
45 0 0 1 0 23 6 0 0 0 0 0 0 0 4 0
54 1 0 2 0 34 42 0 0 0 4 0 0 0 0 0
54 46 30 0 0 5 0 0 0 0 0 0 2 0 0 0
46 0 0 0 2 43 7 3 0 0 0 5 0 0 0 0
45 50 31 17 2 1 0 0 0 1 2 0 0 0 1 0
51 0 2 0 8 20 6 9 1 0 2 0 0 0 0 0
60 0 0 0 0 36 0 0 0 0 0 30 13 0 0 0
42 0 0 0 0 34 4 5 6 0 4 0 0 0 3 0
51 1 0 0 2 32 10 18 0 3 0 0 0 0 0 0
41 0 0 0 0 28 3 0 0 0 0 0 0 0 0 0
57 2 2 0 2 0 0 0 1 0 0 3 0 1 0 0
59 0 0 0 0 46 0 1 0 0 0 0 0 0 1 0
54 0 0 0 0 37 10 0 0 0 0 0 0 4 0 0
50 44 5 0 0 0 0 0 1 1 0 0 12 2 0 0
47 46 36 19 0 0 1 0 0 0 0 0 0 1 0 0
43 0 0 0 0 43 22 0 5 1 0 6 0 0 22 0
41 0 0 0 1 0 0 0 3 5 0 0 0 1 1 0
47 0 0 0 0 35 7 26 2 0 7 1 0 0 0 0
45 0 0 0 0 34 35 4 0 0 0 0 0 2 0 0
59 22 17 0 0 0 2 0 0 0 0 0 0 0 0 0
38 0 6 1 0 51 26 0 1 0 0 0 0 0 0 0
46 1 0 0 0 53 6 28 0 0 0 0 0 0 0 0
44 16 0 0 0 0 0 0 1 0 0 0 0 17 0 0
53 0 0 0 0 54 29 0 1 0 0 0 0 0 20 0
53 23 0 0 2 0 0 4 0 1 0 0 0 0 0 0
40 0 0 0 0 51 2 21 1 1 6 0 0 0 0 0
46 2 0 0 0 29 2 10 0 0 20 0 0 0 0 0
59 57 42 29 0 0 0 1 1 0 1 0 0 0 0 0
49 6 0 0 0 30 31 4 7 4 0 0 0 0 0 0
32 4 3 6 0 0 0 0 0 0 4 0 0 0 0 0
61 0 0 6 0 47 3 5 0 2 7 0 0 0 0 0
52 0 0 0 0 38 17 0 1 0 0 8 0 0 2 0
42 41 24 14 0 0 0 6 3 0 1 0 0 0 0 0
47 57 31 25 0 0 0 0 0 1 0 0 0 0 3 0
51 2 0 0 0 44 4 0 16 0 2 0 1 4 0 0
42 0 0 1 1 54 39 1 2 2 0 2 0 0 0 0
43 26 5 0 1 0 0 2 0 0 0 1 0 16 0 0
42 0 2 0 0 13 1 0 1 1 0 0 0 0 0 0
45 31 1 2 0 0 0 0 0 1 0 0 0 0 0 0
57 55 30 2 0 1 0 0 0 1 0 0 0 0 0 0
46 49 0 0 0 0 0 0 1 0 0 0 1 0 0 0
54 8 0 0 4 0 0 0 0 0 0 0 0 0 0 0
52 0 0 0 0 37 0 12 0 1 0 2 3 0 0 0
53 2 0 0 0 0 0 0 0 0 1 0 0 0 0 0
51 0 0 0 0 44 13 18 1 0 9 0 0 2 0 0
47 21 0 0 6 0 0 0 0 1 1 0 0 15 0 0
47 34 11 0 1 0 2 0 0 0 1 7 0 0 1 0
38 0 1 0 0 40 0 0 0 0 0 0 0 0 0 0
43 0 0 0 0 39 3 22 0 14 0 0 5 0 0 0
47 42 21 17 4 1 5 0 0 0 1 0 6 0 0 0
51 0 4 0 0 62 8 26 0 0 15 0 0 0 2 0
58 0 0 0 2 0 0 0 0 0 2 0 0 0 1 0
36 0 0 5 0 44 22 0 12 0 0 0 0 0 3 0
52 17 0 0 0 0 0 0 0 1 0 2 0 0 9 0
46 0 0 0 2 30 27 1 0 0 0 0 0 0 0 0
43 0 0 0 1 45 17 8 0 1 0 0 0 2 0 0
41 0 0 0 0 38 5 0 15 0 0 1 0 0 0 0
35 0 0 0 4 63 8 26 0 0 5 0 0 0 1 0
36 0 0 0 0 44 40 6 0 0 1 0 0 0 9 0
46 36 44 3 0 0 6 1 0 2 0 4 0 0 0 0
48 0 0 0 0 33 23 0 0 2 0 1 2 0 0 0
39 4 0 0 1 45 51 0 0 0 0 2 0 0 1 0
55 0 0 0 0 28 38 0 0 2 0 2 0 0 0 0
40 0 0 0 7 37 0 0 2 0 0 1 0 0 0 0
34 2 0 0 0 63 29 16 0 1 1 7 1 0 0 0
41 0 2 0 0 44 2 0 0 0 2 7 4 0 4 0
50 1 0 0 0 42 5 0 23 0 0 0 0 0 1 0
57 53 36 25 0 0 0 0 1 0 0 0 0 0 0 0
54 54 0 0 0 0 0 0 0 0 0 0 0 11 5 0
55 38 7 0 0 0 0 0 0 0 0 0 0 1 0 0
47 37 31 2 0 0 0 0 0 0 1 0 0 5 0 0
39 0 1 0 1 42 39 0 0 0 0 0 8 3 0 0
50 20 5 1 1 0 0 0 0 0 1 0 0 0 0 0
55 43 24 20 0 0 1 0 0 0 0 2 0 0 0 0
50 28 13 0 0 2 0 0 0 2 1 0 0 1 0 0
48 43 31 27 0 1 0 3 0 0 0 0 0 0 0 0
56 0 0 0 0 8 8 0 0 0 1 0 0 0 2 0
55 0 0 0 0 39 10 0 1 0 0 9 22 0 3 0
52 2 0 0 0 14 4 0 0 0 0 19 1 1 0 0
47 0 0 0 2 26 37 7 2 0 16 0 0 0 0 0
42 6 0 0 1 62 6 4 0 0 6 23 15 0 0 0
43 0 0 0 0 34 0 8 0 0 2 1 0 0 0 0
50 2 0 3 0 55 6 18 0 3 0 0 0 0 0 0
43 12 1 0 1 0 0 0 0 0 3 0 0 0 0 0
49 38 34 40 33 4 0 0 0 0 0 0 0 0 0 0
57 42 27 0 0 0 0 0 0 0 0 3 0 5 0 0
64 0 0 1 0 37 25 2 0 1 0 0 0 0 5 0
66 7 0 0 0 1 0 0 0 0 0 0 0 0 0 0
55 3 0 0 0 0 0 0 0 0 0 0 0 0 5 0
47 1 0 0 0 45 8 0 12 0 0 0 0 0 0 0
48 3 0 1 0 43 20 0 0 1 0 19 3 0 0 0
43 0 0 0 0 34 9 0 0 0 4 0 0 1 0 0
34 2 0 2 0 54 20 0 1 0 0 0 0 0 0 0
56 34 42 34 20 0 0 2 0 0 12 0 0 0 5 0
67 0 0 0 0 50 2 0 0 0 2 0 0 0 0 0
52 0 1 1 0 22 5 0 0 0 1 29 29 0 1 0
50 43 0 0 1 3 0 0 0 12 0 0 5 3 0 0
50 0 0 0 1 42 8 18 0 0 4 0 0 0 0 0
47 0 1 0 3 43 24 1 0 1 0 16 2 1 1 0
58 0 0 0 2 33 18 23 0 0 12 0 0 0 2 0
52 0 0 0 0 21 2 0 0 0 1 1 0 0 0 0
54 0 0 0 0 52 33 0 12 0 0 0 0 0 0 0
51 46 15 1 0 0 0 0 0 0 0 0 0 0 0 0
62 0 0 7 0 58 6 22 0 14 0 4 0 0 2 0
54 1 0 0 5 24 28 0 0 0 0 0 2 0 10 0
40 1 0 0 0 11 0 0 0 0 1 0 3 0 0 0
50 34 16 3 2 0 0 0 0 0 0 0 0 0 0 0
60 0 6 0 2 54 29 0 31 0 1 0 0 0 0 0
44 36 0 1 0 0 0 0 0 1 0 0 0 23 0 0
45 0 0 0 1 43 8 2 0 9 0 0 0 1 0 0
70 51 0 0 0 0 2 0 0 1 0 1 0 1 0 0
48 27 5 0 0 0 0 0 0 0 0 1 0 1 2 0
52 39 26 21 13 0 1 2 0 0 2 1 0 0 0 0
48 0 0 0 0 45 4 18 0 17 0 0 0 0 0 0
56 26 0 0 2 0 2 1 0 0 0 0 0 0 1 0
54 35 24 0 0 0 0 0 0 0 1 0 0 0 0 0
45 0 0 0 0 38 41 0 4 1 1 3 0 0 0 0
42 0 0 0 0 17 10 0 6 0 0 0 0 0 0 0
48 0 0 1 0 56 11 27 0 4 0 0 0 0 0 0
51 20 0 9 1 0 0 0 0 0 0 0 0 1 2 0
39 3 0 0 0 36 26 1 1 0 2 0 0 0 18 0
51 28 26 0 0 1 0 0 0 0 0 0 0 0 0 0
42 0 0 0 0 40 9 0 36 0 0 9 1 0 0 0
51 46 25 18 6 0 0 1 0 1 0 0 0 1 0 0
48 0 3 0 0 40 2 17 0 6 1 0 0 0 0 0
50 1 0 3 0 35 32 0 0 0 1 0 0 1 20 0
37 0 0 0 0 43 6 12 0 0 0 1 0 0 0 0
46 50 25 11 9 0 0 6 0 1 0 0 0 10 0 0
56 21 28 26 8 0 0 0 1 0 0 2 0 0 4 0
51 0 0 3 2 60 0 40 0 0 0 2 0 0 0 0
36 2 0 0 0 40 7 1 0 2 0 3 0 0 0 0
54 0 0 0 0 42 42 3 0 0 0 0 0 0 7 0
43 0 0 3 0 38 23 9 0 0 5 3 3 2 0 0
49 0 0 0 0 0 0 0 0 0 2 2 0 4 0 0
56 1 0 0 0 39 6 24 0 0 51 0 0 0 0 0
42 1 0 0 0 33 4 0 0 0 1 7 0 0 0 0
48 11 0 0 0 39 0 0 5 0 0 40 23 0 0 0
53 0 3 0 0 39 20 0 0 0 0 7 0 0 0 0
52 51 16 24 0 0 1 2 0 2 0 0 0 0 0 0
53 47 31 14 0 1 0 0 0 0 0 1 0 0 1 0
53 0 0 1 0 0 0 0 4 0 0 4 0 0 0 0
44 0 0 0 0 57 4 0 0 1 2 0 2 1 0 0
45 39 37 26 9 0 0 0 0 0 0 0 0 0 0 0
49 37 12 25 6 0 0 0 0 0 0 0 2 0 0 0
56 38 9 11 0 2 0 0 0 0 3 0 2 1 0 0
65 33 7 10 0 0 0 0 1 0 0 4 0 0 0 0
51 0 0 2 0 0 0 0 0 0 0 0 0 0 0 0
57 1 1 1 0 16 0 0 0 0 0 0 0 0 0 0
61 43 17 10 1 0 0 0 0 1 0 0 0 1 0 0
37 2 0 0 6 29 24 1 0 0 0 0 0 0 2 0
