1.0000 0.0000 0.0000 0.0000 0.0000 0.0000 0.0000 0.0000 0.1639 0.0000 0.0357 0.0000 0.0000 0.0000 0.0000 0.0000
1.0000 0.6667 0.6098 0.3088 0.2821 0.0000 0.0000 0.0000 0.0000 0.0000 0.0000 0.0000 0.0000 0.0000 0.0175 0.0000
1.0000 0.0000 0.0000 0.0000 0.0000 0.7925 0.6923 0.0256 0.0000 0.0000 0.1296 0.0000 0.0000 0.0000 0.0000 0.0000
1.0000 0.9608 0.6122 0.1429 0.0000 0.0000 0.0000 0.0000 0.0233 0.0000 0.0000 0.0000 0.0000 0.0179 0.0000 0.0000
1.0000 0.8364 0.5000 0.0000 0.0000 0.0000 0.0000 0.0000 0.0000 0.0000 0.0000 0.0000 0.0000 0.0000 0.0000 0.0000
0.9792 0.0000 0.0408 0.0000 0.0000 0.5690 0.3818 0.0000 0.0000 0.0000 0.0000 0.0000 0.0000 0.0000 0.3571 0.0000
1.0000 0.7000 0.0208 0.0000 0.0000 0.0000 0.0185 0.0000 0.0000 0.0000 0.0217 0.0517 0.0000 0.3182 0.0000 0.0000
0.9434 0.0000 0.0000 0.0000 0.0000 0.9574 0.0227 0.3111 0.0000 0.2045 0.0000 0.0000 0.0000 0.0000 0.0000 0.0000
1.0000 0.0000 0.0000 0.0000 0.0000 0.8519 0.5000 0.0000 0.0000 0.0175 0.0000 0.3654 0.0000 0.0000 0.0000 0.0000
1.0000 0.9038 0.0000 0.0000 0.0000 0.0000 0.0000 0.0000 0.0000 0.0000 0.0196 0.0222 0.0000 0.1154 0.0000 0.0000
1.0000 0.0000 0.0000 0.0000 0.1154 0.8444 0.0000 0.0000 0.0566 0.0000 0.0000 0.0000 0.0484 0.0000 0.0000 0.0000
1.0000 0.1400 0.1667 0.0000 0.0000 1.0000 0.5745 0.0000 0.0000 0.0175 0.0000 0.4000 0.3226 0.0000 0.0000 0.0000
0.9792 0.0408 0.0000 0.0000 0.0000 0.0000 0.0000 0.0000 0.0000 0.0000 0.0000 0.0182 0.0000 0.0000 0.0000 0.0000
1.0000 0.2600 0.3333 0.0000 0.0000 0.0000 0.0000 0.0000 0.0392 0.0000 0.0000 0.0000 0.0000 0.0000 0.0000 0.0000
1.0000 0.0000 0.0000 0.0000 0.0000 0.8491 0.7200 0.0000 0.0000 0.0000 0.0000 0.0164 0.0000 0.0000 0.4815 0.0000
1.0000 0.0000 0.0000 0.0000 0.0000 0.9245 0.1667 0.0000 0.2245 0.0000 0.0000 0.0189 0.0000 0.0000 0.0000 0.0000
0.9815 0.0192 0.0323 0.0000 0.0000 0.0000 0.0000 0.0000 0.0962 0.0870 0.0000 0.0000 0.0000 0.0000 0.0000 0.0000
1.0000 0.0000 0.0000 0.0000 0.0172 0.7455 0.0357 0.0000 0.0217 0.0000 0.0000 0.0213 0.0000 0.0000 0.0000 0.0000
1.0000 0.0000 0.0000 0.0000 0.0000 0.8367 0.1915 0.4286 0.0000 0.0682 0.0000 0.0000 0.0000 0.0000 0.0000 0.0000
1.0000 0.0000 0.0000 0.0000 0.0000 0.9318 0.7273 0.0000 0.0556 0.0000 0.0000 0.2653 0.0000 0.0222 0.0217 0.0000
1.0000 1.0000 0.7647 0.6935 0.3750 0.0500 0.0000 0.0682 0.0000 0.0000 0.0000 0.0000 0.0000 0.0000 0.0000 0.0000
1.0000 0.0000 0.0000 0.0222 0.0345 0.8889 0.6250 0.1864 0.0000 0.0000 0.0000 0.0000 0.0000 0.0000 0.0000 0.0000
0.9811 0.0000 0.0217 0.0204 0.0714 0.3636 0.2889 0.2941 0.0000 0.0000 0.0000 0.0000 0.0000 0.0000 0.0000 0.0000
1.0000 0.0000 0.0000 0.0000 0.0000 0.9375 0.1277 0.3922 0.0000 0.0000 0.0000 0.0000 0.0000 0.0345 0.0000 0.0000
1.0000 0.0000 0.0000 0.0893 0.0000 0.8596 0.4286 0.0000 0.0000 0.0000 0.0000 0.0714 0.0000 0.0000 0.0000 0.0000
1.0000 0.0000 0.0213 0.0000 0.0000 0.7869 0.0000 0.0192 0.0000 0.4000 0.0227 0.0000 0.1186 0.1026 0.0000 0.0000
1.0000 0.0000 0.0000 0.0000 0.0000 0.7805 0.3529 0.0000 0.0000 0.0000 0.0000 0.1667 0.0000 0.0000 0.0000 0.0000
0.9800 0.0000 0.0000 0.0000 0.0000 0.5849 0.4902 0.0000 0.0000 0.0000 0.0175 0.2157 0.0000 0.0000 0.0000 0.0000
1.0000 0.0161 0.0000 0.0000 0.0000 0.7895 0.4359 0.4545 0.0200 0.0513 0.2353 0.0000 0.0000 0.0000 0.0000 0.0000
1.0000 0.0000 0.0000 0.0000 0.0000 0.9444 0.3889 0.1875 0.0714 0.0000 0.1818 0.0000 0.0000 0.0000 0.0000 0.0000
1.0000 0.4468 0.6250 0.7059 0.2812 0.0000 0.0000 0.0364 0.0000 0.0000 0.0000 0.0000 0.0000 0.0000 0.0000 0.0000
1.0000 0.1224 0.0000 0.0000 0.0000 0.9231 0.7800 0.0000 0.0000 0.0000 0.0000 0.0000 0.0000 0.0000 0.4651 0.0000
0.9811 0.0000 0.0000 0.0000 0.0000 0.2143 0.1525 0.0000 0.0000 0.0000 0.0000 0.0806 0.0208 0.0000 0.0000 0.0000
1.0000 0.6852 0.0189 0.0000 0.0204 0.0000 0.0000 0.0000 0.0000 0.0000 0.0000 0.0000 0.0357 0.0000 0.0000 0.0000
1.0000 0.0000 0.0893 0.0000 0.0000 0.9070 0.2766 0.0000 0.0435 0.0000 0.0000 0.3929 0.0000 0.0000 0.0000 0.0000
1.0000 0.8431 0.0000 0.0938 0.0000 0.0000 0.0000 0.0000 0.0455 0.0000 0.0000 0.0000 0.0000 0.0612 0.0000 0.0000
0.9783 0.0000 0.0000 0.0000 0.0000 1.0000 0.6889 0.0000 0.0256 0.0000 0.0000 0.0000 0.0217 0.0000 0.0426 0.0000
1.0000 0.0000 0.0000 0.0000 0.0217 0.0000 0.0000 0.0000 0.0000 0.0000 0.0000 0.0000 0.1212 0.0233 0.0290 0.0000
1.0000 0.0000 0.0000 0.0000 0.0000 0.8824 0.1951 0.0000 0.5333 0.0000 0.0000 0.0317 0.0213 0.0204 0.0000 0.0000
1.0000 0.0000 0.0000 0.0000 0.0182 0.9167 0.0400 0.2128 0.0000 0.0000 0.0000 0.0000 0.0000 0.0000 0.0000 0.0000
1.0000 0.3273 0.2653 0.0000 0.0000 0.0000 0.0000 0.0000 0.0000 0.0000 0.0000 0.0000 0.1220 0.0364 0.0000 0.0000
1.0000 0.0000 0.0000 0.0000 0.0000 0.4889 0.5800 0.0000 0.0000 0.0000 0.0000 0.0000 0.0000 0.0000 0.0000 0.0000
1.0000 0.0000 0.0000 0.0000 0.0169 0.6579 0.7234 0.0000 0.0000 0.0000 0.0435 0.0000 0.0000 0.0000 0.2500 0.0000
1.0000 0.2895 0.0000 0.0000 0.0000 0.0000 0.0625 0.0000 0.0000 0.0000 0.0000 0.0000 0.0000 0.0000 0.0000 0.0000
1.0000 0.0000 0.0185 0.0000 0.0000 0.5254 0.0200 0.0000 0.0000 0.0000 0.0000 0.0000 0.0000 0.0000 0.0000 0.0000
1.0000 0.0000 0.0000 0.0169 0.0000 0.1964 0.0192 0.0000 0.0250 0.0351 0.0000 0.0000 0.0000 0.1702 0.0000 0.0000
0.9535 0.3750 0.6136 0.3600 0.0000 0.0204 0.0000 0.0000 0.0556 0.0000 0.0000 0.0000 0.0000 0.0000 0.0000 0.0000
1.0000 0.5192 0.0000 0.0000 0.0000 0.0000 0.0000 0.0000 0.0000 0.0189 0.0000 0.0000 0.2059 0.0364 0.0000 0.0000
1.0000 0.0000 0.0000 0.0000 0.0000 0.9615 0.3023 0.0000 0.0000 0.0000 0.0000 0.4706 0.1458 0.0000 0.0000 0.0000
0.9583 0.0196 0.0175 0.0000 0.0000 0.9286 0.0213 0.6735 0.0000 0.0000 0.5882 0.0000 0.0000 0.0196 0.0000 0.0000
1.0000 0.6981 0.0000 0.0000 0.0000 0.0000 0.0000 0.0000 0.0000 0.0000 0.0000 0.0000 0.0000 0.0000 0.0526 0.0000
1.0000 0.4902 0.0000 0.0000 0.0000 0.0000 0.0000 0.0000 0.0000 0.0000 0.0196 0.0000 0.0000 0.3061 0.0000 0.0000
1.0000 0.0000 0.0000 0.0000 0.0000 0.5000 0.5676 0.0000 0.0000 0.0000 0.0000 0.0000 0.0000 0.0000 0.1538 0.0000
1.0000 0.0000 0.0000 0.0000 0.0000 0.9057 0.0816 0.4194 0.0000 0.0000 0.5094 0.0000 0.0000 0.0000 0.0000 0.0000
0.9767 0.8649 0.0000 0.0000 0.0000 0.0000 0.0000 0.0678 0.0000 0.0000 0.0000 0.0000 0.0000 0.7000 0.0000 0.0000
0.9636 0.0000 0.0000 0.0000 0.0000 0.9245 0.0233 0.5385 0.0000 0.0000 0.3333 0.0000 0.0000 0.0000 0.0952 0.0000
1.0000 0.8056 0.0196 0.0000 0.0000 0.0000 0.0385 0.0816 0.0000 0.0357 0.0175 0.0244 0.0000 0.0000 0.0000 0.0000
1.0000 0.0000 0.0000 0.0000 0.0000 1.0000 0.1311 0.0000 0.0000 0.0000 0.0000 0.5278 0.2885 0.0000 0.0000 0.0000
1.0000 0.0000 0.0000 0.0000 0.0000 0.1667 0.0000 0.0323 0.0000 0.0227 0.0000 0.0000 0.0000 0.0000 0.0204 0.0000
1.0000 0.3696 0.0702 0.0000 0.0000 0.0000 0.0167 0.0000 0.0000 0.0000 0.0000 0.0000 0.0000 0.0000 0.0000 0.0000
1.0000 0.0000 0.0000 0.0000 0.0189 0.9130 0.5000 0.0000 0.2174 0.0217 0.0000 0.0000 0.0000 0.0000 0.0000 0.0000
1.0000 0.2444 0.6000 0.2045 0.2353 0.0000 0.0682 0.0000 0.0000 0.0000 0.0000 0.0000 0.0204 0.0000 0.0000 0.0000
1.0000 0.7600 0.5714 0.2759 0.0200 0.0000 0.0000 0.0000 0.0000 0.0000 0.0000 0.0909 0.0000 0.0000 0.0000 0.0000
1.0000 0.0000 0.0000 0.0000 0.0000 0.9815 0.3226 0.0820 0.0000 0.4259 0.0000 0.0233 0.0000 0.0000 0.0000 0.0000
1.0000 0.0000 0.0000 0.0000 0.0000 0.8966 0.0357 0.0000 0.0000 0.0000 0.0000 0.4643 0.0943 0.0000 0.0000 0.0000
1.0000 0.2826 0.0000 0.0000 0.0000 0.0000 0.0217 0.0000 0.0222 0.0000 0.0000 0.0000 0.0000 0.0000 0.0377 0.0000
1.0000 0.0000 0.0000 0.0000 0.0172 0.9057 0.0714 0.0000 0.0000 0.0000 0.0000 0.3696 0.2391 0.0192 0.1786 0.0000
1.0000 0.5556 0.1429 0.0741 0.0323 0.0000 0.0000 0.0000 0.0370 0.0000 0.0000 0.0682 0.0000 0.0000 0.0000 0.0000
1.0000 0.7647 0.5490 0.1489 0.1556 0.0000 0.0000 0.0000 0.0000 0.0000 0.0000 0.1429 0.0545 0.0000 0.0000 0.0000
1.0000 0.2609 0.0667 0.0000 0.0000 0.0000 0.0556 0.0000 0.0000 0.0000 0.0000 0.0000 0.0000 0.0000 0.0000 0.0000
1.0000 0.0714 0.0000 0.0000 0.0000 0.5532 0.0345 0.0000 0.1569 0.0167 0.0000 0.0000 0.0172 0.0000 0.2157 0.0000
1.0000 0.0000 0.0000 0.0000 0.0000 0.7857 0.3590 0.0000 0.0488 0.0000 0.0000 0.0000 0.0000 0.0000 0.4615 0.0000
1.0000 0.6842 0.0000 0.0000 0.0000 0.0159 0.0185 0.0000 0.0000 0.0000 0.0000 0.0000 0.0000 0.5800 0.0000 0.0000
1.0000 0.0678 0.0000 0.0217 0.0000 0.8889 0.2188 0.2400 0.0000 0.0000 0.0000 0.0000 0.0000 0.0000 0.0682 0.0000
1.0000 0.0000 0.0000 0.0000 0.0000 0.7872 0.2407 0.4390 0.0000 0.0000 0.0000 0.0000 0.0000 0.0000 0.0000 0.0000
0.9524 0.0000 0.0000 0.0000 0.0000 0.9149 0.1000 0.0000 0.0000 0.0000 0.0000 0.8406 0.1071 0.0000 0.0000 0.0000
1.0000 0.9149 0.8571 0.4493 0.1163 0.0000 0.0196 0.0000 0.0000 0.0000 0.0000 0.0000 0.0000 0.0000 0.0000 0.0000
1.0000 0.0000 0.1020 0.0000 0.0488 0.9592 0.3704 0.2542 0.0000 0.0000 0.1622 0.0000 0.0000 0.1053 0.0000 0.0000
1.0000 0.5349 0.0444 0.0000 0.0926 0.1290 0.0000 0.0000 0.0238 0.0000 0.0172 0.0000 0.0000 0.0000 0.0000 0.0000
1.0000 0.1000 0.0250 0.0000 0.0000 0.0000 0.0217 0.0000 0.0238 0.0000 0.0000 0.0172 0.0000 0.0000 0.0000 0.0000
1.0000 0.1765 0.0000 0.0000 0.0000 0.0000 0.0000 0.0000 0.0000 0.0000 0.0175 0.0000 0.0000 0.0408 0.0000 0.0000
1.0000 0.0000 0.0000 0.0303 0.0000 0.9016 0.1356 0.0000 0.0189 0.0000 0.0238 0.0635 0.0000 0.0000 0.0000 0.0000
1.0000 0.0000 0.0000 0.0000 0.0000 0.0000 0.0000 0.0500 0.0213 0.0000 0.0000 0.0208 0.0000 0.0862 0.0000 0.0000
1.0000 0.0000 0.0000 0.0000 0.0000 1.0000 0.1636 0.0000 0.0526 0.0000 0.0000 0.1053 0.0417 0.0000 0.0000 0.0000
0.9070 0.0000 0.0185 0.0000 0.0000 0.9778 0.2979 0.0400 0.0000 0.1724 0.0000 0.0000 0.0962 0.0175 0.0000 0.0000
1.0000 0.5357 0.0000 0.0000 0.0169 0.0000 0.0536 0.0000 0.0000 0.0000 0.0000 0.0000 0.0278 0.1429 0.0351 0.0000
0.9362 0.0000 0.0000 0.0000 0.0000 0.6136 0.1190 0.0000 0.0870 0.0000 0.0000 0.0000 0.0000 0.0000 0.0000 0.0000
1.0000 0.9107 0.6444 0.2083 0.1111 0.0000 0.0000 0.0182 0.0000 0.0000 0.0000 0.0000 0.0000 0.0000 0.0769 0.0000
0.9844 0.5882 0.5345 0.6471 0.0652 0.0488 0.0000 0.0435 0.0000 0.0000 0.0000 0.0000 0.0154 0.0000 0.0000 0.0000
1.0000 0.0000 0.0000 0.0000 0.0426 0.9615 0.6739 0.0000 0.0000 0.0571 0.0000 0.0000 0.0000 0.0000 0.0000 0.0000
1.0000 0.0000 0.0278 0.0000 0.0962 0.6406 0.2917 0.0566 0.3077 0.0000 0.0000 0.0000 0.0417 0.0250 0.0000 0.0000
1.0000 0.0000 0.0000 0.0000 0.0161 0.3953 0.2222 0.0000 0.0000 0.0000 0.0000 0.0364 0.0000 0.0667 0.0000 0.0000
1.0000 0.5625 0.6415 0.1228 0.0476 0.0000 0.0000 0.0000 0.0000 0.0189 0.0000 0.0000 0.0000 0.0000 0.0000 0.0000
0.9286 0.3200 0.0000 0.0000 0.0328 0.0000 0.0000 0.0000 0.0000 0.0000 0.0000 0.0566 0.0943 0.0500 0.0000 0.0000
1.0000 0.0408 0.0000 0.0000 0.0000 0.6744 0.4038 0.1458 0.0000 0.0196 0.0000 0.0000 0.0000 0.0000 0.0000 0.0000
0.9818 0.0000 0.0000 0.0000 0.0000 0.8125 0.1714 0.0000 0.0000 0.0000 0.0364 0.5179 0.0400 0.0213 0.0000 0.0000
1.0000 0.0000 0.0256 0.0000 0.0000 0.4694 0.0000 0.0000 0.0000 0.0000 0.0000 0.0000 0.0185 0.0000 0.0000 0.0000
1.0000 0.0000 0.0175 0.0169 0.0278 0.1200 0.0233 0.0000 0.1724 0.0000 0.0000 0.0000 0.0000 0.0000 0.0000 0.0000
1.0000 0.1404 0.0000 0.1714 0.0000 0.0000 0.0000 0.0000 0.0000 0.0000 0.0000 0.0000 0.0000 0.0000 0.0000 0.0000
0.8913 0.0000 0.0000 0.0000 0.0000 0.9149 0.5000 0.0000 0.0943 0.0435 0.0164 0.4182 0.0000 0.0000 0.0000 0.0000
1.0000 0.5926 0.5849 0.1034 0.0270 0.0000 0.0000 0.0000 0.0000 0.0000 0.1875 0.0000 0.0000 0.0179 0.0000 0.0000
1.0000 0.0000 0.0000 0.0250 0.0196 0.9149 0.0000 0.2955 0.0652 0.0196 0.0577 0.0000 0.0000 0.0000 0.1091 0.0000
1.0000 0.0000 0.0000 0.0000 0.0000 0.8077 0.3962 0.0000 0.0000 0.0000 0.0455 0.0000 0.0000 0.0172 0.0000 0.0000
1.0000 0.0000 0.0556 0.0000 0.0000 0.4043 0.0000 0.0000 0.0244 0.0000 0.0000 0.1087 0.0000 0.0000 0.0000 0.0000
1.0000 0.0000 0.0000 0.0000 0.0000 0.8393 0.0250 0.0000 0.0000 0.0000 0.0000 0.6800 0.0870 0.0000 0.0000 0.0000
1.0000 0.0000 0.0000 0.0000 0.0000 0.7333 0.3636 0.0000 0.5882 0.0000 0.0000 0.0000 0.0000 0.0000 0.0200 0.0000
1.0000 0.0000 0.0392 0.0000 0.0000 0.9535 0.0192 0.1200 0.0000 0.1667 0.0000 0.0000 0.0000 0.0000 0.0000 0.0000
0.9231 0.9024 0.5763 0.0000 0.0417 0.0000 0.0000 0.0000 0.0182 0.0244 0.0000 0.0000 0.0000 0.0000 0.0000 0.0000
0.8824 0.0000 0.0164 0.0400 0.0417 0.9608 0.5000 0.3542 0.0000 0.0000 0.2000 0.0517 0.0000 0.0167 0.0000 0.0000
1.0000 0.0000 0.0000 0.0185 0.0000 0.6800 0.3733 0.1364 0.0000 0.0000 0.1400 0.0000 0.0200 0.0217 0.0000 0.0000
0.8966 0.0000 0.0000 0.0000 0.0000 0.7959 0.0000 0.0000 0.0000 0.0000 0.0000 0.0185 0.0000 0.0182 0.0000 0.0000
1.0000 0.0000 0.0000 0.0213 0.0000 0.3654 0.0189 0.0233 0.0154 0.0577 0.0000 0.0000 0.0196 0.0000 0.0000 0.0000
1.0000 0.8000 0.5179 0.0000 0.0000 0.0339 0.0000 0.0000 0.0000 0.0000 0.0000 0.0000 0.0000 0.0000 0.0000 0.0000
1.0000 0.9623 0.8033 0.0612 0.2000 0.0000 0.0000 0.0000 0.0000 0.0000 0.0000 0.0192 0.0000 0.0000 0.0385 0.0000
1.0000 0.0364 0.0000 0.0000 0.0185 0.7308 0.3878 0.0612 0.3800 0.0000 0.0000 0.0192 0.0492 0.0000 0.0000 0.0000
1.0000 0.7000 0.0000 0.0192 0.0000 0.0000 0.0000 0.0000 0.0000 0.0000 0.0000 0.0000 0.0185 0.7917 0.0444 0.0000
1.0000 0.0000 0.0000 0.0000 0.0000 0.9762 0.3585 0.0189 0.0000 0.0233 0.0545 0.3000 0.3137 0.0000 0.0000 0.0000
1.0000 0.9483 0.9111 0.5079 0.2143 0.0000 0.0000 0.1282 0.0000 0.0000 0.0200 0.0000 0.0339 0.0000 0.0000 0.0000
1.0000 0.0000 0.0000 0.0000 0.0000 0.8421 0.0800 0.0000 0.0204 0.0000 0.0000 0.1364 0.2885 0.0000 0.0000 0.0000
1.0000 0.0000 0.0208 0.0000 0.0000 0.8889 0.2667 0.1636 0.0000 0.1111 0.0000 0.0000 0.1020 0.0000 0.0714 0.0000
1.0000 0.0000 0.0000 0.0000 0.0000 0.7551 0.6458 0.0000 0.0000 0.0000 0.0000 0.1071 0.0000 0.0000 0.0000 0.0000
1.0000 0.0000 0.0217 0.0000 0.0000 0.9400 0.2593 0.5000 0.0000 0.0000 0.0000 0.0000 0.0000 0.0000 0.0000 0.0000
1.0000 0.0000 0.0000 0.0000 0.0000 0.9123 0.6842 0.0000 0.0244 0.0000 0.0000 0.0000 0.0000 0.0000 0.4118 0.0000
1.0000 0.0000 0.0000 0.0000 0.0204 0.0377 0.0000 0.0000 0.0204 0.0000 0.0000 0.0000 0.0000 0.0000 0.0000 0.0000
1.0000 0.0000 0.0385 0.0000 0.0000 0.6383 0.2727 0.0435 0.0217 0.0000 0.0000 0.0192 0.0000 0.0000 0.0000 0.0000
1.0000 0.0000 0.0286 0.0000 0.0000 0.7857 0.0208 0.0000 0.0200 0.0000 0.0000 0.5085 0.3478 0.0000 0.0000 0.0000
1.0000 0.9655 0.3696 0.1667 0.0000 0.0000 0.0000 0.0000 0.0000 0.0000 0.0000 0.0000 0.0000 0.0000 0.0000 0.0000
1.0000 0.8710 0.7400 0.2400 0.1129 0.0000 0.0000 0.0000 0.1951 0.0000 0.0204 0.0000 0.0000 0.0000 0.0000 0.0000
0.8824 0.0000 0.0227 0.0000 0.0000 0.9048 0.2500 0.1429 0.0000 0.0000 0.0612 0.0000 0.0000 0.0000 0.0000 0.0000
1.0000 0.0000 0.0000 0.0000 0.0000 0.5763 0.0909 0.2545 0.0000 0.0000 0.0465 0.0455 0.0000 0.0000 0.0870 0.0000
1.0000 0.0000 0.0000 0.0000 0.0185 0.5476 0.2955 0.0000 0.0000 0.0000 0.0000 0.0847 0.0000 0.0962 0.0000 0.0000
0.9825 0.5897 0.0000 0.0000 0.0000 0.0000 0.0000 0.0000 0.0000 0.0000 0.0000 0.0357 0.0000 0.2075 0.0000 0.0000
1.0000 0.0000 0.0000 0.0000 0.0200 0.2368 0.1087 0.0000 0.0000 0.0385 0.0000 0.0000 0.0000 0.0000 0.0682 0.0000
1.0000 0.7059 0.8254 0.7045 0.1935 0.0000 0.0000 0.0000 0.0000 0.0000 0.0000 0.0000 0.0000 0.0000 0.0566 0.0000
1.0000 0.0000 0.0000 0.0000 0.0000 0.4524 0.1633 0.1333 0.0175 0.1200 0.1667 0.0000 0.0000 0.0227 0.0000 0.0000
1.0000 0.0000 0.0000 0.0000 0.0615 0.6486 0.4355 0.0000 0.0000 0.0000 0.0000 0.0000 0.0000 0.0000 0.1389 0.0000
0.9808 0.0000 0.0182 0.0000 0.0000 0.4773 0.2414 0.0000 0.0000 0.0962 0.0000 0.4186 0.2000 0.0000 0.0000 0.0000
1.0000 0.0000 0.0000 0.0000 0.0508 0.9565 0.5091 0.0000 0.0000 0.0000 0.0000 0.0000 0.0000 0.0000 0.0638 0.0000
1.0000 0.0000 0.0000 0.0000 0.0000 0.0000 0.0000 0.0000 0.0000 0.0000 0.0000 0.0000 0.0000 0.0000 0.0000 0.0000
1.0000 0.0000 0.0000 0.0000 0.0000 0.1930 0.2115 0.0000 0.0000 0.0196 0.0000 0.0000 0.0000 0.0000 0.0847 0.0000
1.0000 0.9149 0.3846 0.0755 0.0000 0.0000 0.0192 0.0185 0.0217 0.0000 0.0000 0.0000 0.0000 0.0000 0.0000 0.0000
1.0000 0.2800 0.0000 0.0000 0.0794 0.0000 0.0000 0.0000 0.0000 0.0000 0.0392 0.0000 0.0000 0.6522 0.0000 0.0000
1.0000 0.0000 0.0000 0.0222 0.0000 0.7385 0.1429 0.0233 0.1132 0.0577 0.0000 0.0000 0.0392 0.0000 0.0357 0.0000
1.0000 0.0159 0.0000 0.0169 0.0000 0.7885 0.7708 0.0000 0.0222 0.0000 0.0000 0.0250 0.0000 0.0000 0.2200 0.0000
1.0000 0.0200 0.0192 0.0444 0.0000 0.4255 0.1509 0.0000 0.0000 0.0000 0.0000 0.0000 0.0000 0.0000 0.0189 0.0000
1.0000 1.0000 0.4444 0.0000 0.0000 0.0000 0.0000 0.0000 0.0000 0.0000 0.0426 0.0000 0.1143 0.0000 0.0000 0.0000
1.0000 0.0000 0.0000 0.0000 0.0000 0.7692 0.0000 0.3077 0.0000 0.6444 0.0000 0.0000 0.0000 0.0182 0.0000 0.0000
0.7500 0.0192 0.0000 0.0000 0.0204 0.8511 0.1296 0.0000 0.0000 0.0185 0.0000 0.3261 0.2750 0.0000 0.0000 0.0000
1.0000 0.0000 0.0000 0.0000 0.0000 0.6415 0.0909 0.0000 0.2927 0.0185 0.0000 0.0196 0.0000 0.0364 0.0000 0.0000
1.0000 0.0000 0.0323 0.0000 0.0000 0.4762 0.0000 0.0000 0.0000 0.0000 0.0204 0.0000 0.0000 0.0000 0.0408 0.0000
1.0000 0.0000 0.3800 0.0000 0.0192 0.0000 0.0000 0.0000 0.0000 0.0000 0.0000 0.0189 0.0000 0.0000 0.0000 0.0000
1.0000 0.9344 0.5556 0.6667 0.3462 0.0000 0.0250 0.0000 0.0000 0.0000 0.0179 0.0000 0.0000 0.0000 0.0750 0.0000
1.0000 0.0000 0.0000 0.0000 0.0000 0.3922 0.1892 0.1569 0.0000 0.0000 0.0159 0.2444 0.0000 0.0000 0.0000 0.0000
1.0000 0.7818 0.6383 0.3091 0.0000 0.0000 0.0000 0.0000 0.0000 0.0980 0.0200 0.0000 0.0263 0.0000 0.0169 0.0000
1.0000 0.0000 0.0200 0.0000 0.0000 1.0000 0.0435 0.0000 0.7391 0.0000 0.0000 0.0192 0.0000 0.0476 0.0000 0.0000
1.0000 0.0000 0.0000 0.0000 0.0000 0.7241 0.0222 0.0000 0.0000 0.0189 0.0000 0.5556 0.0000 0.0000 0.0000 0.0000
1.0000 0.3684 0.0000 0.0000 0.0444 0.0000 0.0000 0.0000 0.0227 0.0000 0.0000 0.0000 0.0000 0.0000 0.0000 0.0000
0.9444 0.0000 0.0000 0.0167 0.0000 0.6071 0.3774 0.0244 0.0000 0.0000 0.0000 0.0492 0.0000 0.0000 0.0000 0.0000
1.0000 0.9024 0.0417 0.0161 0.0000 0.0000 0.0962 0.0000 0.0588 0.0233 0.0370 0.0000 0.0000 0.0189 0.0000 0.0000
0.9623 0.0400 0.0000 0.0000 0.0000 0.5397 0.0000 0.0000 0.0000 0.0000 0.0000 0.0000 0.0000 0.0000 0.0000 0.0000
0.9804 0.0000 0.0000 0.0000 0.0000 0.0000 0.0000 0.0000 0.0000 0.0000 0.0000 0.0000 0.0000 0.0000 0.0000 0.0000
1.0000 0.9375 0.4681 0.0172 0.1346 0.0000 0.0000 0.0000 0.0208 0.2157 0.0000 0.0000 0.0000 0.0000 0.0000 0.0000
1.0000 0.0000 0.0000 0.0000 0.0000 0.9130 0.3191 0.0638 0.0000 0.1250 0.0000 0.0000 0.0000 0.0000 0.0000 0.0000
0.9792 0.0000 0.0000 0.0000 0.0000 0.5714 0.0328 0.4773 0.0000 0.0417 0.1698 0.0000 0.0000 0.0364 0.0000 0.0000
1.0000 0.0000 0.0189 0.0179 0.0000 0.9483 0.0377 0.0000 0.0172 0.0179 0.0189 0.3243 0.0000 0.0000 0.0000 0.0000
0.9298 0.0000 0.0000 0.0000 0.0000 0.9778 0.4464 0.0000 0.4375 0.0000 0.0000 0.0000 0.0000 0.0000 0.0169 0.0000
1.0000 0.0189 0.0000 0.0000 0.0000 0.6190 0.1667 0.2195 0.0000 0.0000 0.1600 0.0000 0.0303 0.0784 0.0000 0.0000
1.0000 0.0000 0.0357 0.0000 0.0000 0.9524 0.3443 0.2222 0.0000 0.2093 0.0169 0.0000 0.0000 0.0000 0.0000 0.0000
1.0000 0.0000 0.0000 0.0000 0.0000 0.2000 0.0000 0.0000 0.0000 0.0000 0.0000 0.0179 0.0364 0.0000 0.0000 0.0000
1.0000 0.0000 0.0000 0.0000 0.0147 0.7778 0.1522 0.0000 0.0000 0.0185 0.0000 0.4490 0.0000 0.0000 0.0000 0.0000
1.0000 0.8776 0.2632 0.0244 0.0000 0.0000 0.0000 0.0000 0.0000 0.0000 0.0000 0.0000 0.0000 0.0213 0.0000 0.0000
1.0000 0.3556 0.0000 0.0000 0.0000 0.0000 0.0385 0.0000 0.0000 0.0000 0.0000 0.0000 0.0000 0.0000 0.0000 0.0000
0.9767 0.0000 0.0000 0.0000 0.0000 0.9388 0.0847 0.0816 0.0741 0.0000 0.0000 0.0000 0.0000 0.0000 0.0000 0.0000
1.0000 0.7632 0.2344 0.0000 0.0588 0.0000 0.0000 0.0204 0.0000 0.0000 0.0000 0.0000 0.0000 0.0213 0.0000 0.0000
1.0000 0.2787 0.2500 0.0000 0.0000 0.0000 0.0357 0.0000 0.0000 0.0000 0.0000 0.0000 0.0000 0.0213 0.0000 0.0000
1.0000 0.0000 0.0263 0.0000 0.0000 0.9206 0.2241 0.0000 0.0000 0.0000 0.0000 0.0000 0.0000 0.0000 0.0204 0.0000
1.0000 0.0000 0.0000 0.0000 0.0000 0.9811 0.5660 0.0377 0.0000 0.0000 0.0000 0.0769 0.0000 0.0000 0.0455 0.0000
1.0000 0.8571 0.4872 0.0952 0.0000 0.0000 0.0000 0.0000 0.0263 0.0000 0.0000 0.0000 0.0000 0.0000 0.0000 0.0000
0.9828 0.3750 0.0000 0.0000 0.0417 0.0000 0.0000 0.0000 0.0000 0.0000 0.0000 0.0000 0.0000 0.0000 0.0000 0.0000
1.0000 0.0000 0.0000 0.0000 0.0000 0.7857 0.7308 0.0000 0.0000 0.0250 0.0182 0.0000 0.0000 0.0980 0.1270 0.0000
1.0000 0.0000 0.0000 0.0000 0.0000 0.8636 0.1842 0.0000 0.0000 0.0000 0.0000 0.0000 0.0000 0.0256 0.0164 0.0000
1.0000 0.0213 0.0000 0.0000 0.0000 0.2727 0.0000 0.0000 0.0000 0.0227 0.0652 0.0000 0.0000 0.0000 0.1220 0.0000
1.0000 0.0000 0.0000 0.0000 0.0000 0.3962 0.1000 0.0169 0.0000 0.0000 0.0000 0.0000 0.0426 0.0000 0.0000 0.0000
1.0000 0.8727 0.0000 0.0000 0.0000 0.0217 0.0000 0.0000 0.0000 0.0175 0.0000 0.0000 0.0556 0.0167 0.0000 0.0000
0.9661 0.0000 0.0000 0.0000 0.0556 0.6038 0.1429 0.0000 0.1522 0.0000 0.0000 0.0351 0.0000 0.0189 0.0000 0.0000
1.0000 0.0000 0.0000 0.0000 0.0000 0.5116 0.4375 0.0000 0.0000 0.0588 0.0000 0.0167 0.0000 0.0000 0.0000 0.0000
1.0000 0.0000 0.0000 0.0000 0.0000 0.0172 0.0000 0.0000 0.0000 0.0000 0.0000 0.0000 0.0000 0.0000 0.0000 0.0000
1.0000 0.0000 0.0000 0.0000 0.0208 0.6122 0.0667 0.3818 0.0000 0.0000 0.0638 0.0000 0.0000 0.0000 0.0000 0.0000
1.0000 0.0000 0.0000 0.0000 0.0213 0.0000 0.0000 0.0488 0.0500 0.0256 0.0208 0.0000 0.0000 0.0000 0.0000 0.0000
1.0000 0.0000 0.0000 0.0000 0.0000 0.8085 0.2857 0.2955 0.0000 0.3265 0.0000 0.0000 0.0000 0.0000 0.0000 0.0000
1.0000 0.0909 0.0000 0.0000 0.0000 0.9355 0.4222 0.0652 0.0000 0.0000 0.0000 0.0000 0.0000 0.0000 0.0000 0.0000
1.0000 0.0000 0.0000 0.0417 0.0000 0.0000 0.0000 0.0000 0.0000 0.0000 0.0000 0.1026 0.0732 0.0000 0.0204 0.0000
1.0000 0.0000 0.0000 0.0500 0.0000 0.6429 0.1250 0.0000 0.0408 0.0000 0.1296 0.0000 0.0385 0.0000 0.0000 0.0000
0.9091 0.0000 0.0769 0.0000 0.0000 0.1395 0.0000 0.0000 0.0000 0.0196 0.0000 0.0000 0.0000 0.0000 0.0435 0.0000
1.0000 0.0476 0.0000 0.0000 0.0000 0.4898 0.0233 0.0000 0.1562 0.0357 0.0000 0.0000 0.0000 0.0000 0.0000 0.0000
0.8696 0.0000 0.0000 0.0000 0.0000 0.7963 0.0000 0.6667 0.0000 0.0000 0.4464 0.0189 0.1087 0.0000 0.0000 0.0000
1.0000 0.0000 0.0244 0.0000 0.0175 0.8947 0.6522 0.0204 0.0000 0.3696 0.0000 0.0270 0.0417 0.0250 0.0000 0.0000
1.0000 0.0000 0.0000 0.0000 0.0000 1.0000 0.0000 0.0000 0.0000 0.0000 0.0000 0.0000 0.0000 0.0000 0.0000 0.0000
1.0000 0.0000 0.0000 0.1500 0.0000 0.8361 0.1071 0.0000 0.0600 0.0000 0.0000 0.6400 0.0250 0.0000 0.0000 0.0000
1.0000 0.0600 0.0000 0.0000 0.0000 0.7755 0.0000 0.0000 0.0000 0.0000 0.0000 0.0000 0.1522 0.0217 0.0200 0.0000
0.9492 0.0204 0.0000 0.0000 0.0000 0.7778 0.0000 0.0000 0.0000 0.0182 0.0278 0.4444 0.0769 0.0000 0.0000 0.0000
1.0000 0.3051 0.0159 0.0000 0.0000 0.0000 0.0000 0.0000 0.0000 0.1707 0.0000 0.0000 0.0000 0.0000 0.0000 0.0000
0.9783 0.6964 0.5091 0.6047 0.0556 0.0227 0.0000 0.0000 0.0536 0.0000 0.0000 0.0000 0.0000 0.0784 0.0000 0.0000
1.0000 0.0000 0.0000 0.0000 0.0000 0.0667 0.0000 0.0233 0.0000 0.0000 0.0000 0.0000 0.0588 0.0000 0.0000 0.0000
1.0000 0.0000 0.0351 0.0000 0.0000 0.9020 0.3171 0.0179 0.1250 0.0000 0.0000 0.0000 0.0000 0.0000 0.4490 0.0000
1.0000 0.6667 0.1064 0.0000 0.0000 0.0000 0.0000 0.0000 0.0000 0.0000 0.0000 0.0000 0.0000 0.0435 0.0000 0.0000
1.0000 0.0000 0.0000 0.0000 0.0000 0.9792 0.5000 0.2195 0.1148 0.0000 0.0000 0.0000 0.0000 0.0000 0.0000 0.0000
1.0000 0.0600 0.0192 0.0000 0.0000 0.7727 0.3469 0.1774 0.0000 0.0000 0.0000 0.0000 0.0000 0.1017 0.0000 0.0000
1.0000 0.0000 0.0000 0.0161 0.0000 0.8049 0.1053 0.0000 0.0000 0.0392 0.0638 0.2245 0.0000 0.0000 0.0847 0.0000
1.0000 0.0000 0.0000 0.0000 0.0000 0.4259 0.2182 0.0000 0.0566 0.0000 0.0000 0.0000 0.0000 0.0000 0.0000 0.0000
1.0000 0.6809 0.0000 0.0000 0.0556 0.0000 0.0000 0.0196 0.0000 0.0000 0.0000 0.0000 0.0000 0.4800 0.0000 0.0000
1.0000 0.6000 0.0476 0.0000 0.0000 0.0000 0.0000 0.0444 0.0000 0.0000 0.0000 0.0000 0.0000 0.0000 0.0000 0.0000
0.9394 0.0200 0.0000 0.0000 0.0000 0.5417 0.1667 0.0732 0.0000 0.0179 0.2364 0.0000 0.0000 0.0000 0.0000 0.0000
1.0000 0.0000 0.0000 0.0000 0.0000 0.0000 0.0000 0.0000 0.0000 0.0000 0.0000 0.0217 0.0000 0.0536 0.0000 0.0000
1.0000 0.5610 0.0000 0.0000 0.0000 0.0000 0.0000 0.0000 0.0357 0.0000 0.1552 0.0000 0.0000 0.0400 0.0000 0.0000
1.0000 0.0000 0.0000 0.0000 0.0000 0.7255 0.5536 0.0000 0.0000 0.0000 0.0000 0.0000 0.0000 0.0000 0.0364 0.0000
1.0000 0.0000 0.0769 0.0000 0.0000 0.8704 0.4727 0.0000 0.0000 0.0000 0.0526 0.1091 0.0000 0.0000 0.0000 0.0000
1.0000 0.0000 0.0000 0.0213 0.0000 0.9455 0.4167 0.0000 0.0000 0.0000 0.1053 0.0000 0.0000 0.0172 0.0000 0.0000
1.0000 0.7500 0.6875 0.3333 0.1071 0.0000 0.0448 0.0000 0.0000 0.0000 0.0000 0.0204 0.0000 0.0000 0.0000 0.0000
1.0000 0.6140 0.4419 0.0727 0.0000 0.0000 0.0000 0.0000 0.0000 0.0000 0.0000 0.0000 0.0000 0.0000 0.0000 0.0000
1.0000 0.0000 0.0192 0.0000 0.0000 0.9583 0.6458 0.0000 0.0000 0.0000 0.0968 0.3273 0.1579 0.0000 0.0172 0.0000
1.0000 0.0308 0.0196 0.1132 0.0000 0.8200 0.7179 0.0800 0.0000 0.0000 0.0392 0.0000 0.0185 0.0000 0.0426 0.0000
1.0000 0.0217 0.0000 0.0196 0.0000 0.9833 0.2727 0.3889 0.0000 0.0408 0.0000 0.0179 0.0172 0.0000 0.0000 0.0000
1.0000 0.5902 0.0000 0.1176 0.0000 0.0000 0.0000 0.0000 0.0377 0.0000 0.0000 0.0000 0.0000 0.4667 0.0000 0.0000
1.0000 0.0000 0.0000 0.0208 0.0000 0.6200 0.2553 0.0000 0.0185 0.0000 0.0000 0.2500 0.0000 0.0000 0.0000 0.0000
1.0000 0.0000 0.0000 0.0566 0.0000 0.2889 0.0227 0.0000 0.0566 0.0000 0.0250 0.0000 0.0000 0.0000 0.0000 0.0000
1.0000 0.0000 0.0000 0.0000 0.0000 0.8333 0.0000 0.0000 0.0000 0.0400 0.0000 0.5333 0.5897 0.0000 0.0408 0.0000
1.0000 0.0213 0.0000 0.0000 0.0200 0.9545 0.2745 0.0000 0.0800 0.0000 0.0000 0.0000 0.0000 0.0000 0.0526 0.0000
0.9333 0.3966 0.3469 0.0000 0.0000 0.0000 0.0294 0.0000 0.0000 0.0000 0.0000 0.0169 0.0000 0.0000 0.0000 0.0000
1.0000 0.2333 0.0000 0.0000 0.0149 0.0000 0.0000 0.0000 0.0000 0.0000 0.0000 0.0769 0.0000 0.0000 0.0000 0.0000
1.0000 0.0156 0.0149 0.0000 0.0784 0.8772 0.2667 0.0000 0.0000 0.0000 0.0484 0.3810 0.0952 0.0000 0.0000 0.0000
1.0000 0.7241 0.0962 0.0000 0.0000 0.0000 0.0000 0.0000 0.0000 0.0385 0.0000 0.0000 0.1000 0.0000 0.0000 0.0000
1.0000 0.0000 0.0000 0.0000 0.0000 0.8980 0.2692 0.7925 0.0000 0.0000 0.0000 0.0741 0.0000 0.0000 0.0000 0.0000
1.0000 0.7368 0.6825 0.4419 0.1136 0.0000 0.0000 0.0370 0.0000 0.0000 0.0426 0.0000 0.0000 0.0000 0.0000 0.0000
1.0000 0.0000 0.0000 0.0000 0.0000 0.9545 0.0727 0.0000 0.0270 0.0000 0.0000 0.2045 0.0000 0.0000 0.0179 0.0000
1.0000 0.0444 0.0625 0.0000 0.0000 0.7812 0.2500 0.0179 0.0000 0.0000 0.0000 0.0488 0.0000 0.0000 0.0000 0.0000
1.0000 0.0000 0.0000 0.0000 0.0000 0.5676 0.1026 0.5435 0.0000 0.0000 0.0317 0.0000 0.0000 0.0172 0.0000 0.0000
1.0000 0.0000 0.0000 0.0000 0.0000 0.6809 0.8723 0.0000 0.0000 0.0179 0.0000 0.0000 0.0000 0.0000 0.0816 0.0000
1.0000 0.0000 0.0000 0.0000 0.0000 0.0556 0.0000 0.0000 0.0000 0.0000 0.0000 0.0000 0.0000 0.0000 0.0000 0.0000
1.0000 0.4375 0.3667 0.0000 0.0000 0.0000 0.0000 0.0000 0.0000 0.0000 0.0000 0.0217 0.0000 0.0385 0.0000 0.0000
1.0000 0.8033 0.0000 0.0000 0.0000 0.0000 0.0625 0.0000 0.0000 0.0000 0.0000 0.0000 0.0000 0.1111 0.0000 0.0000
0.8936 0.9649 0.5750 0.4909 0.2759 0.0000 0.0000 0.0000 0.0000 0.0000 0.0000 0.0000 0.0000 0.0000 0.0000 0.0000
1.0000 0.0000 0.0204 0.0000 0.0000 0.7021 0.4000 0.0000 0.0200 0.0400 0.0000 0.0000 0.0476 0.0000 0.0000 0.0000
0.9545 0.0732 0.0000 0.0000 0.0000 0.0000 0.0000 0.0000 0.0000 0.0000 0.0303 0.0000 0.0000 0.2692 0.0000 0.0000
1.0000 0.0000 0.0000 0.0577 0.0000 0.6833 0.4706 0.0000 0.1475 0.0000 0.0000 0.0000 0.0000 0.0000 0.0000 0.0000
0.9808 0.0000 0.0000 0.0000 0.0000 0.9048 0.1915 0.0000 0.0000 0.0000 0.0476 0.0000 0.0161 0.0000 0.0000 0.0000
1.0000 0.0000 0.0000 0.0755 0.0000 0.6429 0.1944 0.0698 0.1458 0.0000 0.0000 0.0000 0.0000 0.0000 0.0000 0.0000
1.0000 0.0000 0.1017 0.0000 0.0364 0.7838 0.0154 0.0000 0.0000 0.0000 0.0816 0.3947 0.0345 0.0172 0.0784 0.0000
0.8846 0.0000 0.0169 0.0227 0.0000 0.6939 0.1273 0.0638 0.0000 0.0000 0.0227 0.4286 0.2955 0.0000 0.0656 0.0000
1.0000 0.9538 0.9184 0.4348 0.5818 0.0000 0.0000 0.0000 0.0000 0.0000 0.0000 0.0000 0.0000 0.0000 0.0000 0.0000
0.9808 0.9200 0.0000 0.0000 0.0000 0.0222 0.0000 0.0000 0.0000 0.0000 0.0000 0.0000 0.0227 0.1702 0.0200 0.0000
0.9808 0.0000 0.0000 0.0000 0.0000 0.7500 0.1333 0.2333 0.0000 0.2326 0.0222 0.0000 0.0000 0.0000 0.0784 0.0000
1.0000 0.5405 0.2955 0.0000 0.0000 0.0426 0.0000 0.0294 0.0152 0.0000 0.0526 0.0000 0.0000 0.0000 0.0545 0.0000
0.9800 0.0278 0.0000 0.0000 0.0000 0.6042 0.6341 0.0000 0.0784 0.0000 0.0000 0.0000 0.0000 0.0000 0.0000 0.0000
0.9800 0.9818 0.7234 0.4783 0.0625 0.0000 0.0161 0.0000 0.2143 0.0182 0.0000 0.0200 0.0000 0.0000 0.0000 0.0000
0.9615 0.4222 0.6500 0.1400 0.2453 0.0000 0.0000 0.0000 0.0179 0.0000 0.0000 0.0000 0.0172 0.0750 0.0000 0.0000
1.0000 0.0000 0.0000 0.0000 0.0000 0.2632 0.0179 0.1600 0.0000 0.0000 0.0000 0.0000 0.0000 0.0000 0.0000 0.0000
1.0000 0.0000 0.0000 0.0000 0.0000 0.0000 0.0000 0.0000 0.0000 0.0000 0.0000 0.0000 0.0000 0.0000 0.0000 0.0000
1.0000 0.9643 0.6667 0.1316 0.0000 0.0000 0.0000 0.0000 0.0000 0.0000 0.0000 0.0159 0.0000 0.0000 0.0000 0.0000
1.0000 0.8364 0.2000 0.0000 0.0000 0.0000 0.0000 0.0227 0.0400 0.0000 0.0000 0.0000 0.0000 0.0000 0.0943 0.0000
0.9231 0.9455 0.5254 0.0000 0.0448 0.0263 0.1395 0.0222 0.0000 0.0000 0.0000 0.0364 0.0000 0.0909 0.0000 0.0000
1.0000 0.7551 0.6557 0.4151 0.0847 0.0000 0.0000 0.0185 0.0000 0.0000 0.0196 0.0000 0.0000 0.0000 0.0000 0.0000
1.0000 0.0000 0.0000 0.0426 0.0000 0.6316 0.5111 0.0000 0.0000 0.0000 0.0182 0.0000 0.0556 0.0000 0.0000 0.0000
1.0000 0.6585 0.4098 0.3191 0.0000 0.0426 0.0000 0.0000 0.0233 0.0000 0.0000 0.0250 0.0000 0.0000 0.0000 0.0000
1.0000 0.0000 0.0000 0.0000 0.0000 0.7647 0.0192 0.3692 0.0000 0.0000 0.5000 0.0000 0.0000 0.0000 0.0200 0.0000
1.0000 0.0000 0.0000 0.0755 0.0000 0.5417 0.0182 0.1207 0.0000 0.0000 0.1481 0.0000 0.0000 0.0000 0.0000 0.0000
1.0000 0.0217 0.0000 0.0000 0.0000 0.3226 0.0000 0.4314 0.0196 0.0185 0.0000 0.0000 0.0000 0.0000 0.0000 0.0000
1.0000 0.0000 0.0000 0.0000 0.0000 0.8333 0.0536 0.0000 0.0000 0.0000 0.0000 0.0909 0.0208 0.0000 0.0000 0.0000
1.0000 0.0217 0.0000 0.0000 0.0000 0.9123 0.1176 0.0175 0.0000 0.0000 0.0000 0.0000 0.0426 0.0000 0.0000 0.0000
1.0000 0.9333 0.8085 0.8039 0.4138 0.0000 0.0000 0.0000 0.0000 0.0000 0.0000 0.0000 0.0200 0.0000 0.0000 0.0000
1.0000 0.0000 0.0000 0.0000 0.0000 0.8500 0.2453 0.0351 0.0000 0.0227 0.0000 0.0000 0.0000 0.1458 0.0000 0.0000
0.9500 0.0000 0.0000 0.0270 0.0000 0.8246 0.4419 0.0000 0.0000 0.0000 0.0000 0.0000 0.0000 0.0000 0.0000 0.0000
1.0000 0.0000 0.0000 0.0000 0.0000 0.8780 0.3939 0.0000 0.0000 0.0000 0.0000 0.2000 0.0000 0.0000 0.0278 0.0000
0.9615 0.0000 0.0000 0.0000 0.0000 0.7174 0.4783 0.0000 0.0000 0.0204 0.0465 0.1250 0.0227 0.0000 0.0426 0.0000
1.0000 0.0000 0.0167 0.0227 0.1786 0.3509 0.2941 0.0233 0.0213 0.0000 0.0870 0.0000 0.0000 0.0000 0.0000 0.0000
0.9841 0.2812 0.2586 0.0000 0.0000 0.0000 0.0000 0.0208 0.0000 0.0000 0.0000 0.0200 0.0182 0.0000 0.0000 0.0000
1.0000 0.9333 0.2353 0.0000 0.0000 0.0000 0.1944 0.0000 0.0000 0.0000 0.0217 0.0000 0.0000 0.0000 0.0000 0.0000
1.0000 0.9828 0.4219 0.2766 0.1167 0.0000 0.0000 0.0000 0.0000 0.0000 0.0000 0.0000 0.0000 0.0952 0.0175 0.0000
1.0000 0.7234 0.7059 0.1967 0.0208 0.0000 0.0000 0.0000 0.0377 0.0000 0.0000 0.0417 0.0000 0.0000 0.0385 0.0000
1.0000 0.0000 0.0189 0.0000 0.0000 0.5000 0.2917 0.0000 0.0000 0.0000 0.0000 0.0000 0.0426 0.0000 0.0000 0.0000
1.0000 0.6364 0.4000 0.3125 0.0000 0.0000 0.0000 0.1887 0.0000 0.0000 0.0000 0.0000 0.0339 0.0000 0.0000 0.0000
0.9630 0.0000 0.0000 0.0000 0.0299 0.6800 0.1277 0.0000 0.0000 0.0000 0.0000 0.0000 0.0000 0.0000 0.0000 0.0000
1.0000 0.6923 0.0909 0.0000 0.0000 0.0185 0.0000 0.0000 0.0000 0.0000 0.0000 0.0612 0.0000 0.0000 0.0000 0.0000
1.0000 0.0000 0.0000 0.0000 0.0000 0.9545 0.6111 0.0476 0.0000 0.0444 0.0000 0.0000 0.0000 0.0000 0.0000 0.0000
1.0000 0.0000 0.0196 0.0000 0.0000 0.6949 0.4000 0.0714 0.0000 0.0204 0.0000 0.0566 0.0000 0.0000 0.0000 0.0000
1.0000 0.0000 0.0000 0.0000 0.0000 0.0000 0.0000 0.0000 0.0000 0.0500 0.0000 0.0000 0.0000 0.0179 0.0000 0.0000
1.0000 0.0000 0.0000 0.0000 0.0588 0.7255 0.1667 0.0833 0.0000 0.0588 0.0000 0.0000 0.0000 0.0000 0.0000 0.0000
1.0000 0.0000 0.0179 0.0400 0.0755 0.7742 0.2245 0.1892 0.0000 0.0000 0.1455 0.0000 0.0000 0.0000 0.0000 0.0000
0.9744 0.0000 0.0000 0.0000 0.0000 0.9556 0.2037 0.0000 0.0000 0.0000 0.0000 0.2667 0.0833 0.0000 0.0000 0.0000
0.8974 0.0000 0.0000 0.0000 0.0000 0.0638 0.0000 0.0000 0.0000 0.0000 0.0000 0.0000 0.0167 0.0000 0.0000 0.0000
1.0000 0.0000 0.0000 0.0377 0.0000 0.7872 0.0000 0.0000 0.0000 0.0000 0.0000 0.0000 0.0702 0.0000 0.0877 0.0000
0.9600 0.2407 0.0000 0.0000 0.0000 0.0000 0.0167 0.0204 0.0000 0.0000 0.0000 0.0455 0.0000 0.1250 0.0000 0.0000
1.0000 0.9811 0.4167 0.0652 0.0000 0.0000 0.0000 0.0000 0.0000 0.0000 0.0000 0.0000 0.0727 0.0000 0.0000 0.0000
1.0000 0.0000 0.0000 0.0000 0.0000 0.5870 0.6939 0.0000 0.0000 0.0000 0.0000 0.1220 0.0000 0.0000 0.1667 0.0000
1.0000 0.0000 0.0417 0.0172 0.0000 0.9808 0.1136 0.4545 0.0000 0.0000 0.2083 0.1481 0.0612 0.0000 0.0000 0.0000
1.0000 0.0000 0.0000 0.0000 0.0000 1.0000 0.0816 0.0000 0.0000 0.0000 0.0000 0.0000 0.0000 0.0000 0.1064 0.0000
1.0000 0.0000 0.0204 0.0370 0.0000 0.7255 0.0323 0.3600 0.0000 0.0000 0.0000 0.0000 0.0000 0.0000 0.0000 0.0000
0.9074 0.3968 0.5385 0.0000 0.0000 0.0000 0.0000 0.0250 0.0000 0.0000 0.0000 0.0204 0.0000 0.0000 0.0000 0.0000
1.0000 0.0000 0.0000 0.0000 0.0435 0.5000 0.0000 0.0000 0.0233 0.0000 0.0000 0.2128 0.1042 0.0000 0.0000 0.0000
1.0000 0.0000 0.0000 0.0000 0.0000 0.0000 0.1667 0.0426 0.0000 0.0000 0.0000 0.0000 0.1607 0.0000 0.0000 0.0000
1.0000 0.0000 0.0000 0.0000 0.0385 0.9318 0.0351 0.4906 0.0000 0.1373 0.0000 0.0000 0.0000 0.0000 0.0000 0.0000
1.0000 0.9808 0.6964 0.0000 0.0000 0.0182 0.0000 0.0000 0.0000 0.0000 0.0000 0.0000 0.0000 0.0577 0.0000 0.0000
1.0000 0.6327 0.0000 0.0179 0.0000 0.2083 0.0185 0.0000 0.0000 0.0000 0.0000 0.0000 0.0000 0.3793 0.0351 0.0000
1.0000 0.0000 0.0000 0.0000 0.0000 0.4423 0.0000 0.0000 0.0000 0.0000 0.0536 0.0192 0.0000 0.0000 0.0000 0.0000
1.0000 0.0000 0.0000 0.0000 0.0000 0.4490 0.1333 0.0645 0.4500 0.0000 0.0000 0.0000 0.0154 0.0000 0.0000 0.0000
0.9762 0.7333 0.6923 0.2174 0.0000 0.0000 0.0000 0.0000 0.0000 0.0000 0.0200 0.0000 0.0000 0.0000 0.0000 0.0000
0.9815 0.0000 0.0000 0.0000 0.0000 0.8491 0.4130 0.0000 0.0000 0.0000 0.0000 0.2326 0.0000 0.0000 0.0192 0.0000
1.0000 0.5614 0.0000 0.0000 0.0000 0.0000 0.0000 0.0000 0.0000 0.0000 0.0000 0.0000 0.0000 0.0000 0.0000 0.0000
1.0000 0.0000 0.0377 0.0588 0.0000 0.5682 0.4694 0.0000 0.0000 0.0000 0.0000 0.0000 0.0192 0.0182 0.1463 0.0000
1.0000 0.0000 0.0000 0.0000 0.0000 0.6557 0.1042 0.3023 0.0000 0.0256 0.0000 0.0208 0.0175 0.0000 0.0000 0.0000
0.9630 0.0000 0.0227 0.0000 0.0750 0.7778 0.0000 0.0000 0.1509 0.0000 0.0000 0.3103 0.0000 0.0000 0.0000 0.0000
1.0000 0.9111 0.4746 0.3125 0.0000 0.0000 0.0182 0.0000 0.0536 0.0000 0.0000 0.0000 0.0233 0.1296 0.0000 0.0000
1.0000 0.0741 0.0200 0.0000 0.0000 0.9783 0.2931 0.0000 0.4912 0.0000 0.0000 0.0000 0.0000 0.0000 0.0000 0.0000
1.0000 0.0426 0.0000 0.0000 0.0000 0.9118 0.0465 0.4762 0.0000 0.0000 0.3778 0.0000 0.0000 0.0678 0.0769 0.0000
1.0000 0.6889 0.0556 0.0000 0.0208 0.0455 0.0000 0.0000 0.0000 0.0317 0.0000 0.0000 0.0870 0.0000 0.0000 0.0000
1.0000 0.0000 0.0000 0.0000 0.0000 0.8913 0.0755 0.0000 0.0400 0.0000 0.0000 0.0000 0.0000 0.0000 0.0702 0.0000
1.0000 0.6512 0.5676 0.0000 0.0000 0.0000 0.0392 0.0755 0.0000 0.0000 0.0000 0.0000 0.0000 0.0000 0.0882 0.0000
1.0000 0.0000 0.0000 0.0698 0.0000 0.6038 0.3421 0.0000 0.0000 0.0000 0.0204 0.1053 0.0192 0.0000 0.3393 0.0000
1.0000 0.9286 0.0000 0.0000 0.0000 0.0000 0.0000 0.1228 0.0000 0.0000 0.0392 0.0000 0.0000 0.7381 0.0000 0.0000
1.0000 0.6545 0.1500 0.0000 0.0000 0.0000 0.0000 0.0000 0.0000 0.0213 0.0000 0.0000 0.0000 0.0000 0.0200 0.0000
1.0000 0.0000 0.0000 0.0000 0.0000 0.6102 0.3600 0.0000 0.0196 0.0000 0.0000 0.0000 0.0000 0.0000 0.0000 0.0000
0.9365 0.0000 0.0000 0.0000 0.0000 0.0727 0.2041 0.1778 0.0000 0.0000 0.0000 0.0000 0.0000 0.0000 0.0000 0.0000
0.9623 0.0000 0.1481 0.0000 0.0179 0.8889 0.1373 0.0690 0.0000 0.0000 0.0000 0.0000 0.0000 0.0000 0.0000 0.0000
1.0000 0.7674 0.0000 0.0217 0.0000 0.0000 0.0000 0.0000 0.0577 0.0000 0.0000 0.0000 0.0192 0.5682 0.0000 0.0000
1.0000 0.3333 0.1321 0.0000 0.0000 0.0000 0.1449 0.0263 0.0000 0.1489 0.0000 0.0244 0.0000 0.0000 0.0000 0.0000
1.0000 0.0000 0.0000 0.0000 0.0000 0.0000 0.0196 0.0000 0.0000 0.0000 0.0000 0.0000 0.0000 0.0000 0.0727 0.0000
1.0000 0.0000 0.0000 0.0385 0.0000 0.5000 0.2203 0.0000 0.0000 0.0000 0.0370 0.0189 0.0000 0.0000 0.0000 0.0000
1.0000 0.9649 0.7391 0.7381 0.4219 0.0256 0.0000 0.0000 0.0000 0.0000 0.1569 0.0000 0.0000 0.0000 0.0000 0.0000
1.0000 0.0000 0.0000 0.0189 0.0000 0.9200 0.0000 0.5818 0.0286 0.0233 0.0000 0.0000 0.0600 0.0000 0.0000 0.0000
0.9828 0.0000 0.0000 0.0000 0.0000 0.6364 0.1176 0.2182 0.0000 0.0426 0.0000 0.0000 0.0000 0.0000 0.0000 0.0000
1.0000 0.9474 0.0000 0.0000 0.0000 0.0455 0.0000 0.0000 0.0278 0.0152 0.0000 0.0000 0.0000 0.6981 0.0000 0.0000
1.0000 0.7959 0.5000 0.4516 0.0000 0.0000 0.0222 0.0000 0.0000 0.0227 0.0000 0.0517 0.0000 0.0000 0.0179 0.0000
1.0000 0.0000 0.0000 0.0000 0.0000 0.9302 0.1875 0.0667 0.0000 0.1304 0.0000 0.0000 0.0000 0.0000 0.0000 0.0000
1.0000 0.9038 0.0000 0.0000 0.0000 0.0000 0.0652 0.0000 0.0000 0.0000 0.0000 0.0000 0.0000 0.1765 0.0000 0.0000
1.0000 0.0000 0.0000 0.0000 0.0000 1.0000 0.2245 0.0182 0.0000 0.0000 0.0000 0.0000 0.0500 0.0000 0.2857 0.0000
0.9796 0.0000 0.0000 0.0000 0.0000 0.1633 0.0000 0.0000 0.0000 0.0000 0.0000 0.0000 0.0000 0.0000 0.0000 0.0000
1.0000 0.9298 0.3542 0.0000 0.0000 0.0000 0.0000 0.0000 0.0000 0.0000 0.0000 0.0000 0.0455 0.0000 0.0217 0.0000
1.0000 0.2444 0.0000 0.0000 0.0000 0.0566 0.0357 0.0000 0.0750 0.0000 0.0000 0.0000 0.0172 0.0000 0.0000 0.0000
1.0000 0.0000 0.0000 0.0000 0.1311 1.0000 0.0750 0.0000 0.0000 0.0000 0.0000 0.8250 0.1818 0.0000 0.0000 0.0000
1.0000 0.9565 0.8889 0.5238 0.1600 0.0000 0.0000 0.0000 0.0000 0.1250 0.0508 0.0000 0.0000 0.0000 0.0000 0.0000
0.9828 0.5714 0.1250 0.0000 0.0000 0.0000 0.1600 0.0000 0.0000 0.0000 0.0000 0.0000 0.0000 0.0000 0.0000 0.0000
1.0000 0.0000 0.0698 0.0000 0.0000 0.3400 0.3542 0.0000 0.0000 0.0000 0.0000 0.0000 0.0000 0.0370 0.1754 0.0000
1.0000 0.0000 0.0000 0.0000 0.0000 0.0000 0.0000 0.0000 0.0000 0.0000 0.0000 0.0000 0.0000 0.0000 0.0000 0.0000
1.0000 0.0189 0.0000 0.0000 0.0000 0.0000 0.1364 0.0000 0.0000 0.0233 0.0000 0.0000 0.0000 0.0000 0.0000 0.0000
0.9804 0.0638 0.0000 0.0417 0.0000 0.6800 0.1489 0.0000 0.0000 0.0000 0.0426 0.4054 0.0185 0.0000 0.0000 0.0000
1.0000 0.0000 0.0000 0.1379 0.0000 0.2222 0.1176 0.0000 0.0625 0.0000 0.0000 0.0000 0.0000 0.0000 0.0000 0.0000
1.0000 0.8723 0.4146 0.2679 0.0333 0.0000 0.0000 0.0000 0.0000 0.0000 0.0444 0.0000 0.0000 0.1364 0.0000 0.0000
1.0000 0.7083 0.0000 0.0000 0.0000 0.0000 0.0000 0.0784 0.0755 0.0000 0.0000 0.0161 0.0000 0.3902 0.0000 0.0000
1.0000 0.0000 0.0000 0.0556 0.0000 0.7000 0.4490 0.0000 0.1071 0.0000 0.0000 0.0345 0.0000 0.0172 0.0000 0.0000
1.0000 0.2586 0.0000 0.0000 0.0000 0.0000 0.0000 0.0000 0.0000 0.0000 0.0000 0.0909 0.1707 0.3958 0.0000 0.0000
0.9783 0.0000 0.0000 0.0175 0.0000 0.5476 0.1277 0.0000 0.0000 0.0000 0.0000 0.0000 0.0000 0.0000 0.0851 0.0000
1.0000 0.0286 0.0000 0.0476 0.0000 0.6538 0.8077 0.0000 0.0000 0.0000 0.0851 0.0000 0.0000 0.0000 0.0000 0.0000
0.9000 0.9787 0.6977 0.0000 0.0000 0.1042 0.0000 0.0000 0.0000 0.0000 0.0000 0.0000 0.0339 0.0000 0.0000 0.0000
1.0000 0.0000 0.0000 0.0000 0.0476 1.0000 0.2258 0.0500 0.0000 0.0000 0.0000 0.1042 0.0000 0.0000 0.0000 0.0000
0.9783 0.9804 0.7209 0.2881 0.0339 0.0222 0.0000 0.0000 0.0000 0.0196 0.0299 0.0000 0.0000 0.0000 0.0196 0.0000
1.0000 0.0000 0.0345 0.0000 0.2051 0.5000 0.1277 0.1636 0.0147 0.0000 0.0488 0.0000 0.0000 0.0000 0.0000 0.0000
1.0000 0.0000 0.0000 0.0000 0.0000 0.7200 0.0000 0.0000 0.0000 0.0000 0.0000 0.7317 0.2549 0.0000 0.0000 0.0000
0.9333 0.0000 0.0000 0.0000 0.0000 0.6667 0.0800 0.0962 0.1111 0.0000 0.0741 0.0000 0.0000 0.0000 0.0577 0.0000
1.0000 0.0189 0.0000 0.0000 0.0426 0.5926 0.1887 0.2903 0.0000 0.0667 0.0000 0.0000 0.0000 0.0000 0.0000 0.0000
1.0000 0.0000 0.0000 0.0000 0.0000 0.3944 0.0625 0.0000 0.0000 0.0000 0.0000 0.0000 0.0000 0.0000 0.0000 0.0000
0.9828 0.0364 0.0303 0.0000 0.0377 0.0000 0.0000 0.0000 0.0227 0.0000 0.0000 0.0750 0.0000 0.0185 0.0000 0.0000
1.0000 0.0000 0.0000 0.0000 0.0000 0.9583 0.0000 0.0204 0.0000 0.0000 0.0000 0.0000 0.0000 0.0000 0.0192 0.0000
1.0000 0.0000 0.0000 0.0000 0.0000 0.6852 0.1852 0.0000 0.0000 0.0000 0.0000 0.0000 0.0000 0.1026 0.0000 0.0000
1.0000 0.9778 0.1087 0.0000 0.0000 0.0000 0.0000 0.0000 0.0196 0.0233 0.0000 0.0000 0.2308 0.0312 0.0000 0.0000
1.0000 0.7541 0.7826 0.3878 0.0000 0.0000 0.0208 0.0000 0.0000 0.0000 0.0000 0.0000 0.0000 0.0192 0.0000 0.0000
1.0000 0.0000 0.0000 0.0000 0.0000 0.8776 0.4000 0.0000 0.0962 0.0196 0.0000 0.1333 0.0000 0.0000 0.5000 0.0000
1.0000 0.0000 0.0000 0.0000 0.0169 0.0000 0.0000 0.0000 0.0588 0.0962 0.0000 0.0000 0.0000 0.0182 0.0238 0.0000
1.0000 0.0000 0.0000 0.0000 0.0000 0.5833 0.1186 0.7222 0.0345 0.0000 0.1458 0.0196 0.0000 0.0000 0.0000 0.0000
1.0000 0.0000 0.0000 0.0000 0.0000 0.6415 0.5645 0.0870 0.0000 0.0000 0.0000 0.0000 0.0000 0.0385 0.0000 0.0000
1.0000 0.5116 0.3148 0.0000 0.0000 0.0000 0.0426 0.0000 0.0000 0.0000 0.0000 0.0000 0.0000 0.0000 0.0000 0.0000
1.0000 0.0000 0.1250 0.0189 0.0000 0.8361 0.4906 0.0000 0.0196 0.0000 0.0000 0.0000 0.0000 0.0000 0.0000 0.0000
1.0000 0.0217 0.0000 0.0000 0.0000 0.7465 0.1250 0.4828 0.0000 0.0000 0.0000 0.0000 0.0000 0.0000 0.0000 0.0000
1.0000 0.4706 0.0000 0.0000 0.0000 0.0000 0.0000 0.0000 0.0196 0.0000 0.0000 0.0000 0.0000 0.2982 0.0000 0.0000
1.0000 0.0000 0.0000 0.0000 0.0000 0.9643 0.7250 0.0000 0.0217 0.0000 0.0000 0.0000 0.0000 0.0000 0.4167 0.0000
1.0000 0.4423 0.0000 0.0000 0.0351 0.0000 0.0000 0.0656 0.0000 0.0185 0.0000 0.0000 0.0000 0.0000 0.0000 0.0000
1.0000 0.0000 0.0000 0.0000 0.0000 0.8947 0.0377 0.4468 0.0256 0.0227 0.1017 0.0000 0.0000 0.0000 0.0000 0.0000
0.9787 0.0426 0.0000 0.0000 0.0000 0.7436 0.0556 0.2083 0.0000 0.0000 0.3279 0.0000 0.0000 0.0000 0.0000 0.0000
1.0000 1.0000 0.8235 0.5088 0.0000 0.0000 0.0000 0.0233 0.0164 0.0000 0.0204 0.0000 0.0000 0.0000 0.0000 0.0000
1.0000 0.0968 0.0000 0.0000 0.0000 0.5556 0.4697 0.0952 0.1273 0.0952 0.0000 0.0000 0.0000 0.0000 0.0000 0.0000
1.0000 0.1081 0.0612 0.1053 0.0000 0.0000 0.0000 0.0000 0.0000 0.0000 0.0851 0.0000 0.0000 0.0000 0.0000 0.0000
1.0000 0.0000 0.0000 0.1000 0.0000 0.9216 0.0556 0.1515 0.0000 0.0385 0.1167 0.0000 0.0000 0.0000 0.0000 0.0000
0.9811 0.0000 0.0000 0.0000 0.0000 0.6129 0.3333 0.0000 0.0196 0.0000 0.0000 0.1667 0.0000 0.0000 0.0400 0.0000
1.0000 0.8723 0.4615 0.2857 0.0000 0.0000 0.0000 0.1176 0.0714 0.0000 0.0189 0.0000 0.0000 0.0000 0.0000 0.0000
1.0000 0.9828 0.6739 0.5000 0.0000 0.0000 0.0000 0.0000 0.0000 0.0172 0.0000 0.0000 0.0000 0.0000 0.0698 0.0000
0.9808 0.0400 0.0000 0.0000 0.0000 0.7458 0.0690 0.0000 0.3810 0.0000 0.0333 0.0000 0.0192 0.0635 0.0000 0.0000
1.0000 0.0000 0.0000 0.0192 0.0189 0.9474 0.6964 0.0286 0.0385 0.0370 0.0000 0.0357 0.0000 0.0000 0.0000 0.0000
1.0000 0.5909 0.1136 0.0000 0.0185 0.0000 0.0000 0.0357 0.0000 0.0000 0.0000 0.0156 0.0000 0.2963 0.0000 0.0000
0.8936 0.0000 0.0357 0.0000 0.0000 0.2955 0.0278 0.0000 0.0213 0.0179 0.0000 0.0000 0.0000 0.0000 0.0000 0.0000
1.0000 0.5849 0.0185 0.0385 0.0000 0.0000 0.0000 0.0000 0.0000 0.0244 0.0000 0.0000 0.0000 0.0000 0.0000 0.0000
0.9500 0.9322 0.4615 0.0377 0.0000 0.0263 0.0000 0.0000 0.0000 0.0135 0.0000 0.0000 0.0000 0.0000 0.0000 0.0000
1.0000 0.7903 0.0000 0.0000 0.0000 0.0000 0.0000 0.0000 0.0233 0.0000 0.0000 0.0000 0.0217 0.0000 0.0000 0.0000
1.0000 0.2105 0.0000 0.0000 0.0714 0.0000 0.0000 0.0000 0.0000 0.0000 0.0000 0.0000 0.0000 0.0000 0.0000 0.0000
1.0000 0.0000 0.0000 0.0000 0.0000 0.7708 0.0000 0.2667 0.0000 0.0227 0.0000 0.0488 0.0577 0.0000 0.0000 0.0000
1.0000 0.0500 0.0000 0.0000 0.0000 0.0000 0.0000 0.0000 0.0000 0.0000 0.0278 0.0000 0.0000 0.0000 0.0000 0.0000
0.9444 0.0000 0.0000 0.0000 0.0000 0.8800 0.2407 0.4000 0.0217 0.0000 0.1579 0.0000 0.0000 0.0408 0.0000 0.0000
1.0000 0.4038 0.0000 0.0000 0.1277 0.0000 0.0000 0.0000 0.0000 0.0161 0.0204 0.0000 0.0000 0.3571 0.0000 0.0000
1.0000 0.8293 0.2292 0.0000 0.0167 0.0000 0.0357 0.0000 0.0000 0.0000 0.0182 0.1094 0.0000 0.0000 0.0213 0.0000
1.0000 0.0000 0.0175 0.0000 0.0000 0.9302 0.0000 0.0000 0.0000 0.0000 0.0000 0.0000 0.0000 0.0000 0.0000 0.0000
1.0000 0.0000 0.0000 0.0000 0.0000 0.7500 0.0698 0.4889 0.0000 0.2857 0.0000 0.0000 0.1111 0.0000 0.0000 0.0000
1.0000 0.7368 0.4565 0.2787 0.0755 0.0244 0.1064 0.0000 0.0000 0.0000 0.0204 0.0000 0.0896 0.0000 0.0000 0.0000
1.0000 0.0000 0.0741 0.0000 0.0000 1.0000 0.1778 0.5000 0.0000 0.0000 0.3261 0.0000 0.0000 0.0000 0.0364 0.0000
1.0000 0.0000 0.0000 0.0000 0.0488 0.0000 0.0000 0.0000 0.0000 0.0000 0.0323 0.0000 0.0000 0.0000 0.0169 0.0000
1.0000 0.0000 0.0000 0.1136 0.0000 0.7719 0.3729 0.0000 0.2400 0.0000 0.0000 0.0000 0.0000 0.0000 0.0545 0.0000
1.0000 0.4250 0.0000 0.0000 0.0000 0.0000 0.0000 0.0000 0.0000 0.0204 0.0000 0.0513 0.0000 0.0000 0.1636 0.0000
1.0000 0.0000 0.0000 0.0000 0.0323 0.4615 0.7297 0.0159 0.0000 0.0000 0.0000 0.0000 0.0000 0.0000 0.0000 0.0000
1.0000 0.0000 0.0000 0.0000 0.0167 0.9783 0.3148 0.1429 0.0000 0.0185 0.0000 0.0000 0.0000 0.0465 0.0000 0.0000
1.0000 0.0000 0.0000 0.0000 0.0000 0.7170 0.0980 0.0000 0.2344 0.0000 0.0000 0.0164 0.0000 0.0000 0.0000 0.0000
1.0000 0.0000 0.0000 0.0000 0.1081 0.9844 0.1569 0.5200 0.0000 0.0000 0.1042 0.0000 0.0000 0.0000 0.0238 0.0000
1.0000 0.0000 0.0000 0.0000 0.0000 0.8302 0.8696 0.1154 0.0000 0.0000 0.0238 0.0000 0.0000 0.0000 0.1837 0.0000
1.0000 0.8000 0.8462 0.0577 0.0000 0.0000 0.1091 0.0175 0.0000 0.0400 0.0000 0.0702 0.0000 0.0000 0.0000 0.0000
1.0000 0.0000 0.0000 0.0000 0.0000 0.7857 0.5750 0.0000 0.0000 0.0392 0.0000 0.0233 0.0500 0.0000 0.0000 0.0000
1.0000 0.0690 0.0000 0.0000 0.0208 0.8182 0.9107 0.0000 0.0000 0.0000 0.0000 0.0351 0.0000 0.0000 0.0204 0.0000
0.9483 0.0000 0.0000 0.0000 0.0000 0.6829 0.7170 0.0000 0.0000 0.0333 0.0000 0.0417 0.0000 0.0000 0.0000 0.0000
1.0000 0.0000 0.0000 0.0000 0.1522 0.7872 0.0000 0.0000 0.0455 0.0000 0.0000 0.0196 0.0000 0.0000 0.0000 0.0000
0.9189 0.0351 0.0000 0.0000 0.0000 0.9265 0.4462 0.2857 0.0000 0.0196 0.0217 0.1029 0.0227 0.0000 0.0000 0.0000
1.0000 0.0000 0.0417 0.0000 0.0000 1.0000 0.0385 0.0000 0.0000 0.0000 0.0385 0.1707 0.0870 0.0000 0.0930 0.0000
1.0000 0.0256 0.0000 0.0000 0.0000 1.0000 0.0962 0.0000 0.4182 0.0000 0.0000 0.0000 0.0000 0.0000 0.0213 0.0000
1.0000 0.9815 0.6102 0.4717 0.0000 0.0000 0.0000 0.0000 0.0217 0.0000 0.0000 0.0000 0.0000 0.0000 0.0000 0.0000
1.0000 0.9818 0.0000 0.0000 0.0000 0.0000 0.0000 0.0000 0.0000 0.0000 0.0000 0.0000 0.0000 0.2391 0.0735 0.0000
1.0000 0.8444 0.2000 0.0000 0.0000 0.0000 0.0000 0.0000 0.0000 0.0000 0.0000 0.0000 0.0000 0.0182 0.0000 0.0000
0.9792 0.6167 0.6327 0.0400 0.0000 0.0000 0.0000 0.0000 0.0000 0.0000 0.0189 0.0000 0.0000 0.0980 0.0000 0.0000
0.9070 0.0000 0.0172 0.0000 0.0278 0.9545 0.6393 0.0000 0.0000 0.0000 0.0000 0.0000 0.1356 0.0638 0.0000 0.0000
1.0000 0.3571 0.0962 0.0227 0.0227 0.0000 0.0000 0.0000 0.0000 0.0000 0.0200 0.0000 0.0000 0.0000 0.0000 0.0000
1.0000 0.8776 0.5714 0.3846 0.0000 0.0000 0.0204 0.0000 0.0000 0.0000 0.0000 0.0476 0.0000 0.0000 0.0000 0.0000
0.9615 0.6087 0.3023 0.0000 0.0000 0.0417 0.0000 0.0000 0.0000 0.0400 0.0213 0.0000 0.0000 0.0238 0.0000 0.0000
1.0000 0.8958 0.7209 0.5294 0.0000 0.0204 0.0000 0.0556 0.0000 0.0000 0.0000 0.0000 0.0000 0.0000 0.0000 0.0000
1.0000 0.0000 0.0000 0.0000 0.0000 0.1509 0.1509 0.0000 0.0000 0.0000 0.0204 0.0000 0.0000 0.0000 0.0400 0.0000
1.0000 0.0000 0.0000 0.0000 0.0000 0.8125 0.2941 0.0000 0.0175 0.0000 0.0000 0.1875 0.4231 0.0000 0.0732 0.0000
0.9811 0.0333 0.0000 0.0000 0.0000 0.3333 0.0678 0.0000 0.0000 0.0000 0.0000 0.3455 0.0208 0.0179 0.0000 0.0000
1.0000 0.0000 0.0000 0.0000 0.0455 0.5778 0.8222 0.1250 0.0370 0.0000 0.2759 0.0000 0.0000 0.0000 0.0000 0.0000
1.0000 0.1224 0.0000 0.0000 0.0208 0.9841 0.1200 0.0816 0.0000 0.0000 0.1176 0.4694 0.2239 0.0000 0.0000 0.0000
0.9773 0.0000 0.0000 0.0000 0.0000 0.7556 0.0000 0.1509 0.0000 0.0000 0.0444 0.0227 0.0000 0.0000 0.0000 0.0000
1.0000 0.0488 0.0000 0.0612 0.0000 0.9821 0.1224 0.3214 0.0000 0.0732 0.0000 0.0000 0.0000 0.0000 0.0000 0.0000
1.0000 0.2791 0.0182 0.0000 0.0208 0.0000 0.0000 0.0000 0.0000 0.0000 0.0625 0.0000 0.0000 0.0000 0.0000 0.0000
1.0000 0.6909 0.6800 0.7407 0.6346 0.0625 0.0000 0.0000 0.0000 0.0000 0.0000 0.0000 0.0000 0.0000 0.0000 0.0000
1.0000 0.9130 0.6923 0.0000 0.0000 0.0000 0.0000 0.0000 0.0000 0.0000 0.0000 0.0612 0.0000 0.1020 0.0000 0.0000
1.0000 0.0000 0.0000 0.0244 0.0000 0.8222 0.5102 0.0364 0.0000 0.0222 0.0000 0.0000 0.0000 0.0000 0.1136 0.0000
0.9706 0.1795 0.0000 0.0000 0.0000 0.0217 0.0000 0.0000 0.0000 0.0000 0.0000 0.0000 0.0000 0.0000 0.0000 0.0000
0.9821 0.0545 0.0000 0.0000 0.0000 0.0000 0.0000 0.0000 0.0000 0.0000 0.0000 0.0000 0.0000 0.0000 0.0962 0.0000
1.0000 0.0222 0.0000 0.0000 0.0000 0.8654 0.1702 0.0000 0.2034 0.0000 0.0000 0.0000 0.0000 0.0000 0.0000 0.0000
1.0000 0.0750 0.0000 0.0250 0.0000 0.9773 0.2778 0.0000 0.0000 0.0175 0.0000 0.3725 0.0667 0.0000 0.0000 0.0000
1.0000 0.0000 0.0000 0.0000 0.0000 0.6939 0.1731 0.0000 0.0000 0.0000 0.0800 0.0000 0.0000 0.0161 0.0000 0.0000
0.9189 0.0357 0.0000 0.0444 0.0000 0.9000 0.4082 0.0000 0.0196 0.0000 0.0000 0.0000 0.0000 0.0000 0.0000 0.0000
1.0000 0.9714 0.8750 0.6939 0.3509 0.0000 0.0000 0.0476 0.0000 0.0000 0.3529 0.0000 0.0000 0.0000 0.1250 0.0000
1.0000 0.0000 0.0000 0.0000 0.0000 0.8333 0.0364 0.0000 0.0000 0.0000 0.0299 0.0000 0.0000 0.0000 0.0000 0.0000
1.0000 0.0000 0.0263 0.0222 0.0000 0.4889 0.1020 0.0000 0.0000 0.0000 0.0175 0.6591 0.5273 0.0000 0.0256 0.0000
1.0000 0.7963 0.0000 0.0000 0.0143 0.0600 0.0000 0.0000 0.0000 0.2353 0.0000 0.0000 0.1042 0.0638 0.0000 0.0000
0.9091 0.0000 0.0000 0.0000 0.0204 0.7778 0.1600 0.3830 0.0000 0.0000 0.0690 0.0000 0.0000 0.0000 0.0000 0.0000
1.0000 0.0000 0.0217 0.0000 0.0484 0.8958 0.6000 0.0196 0.0000 0.0222 0.0000 0.3333 0.0465 0.0164 0.0182 0.0000
0.9831 0.0000 0.0000 0.0000 0.0351 0.7333 0.3600 0.4259 0.0000 0.0000 0.2000 0.0000 0.0000 0.0000 0.0339 0.0000
1.0000 0.0000 0.0000 0.0000 0.0000 0.3750 0.0345 0.0000 0.0000 0.0000 0.0167 0.0169 0.0000 0.0000 0.0000 0.0000
1.0000 0.0000 0.0000 0.0000 0.0000 0.9630 0.6226 0.0000 0.2500 0.0000 0.0000 0.0000 0.0000 0.0000 0.0000 0.0000
1.0000 0.8679 0.3488 0.0204 0.0000 0.0000 0.0000 0.0000 0.0000 0.0000 0.0000 0.0000 0.0000 0.0000 0.0000 0.0000
1.0000 0.0000 0.0000 0.1556 0.0000 0.9508 0.1333 0.3860 0.0000 0.2857 0.0000 0.0851 0.0000 0.0000 0.0408 0.0000
1.0000 0.0192 0.0000 0.0000 0.0980 0.4800 0.5490 0.0000 0.0000 0.0000 0.0000 0.0000 0.0385 0.0000 0.1852 0.0000
1.0000 0.0189 0.0000 0.0000 0.0000 0.2245 0.0000 0.0000 0.0000 0.0000 0.0196 0.0000 0.0682 0.0000 0.0000 0.0000
0.9615 0.5862 0.2424 0.0769 0.0435 0.0000 0.0000 0.0000 0.0000 0.0000 0.0000 0.0000 0.0000 0.0000 0.0000 0.0000
1.0000 0.0000 0.1053 0.0000 0.0417 0.9310 0.6744 0.0000 0.4844 0.0000 0.0200 0.0000 0.0000 0.0000 0.0000 0.0000
1.0000 0.7826 0.0000 0.0167 0.0000 0.0000 0.0000 0.0000 0.0000 0.0238 0.0000 0.0000 0.0000 0.4694 0.0000 0.0000
0.9783 0.0000 0.0000 0.0000 0.0192 0.9773 0.1379 0.0400 0.0000 0.1875 0.0000 0.0000 0.0000 0.0217 0.0000 0.0000
1.0000 0.9444 0.0000 0.0000 0.0000 0.0000 0.0444 0.0000 0.0000 0.0175 0.0000 0.0200 0.0000 0.0179 0.0000 0.0000
1.0000 0.5192 0.0980 0.0000 0.0000 0.0000 0.0000 0.0000 0.0000 0.0000 0.0000 0.0182 0.0000 0.0169 0.0308 0.0000
1.0000 0.7091 0.5417 0.4375 0.2653 0.0000 0.0208 0.0426 0.0000 0.0000 0.0417 0.0196 0.0000 0.0000 0.0000 0.0000
1.0000 0.0000 0.0000 0.0000 0.0000 0.8491 0.0741 0.2769 0.0000 0.3333 0.0000 0.0000 0.0000 0.0000 0.0000 0.0000
1.0000 0.5652 0.0000 0.0000 0.0455 0.0000 0.0476 0.0256 0.0000 0.0000 0.0000 0.0000 0.0000 0.0000 0.0204 0.0000
1.0000 0.9211 0.3692 0.0000 0.0000 0.0000 0.0000 0.0000 0.0000 0.0000 0.0208 0.0000 0.0000 0.0000 0.0000 0.0000
1.0000 0.0000 0.0000 0.0000 0.0000 0.6667 0.7321 0.0000 0.0976 0.0172 0.0185 0.0536 0.0000 0.0000 0.0000 0.0000
1.0000 0.0000 0.0000 0.0000 0.0000 0.5862 0.2083 0.0000 0.1176 0.0000 0.0000 0.0000 0.0000 0.0000 0.0000 0.0000
1.0000 0.0000 0.0000 0.0244 0.0000 0.9655 0.1964 0.4500 0.0000 0.0833 0.0000 0.0000 0.0000 0.0000 0.0000 0.0000
1.0000 0.4167 0.0000 0.2250 0.0189 0.0000 0.0000 0.0000 0.0000 0.0000 0.0000 0.0000 0.0000 0.0204 0.0435 0.0000
0.9750 0.0600 0.0000 0.0000 0.0000 0.7059 0.5000 0.0222 0.0185 0.0000 0.0455 0.0000 0.0000 0.0000 0.3600 0.0000
1.0000 0.4746 0.6047 0.0000 0.0000 0.0185 0.0000 0.0000 0.0000 0.0000 0.0000 0.0000 0.0000 0.0000 0.0000 0.0000
1.0000 0.0000 0.0000 0.0000 0.0000 1.0000 0.2368 0.0000 0.6792 0.0000 0.0000 0.1636 0.0204 0.0000 0.0000 0.0000
0.9444 0.9583 0.5102 0.3600 0.1071 0.0000 0.0000 0.0208 0.0000 0.0227 0.0000 0.0000 0.0000 0.0217 0.0000 0.0000
1.0000 0.0000 0.0698 0.0000 0.0000 0.7692 0.0488 0.3778 0.0000 0.1111 0.0208 0.0000 0.0000 0.0000 0.0000 0.0000
1.0000 0.0175 0.0000 0.0682 0.0000 0.7292 0.7442 0.0000 0.0000 0.0000 0.0217 0.0000 0.0000 0.0238 0.4762 0.0000
1.0000 0.0000 0.0000 0.0000 0.0000 0.7414 0.1395 0.2143 0.0000 0.0000 0.0000 0.0179 0.0000 0.0000 0.0000 0.0000
1.0000 0.8621 0.5000 0.2340 0.2045 0.0000 0.0000 0.1034 0.0000 0.0217 0.0000 0.0000 0.0000 0.1852 0.0000 0.0000
0.9825 0.3962 0.6087 0.5000 0.1356 0.0000 0.0000 0.0000 0.0227 0.0000 0.0000 0.0541 0.0000 0.0000 0.0889 0.0000
1.0000 0.0000 0.0000 0.0536 0.0345 0.9524 0.0000 0.7273 0.0000 0.0000 0.0000 0.0417 0.0000 0.0000 0.0000 0.0000
1.0000 0.0345 0.0000 0.0000 0.0000 0.7692 0.1077 0.0200 0.0000 0.0317 0.0000 0.0612 0.0000 0.0000 0.0000 0.0000
1.0000 0.0000 0.0000 0.0000 0.0000 1.0000 0.7500 0.0526 0.0000 0.0000 0.0000 0.0000 0.0000 0.0000 0.1400 0.0000
1.0000 0.0000 0.0000 0.0682 0.0000 0.9744 0.4694 0.1731 0.0000 0.0000 0.0877 0.0577 0.0750 0.0426 0.0000 0.0000
0.9608 0.0000 0.0000 0.0000 0.0000 0.0000 0.0000 0.0000 0.0000 0.0000 0.0417 0.0364 0.0000 0.0833 0.0000 0.0000
1.0000 0.0233 0.0000 0.0000 0.0000 0.7800 0.1053 0.6154 0.0000 0.0000 0.8793 0.0000 0.0000 0.0000 0.0000 0.0000
1.0000 0.0189 0.0000 0.0000 0.0000 0.5410 0.1333 0.0000 0.0000 0.0000 0.0200 0.1628 0.0000 0.0000 0.0000 0.0000
1.0000 0.2444 0.0000 0.0000 0.0000 0.7222 0.0000 0.0000 0.1000 0.0000 0.0000 0.6452 0.3898 0.0000 0.0000 0.0000
1.0000 0.0000 0.0667 0.0000 0.0000 0.7358 0.5556 0.0000 0.0000 0.0000 0.0000 0.1489 0.0000 0.0000 0.0000 0.0000
1.0000 0.9273 0.4571 0.5217 0.0000 0.0000 0.0175 0.0385 0.0000 0.0417 0.0000 0.0000 0.0000 0.0000 0.0000 0.0000
1.0000 0.9038 0.6200 0.2545 0.0000 0.0238 0.0000 0.0000 0.0000 0.0000 0.0000 0.0250 0.0000 0.0000 0.0238 0.0000
1.0000 0.0000 0.0000 0.0204 0.0000 0.0000 0.0000 0.0000 0.1026 0.0000 0.0000 0.1053 0.0000 0.0000 0.0000 0.0000
1.0000 0.0000 0.0000 0.0000 0.0000 0.9344 0.0889 0.0000 0.0000 0.0200 0.0476 0.0000 0.0444 0.0222 0.0000 0.0000
1.0000 0.8667 0.7551 0.5098 0.1957 0.0000 0.0000 0.0000 0.0000 0.0000 0.0000 0.0000 0.0000 0.0000 0.0000 0.0000
1.0000 0.7255 0.2034 0.4237 0.1224 0.0000 0.0000 0.0000 0.0000 0.0000 0.0000 0.0000 0.0625 0.0000 0.0000 0.0000
1.0000 0.6786 0.1837 0.2619 0.0000 0.0312 0.0000 0.0000 0.0000 0.0000 0.0625 0.0000 0.0357 0.0179 0.0000 0.0000
1.0000 0.5238 0.1944 0.2041 0.0000 0.0000 0.0000 0.0000 0.0217 0.0000 0.0000 0.1053 0.0000 0.0000 0.0000 0.0000
1.0000 0.0000 0.0000 0.0351 0.0000 0.0000 0.0000 0.0000 0.0000 0.0000 0.0000 0.0000 0.0000 0.0000 0.0000 0.0000
1.0000 0.0175 0.0179 0.0217 0.0000 0.2667 0.0000 0.0000 0.0000 0.0000 0.0000 0.0000 0.0000 0.0000 0.0000 0.0000
1.0000 0.8113 0.3208 0.1786 0.0175 0.0000 0.0000 0.0000 0.0000 0.0208 0.0000 0.0000 0.0000 0.0169 0.0000 0.0000
0.9487 0.0370 0.0000 0.0000 0.1364 0.5000 0.4706 0.0227 0.0000 0.0000 0.0000 0.0000 0.0000 0.0000 0.0435 0.0000
