1.0000 0.0000 0.0000 0.0000 0.0000 0.0000 0.0000 0.0000 0.0000 0.0000 0.0000 0.0000 0.0000 0.0000 0.0000
0.2353 0.1794 0.1253 0.1194 0.3406 0.0000 0.0000 0.0000 0.0000 0.0000 0.0000 0.0000 0.0000 0.0000 0.0000
0.1142 0.0000 0.0000 0.0000 0.0000 0.0929 0.6467 0.0752 0.0000 0.0000 0.0710 0.0000 0.0000 0.0000 0.0000
0.2373 0.1939 0.3115 0.2573 0.0000 0.0000 0.0000 0.0000 0.0000 0.0000 0.0000 0.0000 0.0000 0.0000 0.0000
0.2431 0.4203 0.2574 0.0792 0.0000 0.0000 0.0000 0.0000 0.0000 0.0000 0.0000 0.0000 0.0000 0.0000 0.0000
0.2679 0.0000 0.0000 0.0000 0.0000 0.2406 0.1717 0.0000 0.0000 0.0000 0.0000 0.0000 0.0000 0.0000 0.3198
0.5258 0.0632 0.0000 0.0000 0.0000 0.0000 0.0000 0.0000 0.0000 0.0000 0.0000 0.0000 0.0000 0.4110 0.0000
0.1151 0.0000 0.0000 0.0000 0.0000 0.2165 0.0867 0.3721 0.0000 0.2095 0.0000 0.0000 0.0000 0.0000 0.0000
0.2215 0.0000 0.0000 0.0000 0.0000 0.0646 0.3470 0.0000 0.0000 0.0000 0.0000 0.3670 0.0000 0.0000 0.0000
0.2245 0.6661 0.0000 0.0000 0.0000 0.0000 0.0000 0.0000 0.0000 0.0000 0.0000 0.0000 0.0000 0.1094 0.0000
0.2410 0.0000 0.0000 0.0000 0.0000 0.7590 0.0000 0.0000 0.0000 0.0000 0.0000 0.0000 0.0000 0.0000 0.0000
0.1541 0.0000 0.0000 0.0000 0.0000 0.1340 0.4029 0.0000 0.0000 0.0000 0.0000 0.1016 0.2074 0.0000 0.0000
1.0000 0.0000 0.0000 0.0000 0.0000 0.0000 0.0000 0.0000 0.0000 0.0000 0.0000 0.0000 0.0000 0.0000 0.0000
0.4853 0.2158 0.2314 0.0675 0.0000 0.0000 0.0000 0.0000 0.0000 0.0000 0.0000 0.0000 0.0000 0.0000 0.0000
0.2237 0.0000 0.0000 0.0000 0.0000 0.2292 0.1073 0.0000 0.0000 0.0000 0.0000 0.0000 0.0000 0.0000 0.4398
0.0627 0.0000 0.0000 0.0000 0.0000 0.3416 0.1663 0.0000 0.4294 0.0000 0.0000 0.0000 0.0000 0.0000 0.0000
1.0000 0.0000 0.0000 0.0000 0.0000 0.0000 0.0000 0.0000 0.0000 0.0000 0.0000 0.0000 0.0000 0.0000 0.0000
0.1946 0.0000 0.0000 0.0000 0.0000 0.6445 0.0534 0.0000 0.0000 0.0000 0.0000 0.1074 0.0000 0.0000 0.0000
0.2280 0.0000 0.0000 0.0000 0.0000 0.2584 0.2072 0.2281 0.0000 0.0783 0.0000 0.0000 0.0000 0.0000 0.0000
0.1219 0.0000 0.0000 0.0000 0.0000 0.1246 0.5429 0.0000 0.0000 0.0000 0.0000 0.2106 0.0000 0.0000 0.0000
0.1290 0.1813 0.2451 0.1611 0.2836 0.0000 0.0000 0.0000 0.0000 0.0000 0.0000 0.0000 0.0000 0.0000 0.0000
0.0658 0.0000 0.0000 0.0000 0.0000 0.0698 0.6498 0.2146 0.0000 0.0000 0.0000 0.0000 0.0000 0.0000 0.0000
0.2998 0.0000 0.0000 0.0000 0.0000 0.1127 0.2747 0.3128 0.0000 0.0000 0.0000 0.0000 0.0000 0.0000 0.0000
0.1877 0.0000 0.0000 0.0000 0.0000 0.0651 0.0789 0.6682 0.0000 0.0000 0.0000 0.0000 0.0000 0.0000 0.0000
0.1806 0.0000 0.0000 0.0000 0.0000 0.4797 0.2369 0.0000 0.0000 0.0000 0.0000 0.1028 0.0000 0.0000 0.0000
0.1873 0.0000 0.0000 0.0000 0.0000 0.1925 0.1918 0.0533 0.0000 0.3750 0.0000 0.0000 0.0000 0.0000 0.0000
0.2153 0.0000 0.0000 0.0000 0.0000 0.3579 0.0522 0.0000 0.0000 0.0000 0.0000 0.3746 0.0000 0.0000 0.0000
0.3021 0.0000 0.0000 0.0000 0.0000 0.2141 0.3775 0.0000 0.0000 0.0000 0.0000 0.1063 0.0000 0.0000 0.0000
0.1787 0.0000 0.0000 0.0000 0.0000 0.0589 0.5547 0.1125 0.0000 0.0000 0.0953 0.0000 0.0000 0.0000 0.0000
0.1661 0.0000 0.0000 0.0000 0.0000 0.1568 0.3684 0.0918 0.0000 0.0000 0.2169 0.0000 0.0000 0.0000 0.0000
0.2031 0.1516 0.0937 0.2609 0.2907 0.0000 0.0000 0.0000 0.0000 0.0000 0.0000 0.0000 0.0000 0.0000 0.0000
0.1307 0.0000 0.0000 0.0000 0.0000 0.2141 0.1851 0.0000 0.0000 0.0000 0.0000 0.0000 0.0000 0.0000 0.4700
0.6517 0.0000 0.0000 0.0000 0.0000 0.1534 0.0740 0.0000 0.0000 0.0000 0.0000 0.1210 0.0000 0.0000 0.0000
0.3309 0.5996 0.0695 0.0000 0.0000 0.0000 0.0000 0.0000 0.0000 0.0000 0.0000 0.0000 0.0000 0.0000 0.0000
0.1530 0.0000 0.0000 0.0000 0.0000 0.2888 0.1801 0.0000 0.0000 0.0000 0.0000 0.3780 0.0000 0.0000 0.0000
0.2661 0.6774 0.0000 0.0000 0.0000 0.0000 0.0000 0.0000 0.0000 0.0000 0.0000 0.0000 0.0000 0.0565 0.0000
0.1427 0.0000 0.0000 0.0000 0.0000 0.2331 0.5534 0.0000 0.0708 0.0000 0.0000 0.0000 0.0000 0.0000 0.0000
1.0000 0.0000 0.0000 0.0000 0.0000 0.0000 0.0000 0.0000 0.0000 0.0000 0.0000 0.0000 0.0000 0.0000 0.0000
0.1580 0.0000 0.0000 0.0000 0.0000 0.3245 0.0892 0.0000 0.4284 0.0000 0.0000 0.0000 0.0000 0.0000 0.0000
0.0621 0.0000 0.0000 0.0000 0.0000 0.4816 0.0744 0.3819 0.0000 0.0000 0.0000 0.0000 0.0000 0.0000 0.0000
0.6892 0.1622 0.1486 0.0000 0.0000 0.0000 0.0000 0.0000 0.0000 0.0000 0.0000 0.0000 0.0000 0.0000 0.0000
0.5439 0.0000 0.0000 0.0000 0.0000 0.0791 0.3770 0.0000 0.0000 0.0000 0.0000 0.0000 0.0000 0.0000 0.0000
0.2012 0.0000 0.0000 0.0000 0.0000 0.1709 0.4111 0.0000 0.0000 0.0000 0.0000 0.0000 0.0000 0.0000 0.2168
0.6617 0.3383 0.0000 0.0000 0.0000 0.0000 0.0000 0.0000 0.0000 0.0000 0.0000 0.0000 0.0000 0.0000 0.0000
0.4880 0.0000 0.0000 0.0000 0.0000 0.5120 0.0000 0.0000 0.0000 0.0000 0.0000 0.0000 0.0000 0.0000 0.0000
0.8775 0.0000 0.0000 0.0000 0.0000 0.1225 0.0000 0.0000 0.0000 0.0000 0.0000 0.0000 0.0000 0.0000 0.0000
0.3142 0.2720 0.2536 0.1603 0.0000 0.0000 0.0000 0.0000 0.0000 0.0000 0.0000 0.0000 0.0000 0.0000 0.0000
0.2868 0.7132 0.0000 0.0000 0.0000 0.0000 0.0000 0.0000 0.0000 0.0000 0.0000 0.0000 0.0000 0.0000 0.0000
0.0914 0.0000 0.0000 0.0000 0.0000 0.0699 0.2192 0.0000 0.0000 0.0000 0.0000 0.4517 0.1678 0.0000 0.0000
0.2025 0.0000 0.0000 0.0000 0.0000 0.1034 0.0558 0.0865 0.0000 0.0000 0.5519 0.0000 0.0000 0.0000 0.0000
0.4296 0.5704 0.0000 0.0000 0.0000 0.0000 0.0000 0.0000 0.0000 0.0000 0.0000 0.0000 0.0000 0.0000 0.0000
0.5410 0.1211 0.0000 0.0000 0.0000 0.0000 0.0000 0.0000 0.0000 0.0000 0.0000 0.0000 0.0000 0.3379 0.0000
0.4975 0.0000 0.0000 0.0000 0.0000 0.2234 0.2791 0.0000 0.0000 0.0000 0.0000 0.0000 0.0000 0.0000 0.0000
0.0671 0.0000 0.0000 0.0000 0.0000 0.2183 0.2007 0.0967 0.0000 0.0000 0.4173 0.0000 0.0000 0.0000 0.0000
0.1848 0.1336 0.0000 0.0000 0.0000 0.0000 0.0000 0.0000 0.0000 0.0000 0.0000 0.0000 0.0000 0.6816 0.0000
0.1627 0.0000 0.0000 0.0000 0.0000 0.1389 0.0745 0.3146 0.0000 0.0000 0.3094 0.0000 0.0000 0.0000 0.0000
0.2456 0.6854 0.0690 0.0000 0.0000 0.0000 0.0000 0.0000 0.0000 0.0000 0.0000 0.0000 0.0000 0.0000 0.0000
0.0905 0.0000 0.0000 0.0000 0.0000 0.2930 0.1008 0.0000 0.0000 0.0000 0.0000 0.0597 0.4561 0.0000 0.0000
0.6951 0.0000 0.0000 0.0000 0.0000 0.3049 0.0000 0.0000 0.0000 0.0000 0.0000 0.0000 0.0000 0.0000 0.0000
0.4062 0.4929 0.1009 0.0000 0.0000 0.0000 0.0000 0.0000 0.0000 0.0000 0.0000 0.0000 0.0000 0.0000 0.0000
0.2357 0.0000 0.0000 0.0000 0.0000 0.1031 0.5727 0.0000 0.0885 0.0000 0.0000 0.0000 0.0000 0.0000 0.0000
0.2703 0.1123 0.3833 0.0639 0.1702 0.0000 0.0000 0.0000 0.0000 0.0000 0.0000 0.0000 0.0000 0.0000 0.0000
0.2726 0.0557 0.4492 0.2226 0.0000 0.0000 0.0000 0.0000 0.0000 0.0000 0.0000 0.0000 0.0000 0.0000 0.0000
0.0532 0.0000 0.0000 0.0000 0.0000 0.1214 0.2810 0.1031 0.0000 0.4413 0.0000 0.0000 0.0000 0.0000 0.0000
0.2271 0.0000 0.0000 0.0000 0.0000 0.4013 0.0532 0.0000 0.0000 0.0000 0.0000 0.1470 0.1713 0.0000 0.0000
0.5642 0.4358 0.0000 0.0000 0.0000 0.0000 0.0000 0.0000 0.0000 0.0000 0.0000 0.0000 0.0000 0.0000 0.0000
0.2122 0.0000 0.0000 0.0000 0.0000 0.1228 0.1422 0.0000 0.0000 0.0000 0.0000 0.1378 0.3849 0.0000 0.0000
0.5092 0.1062 0.1043 0.1097 0.1707 0.0000 0.0000 0.0000 0.0000 0.0000 0.0000 0.0000 0.0000 0.0000 0.0000
0.1635 0.2544 0.2735 0.0934 0.2152 0.0000 0.0000 0.0000 0.0000 0.0000 0.0000 0.0000 0.0000 0.0000 0.0000
0.4825 0.5175 0.0000 0.0000 0.0000 0.0000 0.0000 0.0000 0.0000 0.0000 0.0000 0.0000 0.0000 0.0000 0.0000
0.5161 0.0000 0.0000 0.0000 0.0000 0.0781 0.0855 0.0000 0.3203 0.0000 0.0000 0.0000 0.0000 0.0000 0.0000
0.5035 0.0000 0.0000 0.0000 0.0000 0.0776 0.0961 0.0000 0.0000 0.0000 0.0000 0.0000 0.0000 0.0000 0.3228
0.1825 0.3091 0.0000 0.0000 0.0000 0.0000 0.0000 0.0000 0.0000 0.0000 0.0000 0.0000 0.0000 0.5084 0.0000
0.2297 0.0000 0.0000 0.0000 0.0000 0.3439 0.1068 0.3197 0.0000 0.0000 0.0000 0.0000 0.0000 0.0000 0.0000
0.1037 0.0000 0.0000 0.0000 0.0000 0.5330 0.1301 0.2333 0.0000 0.0000 0.0000 0.0000 0.0000 0.0000 0.0000
0.0722 0.0000 0.0000 0.0000 0.0000 0.1503 0.0885 0.0000 0.0000 0.0000 0.0000 0.4528 0.2362 0.0000 0.0000
0.0524 0.0502 0.5778 0.1725 0.1471 0.0000 0.0000 0.0000 0.0000 0.0000 0.0000 0.0000 0.0000 0.0000 0.0000
0.1240 0.0000 0.0000 0.0000 0.0000 0.1243 0.3665 0.2654 0.0000 0.0000 0.1198 0.0000 0.0000 0.0000 0.0000
0.4406 0.3149 0.2445 0.0000 0.0000 0.0000 0.0000 0.0000 0.0000 0.0000 0.0000 0.0000 0.0000 0.0000 0.0000
0.7925 0.2075 0.0000 0.0000 0.0000 0.0000 0.0000 0.0000 0.0000 0.0000 0.0000 0.0000 0.0000 0.0000 0.0000
0.7016 0.2984 0.0000 0.0000 0.0000 0.0000 0.0000 0.0000 0.0000 0.0000 0.0000 0.0000 0.0000 0.0000 0.0000
0.1009 0.0000 0.0000 0.0000 0.0000 0.5551 0.2699 0.0000 0.0000 0.0000 0.0000 0.0741 0.0000 0.0000 0.0000
0.9313 0.0000 0.0000 0.0000 0.0000 0.0687 0.0000 0.0000 0.0000 0.0000 0.0000 0.0000 0.0000 0.0000 0.0000
0.0580 0.0000 0.0000 0.0000 0.0000 0.6292 0.1203 0.0000 0.0000 0.0000 0.0000 0.0614 0.1311 0.0000 0.0000
0.1104 0.0000 0.0000 0.0000 0.0000 0.2445 0.2148 0.1120 0.0000 0.3184 0.0000 0.0000 0.0000 0.0000 0.0000
0.4900 0.2865 0.0000 0.0000 0.0000 0.0000 0.0000 0.0000 0.0000 0.0000 0.0000 0.0000 0.0000 0.2235 0.0000
0.4905 0.0000 0.0000 0.0000 0.0000 0.3541 0.0897 0.0000 0.0657 0.0000 0.0000 0.0000 0.0000 0.0000 0.0000
0.1336 0.3759 0.1324 0.1561 0.2021 0.0000 0.0000 0.0000 0.0000 0.0000 0.0000 0.0000 0.0000 0.0000 0.0000
0.2695 0.1233 0.0608 0.4843 0.0621 0.0000 0.0000 0.0000 0.0000 0.0000 0.0000 0.0000 0.0000 0.0000 0.0000
0.0526 0.0000 0.0000 0.0000 0.0000 0.0985 0.8489 0.0000 0.0000 0.0000 0.0000 0.0000 0.0000 0.0000 0.0000
0.2542 0.0000 0.0000 0.0000 0.0000 0.0588 0.2246 0.0000 0.4623 0.0000 0.0000 0.0000 0.0000 0.0000 0.0000
0.6956 0.0000 0.0000 0.0000 0.0000 0.1990 0.1053 0.0000 0.0000 0.0000 0.0000 0.0000 0.0000 0.0000 0.0000
0.2780 0.2512 0.2335 0.2373 0.0000 0.0000 0.0000 0.0000 0.0000 0.0000 0.0000 0.0000 0.0000 0.0000 0.0000
0.5843 0.4157 0.0000 0.0000 0.0000 0.0000 0.0000 0.0000 0.0000 0.0000 0.0000 0.0000 0.0000 0.0000 0.0000
0.1603 0.0000 0.0000 0.0000 0.0000 0.1747 0.5858 0.0792 0.0000 0.0000 0.0000 0.0000 0.0000 0.0000 0.0000
0.3606 0.0000 0.0000 0.0000 0.0000 0.0551 0.2035 0.0000 0.0000 0.0000 0.0000 0.2816 0.0991 0.0000 0.0000
0.5321 0.0000 0.0000 0.0000 0.0000 0.4679 0.0000 0.0000 0.0000 0.0000 0.0000 0.0000 0.0000 0.0000 0.0000
1.0000 0.0000 0.0000 0.0000 0.0000 0.0000 0.0000 0.0000 0.0000 0.0000 0.0000 0.0000 0.0000 0.0000 0.0000
0.7869 0.2131 0.0000 0.0000 0.0000 0.0000 0.0000 0.0000 0.0000 0.0000 0.0000 0.0000 0.0000 0.0000 0.0000
0.2099 0.0000 0.0000 0.0000 0.0000 0.0604 0.3020 0.0000 0.0000 0.0000 0.0000 0.4277 0.0000 0.0000 0.0000
0.3574 0.2304 0.1997 0.2124 0.0000 0.0000 0.0000 0.0000 0.0000 0.0000 0.0000 0.0000 0.0000 0.0000 0.0000
0.2081 0.0000 0.0000 0.0000 0.0000 0.3899 0.1200 0.1269 0.0000 0.0000 0.1551 0.0000 0.0000 0.0000 0.0000
0.2160 0.0000 0.0000 0.0000 0.0000 0.2631 0.5210 0.0000 0.0000 0.0000 0.0000 0.0000 0.0000 0.0000 0.0000
0.4977 0.0000 0.0000 0.0000 0.0000 0.5023 0.0000 0.0000 0.0000 0.0000 0.0000 0.0000 0.0000 0.0000 0.0000
0.3086 0.0000 0.0000 0.0000 0.0000 0.1830 0.2051 0.0000 0.0000 0.0000 0.0000 0.1779 0.1253 0.0000 0.0000
0.3810 0.0000 0.0000 0.0000 0.0000 0.0574 0.1932 0.0000 0.3684 0.0000 0.0000 0.0000 0.0000 0.0000 0.0000
0.1814 0.0000 0.0000 0.0000 0.0000 0.1706 0.2110 0.2465 0.0000 0.1905 0.0000 0.0000 0.0000 0.0000 0.0000
0.0675 0.5503 0.3822 0.0000 0.0000 0.0000 0.0000 0.0000 0.0000 0.0000 0.0000 0.0000 0.0000 0.0000 0.0000
0.1746 0.0000 0.0000 0.0000 0.0000 0.2128 0.1961 0.1947 0.0000 0.0000 0.2218 0.0000 0.0000 0.0000 0.0000
0.3443 0.0000 0.0000 0.0000 0.0000 0.0663 0.2488 0.0881 0.0000 0.0000 0.2525 0.0000 0.0000 0.0000 0.0000
0.1850 0.0000 0.0000 0.0000 0.0000 0.8150 0.0000 0.0000 0.0000 0.0000 0.0000 0.0000 0.0000 0.0000 0.0000
0.5826 0.0000 0.0000 0.0000 0.0000 0.1057 0.0584 0.0610 0.0000 0.1923 0.0000 0.0000 0.0000 0.0000 0.0000
0.2192 0.1681 0.6127 0.0000 0.0000 0.0000 0.0000 0.0000 0.0000 0.0000 0.0000 0.0000 0.0000 0.0000 0.0000
0.0554 0.2755 0.4505 0.0778 0.1408 0.0000 0.0000 0.0000 0.0000 0.0000 0.0000 0.0000 0.0000 0.0000 0.0000
0.2636 0.0000 0.0000 0.0000 0.0000 0.0985 0.4300 0.0000 0.2080 0.0000 0.0000 0.0000 0.0000 0.0000 0.0000
0.3080 0.1734 0.0000 0.0000 0.0000 0.0000 0.0000 0.0000 0.0000 0.0000 0.0000 0.0000 0.0000 0.5186 0.0000
0.0642 0.0000 0.0000 0.0000 0.0000 0.3606 0.2063 0.0000 0.0000 0.0000 0.0000 0.0843 0.2847 0.0000 0.0000
0.1455 0.1206 0.2375 0.3414 0.1550 0.0000 0.0000 0.0000 0.0000 0.0000 0.0000 0.0000 0.0000 0.0000 0.0000
0.2153 0.0000 0.0000 0.0000 0.0000 0.5120 0.0941 0.0000 0.0000 0.0000 0.0000 0.1786 0.0000 0.0000 0.0000
0.2085 0.0000 0.0000 0.0000 0.0000 0.2182 0.1758 0.3975 0.0000 0.0000 0.0000 0.0000 0.0000 0.0000 0.0000
0.3186 0.0000 0.0000 0.0000 0.0000 0.0607 0.6207 0.0000 0.0000 0.0000 0.0000 0.0000 0.0000 0.0000 0.0000
0.1177 0.0000 0.0000 0.0000 0.0000 0.0821 0.1164 0.5638 0.0000 0.0000 0.1201 0.0000 0.0000 0.0000 0.0000
0.1914 0.0000 0.0000 0.0000 0.0000 0.1753 0.1161 0.0000 0.0000 0.0000 0.0000 0.0000 0.0000 0.0000 0.5172
1.0000 0.0000 0.0000 0.0000 0.0000 0.0000 0.0000 0.0000 0.0000 0.0000 0.0000 0.0000 0.0000 0.0000 0.0000
0.3936 0.0000 0.0000 0.0000 0.0000 0.1073 0.3363 0.0000 0.1628 0.0000 0.0000 0.0000 0.0000 0.0000 0.0000
0.1627 0.0000 0.0000 0.0000 0.0000 0.1559 0.0967 0.0000 0.0000 0.0000 0.0000 0.3503 0.2344 0.0000 0.0000
0.2014 0.4495 0.0520 0.2971 0.0000 0.0000 0.0000 0.0000 0.0000 0.0000 0.0000 0.0000 0.0000 0.0000 0.0000
0.1045 0.2829 0.3811 0.2315 0.0000 0.0000 0.0000 0.0000 0.0000 0.0000 0.0000 0.0000 0.0000 0.0000 0.0000
0.2940 0.0000 0.0000 0.0000 0.0000 0.2528 0.2534 0.0752 0.0000 0.0000 0.1247 0.0000 0.0000 0.0000 0.0000
0.2558 0.0000 0.0000 0.0000 0.0000 0.2122 0.1782 0.3539 0.0000 0.0000 0.0000 0.0000 0.0000 0.0000 0.0000
0.4169 0.0000 0.0000 0.0000 0.0000 0.2600 0.1673 0.0000 0.0000 0.0000 0.0000 0.1558 0.0000 0.0000 0.0000
0.4446 0.1277 0.0000 0.0000 0.0000 0.0000 0.0000 0.0000 0.0000 0.0000 0.0000 0.0000 0.0000 0.4276 0.0000
0.6092 0.0000 0.0000 0.0000 0.0000 0.1603 0.1064 0.0608 0.0000 0.0633 0.0000 0.0000 0.0000 0.0000 0.0000
0.1645 0.0990 0.0740 0.0572 0.6053 0.0000 0.0000 0.0000 0.0000 0.0000 0.0000 0.0000 0.0000 0.0000 0.0000
0.4278 0.0000 0.0000 0.0000 0.0000 0.2733 0.1034 0.1109 0.0000 0.0000 0.0846 0.0000 0.0000 0.0000 0.0000
0.3400 0.0000 0.0000 0.0000 0.0000 0.3838 0.1945 0.0000 0.0000 0.0000 0.0000 0.0000 0.0000 0.0000 0.0817
0.3061 0.0000 0.0000 0.0000 0.0000 0.0547 0.2167 0.0000 0.0000 0.0000 0.0000 0.1423 0.2802 0.0000 0.0000
0.1592 0.0000 0.0000 0.0000 0.0000 0.1058 0.5951 0.0000 0.0000 0.0000 0.0000 0.0000 0.0000 0.0000 0.1399
1.0000 0.0000 0.0000 0.0000 0.0000 0.0000 0.0000 0.0000 0.0000 0.0000 0.0000 0.0000 0.0000 0.0000 0.0000
0.6288 0.0000 0.0000 0.0000 0.0000 0.1514 0.0751 0.0000 0.0000 0.0000 0.0000 0.0000 0.0000 0.0000 0.1446
0.1658 0.4592 0.2597 0.1153 0.0000 0.0000 0.0000 0.0000 0.0000 0.0000 0.0000 0.0000 0.0000 0.0000 0.0000
0.4625 0.2585 0.0000 0.0000 0.0000 0.0000 0.0000 0.0000 0.0000 0.0000 0.0000 0.0000 0.0000 0.2790 0.0000
0.3358 0.0000 0.0000 0.0000 0.0000 0.3903 0.1554 0.0000 0.1186 0.0000 0.0000 0.0000 0.0000 0.0000 0.0000
0.2480 0.0000 0.0000 0.0000 0.0000 0.1005 0.4039 0.0000 0.0000 0.0000 0.0000 0.0000 0.0000 0.0000 0.2476
0.6477 0.0000 0.0000 0.0000 0.0000 0.0544 0.0857 0.0000 0.0000 0.0000 0.0000 0.0000 0.0000 0.0000 0.2122
0.1122 0.2822 0.6057 0.0000 0.0000 0.0000 0.0000 0.0000 0.0000 0.0000 0.0000 0.0000 0.0000 0.0000 0.0000
0.1323 0.0000 0.0000 0.0000 0.0000 0.1448 0.0577 0.2497 0.0000 0.4155 0.0000 0.0000 0.0000 0.0000 0.0000
0.0773 0.0000 0.0000 0.0000 0.0000 0.1184 0.2332 0.0000 0.0000 0.0000 0.0000 0.0994 0.4717 0.0000 0.0000
0.3082 0.0000 0.0000 0.0000 0.0000 0.0713 0.1100 0.0000 0.5104 0.0000 0.0000 0.0000 0.0000 0.0000 0.0000
0.5159 0.0000 0.0000 0.0000 0.0000 0.4841 0.0000 0.0000 0.0000 0.0000 0.0000 0.0000 0.0000 0.0000 0.0000
1.0000 0.0000 0.0000 0.0000 0.0000 0.0000 0.0000 0.0000 0.0000 0.0000 0.0000 0.0000 0.0000 0.0000 0.0000
0.1451 0.0847 0.1106 0.2586 0.4011 0.0000 0.0000 0.0000 0.0000 0.0000 0.0000 0.0000 0.0000 0.0000 0.0000
0.6229 0.0000 0.0000 0.0000 0.0000 0.0660 0.1112 0.1999 0.0000 0.0000 0.0000 0.0000 0.0000 0.0000 0.0000
0.2400 0.0994 0.4122 0.2484 0.0000 0.0000 0.0000 0.0000 0.0000 0.0000 0.0000 0.0000 0.0000 0.0000 0.0000
0.0659 0.0000 0.0000 0.0000 0.0000 0.2005 0.2293 0.0000 0.5043 0.0000 0.0000 0.0000 0.0000 0.0000 0.0000
0.2261 0.0000 0.0000 0.0000 0.0000 0.2313 0.2125 0.0000 0.0000 0.0000 0.0000 0.3302 0.0000 0.0000 0.0000
0.7426 0.2574 0.0000 0.0000 0.0000 0.0000 0.0000 0.0000 0.0000 0.0000 0.0000 0.0000 0.0000 0.0000 0.0000
0.2848 0.0000 0.0000 0.0000 0.0000 0.3128 0.4025 0.0000 0.0000 0.0000 0.0000 0.0000 0.0000 0.0000 0.0000
0.2395 0.4933 0.1661 0.1011 0.0000 0.0000 0.0000 0.0000 0.0000 0.0000 0.0000 0.0000 0.0000 0.0000 0.0000
0.4142 0.0000 0.0000 0.0000 0.0000 0.5858 0.0000 0.0000 0.0000 0.0000 0.0000 0.0000 0.0000 0.0000 0.0000
1.0000 0.0000 0.0000 0.0000 0.0000 0.0000 0.0000 0.0000 0.0000 0.0000 0.0000 0.0000 0.0000 0.0000 0.0000
0.0632 0.5116 0.4252 0.0000 0.0000 0.0000 0.0000 0.0000 0.0000 0.0000 0.0000 0.0000 0.0000 0.0000 0.0000
0.1462 0.0000 0.0000 0.0000 0.0000 0.4548 0.1308 0.0644 0.0000 0.2038 0.0000 0.0000 0.0000 0.0000 0.0000
0.2827 0.0000 0.0000 0.0000 0.0000 0.0576 0.0964 0.4733 0.0000 0.0000 0.0900 0.0000 0.0000 0.0000 0.0000
0.0899 0.0000 0.0000 0.0000 0.0000 0.4611 0.1031 0.0000 0.0000 0.0000 0.0000 0.3459 0.0000 0.0000 0.0000
0.0518 0.0000 0.0000 0.0000 0.0000 0.2254 0.4711 0.0000 0.2517 0.0000 0.0000 0.0000 0.0000 0.0000 0.0000
0.3085 0.0000 0.0000 0.0000 0.0000 0.2780 0.2277 0.1162 0.0000 0.0000 0.0697 0.0000 0.0000 0.0000 0.0000
0.1850 0.0000 0.0000 0.0000 0.0000 0.3825 0.1865 0.1469 0.0000 0.0991 0.0000 0.0000 0.0000 0.0000 0.0000
0.8275 0.0000 0.0000 0.0000 0.0000 0.1725 0.0000 0.0000 0.0000 0.0000 0.0000 0.0000 0.0000 0.0000 0.0000
0.3399 0.0000 0.0000 0.0000 0.0000 0.0694 0.0863 0.0000 0.0000 0.0000 0.0000 0.5044 0.0000 0.0000 0.0000
0.2529 0.3050 0.3634 0.0788 0.0000 0.0000 0.0000 0.0000 0.0000 0.0000 0.0000 0.0000 0.0000 0.0000 0.0000
0.6698 0.3302 0.0000 0.0000 0.0000 0.0000 0.0000 0.0000 0.0000 0.0000 0.0000 0.0000 0.0000 0.0000 0.0000
0.1335 0.0000 0.0000 0.0000 0.0000 0.4383 0.0840 0.0000 0.3442 0.0000 0.0000 0.0000 0.0000 0.0000 0.0000
0.3478 0.4039 0.2483 0.0000 0.0000 0.0000 0.0000 0.0000 0.0000 0.0000 0.0000 0.0000 0.0000 0.0000 0.0000
0.5069 0.1756 0.3176 0.0000 0.0000 0.0000 0.0000 0.0000 0.0000 0.0000 0.0000 0.0000 0.0000 0.0000 0.0000
0.0933 0.0000 0.0000 0.0000 0.0000 0.7278 0.1140 0.0000 0.0650 0.0000 0.0000 0.0000 0.0000 0.0000 0.0000
0.0692 0.0000 0.0000 0.0000 0.0000 0.2178 0.5313 0.0000 0.0000 0.0000 0.0000 0.1816 0.0000 0.0000 0.0000
0.3916 0.1695 0.2934 0.1456 0.0000 0.0000 0.0000 0.0000 0.0000 0.0000 0.0000 0.0000 0.0000 0.0000 0.0000
0.4420 0.5580 0.0000 0.0000 0.0000 0.0000 0.0000 0.0000 0.0000 0.0000 0.0000 0.0000 0.0000 0.0000 0.0000
0.1530 0.0000 0.0000 0.0000 0.0000 0.1131 0.5850 0.0000 0.0000 0.0000 0.0000 0.0000 0.0000 0.0000 0.1489
0.0521 0.0000 0.0000 0.0000 0.0000 0.7254 0.2226 0.0000 0.0000 0.0000 0.0000 0.0000 0.0000 0.0000 0.0000
0.4207 0.0000 0.0000 0.0000 0.0000 0.5793 0.0000 0.0000 0.0000 0.0000 0.0000 0.0000 0.0000 0.0000 0.0000
0.6351 0.0000 0.0000 0.0000 0.0000 0.2076 0.0928 0.0645 0.0000 0.0000 0.0000 0.0000 0.0000 0.0000 0.0000
0.3496 0.6504 0.0000 0.0000 0.0000 0.0000 0.0000 0.0000 0.0000 0.0000 0.0000 0.0000 0.0000 0.0000 0.0000
0.4685 0.0000 0.0000 0.0000 0.0000 0.0993 0.1057 0.0000 0.3265 0.0000 0.0000 0.0000 0.0000 0.0000 0.0000
0.3235 0.0000 0.0000 0.0000 0.0000 0.1958 0.4807 0.0000 0.0000 0.0000 0.0000 0.0000 0.0000 0.0000 0.0000
1.0000 0.0000 0.0000 0.0000 0.0000 0.0000 0.0000 0.0000 0.0000 0.0000 0.0000 0.0000 0.0000 0.0000 0.0000
0.2398 0.0000 0.0000 0.0000 0.0000 0.4358 0.0660 0.1645 0.0000 0.0000 0.0939 0.0000 0.0000 0.0000 0.0000
1.0000 0.0000 0.0000 0.0000 0.0000 0.0000 0.0000 0.0000 0.0000 0.0000 0.0000 0.0000 0.0000 0.0000 0.0000
0.1714 0.0000 0.0000 0.0000 0.0000 0.0555 0.3206 0.1662 0.0000 0.2864 0.0000 0.0000 0.0000 0.0000 0.0000
0.2586 0.0000 0.0000 0.0000 0.0000 0.2071 0.3446 0.1897 0.0000 0.0000 0.0000 0.0000 0.0000 0.0000 0.0000
1.0000 0.0000 0.0000 0.0000 0.0000 0.0000 0.0000 0.0000 0.0000 0.0000 0.0000 0.0000 0.0000 0.0000 0.0000
0.4897 0.0000 0.0000 0.0000 0.0000 0.2696 0.1536 0.0000 0.0870 0.0000 0.0000 0.0000 0.0000 0.0000 0.0000
0.6487 0.0000 0.0000 0.0000 0.0000 0.3513 0.0000 0.0000 0.0000 0.0000 0.0000 0.0000 0.0000 0.0000 0.0000
0.6208 0.0000 0.0000 0.0000 0.0000 0.1445 0.1148 0.0000 0.1200 0.0000 0.0000 0.0000 0.0000 0.0000 0.0000
0.2122 0.0000 0.0000 0.0000 0.0000 0.1127 0.1082 0.0616 0.0000 0.0000 0.5054 0.0000 0.0000 0.0000 0.0000
0.0696 0.0000 0.0000 0.0000 0.0000 0.2822 0.2753 0.2011 0.0000 0.1718 0.0000 0.0000 0.0000 0.0000 0.0000
0.0526 0.0000 0.0000 0.0000 0.0000 0.9474 0.0000 0.0000 0.0000 0.0000 0.0000 0.0000 0.0000 0.0000 0.0000
0.0972 0.0000 0.0000 0.0000 0.0000 0.0555 0.2260 0.0000 0.0000 0.0000 0.0000 0.5491 0.0722 0.0000 0.0000
0.1692 0.0000 0.0000 0.0000 0.0000 0.8308 0.0000 0.0000 0.0000 0.0000 0.0000 0.0000 0.0000 0.0000 0.0000
0.2176 0.0000 0.0000 0.0000 0.0000 0.2941 0.0625 0.0000 0.0000 0.0000 0.0000 0.2737 0.1520 0.0000 0.0000
0.5747 0.1546 0.2095 0.0613 0.0000 0.0000 0.0000 0.0000 0.0000 0.0000 0.0000 0.0000 0.0000 0.0000 0.0000
0.3593 0.1095 0.1900 0.2574 0.0838 0.0000 0.0000 0.0000 0.0000 0.0000 0.0000 0.0000 0.0000 0.0000 0.0000
0.6410 0.0000 0.0000 0.0000 0.0000 0.3590 0.0000 0.0000 0.0000 0.0000 0.0000 0.0000 0.0000 0.0000 0.0000
0.1577 0.0000 0.0000 0.0000 0.0000 0.2590 0.0514 0.0000 0.0000 0.0000 0.0000 0.0000 0.0000 0.0000 0.5319
0.3892 0.3863 0.2245 0.0000 0.0000 0.0000 0.0000 0.0000 0.0000 0.0000 0.0000 0.0000 0.0000 0.0000 0.0000
0.0765 0.0000 0.0000 0.0000 0.0000 0.2104 0.5350 0.1781 0.0000 0.0000 0.0000 0.0000 0.0000 0.0000 0.0000
0.0685 0.0000 0.0000 0.0000 0.0000 0.2556 0.4444 0.2316 0.0000 0.0000 0.0000 0.0000 0.0000 0.0000 0.0000
0.3410 0.0000 0.0000 0.0000 0.0000 0.2752 0.1188 0.0000 0.0000 0.0000 0.0000 0.2650 0.0000 0.0000 0.0000
0.5369 0.0000 0.0000 0.0000 0.0000 0.2899 0.1732 0.0000 0.0000 0.0000 0.0000 0.0000 0.0000 0.0000 0.0000
0.3045 0.2791 0.0000 0.0000 0.0000 0.0000 0.0000 0.0000 0.0000 0.0000 0.0000 0.0000 0.0000 0.4164 0.0000
0.3871 0.5520 0.0609 0.0000 0.0000 0.0000 0.0000 0.0000 0.0000 0.0000 0.0000 0.0000 0.0000 0.0000 0.0000
0.2398 0.0000 0.0000 0.0000 0.0000 0.3827 0.2328 0.0666 0.0000 0.0000 0.0782 0.0000 0.0000 0.0000 0.0000
1.0000 0.0000 0.0000 0.0000 0.0000 0.0000 0.0000 0.0000 0.0000 0.0000 0.0000 0.0000 0.0000 0.0000 0.0000
0.5173 0.4130 0.0000 0.0000 0.0000 0.0000 0.0000 0.0000 0.0000 0.0000 0.0000 0.0000 0.0000 0.0697 0.0000
0.1943 0.0000 0.0000 0.0000 0.0000 0.0530 0.6633 0.0000 0.0000 0.0000 0.0000 0.0000 0.0000 0.0000 0.0895
0.0884 0.0000 0.0000 0.0000 0.0000 0.0747 0.6043 0.0000 0.0000 0.0000 0.0000 0.2326 0.0000 0.0000 0.0000
0.1086 0.0000 0.0000 0.0000 0.0000 0.2899 0.6015 0.0000 0.0000 0.0000 0.0000 0.0000 0.0000 0.0000 0.0000
0.2809 0.1202 0.2379 0.2868 0.0742 0.0000 0.0000 0.0000 0.0000 0.0000 0.0000 0.0000 0.0000 0.0000 0.0000
0.2214 0.2400 0.5386 0.0000 0.0000 0.0000 0.0000 0.0000 0.0000 0.0000 0.0000 0.0000 0.0000 0.0000 0.0000
0.0880 0.0000 0.0000 0.0000 0.0000 0.1473 0.5013 0.0000 0.0000 0.0000 0.0000 0.0526 0.2108 0.0000 0.0000
0.1044 0.0000 0.0000 0.0000 0.0000 0.2178 0.5125 0.1653 0.0000 0.0000 0.0000 0.0000 0.0000 0.0000 0.0000
0.0507 0.0000 0.0000 0.0000 0.0000 0.3562 0.1598 0.2323 0.0000 0.2009 0.0000 0.0000 0.0000 0.0000 0.0000
0.3258 0.1734 0.0000 0.0000 0.0000 0.0000 0.0000 0.0000 0.0000 0.0000 0.0000 0.0000 0.0000 0.5007 0.0000
0.3975 0.0000 0.0000 0.0000 0.0000 0.0717 0.2476 0.0000 0.0000 0.0000 0.0000 0.2833 0.0000 0.0000 0.0000
0.5332 0.0000 0.0000 0.0000 0.0000 0.2015 0.1330 0.0000 0.1323 0.0000 0.0000 0.0000 0.0000 0.0000 0.0000
0.3201 0.0000 0.0000 0.0000 0.0000 0.1282 0.0524 0.0000 0.0000 0.0000 0.0000 0.0647 0.4346 0.0000 0.0000
0.0527 0.0000 0.0000 0.0000 0.0000 0.5683 0.1627 0.0000 0.2163 0.0000 0.0000 0.0000 0.0000 0.0000 0.0000
0.5015 0.1523 0.3461 0.0000 0.0000 0.0000 0.0000 0.0000 0.0000 0.0000 0.0000 0.0000 0.0000 0.0000 0.0000
0.6819 0.3181 0.0000 0.0000 0.0000 0.0000 0.0000 0.0000 0.0000 0.0000 0.0000 0.0000 0.0000 0.0000 0.0000
0.2720 0.0000 0.0000 0.0000 0.0000 0.1107 0.3133 0.0000 0.0000 0.0000 0.0000 0.1486 0.1554 0.0000 0.0000
0.3425 0.5615 0.0960 0.0000 0.0000 0.0000 0.0000 0.0000 0.0000 0.0000 0.0000 0.0000 0.0000 0.0000 0.0000
0.0885 0.0000 0.0000 0.0000 0.0000 0.0774 0.2299 0.6042 0.0000 0.0000 0.0000 0.0000 0.0000 0.0000 0.0000
0.1612 0.1880 0.2534 0.2977 0.0997 0.0000 0.0000 0.0000 0.0000 0.0000 0.0000 0.0000 0.0000 0.0000 0.0000
0.0809 0.0000 0.0000 0.0000 0.0000 0.4094 0.1977 0.0000 0.0000 0.0000 0.0000 0.3120 0.0000 0.0000 0.0000
0.3235 0.0000 0.0000 0.0000 0.0000 0.4488 0.1569 0.0000 0.0000 0.0000 0.0000 0.0707 0.0000 0.0000 0.0000
0.3051 0.0000 0.0000 0.0000 0.0000 0.2568 0.0571 0.2675 0.0000 0.0000 0.1135 0.0000 0.0000 0.0000 0.0000
0.1864 0.0000 0.0000 0.0000 0.0000 0.1096 0.7041 0.0000 0.0000 0.0000 0.0000 0.0000 0.0000 0.0000 0.0000
1.0000 0.0000 0.0000 0.0000 0.0000 0.0000 0.0000 0.0000 0.0000 0.0000 0.0000 0.0000 0.0000 0.0000 0.0000
0.5529 0.0641 0.3831 0.0000 0.0000 0.0000 0.0000 0.0000 0.0000 0.0000 0.0000 0.0000 0.0000 0.0000 0.0000
0.3228 0.6123 0.0000 0.0000 0.0000 0.0000 0.0000 0.0000 0.0000 0.0000 0.0000 0.0000 0.0000 0.0648 0.0000
0.0963 0.1768 0.2500 0.1815 0.2954 0.0000 0.0000 0.0000 0.0000 0.0000 0.0000 0.0000 0.0000 0.0000 0.0000
0.3420 0.0000 0.0000 0.0000 0.0000 0.3092 0.3488 0.0000 0.0000 0.0000 0.0000 0.0000 0.0000 0.0000 0.0000
0.7629 0.1206 0.0000 0.0000 0.0000 0.0000 0.0000 0.0000 0.0000 0.0000 0.0000 0.0000 0.0000 0.1165 0.0000
0.3098 0.0000 0.0000 0.0000 0.0000 0.2292 0.3050 0.0000 0.1560 0.0000 0.0000 0.0000 0.0000 0.0000 0.0000
0.1329 0.0000 0.0000 0.0000 0.0000 0.3298 0.3397 0.1977 0.0000 0.0000 0.0000 0.0000 0.0000 0.0000 0.0000
0.4421 0.0000 0.0000 0.0000 0.0000 0.1573 0.2080 0.0000 0.1926 0.0000 0.0000 0.0000 0.0000 0.0000 0.0000
0.3136 0.0000 0.0000 0.0000 0.0000 0.1321 0.2210 0.0000 0.0000 0.0000 0.0000 0.2462 0.0871 0.0000 0.0000
0.3073 0.0000 0.0000 0.0000 0.0000 0.2453 0.1143 0.0000 0.0000 0.0000 0.0000 0.1382 0.1949 0.0000 0.0000
0.1930 0.1047 0.2266 0.2179 0.2578 0.0000 0.0000 0.0000 0.0000 0.0000 0.0000 0.0000 0.0000 0.0000 0.0000
0.1305 0.6999 0.0000 0.0000 0.0000 0.0000 0.0000 0.0000 0.0000 0.0000 0.0000 0.0000 0.0000 0.1696 0.0000
0.2332 0.0000 0.0000 0.0000 0.0000 0.1050 0.1909 0.3344 0.0000 0.1364 0.0000 0.0000 0.0000 0.0000 0.0000
0.4582 0.1363 0.4055 0.0000 0.0000 0.0000 0.0000 0.0000 0.0000 0.0000 0.0000 0.0000 0.0000 0.0000 0.0000
0.2705 0.0000 0.0000 0.0000 0.0000 0.0705 0.4931 0.0000 0.1658 0.0000 0.0000 0.0000 0.0000 0.0000 0.0000
0.0575 0.2529 0.2195 0.3547 0.1154 0.0000 0.0000 0.0000 0.0000 0.0000 0.0000 0.0000 0.0000 0.0000 0.0000
0.5607 0.0586 0.1606 0.0936 0.1265 0.0000 0.0000 0.0000 0.0000 0.0000 0.0000 0.0000 0.0000 0.0000 0.0000
0.6269 0.0000 0.0000 0.0000 0.0000 0.0752 0.0707 0.2272 0.0000 0.0000 0.0000 0.0000 0.0000 0.0000 0.0000
1.0000 0.0000 0.0000 0.0000 0.0000 0.0000 0.0000 0.0000 0.0000 0.0000 0.0000 0.0000 0.0000 0.0000 0.0000
0.1899 0.4252 0.2857 0.0993 0.0000 0.0000 0.0000 0.0000 0.0000 0.0000 0.0000 0.0000 0.0000 0.0000 0.0000
0.3096 0.5344 0.1560 0.0000 0.0000 0.0000 0.0000 0.0000 0.0000 0.0000 0.0000 0.0000 0.0000 0.0000 0.0000
0.1494 0.2562 0.5943 0.0000 0.0000 0.0000 0.0000 0.0000 0.0000 0.0000 0.0000 0.0000 0.0000 0.0000 0.0000
0.2976 0.1687 0.1236 0.3505 0.0595 0.0000 0.0000 0.0000 0.0000 0.0000 0.0000 0.0000 0.0000 0.0000 0.0000
0.2696 0.0000 0.0000 0.0000 0.0000 0.2372 0.4932 0.0000 0.0000 0.0000 0.0000 0.0000 0.0000 0.0000 0.0000
0.1000 0.4335 0.1610 0.3056 0.0000 0.0000 0.0000 0.0000 0.0000 0.0000 0.0000 0.0000 0.0000 0.0000 0.0000
0.1022 0.0000 0.0000 0.0000 0.0000 0.1926 0.2014 0.0932 0.0000 0.0000 0.4107 0.0000 0.0000 0.0000 0.0000
0.4050 0.0000 0.0000 0.0000 0.0000 0.3088 0.0716 0.0999 0.0000 0.0000 0.1146 0.0000 0.0000 0.0000 0.0000
0.5138 0.0000 0.0000 0.0000 0.0000 0.1003 0.0914 0.2945 0.0000 0.0000 0.0000 0.0000 0.0000 0.0000 0.0000
0.2995 0.0000 0.0000 0.0000 0.0000 0.5115 0.1009 0.0000 0.0000 0.0000 0.0000 0.0880 0.0000 0.0000 0.0000
0.1338 0.0000 0.0000 0.0000 0.0000 0.6305 0.1769 0.0588 0.0000 0.0000 0.0000 0.0000 0.0000 0.0000 0.0000
0.0732 0.1087 0.0705 0.5174 0.2302 0.0000 0.0000 0.0000 0.0000 0.0000 0.0000 0.0000 0.0000 0.0000 0.0000
0.1796 0.0000 0.0000 0.0000 0.0000 0.4503 0.1770 0.1425 0.0000 0.0000 0.0506 0.0000 0.0000 0.0000 0.0000
0.1812 0.0000 0.0000 0.0000 0.0000 0.4432 0.3756 0.0000 0.0000 0.0000 0.0000 0.0000 0.0000 0.0000 0.0000
0.0549 0.0000 0.0000 0.0000 0.0000 0.3644 0.3349 0.0000 0.0000 0.0000 0.0000 0.2457 0.0000 0.0000 0.0000
0.2279 0.0000 0.0000 0.0000 0.0000 0.3082 0.2698 0.0000 0.0000 0.0000 0.0000 0.1249 0.0692 0.0000 0.0000
0.5771 0.0000 0.0000 0.0000 0.0000 0.1812 0.2417 0.0000 0.0000 0.0000 0.0000 0.0000 0.0000 0.0000 0.0000
0.5859 0.0954 0.3187 0.0000 0.0000 0.0000 0.0000 0.0000 0.0000 0.0000 0.0000 0.0000 0.0000 0.0000 0.0000
0.0815 0.7557 0.1628 0.0000 0.0000 0.0000 0.0000 0.0000 0.0000 0.0000 0.0000 0.0000 0.0000 0.0000 0.0000
0.0900 0.4506 0.1671 0.1748 0.1174 0.0000 0.0000 0.0000 0.0000 0.0000 0.0000 0.0000 0.0000 0.0000 0.0000
0.3131 0.1017 0.3778 0.1328 0.0745 0.0000 0.0000 0.0000 0.0000 0.0000 0.0000 0.0000 0.0000 0.0000 0.0000
0.4090 0.0000 0.0000 0.0000 0.0000 0.3257 0.1964 0.0000 0.0690 0.0000 0.0000 0.0000 0.0000 0.0000 0.0000
0.1989 0.3255 0.2078 0.2677 0.0000 0.0000 0.0000 0.0000 0.0000 0.0000 0.0000 0.0000 0.0000 0.0000 0.0000
0.3987 0.0000 0.0000 0.0000 0.0000 0.3039 0.2069 0.0000 0.0904 0.0000 0.0000 0.0000 0.0000 0.0000 0.0000
0.3140 0.3749 0.2196 0.0914 0.0000 0.0000 0.0000 0.0000 0.0000 0.0000 0.0000 0.0000 0.0000 0.0000 0.0000
0.1177 0.0000 0.0000 0.0000 0.0000 0.2029 0.5015 0.1045 0.0000 0.0734 0.0000 0.0000 0.0000 0.0000 0.0000
0.3291 0.0000 0.0000 0.0000 0.0000 0.4310 0.2399 0.0000 0.0000 0.0000 0.0000 0.0000 0.0000 0.0000 0.0000
1.0000 0.0000 0.0000 0.0000 0.0000 0.0000 0.0000 0.0000 0.0000 0.0000 0.0000 0.0000 0.0000 0.0000 0.0000
0.0996 0.0000 0.0000 0.0000 0.0000 0.2585 0.3551 0.1517 0.0000 0.1350 0.0000 0.0000 0.0000 0.0000 0.0000
0.3303 0.0000 0.0000 0.0000 0.0000 0.0571 0.2624 0.1237 0.0000 0.0000 0.2265 0.0000 0.0000 0.0000 0.0000
0.0933 0.0000 0.0000 0.0000 0.0000 0.1141 0.2722 0.0000 0.0000 0.0000 0.0000 0.4276 0.0927 0.0000 0.0000
1.0000 0.0000 0.0000 0.0000 0.0000 0.0000 0.0000 0.0000 0.0000 0.0000 0.0000 0.0000 0.0000 0.0000 0.0000
0.4358 0.0000 0.0000 0.0000 0.0000 0.5642 0.0000 0.0000 0.0000 0.0000 0.0000 0.0000 0.0000 0.0000 0.0000
0.6602 0.1332 0.0000 0.0000 0.0000 0.0000 0.0000 0.0000 0.0000 0.0000 0.0000 0.0000 0.0000 0.2066 0.0000
0.1403 0.4946 0.1842 0.1809 0.0000 0.0000 0.0000 0.0000 0.0000 0.0000 0.0000 0.0000 0.0000 0.0000 0.0000
0.2430 0.0000 0.0000 0.0000 0.0000 0.0883 0.5103 0.0000 0.0000 0.0000 0.0000 0.1584 0.0000 0.0000 0.0000
0.1275 0.0000 0.0000 0.0000 0.0000 0.3725 0.1299 0.1000 0.0000 0.0000 0.2701 0.0000 0.0000 0.0000 0.0000
0.0690 0.0000 0.0000 0.0000 0.0000 0.7727 0.0873 0.0000 0.0000 0.0000 0.0000 0.0000 0.0000 0.0000 0.0709
0.3045 0.0000 0.0000 0.0000 0.0000 0.3037 0.0596 0.3322 0.0000 0.0000 0.0000 0.0000 0.0000 0.0000 0.0000
0.4098 0.3013 0.2889 0.0000 0.0000 0.0000 0.0000 0.0000 0.0000 0.0000 0.0000 0.0000 0.0000 0.0000 0.0000
0.3805 0.0000 0.0000 0.0000 0.0000 0.3974 0.0614 0.0000 0.0000 0.0000 0.0000 0.0805 0.0802 0.0000 0.0000
1.0000 0.0000 0.0000 0.0000 0.0000 0.0000 0.0000 0.0000 0.0000 0.0000 0.0000 0.0000 0.0000 0.0000 0.0000
0.1180 0.0000 0.0000 0.0000 0.0000 0.3076 0.0505 0.3814 0.0000 0.1425 0.0000 0.0000 0.0000 0.0000 0.0000
0.1639 0.1518 0.6843 0.0000 0.0000 0.0000 0.0000 0.0000 0.0000 0.0000 0.0000 0.0000 0.0000 0.0000 0.0000
0.3382 0.3512 0.0000 0.0000 0.0000 0.0000 0.0000 0.0000 0.0000 0.0000 0.0000 0.0000 0.0000 0.3106 0.0000
0.6254 0.0000 0.0000 0.0000 0.0000 0.3746 0.0000 0.0000 0.0000 0.0000 0.0000 0.0000 0.0000 0.0000 0.0000
0.5618 0.0000 0.0000 0.0000 0.0000 0.1263 0.2138 0.0000 0.0982 0.0000 0.0000 0.0000 0.0000 0.0000 0.0000
0.1995 0.2018 0.2715 0.3272 0.0000 0.0000 0.0000 0.0000 0.0000 0.0000 0.0000 0.0000 0.0000 0.0000 0.0000
0.1721 0.0000 0.0000 0.0000 0.0000 0.4822 0.1679 0.0000 0.0000 0.0000 0.0000 0.1778 0.0000 0.0000 0.0000
0.4970 0.5030 0.0000 0.0000 0.0000 0.0000 0.0000 0.0000 0.0000 0.0000 0.0000 0.0000 0.0000 0.0000 0.0000
0.3469 0.0000 0.0000 0.0000 0.0000 0.1713 0.1872 0.0000 0.0000 0.0000 0.0000 0.0000 0.0000 0.0000 0.2947
0.2078 0.0000 0.0000 0.0000 0.0000 0.3444 0.0641 0.3275 0.0000 0.0561 0.0000 0.0000 0.0000 0.0000 0.0000
0.2708 0.0000 0.0000 0.0000 0.0000 0.4890 0.0681 0.0000 0.0000 0.0000 0.0000 0.1721 0.0000 0.0000 0.0000
0.0917 0.4738 0.1876 0.1937 0.0532 0.0000 0.0000 0.0000 0.0000 0.0000 0.0000 0.0000 0.0000 0.0000 0.0000
0.0529 0.0000 0.0000 0.0000 0.0000 0.2898 0.3716 0.0000 0.2857 0.0000 0.0000 0.0000 0.0000 0.0000 0.0000
0.0513 0.0000 0.0000 0.0000 0.0000 0.0708 0.2256 0.2679 0.0000 0.0000 0.3844 0.0000 0.0000 0.0000 0.0000
0.2282 0.7718 0.0000 0.0000 0.0000 0.0000 0.0000 0.0000 0.0000 0.0000 0.0000 0.0000 0.0000 0.0000 0.0000
0.1603 0.0000 0.0000 0.0000 0.0000 0.4996 0.2449 0.0000 0.0952 0.0000 0.0000 0.0000 0.0000 0.0000 0.0000
0.3208 0.3664 0.3128 0.0000 0.0000 0.0000 0.0000 0.0000 0.0000 0.0000 0.0000 0.0000 0.0000 0.0000 0.0000
0.5923 0.0000 0.0000 0.0000 0.0000 0.1057 0.0924 0.0000 0.0000 0.0000 0.0000 0.0000 0.0000 0.0000 0.2096
0.1537 0.0644 0.0000 0.0000 0.0000 0.0000 0.0000 0.0000 0.0000 0.0000 0.0000 0.0000 0.0000 0.7820 0.0000
0.3175 0.4577 0.2248 0.0000 0.0000 0.0000 0.0000 0.0000 0.0000 0.0000 0.0000 0.0000 0.0000 0.0000 0.0000
0.3609 0.0000 0.0000 0.0000 0.0000 0.3191 0.3200 0.0000 0.0000 0.0000 0.0000 0.0000 0.0000 0.0000 0.0000
0.5717 0.0000 0.0000 0.0000 0.0000 0.0822 0.2702 0.0759 0.0000 0.0000 0.0000 0.0000 0.0000 0.0000 0.0000
0.3984 0.0000 0.0000 0.0000 0.0000 0.5038 0.0978 0.0000 0.0000 0.0000 0.0000 0.0000 0.0000 0.0000 0.0000
0.3644 0.1698 0.0000 0.0000 0.0000 0.0000 0.0000 0.0000 0.0000 0.0000 0.0000 0.0000 0.0000 0.4658 0.0000
0.5136 0.1406 0.3458 0.0000 0.0000 0.0000 0.0000 0.0000 0.0000 0.0000 0.0000 0.0000 0.0000 0.0000 0.0000
1.0000 0.0000 0.0000 0.0000 0.0000 0.0000 0.0000 0.0000 0.0000 0.0000 0.0000 0.0000 0.0000 0.0000 0.0000
0.4624 0.0000 0.0000 0.0000 0.0000 0.2066 0.3310 0.0000 0.0000 0.0000 0.0000 0.0000 0.0000 0.0000 0.0000
0.0590 0.2574 0.0848 0.3482 0.2507 0.0000 0.0000 0.0000 0.0000 0.0000 0.0000 0.0000 0.0000 0.0000 0.0000
0.1863 0.0000 0.0000 0.0000 0.0000 0.1126 0.0617 0.6395 0.0000 0.0000 0.0000 0.0000 0.0000 0.0000 0.0000
0.2142 0.0000 0.0000 0.0000 0.0000 0.3239 0.0907 0.1973 0.0000 0.1739 0.0000 0.0000 0.0000 0.0000 0.0000
0.0988 0.1104 0.0000 0.0000 0.0000 0.0000 0.0000 0.0000 0.0000 0.0000 0.0000 0.0000 0.0000 0.7908 0.0000
0.1723 0.2218 0.3527 0.2532 0.0000 0.0000 0.0000 0.0000 0.0000 0.0000 0.0000 0.0000 0.0000 0.0000 0.0000
0.0703 0.0000 0.0000 0.0000 0.0000 0.2818 0.1130 0.3890 0.0000 0.1460 0.0000 0.0000 0.0000 0.0000 0.0000
0.2075 0.6457 0.0000 0.0000 0.0000 0.0000 0.0000 0.0000 0.0000 0.0000 0.0000 0.0000 0.0000 0.1468 0.0000
0.0556 0.0000 0.0000 0.0000 0.0000 0.5958 0.0606 0.0000 0.0000 0.0000 0.0000 0.0000 0.0000 0.0000 0.2880
0.6298 0.0000 0.0000 0.0000 0.0000 0.3702 0.0000 0.0000 0.0000 0.0000 0.0000 0.0000 0.0000 0.0000 0.0000
0.1648 0.3278 0.5074 0.0000 0.0000 0.0000 0.0000 0.0000 0.0000 0.0000 0.0000 0.0000 0.0000 0.0000 0.0000
0.7914 0.2086 0.0000 0.0000 0.0000 0.0000 0.0000 0.0000 0.0000 0.0000 0.0000 0.0000 0.0000 0.0000 0.0000
0.0585 0.0000 0.0000 0.0000 0.0000 0.2344 0.0655 0.0000 0.0000 0.0000 0.0000 0.4706 0.1710 0.0000 0.0000
0.1077 0.0725 0.1069 0.6260 0.0869 0.0000 0.0000 0.0000 0.0000 0.0000 0.0000 0.0000 0.0000 0.0000 0.0000
0.5013 0.3686 0.1301 0.0000 0.0000 0.0000 0.0000 0.0000 0.0000 0.0000 0.0000 0.0000 0.0000 0.0000 0.0000
0.6804 0.0000 0.0000 0.0000 0.0000 0.1119 0.0799 0.0000 0.0000 0.0000 0.0000 0.0000 0.0000 0.0000 0.1278
1.0000 0.0000 0.0000 0.0000 0.0000 0.0000 0.0000 0.0000 0.0000 0.0000 0.0000 0.0000 0.0000 0.0000 0.0000
1.0000 0.0000 0.0000 0.0000 0.0000 0.0000 0.0000 0.0000 0.0000 0.0000 0.0000 0.0000 0.0000 0.0000 0.0000
0.1401 0.0000 0.0000 0.0000 0.0000 0.3036 0.2638 0.0000 0.0000 0.0000 0.0000 0.2926 0.0000 0.0000 0.0000
0.5008 0.0000 0.0000 0.0000 0.0000 0.2820 0.0903 0.0000 0.1269 0.0000 0.0000 0.0000 0.0000 0.0000 0.0000
0.1059 0.4528 0.0623 0.2821 0.0969 0.0000 0.0000 0.0000 0.0000 0.0000 0.0000 0.0000 0.0000 0.0000 0.0000
0.5719 0.0568 0.0000 0.0000 0.0000 0.0000 0.0000 0.0000 0.0000 0.0000 0.0000 0.0000 0.0000 0.3714 0.0000
0.1806 0.0000 0.0000 0.0000 0.0000 0.2683 0.4458 0.0000 0.0000 0.0000 0.0000 0.1052 0.0000 0.0000 0.0000
0.6103 0.1946 0.0000 0.0000 0.0000 0.0000 0.0000 0.0000 0.0000 0.0000 0.0000 0.0000 0.0000 0.1951 0.0000
0.5707 0.0000 0.0000 0.0000 0.0000 0.2444 0.1211 0.0000 0.0000 0.0000 0.0000 0.0000 0.0000 0.0000 0.0638
0.1472 0.0000 0.0000 0.0000 0.0000 0.2085 0.6443 0.0000 0.0000 0.0000 0.0000 0.0000 0.0000 0.0000 0.0000
0.0591 0.1891 0.7518 0.0000 0.0000 0.0000 0.0000 0.0000 0.0000 0.0000 0.0000 0.0000 0.0000 0.0000 0.0000
0.0660 0.0000 0.0000 0.0000 0.0000 0.3126 0.4873 0.1341 0.0000 0.0000 0.0000 0.0000 0.0000 0.0000 0.0000
0.1611 0.2353 0.1781 0.2821 0.1433 0.0000 0.0000 0.0000 0.0000 0.0000 0.0000 0.0000 0.0000 0.0000 0.0000
0.2167 0.0000 0.0000 0.0000 0.0000 0.2017 0.3339 0.1150 0.0000 0.0000 0.1327 0.0000 0.0000 0.0000 0.0000
0.1239 0.0000 0.0000 0.0000 0.0000 0.1583 0.0743 0.0000 0.0000 0.0000 0.0000 0.5541 0.0895 0.0000 0.0000
0.4145 0.0000 0.0000 0.0000 0.0000 0.1676 0.2253 0.0000 0.1926 0.0000 0.0000 0.0000 0.0000 0.0000 0.0000
0.3992 0.0000 0.0000 0.0000 0.0000 0.2505 0.1449 0.1376 0.0000 0.0678 0.0000 0.0000 0.0000 0.0000 0.0000
0.5229 0.0000 0.0000 0.0000 0.0000 0.4771 0.0000 0.0000 0.0000 0.0000 0.0000 0.0000 0.0000 0.0000 0.0000
1.0000 0.0000 0.0000 0.0000 0.0000 0.0000 0.0000 0.0000 0.0000 0.0000 0.0000 0.0000 0.0000 0.0000 0.0000
0.1239 0.0000 0.0000 0.0000 0.0000 0.8761 0.0000 0.0000 0.0000 0.0000 0.0000 0.0000 0.0000 0.0000 0.0000
0.4411 0.0000 0.0000 0.0000 0.0000 0.2563 0.2092 0.0000 0.0000 0.0000 0.0000 0.0000 0.0000 0.0000 0.0934
0.1681 0.6627 0.1692 0.0000 0.0000 0.0000 0.0000 0.0000 0.0000 0.0000 0.0000 0.0000 0.0000 0.0000 0.0000
0.2396 0.1275 0.3926 0.2403 0.0000 0.0000 0.0000 0.0000 0.0000 0.0000 0.0000 0.0000 0.0000 0.0000 0.0000
0.1834 0.0000 0.0000 0.0000 0.0000 0.2935 0.0564 0.0000 0.0000 0.0000 0.0000 0.0000 0.0000 0.0000 0.4667
1.0000 0.0000 0.0000 0.0000 0.0000 0.0000 0.0000 0.0000 0.0000 0.0000 0.0000 0.0000 0.0000 0.0000 0.0000
0.2905 0.0000 0.0000 0.0000 0.0000 0.1585 0.1747 0.1552 0.0000 0.0000 0.2211 0.0000 0.0000 0.0000 0.0000
0.1631 0.0000 0.0000 0.0000 0.0000 0.3947 0.4422 0.0000 0.0000 0.0000 0.0000 0.0000 0.0000 0.0000 0.0000
0.4186 0.1555 0.4258 0.0000 0.0000 0.0000 0.0000 0.0000 0.0000 0.0000 0.0000 0.0000 0.0000 0.0000 0.0000
0.2254 0.0000 0.0000 0.0000 0.0000 0.3870 0.3876 0.0000 0.0000 0.0000 0.0000 0.0000 0.0000 0.0000 0.0000
0.1543 0.0000 0.0000 0.0000 0.0000 0.1504 0.2650 0.4303 0.0000 0.0000 0.0000 0.0000 0.0000 0.0000 0.0000
0.5525 0.1780 0.0000 0.0000 0.0000 0.0000 0.0000 0.0000 0.0000 0.0000 0.0000 0.0000 0.0000 0.2695 0.0000
0.1202 0.0000 0.0000 0.0000 0.0000 0.2105 0.3623 0.0000 0.0000 0.0000 0.0000 0.0000 0.0000 0.0000 0.3070
0.5847 0.4153 0.0000 0.0000 0.0000 0.0000 0.0000 0.0000 0.0000 0.0000 0.0000 0.0000 0.0000 0.0000 0.0000
0.3125 0.0000 0.0000 0.0000 0.0000 0.1004 0.1010 0.3262 0.0000 0.0000 0.1598 0.0000 0.0000 0.0000 0.0000
0.1058 0.0000 0.0000 0.0000 0.0000 0.3516 0.1536 0.1986 0.0000 0.0000 0.1903 0.0000 0.0000 0.0000 0.0000
0.0686 0.0937 0.1275 0.7102 0.0000 0.0000 0.0000 0.0000 0.0000 0.0000 0.0000 0.0000 0.0000 0.0000 0.0000
0.4198 0.0000 0.0000 0.0000 0.0000 0.0627 0.3882 0.0596 0.0000 0.0697 0.0000 0.0000 0.0000 0.0000 0.0000
0.7320 0.0731 0.1443 0.0506 0.0000 0.0000 0.0000 0.0000 0.0000 0.0000 0.0000 0.0000 0.0000 0.0000 0.0000
0.1580 0.0000 0.0000 0.0000 0.0000 0.4605 0.1308 0.2506 0.0000 0.0000 0.0000 0.0000 0.0000 0.0000 0.0000
0.2330 0.0000 0.0000 0.0000 0.0000 0.0806 0.2634 0.0000 0.0000 0.0000 0.0000 0.4230 0.0000 0.0000 0.0000
0.1965 0.4059 0.1810 0.2167 0.0000 0.0000 0.0000 0.0000 0.0000 0.0000 0.0000 0.0000 0.0000 0.0000 0.0000
0.0935 0.1778 0.2272 0.4434 0.0581 0.0000 0.0000 0.0000 0.0000 0.0000 0.0000 0.0000 0.0000 0.0000 0.0000
0.2063 0.0000 0.0000 0.0000 0.0000 0.1349 0.2131 0.0000 0.4456 0.0000 0.0000 0.0000 0.0000 0.0000 0.0000
0.1112 0.0000 0.0000 0.0000 0.0000 0.1718 0.6574 0.0000 0.0000 0.0000 0.0000 0.0596 0.0000 0.0000 0.0000
0.3461 0.1755 0.0000 0.0000 0.0000 0.0000 0.0000 0.0000 0.0000 0.0000 0.0000 0.0000 0.0000 0.4783 0.0000
0.7090 0.0000 0.0000 0.0000 0.0000 0.2910 0.0000 0.0000 0.0000 0.0000 0.0000 0.0000 0.0000 0.0000 0.0000
0.1973 0.8027 0.0000 0.0000 0.0000 0.0000 0.0000 0.0000 0.0000 0.0000 0.0000 0.0000 0.0000 0.0000 0.0000
0.1146 0.5399 0.1537 0.1919 0.0000 0.0000 0.0000 0.0000 0.0000 0.0000 0.0000 0.0000 0.0000 0.0000 0.0000
0.2426 0.7574 0.0000 0.0000 0.0000 0.0000 0.0000 0.0000 0.0000 0.0000 0.0000 0.0000 0.0000 0.0000 0.0000
0.4986 0.5014 0.0000 0.0000 0.0000 0.0000 0.0000 0.0000 0.0000 0.0000 0.0000 0.0000 0.0000 0.0000 0.0000
0.4889 0.0000 0.0000 0.0000 0.0000 0.2882 0.0504 0.1725 0.0000 0.0000 0.0000 0.0000 0.0000 0.0000 0.0000
0.9209 0.0791 0.0000 0.0000 0.0000 0.0000 0.0000 0.0000 0.0000 0.0000 0.0000 0.0000 0.0000 0.0000 0.0000
0.2029 0.0000 0.0000 0.0000 0.0000 0.3444 0.1941 0.1473 0.0000 0.0000 0.1112 0.0000 0.0000 0.0000 0.0000
0.5427 0.1127 0.0000 0.0000 0.0000 0.0000 0.0000 0.0000 0.0000 0.0000 0.0000 0.0000 0.0000 0.3447 0.0000
0.1935 0.5557 0.2509 0.0000 0.0000 0.0000 0.0000 0.0000 0.0000 0.0000 0.0000 0.0000 0.0000 0.0000 0.0000
0.2008 0.0000 0.0000 0.0000 0.0000 0.7992 0.0000 0.0000 0.0000 0.0000 0.0000 0.0000 0.0000 0.0000 0.0000
0.3306 0.0000 0.0000 0.0000 0.0000 0.1318 0.0985 0.3332 0.0000 0.1058 0.0000 0.0000 0.0000 0.0000 0.0000
0.2563 0.1484 0.1656 0.2375 0.1922 0.0000 0.0000 0.0000 0.0000 0.0000 0.0000 0.0000 0.0000 0.0000 0.0000
0.1263 0.0000 0.0000 0.0000 0.0000 0.3230 0.0666 0.1654 0.0000 0.0000 0.3186 0.0000 0.0000 0.0000 0.0000
1.0000 0.0000 0.0000 0.0000 0.0000 0.0000 0.0000 0.0000 0.0000 0.0000 0.0000 0.0000 0.0000 0.0000 0.0000
0.1049 0.0000 0.0000 0.0000 0.0000 0.3662 0.3731 0.0000 0.1558 0.0000 0.0000 0.0000 0.0000 0.0000 0.0000
0.5911 0.4089 0.0000 0.0000 0.0000 0.0000 0.0000 0.0000 0.0000 0.0000 0.0000 0.0000 0.0000 0.0000 0.0000
0.3700 0.0000 0.0000 0.0000 0.0000 0.1131 0.5169 0.0000 0.0000 0.0000 0.0000 0.0000 0.0000 0.0000 0.0000
0.0626 0.0000 0.0000 0.0000 0.0000 0.4136 0.2887 0.1762 0.0000 0.0590 0.0000 0.0000 0.0000 0.0000 0.0000
0.3460 0.0000 0.0000 0.0000 0.0000 0.3134 0.1681 0.0000 0.1725 0.0000 0.0000 0.0000 0.0000 0.0000 0.0000
0.1115 0.0000 0.0000 0.0000 0.0000 0.0824 0.3331 0.1817 0.0000 0.0000 0.2913 0.0000 0.0000 0.0000 0.0000
0.0795 0.0000 0.0000 0.0000 0.0000 0.1670 0.5406 0.0000 0.0000 0.0000 0.0000 0.0000 0.0000 0.0000 0.2130
0.1463 0.1035 0.6690 0.0812 0.0000 0.0000 0.0000 0.0000 0.0000 0.0000 0.0000 0.0000 0.0000 0.0000 0.0000
0.1979 0.0000 0.0000 0.0000 0.0000 0.2895 0.5126 0.0000 0.0000 0.0000 0.0000 0.0000 0.0000 0.0000 0.0000
0.1915 0.0000 0.0000 0.0000 0.0000 0.0693 0.7392 0.0000 0.0000 0.0000 0.0000 0.0000 0.0000 0.0000 0.0000
0.2302 0.0000 0.0000 0.0000 0.0000 0.2171 0.4783 0.0000 0.0000 0.0000 0.0000 0.0744 0.0000 0.0000 0.0000
0.4278 0.0000 0.0000 0.0000 0.0000 0.5722 0.0000 0.0000 0.0000 0.0000 0.0000 0.0000 0.0000 0.0000 0.0000
0.1020 0.0000 0.0000 0.0000 0.0000 0.0782 0.3075 0.4024 0.0000 0.0000 0.1099 0.0000 0.0000 0.0000 0.0000
0.0630 0.0000 0.0000 0.0000 0.0000 0.6635 0.0773 0.0000 0.0000 0.0000 0.0000 0.0524 0.1438 0.0000 0.0000
0.0652 0.0000 0.0000 0.0000 0.0000 0.4564 0.1537 0.0000 0.3246 0.0000 0.0000 0.0000 0.0000 0.0000 0.0000
0.1663 0.2080 0.1339 0.4918 0.0000 0.0000 0.0000 0.0000 0.0000 0.0000 0.0000 0.0000 0.0000 0.0000 0.0000
0.0857 0.8394 0.0000 0.0000 0.0000 0.0000 0.0000 0.0000 0.0000 0.0000 0.0000 0.0000 0.0000 0.0750 0.0000
0.2663 0.5976 0.1361 0.0000 0.0000 0.0000 0.0000 0.0000 0.0000 0.0000 0.0000 0.0000 0.0000 0.0000 0.0000
0.3124 0.0935 0.4038 0.1903 0.0000 0.0000 0.0000 0.0000 0.0000 0.0000 0.0000 0.0000 0.0000 0.0000 0.0000
0.0509 0.0000 0.0000 0.0000 0.0000 0.4729 0.4762 0.0000 0.0000 0.0000 0.0000 0.0000 0.0000 0.0000 0.0000
0.5582 0.4418 0.0000 0.0000 0.0000 0.0000 0.0000 0.0000 0.0000 0.0000 0.0000 0.0000 0.0000 0.0000 0.0000
0.1543 0.2846 0.3416 0.2196 0.0000 0.0000 0.0000 0.0000 0.0000 0.0000 0.0000 0.0000 0.0000 0.0000 0.0000
0.4423 0.1896 0.3681 0.0000 0.0000 0.0000 0.0000 0.0000 0.0000 0.0000 0.0000 0.0000 0.0000 0.0000 0.0000
0.1632 0.1539 0.2037 0.4791 0.0000 0.0000 0.0000 0.0000 0.0000 0.0000 0.0000 0.0000 0.0000 0.0000 0.0000
0.3972 0.0000 0.0000 0.0000 0.0000 0.3386 0.2642 0.0000 0.0000 0.0000 0.0000 0.0000 0.0000 0.0000 0.0000
0.1297 0.0000 0.0000 0.0000 0.0000 0.2261 0.3208 0.0000 0.0000 0.0000 0.0000 0.1055 0.2179 0.0000 0.0000
0.4067 0.0000 0.0000 0.0000 0.0000 0.1160 0.0709 0.0000 0.0000 0.0000 0.0000 0.4063 0.0000 0.0000 0.0000
0.1204 0.0000 0.0000 0.0000 0.0000 0.1434 0.5777 0.1585 0.0000 0.0000 0.0000 0.0000 0.0000 0.0000 0.0000
0.0680 0.0000 0.0000 0.0000 0.0000 0.3277 0.1499 0.0000 0.0000 0.0000 0.0000 0.1606 0.2938 0.0000 0.0000
0.2609 0.0000 0.0000 0.0000 0.0000 0.4069 0.0712 0.0928 0.0000 0.0000 0.1682 0.0000 0.0000 0.0000 0.0000
0.0504 0.0000 0.0000 0.0000 0.0000 0.1122 0.1080 0.5740 0.0000 0.1554 0.0000 0.0000 0.0000 0.0000 0.0000
0.6286 0.3714 0.0000 0.0000 0.0000 0.0000 0.0000 0.0000 0.0000 0.0000 0.0000 0.0000 0.0000 0.0000 0.0000
0.2117 0.0694 0.1450 0.2149 0.3589 0.0000 0.0000 0.0000 0.0000 0.0000 0.0000 0.0000 0.0000 0.0000 0.0000
0.0608 0.2913 0.6480 0.0000 0.0000 0.0000 0.0000 0.0000 0.0000 0.0000 0.0000 0.0000 0.0000 0.0000 0.0000
0.2301 0.0000 0.0000 0.0000 0.0000 0.4193 0.1340 0.0000 0.0000 0.0000 0.0000 0.0000 0.0000 0.0000 0.2166
0.9005 0.0995 0.0000 0.0000 0.0000 0.0000 0.0000 0.0000 0.0000 0.0000 0.0000 0.0000 0.0000 0.0000 0.0000
0.8839 0.1161 0.0000 0.0000 0.0000 0.0000 0.0000 0.0000 0.0000 0.0000 0.0000 0.0000 0.0000 0.0000 0.0000
0.1557 0.0000 0.0000 0.0000 0.0000 0.3950 0.1417 0.0000 0.3076 0.0000 0.0000 0.0000 0.0000 0.0000 0.0000
0.0733 0.0000 0.0000 0.0000 0.0000 0.4560 0.2153 0.0000 0.0000 0.0000 0.0000 0.2554 0.0000 0.0000 0.0000
0.3601 0.0000 0.0000 0.0000 0.0000 0.2286 0.2580 0.0716 0.0000 0.0000 0.0817 0.0000 0.0000 0.0000 0.0000
0.1367 0.0000 0.0000 0.0000 0.0000 0.5490 0.3143 0.0000 0.0000 0.0000 0.0000 0.0000 0.0000 0.0000 0.0000
0.1206 0.1182 0.1536 0.1205 0.4872 0.0000 0.0000 0.0000 0.0000 0.0000 0.0000 0.0000 0.0000 0.0000 0.0000
0.0726 0.0000 0.0000 0.0000 0.0000 0.9274 0.0000 0.0000 0.0000 0.0000 0.0000 0.0000 0.0000 0.0000 0.0000
0.3767 0.0000 0.0000 0.0000 0.0000 0.1809 0.1058 0.0000 0.0000 0.0000 0.0000 0.1044 0.2322 0.0000 0.0000
0.1389 0.6347 0.0000 0.0000 0.0000 0.0000 0.0000 0.0000 0.0000 0.0000 0.0000 0.0000 0.0000 0.2263 0.0000
0.1566 0.0000 0.0000 0.0000 0.0000 0.4422 0.0673 0.1248 0.0000 0.0000 0.2091 0.0000 0.0000 0.0000 0.0000
0.0516 0.0000 0.0000 0.0000 0.0000 0.2663 0.5208 0.0000 0.0000 0.0000 0.0000 0.0602 0.1012 0.0000 0.0000
0.1817 0.0000 0.0000 0.0000 0.0000 0.0756 0.3933 0.1723 0.0000 0.0000 0.1770 0.0000 0.0000 0.0000 0.0000
0.5036 0.0000 0.0000 0.0000 0.0000 0.3305 0.1658 0.0000 0.0000 0.0000 0.0000 0.0000 0.0000 0.0000 0.0000
0.1599 0.0000 0.0000 0.0000 0.0000 0.0825 0.4665 0.0000 0.2911 0.0000 0.0000 0.0000 0.0000 0.0000 0.0000
0.1261 0.4449 0.3296 0.0994 0.0000 0.0000 0.0000 0.0000 0.0000 0.0000 0.0000 0.0000 0.0000 0.0000 0.0000
0.2003 0.0000 0.0000 0.0000 0.0000 0.2075 0.2789 0.1681 0.0000 0.1452 0.0000 0.0000 0.0000 0.0000 0.0000
0.3332 0.0000 0.0000 0.0000 0.0000 0.1101 0.2886 0.0000 0.0000 0.0000 0.0000 0.0000 0.0000 0.0000 0.2681
0.6132 0.0000 0.0000 0.0000 0.0000 0.3868 0.0000 0.0000 0.0000 0.0000 0.0000 0.0000 0.0000 0.0000 0.0000
0.2952 0.3968 0.1928 0.1152 0.0000 0.0000 0.0000 0.0000 0.0000 0.0000 0.0000 0.0000 0.0000 0.0000 0.0000
0.0615 0.0000 0.0000 0.0000 0.0000 0.2478 0.4396 0.0000 0.2510 0.0000 0.0000 0.0000 0.0000 0.0000 0.0000
0.2496 0.3855 0.0000 0.0000 0.0000 0.0000 0.0000 0.0000 0.0000 0.0000 0.0000 0.0000 0.0000 0.3648 0.0000
0.0525 0.0000 0.0000 0.0000 0.0000 0.4821 0.1964 0.1081 0.0000 0.1609 0.0000 0.0000 0.0000 0.0000 0.0000
0.1917 0.8083 0.0000 0.0000 0.0000 0.0000 0.0000 0.0000 0.0000 0.0000 0.0000 0.0000 0.0000 0.0000 0.0000
0.4909 0.4227 0.0864 0.0000 0.0000 0.0000 0.0000 0.0000 0.0000 0.0000 0.0000 0.0000 0.0000 0.0000 0.0000
0.1170 0.2896 0.2398 0.1702 0.1834 0.0000 0.0000 0.0000 0.0000 0.0000 0.0000 0.0000 0.0000 0.0000 0.0000
0.2499 0.0000 0.0000 0.0000 0.0000 0.2293 0.1044 0.1996 0.0000 0.2168 0.0000 0.0000 0.0000 0.0000 0.0000
0.7093 0.2907 0.0000 0.0000 0.0000 0.0000 0.0000 0.0000 0.0000 0.0000 0.0000 0.0000 0.0000 0.0000 0.0000
0.1024 0.3453 0.5523 0.0000 0.0000 0.0000 0.0000 0.0000 0.0000 0.0000 0.0000 0.0000 0.0000 0.0000 0.0000
0.1661 0.0000 0.0000 0.0000 0.0000 0.0661 0.5886 0.0000 0.1792 0.0000 0.0000 0.0000 0.0000 0.0000 0.0000
0.1981 0.0000 0.0000 0.0000 0.0000 0.4188 0.2356 0.0000 0.1475 0.0000 0.0000 0.0000 0.0000 0.0000 0.0000
0.0524 0.0000 0.0000 0.0000 0.0000 0.2213 0.1932 0.4317 0.0000 0.1014 0.0000 0.0000 0.0000 0.0000 0.0000
0.5386 0.4614 0.0000 0.0000 0.0000 0.0000 0.0000 0.0000 0.0000 0.0000 0.0000 0.0000 0.0000 0.0000 0.0000
0.1121 0.0000 0.0000 0.0000 0.0000 0.3938 0.1815 0.0000 0.0000 0.0000 0.0000 0.0000 0.0000 0.0000 0.3126
0.3666 0.0865 0.5469 0.0000 0.0000 0.0000 0.0000 0.0000 0.0000 0.0000 0.0000 0.0000 0.0000 0.0000 0.0000
0.0703 0.0000 0.0000 0.0000 0.0000 0.2224 0.2138 0.0000 0.4936 0.0000 0.0000 0.0000 0.0000 0.0000 0.0000
0.1104 0.3997 0.1131 0.0952 0.2817 0.0000 0.0000 0.0000 0.0000 0.0000 0.0000 0.0000 0.0000 0.0000 0.0000
0.3334 0.0000 0.0000 0.0000 0.0000 0.2991 0.0628 0.1787 0.0000 0.1260 0.0000 0.0000 0.0000 0.0000 0.0000
0.2954 0.0000 0.0000 0.0000 0.0000 0.0665 0.1860 0.0000 0.0000 0.0000 0.0000 0.0000 0.0000 0.0000 0.4521
0.2585 0.0000 0.0000 0.0000 0.0000 0.4157 0.1727 0.1530 0.0000 0.0000 0.0000 0.0000 0.0000 0.0000 0.0000
0.1280 0.2518 0.2550 0.2299 0.1353 0.0000 0.0000 0.0000 0.0000 0.0000 0.0000 0.0000 0.0000 0.0000 0.0000
0.3876 0.0714 0.1428 0.1232 0.2749 0.0000 0.0000 0.0000 0.0000 0.0000 0.0000 0.0000 0.0000 0.0000 0.0000
0.1001 0.0000 0.0000 0.0000 0.0000 0.2367 0.0710 0.5922 0.0000 0.0000 0.0000 0.0000 0.0000 0.0000 0.0000
0.3430 0.0000 0.0000 0.0000 0.0000 0.5093 0.0849 0.0000 0.0000 0.0000 0.0000 0.0628 0.0000 0.0000 0.0000
0.0718 0.0000 0.0000 0.0000 0.0000 0.0583 0.8173 0.0000 0.0000 0.0000 0.0000 0.0000 0.0000 0.0000 0.0525
0.1088 0.0000 0.0000 0.0000 0.0000 0.0821 0.5604 0.1559 0.0000 0.0000 0.0928 0.0000 0.0000 0.0000 0.0000
1.0000 0.0000 0.0000 0.0000 0.0000 0.0000 0.0000 0.0000 0.0000 0.0000 0.0000 0.0000 0.0000 0.0000 0.0000
0.0995 0.0000 0.0000 0.0000 0.0000 0.1949 0.0764 0.0528 0.0000 0.0000 0.5764 0.0000 0.0000 0.0000 0.0000
0.3920 0.0000 0.0000 0.0000 0.0000 0.1285 0.2458 0.0000 0.0000 0.0000 0.0000 0.2337 0.0000 0.0000 0.0000
0.3376 0.0000 0.0000 0.0000 0.0000 0.1269 0.0537 0.0000 0.0000 0.0000 0.0000 0.1377 0.3440 0.0000 0.0000
0.2392 0.0000 0.0000 0.0000 0.0000 0.2448 0.4005 0.0000 0.0000 0.0000 0.0000 0.1155 0.0000 0.0000 0.0000
0.1667 0.3263 0.1661 0.3409 0.0000 0.0000 0.0000 0.0000 0.0000 0.0000 0.0000 0.0000 0.0000 0.0000 0.0000
0.0897 0.1777 0.6139 0.1186 0.0000 0.0000 0.0000 0.0000 0.0000 0.0000 0.0000 0.0000 0.0000 0.0000 0.0000
1.0000 0.0000 0.0000 0.0000 0.0000 0.0000 0.0000 0.0000 0.0000 0.0000 0.0000 0.0000 0.0000 0.0000 0.0000
0.1354 0.0000 0.0000 0.0000 0.0000 0.8646 0.0000 0.0000 0.0000 0.0000 0.0000 0.0000 0.0000 0.0000 0.0000
0.1715 0.1034 0.2024 0.2568 0.2659 0.0000 0.0000 0.0000 0.0000 0.0000 0.0000 0.0000 0.0000 0.0000 0.0000
0.4096 0.2258 0.0592 0.1967 0.1087 0.0000 0.0000 0.0000 0.0000 0.0000 0.0000 0.0000 0.0000 0.0000 0.0000
0.1891 0.4308 0.2361 0.1441 0.0000 0.0000 0.0000 0.0000 0.0000 0.0000 0.0000 0.0000 0.0000 0.0000 0.0000
0.5964 0.0758 0.1511 0.1767 0.0000 0.0000 0.0000 0.0000 0.0000 0.0000 0.0000 0.0000 0.0000 0.0000 0.0000
1.0000 0.0000 0.0000 0.0000 0.0000 0.0000 0.0000 0.0000 0.0000 0.0000 0.0000 0.0000 0.0000 0.0000 0.0000
0.6562 0.0000 0.0000 0.0000 0.0000 0.3438 0.0000 0.0000 0.0000 0.0000 0.0000 0.0000 0.0000 0.0000 0.0000
0.2773 0.3507 0.0692 0.3028 0.0000 0.0000 0.0000 0.0000 0.0000 0.0000 0.0000 0.0000 0.0000 0.0000 0.0000
0.4905 0.0000 0.0000 0.0000 0.0000 0.0995 0.4100 0.0000 0.0000 0.0000 0.0000 0.0000 0.0000 0.0000 0.0000
