56 4 0 0 2 4 0 0 17 0 0
52 28 0 0 10 14 0 2 0 0 0
50 16 0 0 2 36 0 1 3 6 0
50 0 0 1 0 0 0 0 0 0 0
54 42 1 0 0 0 0 0 0 0 0
50 36 0 0 31 17 0 2 0 0 0
51 34 0 2 10 12 0 10 5 0 0
51 18 0 4 0 0 5 0 0 0 0
25 34 0 0 0 4 0 6 0 0 0
51 32 0 23 0 5 0 1 5 0 0
49 33 0 2 2 0 0 4 1 0 0
44 9 2 0 0 32 0 0 0 2 0
51 1 0 0 0 13 0 0 9 0 0
69 21 0 3 0 4 0 0 5 25 0
39 4 0 2 0 44 0 7 2 10 0
51 34 0 1 1 0 0 0 0 0 0
53 28 0 0 8 36 0 0 0 0 0
56 15 4 0 17 8 0 1 0 0 0
43 51 0 0 0 4 15 0 0 0 0
51 13 2 0 2 14 0 0 2 0 0
44 34 0 10 0 7 0 0 6 0 0
58 0 19 0 0 0 0 0 0 0 0
47 31 0 0 0 22 0 0 1 0 0
38 19 0 0 10 13 0 21 0 0 0
53 7 1 0 0 11 2 6 18 0 0
46 22 0 0 35 8 2 0 0 0 0
41 0 0 0 4 22 1 0 0 4 0
52 1 0 0 0 4 2 0 1 0 0
43 11 0 0 0 13 3 0 5 3 0
49 27 0 0 0 7 0 0 10 0 0
36 0 2 0 0 0 1 0 0 0 0
60 31 0 0 4 32 0 13 0 0 0
39 0 28 0 0 4 1 0 0 0 0
49 51 0 0 1 0 0 0 0 0 0
52 0 51 0 0 0 0 0 0 0 0
68 2 0 0 0 17 0 0 20 0 0
38 0 23 4 0 0 0 2 1 0 0
49 52 0 0 30 9 0 9 0 0 0
53 2 0 0 0 1 9 0 0 0 0
40 8 0 0 1 0 0 0 1 0 0
60 0 5 0 1 0 0 0 1 0 0
62 0 0 0 0 0 0 0 0 0 0
44 8 0 0 0 15 0 0 0 0 0
55 4 1 0 0 7 0 0 3 0 0
20 26 0 0 0 30 2 0 0 0 0
50 20 0 0 11 29 12 0 0 0 0
49 0 20 0 2 0 0 0 0 0 0
46 3 0 8 0 2 4 0 13 0 0
38 0 0 0 1 1 0 0 0 1 0
49 4 4 2 0 0 0 0 5 0 0
