58 53 41 52 50 47 44 47 42 54 0
52 47 60 49 47 46 43 52 46 68 0
50 51 59 53 49 47 48 55 42 58 0
52 44 37 43 58 44 53 51 39 49 0
54 61 47 50 52 51 45 54 45 37 0
50 52 47 49 53 62 55 60 40 57 0
51 43 61 57 53 50 43 61 48 43 0
51 54 51 51 67 45 52 46 63 56 0
34 57 53 54 57 41 41 45 42 36 0
51 59 57 56 56 43 51 48 44 50 0
49 53 45 50 48 61 49 41 59 53 0
44 42 57 54 45 48 53 51 59 44 0
51 44 44 55 54 44 52 55 55 54 0
69 40 49 54 52 47 50 52 49 61 0
39 51 49 33 55 59 42 45 50 46 0
51 48 51 36 51 44 52 43 62 51 0
53 58 52 42 51 60 46 73 51 56 0
56 46 44 51 55 35 51 49 46 55 0
43 57 51 57 50 42 52 51 51 49 0
52 43 45 55 54 57 50 54 49 57 0
53 59 43 42 55 43 33 48 48 42 0
60 53 50 57 46 51 46 42 69 51 0
47 54 41 55 47 45 55 47 44 50 0
38 54 50 46 56 48 47 53 54 53 0
53 62 35 61 47 47 52 63 46 58 0
47 36 40 53 55 62 50 48 50 50 0
41 44 57 58 51 49 47 47 55 46 0
52 57 47 53 47 45 49 50 49 47 0
43 44 37 50 48 42 47 43 51 59 0
49 53 57 44 50 62 48 36 52 32 0
36 49 47 45 48 62 47 41 45 45 0
62 50 48 51 42 57 49 40 42 41 0
39 42 46 40 44 47 48 49 54 54 0
49 57 50 39 47 43 47 51 61 51 0
52 52 51 55 66 36 51 55 54 54 0
69 35 49 60 49 46 58 55 45 48 0
38 48 46 51 51 49 43 62 57 43 0
51 55 58 59 54 45 54 44 64 48 0
54 54 44 45 50 45 39 48 38 45 0
40 50 44 53 55 45 39 45 42 65 0
60 45 50 53 44 57 48 42 60 44 0
62 64 61 54 38 40 56 53 57 64 0
44 50 51 48 34 51 58 47 51 50 0
55 55 53 45 42 46 51 51 54 48 0
31 49 50 43 49 52 59 63 55 54 0
50 53 69 38 48 49 47 49 57 46 0
49 45 44 56 52 31 51 37 59 49 0
46 51 50 59 58 52 49 50 50 39 0
40 47 48 52 53 53 42 55 55 49 0
49 43 46 47 45 42 52 51 56 45 0
