#chr	position	description	Normal	cell1	cell2	cell3	cell4	cell5	cell6	cell7	cell8	cell9	cell10	cell11	cell12	cell13	cell14	cell15	cell16	cell17	cell18	cell19	cell20	cell21	cell22	cell23	cell24	cell25	cell26	cell27	cell28	cell29	cell30	cell31	cell32	cell33	cell34	cell35	cell36	cell37	cell38	cell39	cell40	cell41	cell42	cell43	cell44	cell45	cell46	cell47	cell48	cell49	cell50
1	1	1	0.0	0.9655172413793104	1.0	1.0	0.9615384615384616	1.0	1.0	1.0	1.0	0.7352941176470589	1.0	1.0	1.0	1.0	1.0	1.0	1.0	1.0	1.0	1.0	0.9807692307692307	0.8301886792452831	0.9666666666666667	1.0	1.0	1.0	0.9787234042553191	1.0	1.0	1.0	1.0	1.0	0.967741935483871	1.0	1.0	1.0	0.9855072463768116	1.0	0.9607843137254902	0.9814814814814815	1.0	1.0	1.0	1.0	1.0	0.6451612903225806	1.0	1.0	1.0	0.95	1.0
2	2	2	0.0	0.07547169811320754	0.5957446808510638	0.3137254901960784	0.0	0.6885245901639344	0.6923076923076923	0.7906976744186046	0.3333333333333333	0.5964912280701754	0.5423728813559322	0.6226415094339622	0.21428571428571427	0.022727272727272728	0.525	0.0784313725490196	0.7083333333333334	0.4827586206896552	0.32608695652173914	0.8947368421052632	0.3023255813953488	0.576271186440678	0.0	0.5740740740740741	0.35185185185185186	0.11290322580645161	0.6111111111111112	0.0	0.017543859649122806	0.25	0.5094339622641509	0.0	0.62	0.0	0.8947368421052632	0.0	0.05714285714285714	0.0	0.9454545454545454	0.037037037037037035	0.16	0.0	0.0	0.16	0.07272727272727272	0.5306122448979592	0.37735849056603776	0.0	0.058823529411764705	0.0	0.09302325581395349
3	3	3	0.0	0.0	0.0	0.0	0.0	0.02127659574468085	0.0	0.0	0.0	0.0	0.0	0.0	0.03508771929824561	0.0	0.0	0.0	0.0	0.0	0.09090909090909091	0.0	0.044444444444444446	0.0	0.38	0.0	0.0	0.02857142857142857	0.0	0.0	0.0	0.0	0.0	0.0425531914893617	0.0	0.6086956521739131	0.0	1.0	0.0	0.5	0.0	0.0	0.0	0.1	0.0	0.0	0.018867924528301886	0.0	0.0	0.45454545454545453	0.0	0.0	0.08695652173913043
4	4	4	0.0	0.0	0.0	0.0	0.023255813953488372	0.0	0.0	0.03508771929824561	0.0784313725490196	0.0	0.4107142857142857	0.04	0.0	0.0	0.05555555555555555	0.06060606060606061	0.027777777777777776	0.0	0.0	0.0	0.0	0.23809523809523808	0.0	0.0	0.0	0.0	0.0	0.0	0.0	0.0	0.0	0.0	0.0	0.0	0.0	0.0	0.0	0.0784313725490196	0.0	0.0	0.0	0.0	0.0	0.0	0.0	0.0	0.0	0.0	0.13559322033898305	0.0	0.0425531914893617
5	5	5	0.0	0.04	0.2127659574468085	0.04081632653061224	0.0	0.0	0.5849056603773585	0.18867924528301888	0.0	0.0	0.0	0.041666666666666664	0.0	0.0	0.0	0.0	0.0196078431372549	0.1568627450980392	0.3090909090909091	0.0	0.037037037037037035	0.0	0.0	0.0	0.17857142857142858	0.0	0.6363636363636364	0.0784313725490196	0.0	0.0	0.0	0.0	0.09523809523809523	0.0	0.02127659574468085	0.0	0.0	0.0	0.5555555555555556	0.0	0.01818181818181818	0.022727272727272728	0.0	0.0	0.0	0.0	0.22916666666666666	0.038461538461538464	0.0	0.018867924528301886	0.0
6	6	6	0.0	0.0851063829787234	0.30434782608695654	0.7659574468085106	0.0	0.0	0.27419354838709675	0.24	0.0	0.0975609756097561	0.11627906976744186	0.0	0.6666666666666666	0.29545454545454547	0.0851063829787234	0.7457627118644068	0.0	0.6	0.22857142857142856	0.09523809523809523	0.24561403508771928	0.16279069767441862	0.0	0.4888888888888889	0.2708333333333333	0.23404255319148937	0.12903225806451613	0.4489795918367347	0.08888888888888889	0.30952380952380953	0.11290322580645161	0.0	0.5614035087719298	0.0851063829787234	0.0	0.0	0.3695652173913043	0.0	0.2	0.022222222222222223	0.0	0.0	0.0	0.29411764705882354	0.15217391304347827	0.5769230769230769	0.5918367346938775	0.0	0.038461538461538464	0.018867924528301886	0.0
7	7	7	0.0	0.0	0.0	0.0	0.0	0.0	0.0	0.0	0.09615384615384616	0.0	0.0	0.0	0.0	0.0	0.0	0.0	0.0	0.0	0.0	0.28846153846153844	0.0	0.0	0.0	0.0	0.0	0.038461538461538464	0.04	0.02127659574468085	0.04081632653061224	0.06382978723404255	0.0	0.02127659574468085	0.0	0.020833333333333332	0.0	0.0	0.0	0.0	0.0	0.23076923076923078	0.0	0.0	0.0	0.0	0.0	0.03389830508474576	0.2553191489361702	0.0	0.08163265306122448	0.0	0.0
8	8	8	0.0	0.0	0.038461538461538464	0.01818181818181818	0.0	0.0	0.03333333333333333	0.16393442622950818	0.0	0.13333333333333333	0.020833333333333332	0.0975609756097561	0.0	0.0	0.0	0.15555555555555556	0.0	0.0	0.02040816326530612	0.0	0.0	0.0	0.0	0.0	0.39622641509433965	0.09523809523809523	0.0	0.0	0.0	0.0	0.0	0.0	0.325	0.0	0.0	0.0	0.0	0.03225806451612903	0.20454545454545456	0.0	0.0	0.0	0.0	0.0	0.0	0.0	0.0	0.0	0.0	0.0	0.0
9	9	9	0.0	0.40476190476190477	0.0	0.07142857142857142	0.0	0.0	0.0	0.10416666666666667	0.0	0.0	0.11363636363636363	0.01694915254237288	0.0	0.16363636363636364	0.10204081632653061	0.04	0.0	0.0	0.0	0.0	0.04081632653061224	0.125	0.0	0.022727272727272728	0.0	0.391304347826087	0.0	0.0	0.02040816326530612	0.09803921568627451	0.19230769230769232	0.0	0.0	0.0	0.0	0.0	0.4444444444444444	0.017543859649122806	0.0	0.0	0.023809523809523808	0.016666666666666666	0.0	0.0	0.05555555555555555	0.0	0.0	0.0	0.26	0.0	0.08928571428571429
10	10	10	0.0	0.0	0.0	0.10344827586206896	0.0	0.0	0.0	0.0	0.0	0.0	0.0	0.0	0.045454545454545456	0.0	0.4098360655737705	0.21739130434782608	0.0	0.0	0.0	0.0	0.0	0.0	0.0	0.0	0.0	0.0	0.0	0.08695652173913043	0.0	0.05084745762711865	0.0	0.0	0.0	0.0	0.0	0.0	0.0	0.0	0.0	0.0	0.0	0.0	0.0	0.0	0.0	0.0	0.0	0.0	0.0	0.02040816326530612	0.0
