0.9655 0.0755 0.0000 0.0000 0.0400 0.0851 0.0000 0.0000 0.4048 0.0000 0.0000
1.0000 0.5957 0.0000 0.0000 0.2128 0.3043 0.0000 0.0385 0.0000 0.0000 0.0000
1.0000 0.3137 0.0000 0.0000 0.0408 0.7660 0.0000 0.0182 0.0714 0.1034 0.0000
0.9615 0.0000 0.0000 0.0233 0.0000 0.0000 0.0000 0.0000 0.0000 0.0000 0.0000
1.0000 0.6885 0.0213 0.0000 0.0000 0.0000 0.0000 0.0000 0.0000 0.0000 0.0000
1.0000 0.6923 0.0000 0.0000 0.5849 0.2742 0.0000 0.0333 0.0000 0.0000 0.0000
1.0000 0.7907 0.0000 0.0351 0.1887 0.2400 0.0000 0.1639 0.1042 0.0000 0.0000
1.0000 0.3333 0.0000 0.0784 0.0000 0.0000 0.0962 0.0000 0.0000 0.0000 0.0000
0.7353 0.5965 0.0000 0.0000 0.0000 0.0976 0.0000 0.1333 0.0000 0.0000 0.0000
1.0000 0.5424 0.0000 0.4107 0.0000 0.1163 0.0000 0.0208 0.1136 0.0000 0.0000
1.0000 0.6226 0.0000 0.0400 0.0417 0.0000 0.0000 0.0976 0.0169 0.0000 0.0000
1.0000 0.2143 0.0351 0.0000 0.0000 0.6667 0.0000 0.0000 0.0000 0.0455 0.0000
1.0000 0.0227 0.0000 0.0000 0.0000 0.2955 0.0000 0.0000 0.1636 0.0000 0.0000
1.0000 0.5250 0.0000 0.0556 0.0000 0.0851 0.0000 0.0000 0.1020 0.4098 0.0000
1.0000 0.0784 0.0000 0.0606 0.0000 0.7458 0.0000 0.1556 0.0400 0.2174 0.0000
1.0000 0.7083 0.0000 0.0278 0.0196 0.0000 0.0000 0.0000 0.0000 0.0000 0.0000
1.0000 0.4828 0.0000 0.0000 0.1569 0.6000 0.0000 0.0000 0.0000 0.0000 0.0000
1.0000 0.3261 0.0909 0.0000 0.3091 0.2286 0.0000 0.0204 0.0000 0.0000 0.0000
1.0000 0.8947 0.0000 0.0000 0.0000 0.0952 0.2885 0.0000 0.0000 0.0000 0.0000
0.9808 0.3023 0.0444 0.0000 0.0370 0.2456 0.0000 0.0000 0.0408 0.0000 0.0000
0.8302 0.5763 0.0000 0.2381 0.0000 0.1628 0.0000 0.0000 0.1250 0.0000 0.0000
0.9667 0.0000 0.3800 0.0000 0.0000 0.0000 0.0000 0.0000 0.0000 0.0000 0.0000
1.0000 0.5741 0.0000 0.0000 0.0000 0.4889 0.0000 0.0000 0.0227 0.0000 0.0000
1.0000 0.3519 0.0000 0.0000 0.1786 0.2708 0.0000 0.3962 0.0000 0.0000 0.0000
1.0000 0.1129 0.0286 0.0000 0.0000 0.2340 0.0385 0.0952 0.3913 0.0000 0.0000
0.9787 0.6111 0.0000 0.0000 0.6364 0.1290 0.0400 0.0000 0.0000 0.0000 0.0000
1.0000 0.0000 0.0000 0.0000 0.0784 0.4490 0.0213 0.0000 0.0000 0.0870 0.0000
1.0000 0.0175 0.0000 0.0000 0.0000 0.0889 0.0408 0.0000 0.0204 0.0000 0.0000
1.0000 0.2500 0.0000 0.0000 0.0000 0.3095 0.0638 0.0000 0.0980 0.0508 0.0000
1.0000 0.5094 0.0000 0.0000 0.0000 0.1129 0.0000 0.0000 0.1923 0.0000 0.0000
1.0000 0.0000 0.0426 0.0000 0.0000 0.0000 0.0213 0.0000 0.0000 0.0000 0.0000
0.9677 0.6200 0.0000 0.0000 0.0952 0.5614 0.0000 0.3250 0.0000 0.0000 0.0000
1.0000 0.0000 0.6087 0.0000 0.0000 0.0851 0.0208 0.0000 0.0000 0.0000 0.0000
1.0000 0.8947 0.0000 0.0000 0.0213 0.0000 0.0000 0.0000 0.0000 0.0000 0.0000
1.0000 0.0000 1.0000 0.0000 0.0000 0.0000 0.0000 0.0000 0.0000 0.0000 0.0000
0.9855 0.0571 0.0000 0.0000 0.0000 0.3696 0.0000 0.0000 0.4444 0.0000 0.0000
1.0000 0.0000 0.5000 0.0784 0.0000 0.0000 0.0000 0.0323 0.0175 0.0000 0.0000
0.9608 0.9455 0.0000 0.0000 0.5556 0.2000 0.0000 0.2045 0.0000 0.0000 0.0000
0.9815 0.0370 0.0000 0.0000 0.0000 0.0222 0.2308 0.0000 0.0000 0.0000 0.0000
1.0000 0.1600 0.0000 0.0000 0.0182 0.0000 0.0000 0.0000 0.0238 0.0000 0.0000
1.0000 0.0000 0.1000 0.0000 0.0227 0.0000 0.0000 0.0000 0.0167 0.0000 0.0000
1.0000 0.0000 0.0000 0.0000 0.0000 0.0000 0.0000 0.0000 0.0000 0.0000 0.0000
1.0000 0.1600 0.0000 0.0000 0.0000 0.2941 0.0000 0.0000 0.0000 0.0000 0.0000
1.0000 0.0727 0.0189 0.0000 0.0000 0.1522 0.0000 0.0000 0.0556 0.0000 0.0000
0.6452 0.5306 0.0000 0.0000 0.0000 0.5769 0.0339 0.0000 0.0000 0.0000 0.0000
1.0000 0.3774 0.0000 0.0000 0.2292 0.5918 0.2553 0.0000 0.0000 0.0000 0.0000
1.0000 0.0000 0.4545 0.0000 0.0385 0.0000 0.0000 0.0000 0.0000 0.0000 0.0000
1.0000 0.0588 0.0000 0.1356 0.0000 0.0385 0.0816 0.0000 0.2600 0.0000 0.0000
0.9500 0.0000 0.0000 0.0000 0.0189 0.0189 0.0000 0.0000 0.0000 0.0204 0.0000
1.0000 0.0930 0.0870 0.0426 0.0000 0.0000 0.0000 0.0000 0.0893 0.0000 0.0000
