	mut10	mut10	mut1	mut1	mut2	mut2	mut3	mut3	mut4	mut4	mut5	mut5	mut6	mut6	mut7	mut7	mut8	mut8	mut9	mut9
cell1	1	54	49	0	49	2	38	0	38	0	22	28	38	13	54	0	50	0	55	3
cell2	0	51	14	33	51	2	53	1	61	0	42	1	49	0	44	0	39	2	43	1
cell3	0	56	49	0	55	1	45	0	47	0	34	20	52	0	49	0	48	0	39	0
cell4	0	47	12	43	21	30	14	27	44	9	62	0	61	0	47	1	54	0	53	0
cell5	2	40	53	0	45	9	45	0	49	0	2	56	54	11	41	0	46	3	51	0
cell6	0	42	55	0	46	0	42	0	49	0	8	48	13	28	34	9	44	0	53	1
cell7	0	41	5	43	37	15	61	0	52	5	50	0	45	2	41	3	51	0	61	0
cell8	0	50	53	0	66	0	50	0	47	0	43	1	58	1	49	0	49	3	42	0
cell9	0	33	44	0	45	0	46	0	43	0	24	19	25	25	49	2	56	0	43	0
cell10	1	47	3	56	39	5	43	0	48	5	32	1	51	0	53	0	42	0	35	1
cell11	0	59	42	0	55	0	54	0	55	0	49	1	50	0	58	0	65	0	47	0
cell12	0	52	40	12	45	0	51	0	41	0	48	0	43	0	37	1	58	0	45	0
cell13	0	46	21	28	43	0	48	2	64	0	57	0	49	0	51	0	49	0	41	0
cell14	1	56	0	42	18	32	49	0	36	3	57	0	55	0	49	0	57	0	53	0
cell15	0	42	2	36	39	1	40	0	40	1	44	0	52	0	51	0	48	0	51	1
cell16	0	56	47	0	44	0	42	1	60	0	26	23	44	9	47	0	53	0	52	0
cell17	0	59	58	0	44	0	55	0	49	4	11	46	49	1	46	0	50	0	38	0
cell18	0	52	48	0	66	1	45	0	46	1	6	45	34	18	52	0	44	0	39	0
cell19	1	44	52	0	53	7	53	0	52	2	40	15	30	7	56	0	58	1	39	12
cell20	16	44	2	51	37	28	32	8	51	3	49	0	49	0	53	0	55	0	52	0
cell21	1	47	0	51	26	31	24	22	46	0	44	0	53	0	53	0	42	0	46	0
cell22	2	72	49	0	51	0	48	0	46	1	38	18	42	0	39	0	57	0	46	1
cell23	0	57	25	35	32	12	47	6	71	0	55	7	36	0	60	2	54	0	48	0
cell24	0	47	49	0	47	0	57	0	30	6	4	41	36	14	14	31	56	0	52	0
cell25	1	48	50	0	45	0	54	0	51	1	13	38	34	20	60	1	64	0	50	0
cell26	0	50	16	37	37	17	24	31	42	8	58	0	70	0	50	0	42	0	50	3
cell27	5	39	2	52	23	25	29	20	45	0	58	0	53	0	60	1	53	0	54	0
cell28	0	54	38	0	44	0	61	0	47	0	2	42	44	2	53	0	59	0	41	0
cell29	1	58	0	45	21	27	28	17	53	0	52	0	47	5	56	0	46	0	42	0
cell30	2	47	47	0	52	1	55	0	46	0	52	3	49	1	45	0	43	3	41	0
cell31	0	49	2	55	18	30	28	13	48	0	44	0	46	0	57	0	48	0	65	0
cell32	0	54	40	0	42	0	58	0	56	4	0	61	20	28	50	8	40	10	63	0
cell33	0	58	39	0	41	0	61	0	61	0	37	22	44	14	59	0	35	16	51	2
cell34	0	55	69	0	60	0	38	0	49	0	9	56	57	1	48	0	27	24	45	0
cell35	0	38	4	52	8	35	7	32	45	5	46	0	51	0	64	0	45	0	37	0
cell36	0	69	46	0	54	0	56	0	43	1	5	47	50	0	58	0	40	0	43	0
cell37	0	49	46	0	43	0	55	0	52	0	48	0	53	1	46	0	56	0	49	3
cell38	0	49	0	45	22	19	37	11	42	0	42	0	56	1	44	0	40	1	53	0
cell39	0	46	41	0	50	0	59	2	59	0	11	41	56	0	48	0	47	0	56	0
cell40	0	58	52	0	59	0	48	0	46	0	55	1	57	1	45	0	33	0	59	0
cell41	0	48	43	0	54	0	53	0	39	0	4	53	33	11	39	8	43	0	50	0
cell42	0	54	51	0	46	0	45	5	34	0	0	46	58	0	50	1	49	0	41	0
cell43	0	48	13	43	27	33	62	0	46	0	41	0	54	0	54	0	44	1	50	0
cell44	0	38	20	32	22	33	37	12	45	12	44	1	61	0	68	2	49	0	40	4
cell45	0	64	52	0	45	0	55	1	53	0	0	46	36	0	24	11	53	1	42	1
cell46	0	51	37	14	19	18	51	0	59	0	50	0	48	0	47	0	45	0	53	0
cell47	0	63	36	11	48	0	48	0	47	0	24	30	23	9	33	11	41	6	45	0
cell48	1	48	33	20	44	0	58	1	55	0	60	0	41	1	71	0	47	0	48	0
cell49	0	40	51	0	36	1	43	0	44	0	15	35	45	6	53	0	41	12	49	1
cell50	0	55	41	2	52	0	59	0	50	0	43	17	56	7	56	1	54	0	46	0
