55 49 51 38 38 50 51 54 50 58 0
51 47 53 54 61 43 49 44 41 44 0
56 49 56 45 47 54 52 49 48 39 0
47 55 51 41 53 62 61 48 54 53 0
42 53 54 45 49 58 65 41 49 51 0
42 55 46 42 49 56 41 43 44 54 0
41 48 52 61 57 50 47 44 51 61 0
50 53 66 50 47 44 59 49 52 42 0
33 44 45 46 43 43 50 51 56 43 0
48 59 44 43 53 33 51 53 42 36 0
59 42 55 54 55 50 50 58 65 47 0
52 52 45 51 41 48 43 38 58 45 0
46 49 43 50 64 57 49 51 49 41 0
57 42 50 49 39 57 55 49 57 53 0
42 38 40 40 41 44 52 51 48 52 0
56 47 44 43 60 49 53 47 53 52 0
59 58 44 55 53 57 50 46 50 38 0
52 48 67 45 47 51 52 52 44 39 0
45 52 60 53 54 55 37 56 59 51 0
60 53 65 40 54 49 49 53 55 52 0
48 51 57 46 46 44 53 53 42 46 0
74 49 51 48 47 56 42 39 57 47 0
57 60 44 53 71 62 36 62 54 48 0
47 49 47 57 36 45 50 45 56 52 0
49 50 45 54 52 51 54 61 64 50 0
50 53 54 55 50 58 70 50 42 53 0
44 54 48 49 45 58 53 61 53 54 0
54 38 44 61 47 44 46 53 59 41 0
59 45 48 45 53 52 52 56 46 42 0
49 47 53 55 46 55 50 45 46 41 0
49 57 48 41 48 44 46 57 48 65 0
54 40 42 58 60 61 48 58 50 63 0
58 39 41 61 61 59 58 59 51 53 0
55 69 60 38 49 65 58 48 51 45 0
38 56 43 39 50 46 51 64 45 37 0
69 46 54 56 44 52 50 58 40 43 0
49 46 43 55 52 48 54 46 56 52 0
49 45 41 48 42 42 57 44 41 53 0
46 41 50 61 59 52 56 48 47 56 0
58 52 59 48 46 56 58 45 33 59 0
48 43 54 53 39 57 44 47 43 50 0
54 51 46 50 34 46 58 51 49 41 0
48 56 60 62 46 41 54 54 45 50 0
38 52 55 49 57 45 61 70 49 44 0
64 52 45 56 53 46 36 35 54 43 0
51 51 37 51 59 50 48 47 45 53 0
63 47 48 48 47 54 32 44 47 45 0
49 53 44 59 55 60 42 71 47 48 0
40 51 37 43 44 50 51 53 53 50 0
55 43 52 59 50 60 63 57 54 46 0
