0.9818 0.0000 0.0392 0.0000 0.0000 0.5600 0.2549 0.0000 0.0000 0.0517 0.0000
1.0000 0.7021 0.0377 0.0185 0.0000 0.0233 0.0000 0.0000 0.0488 0.0227 0.0000
1.0000 0.0000 0.0179 0.0000 0.0000 0.3704 0.0000 0.0000 0.0000 0.0000 0.0000
1.0000 0.7818 0.5882 0.6585 0.1698 0.0000 0.0000 0.0208 0.0000 0.0000 0.0000
0.9524 0.0000 0.1667 0.0000 0.0000 0.9655 0.1692 0.0000 0.0612 0.0000 0.0000
1.0000 0.0000 0.0000 0.0000 0.0000 0.8571 0.6829 0.2093 0.0000 0.0185 0.0000
1.0000 0.8958 0.2885 0.0000 0.0877 0.0000 0.0426 0.0682 0.0000 0.0000 0.0000
1.0000 0.0000 0.0000 0.0000 0.0000 0.0227 0.0169 0.0000 0.0577 0.0000 0.0000
1.0000 0.0000 0.0000 0.0000 0.0000 0.4419 0.5000 0.0392 0.0000 0.0000 0.0000
0.9792 0.9492 0.1136 0.0000 0.0943 0.0303 0.0000 0.0000 0.0000 0.0278 0.0000
1.0000 0.0000 0.0000 0.0000 0.0000 0.0200 0.0000 0.0000 0.0000 0.0000 0.0000
1.0000 0.2308 0.0000 0.0000 0.0000 0.0000 0.0000 0.0263 0.0000 0.0000 0.0000
1.0000 0.5714 0.0000 0.0400 0.0000 0.0000 0.0000 0.0000 0.0000 0.0000 0.0000
0.9825 1.0000 0.6400 0.0000 0.0769 0.0000 0.0000 0.0000 0.0000 0.0000 0.0000
1.0000 0.9474 0.0250 0.0000 0.0244 0.0000 0.0000 0.0000 0.0000 0.0192 0.0000
1.0000 0.0000 0.0000 0.0233 0.0000 0.4694 0.1698 0.0000 0.0000 0.0000 0.0000
1.0000 0.0000 0.0000 0.0000 0.0755 0.8070 0.0200 0.0000 0.0000 0.0000 0.0000
1.0000 0.0000 0.0149 0.0000 0.0213 0.8824 0.3462 0.0000 0.0000 0.0000 0.0000
0.9778 0.0000 0.1167 0.0000 0.0370 0.2727 0.1892 0.0000 0.0169 0.2353 0.0000
0.7333 0.9623 0.4308 0.2000 0.0556 0.0000 0.0000 0.0000 0.0000 0.0000 0.0000
0.9792 1.0000 0.5439 0.4783 0.0000 0.0000 0.0000 0.0000 0.0000 0.0000 0.0000
0.9730 0.0000 0.0000 0.0000 0.0213 0.3214 0.0000 0.0000 0.0000 0.0213 0.0000
1.0000 0.5833 0.2727 0.1132 0.0000 0.1129 0.0000 0.0323 0.0000 0.0000 0.0000
1.0000 0.0000 0.0000 0.0000 0.1667 0.9111 0.2800 0.6889 0.0000 0.0000 0.0000
0.9796 0.0000 0.0000 0.0000 0.0192 0.7451 0.3704 0.0164 0.0000 0.0000 0.0000
1.0000 0.6981 0.3148 0.5636 0.1600 0.0000 0.0000 0.0000 0.0000 0.0566 0.0000
0.8864 0.9630 0.5208 0.4082 0.0000 0.0000 0.0000 0.0164 0.0000 0.0000 0.0000
1.0000 0.0000 0.0000 0.0000 0.0000 0.9545 0.0435 0.0000 0.0000 0.0000 0.0000
0.9831 1.0000 0.5625 0.3778 0.0000 0.0000 0.0962 0.0000 0.0000 0.0000 0.0000
0.9592 0.0000 0.0189 0.0000 0.0000 0.0545 0.0200 0.0000 0.0652 0.0000 0.0000
1.0000 0.9649 0.6250 0.3171 0.0000 0.0000 0.0000 0.0000 0.0000 0.0000 0.0000
1.0000 0.0000 0.0000 0.0000 0.0667 1.0000 0.5833 0.1379 0.2000 0.0000 0.0000
1.0000 0.0000 0.0000 0.0000 0.0000 0.3729 0.2414 0.0000 0.3137 0.0377 0.0000
1.0000 0.0000 0.0000 0.0000 0.0000 0.8615 0.0172 0.0000 0.4706 0.0000 0.0000
1.0000 0.9286 0.8140 0.8205 0.1000 0.0000 0.0000 0.0000 0.0000 0.0000 0.0000
1.0000 0.0000 0.0000 0.0000 0.0227 0.9038 0.0000 0.0000 0.0000 0.0000 0.0000
1.0000 0.0000 0.0000 0.0000 0.0000 0.0000 0.0185 0.0000 0.0000 0.0577 0.0000
1.0000 1.0000 0.4634 0.2292 0.0000 0.0000 0.0175 0.0000 0.0244 0.0000 0.0000
1.0000 0.0000 0.0000 0.0328 0.0000 0.7885 0.0000 0.0000 0.0000 0.0000 0.0000
1.0000 0.0000 0.0000 0.0000 0.0000 0.0179 0.0172 0.0000 0.0000 0.0000 0.0000
1.0000 0.0000 0.0000 0.0000 0.0000 0.9298 0.2500 0.1702 0.0000 0.0000 0.0000
1.0000 0.0000 0.0000 0.1000 0.0000 1.0000 0.0000 0.0196 0.0000 0.0000 0.0000
1.0000 0.7679 0.5500 0.0000 0.0000 0.0000 0.0000 0.0000 0.0222 0.0000 0.0000
1.0000 0.6154 0.6000 0.2449 0.2105 0.0222 0.0000 0.0286 0.0000 0.0909 0.0000
1.0000 0.0000 0.0000 0.0179 0.0000 1.0000 0.0000 0.3143 0.0185 0.0233 0.0000
1.0000 0.2745 0.4865 0.0000 0.0000 0.0000 0.0000 0.0000 0.0000 0.0000 0.0000
1.0000 0.2340 0.0000 0.0000 0.0000 0.5556 0.2812 0.2500 0.1277 0.0000 0.0000
0.9796 0.3774 0.0000 0.0169 0.0000 0.0000 0.0238 0.0000 0.0000 0.0000 0.0000
1.0000 0.0000 0.0270 0.0000 0.0000 0.7000 0.1176 0.0000 0.2264 0.0200 0.0000
1.0000 0.0465 0.0000 0.0000 0.0000 0.2833 0.1111 0.0175 0.0000 0.0000 0.0000
