0.4842 0.0000 0.0000 0.0000 0.0000 0.2825 0.1407 0.0000 0.0000 0.0926
0.2991 0.5544 0.0897 0.0568 0.0000 0.0000 0.0000 0.0000 0.0000 0.0000
0.7462 0.0000 0.0000 0.0000 0.0000 0.2538 0.0000 0.0000 0.0000 0.0000
0.2371 0.0880 0.2430 0.2376 0.1942 0.0000 0.0000 0.0000 0.0000 0.0000
0.0832 0.0000 0.0000 0.0000 0.0000 0.4826 0.2048 0.0000 0.2294 0.0000
0.2236 0.0000 0.0000 0.0000 0.0000 0.1711 0.3865 0.2188 0.0000 0.0000
0.4296 0.3732 0.1972 0.0000 0.0000 0.0000 0.0000 0.0000 0.0000 0.0000
1.0000 0.0000 0.0000 0.0000 0.0000 0.0000 0.0000 0.0000 0.0000 0.0000
0.5258 0.0000 0.0000 0.0000 0.0000 0.0632 0.4110 0.0000 0.0000 0.0000
0.0715 0.7943 0.0742 0.0600 0.0000 0.0000 0.0000 0.0000 0.0000 0.0000
1.0000 0.0000 0.0000 0.0000 0.0000 0.0000 0.0000 0.0000 0.0000 0.0000
0.6636 0.3364 0.0000 0.0000 0.0000 0.0000 0.0000 0.0000 0.0000 0.0000
0.3650 0.6350 0.0000 0.0000 0.0000 0.0000 0.0000 0.0000 0.0000 0.0000
0.0677 0.3832 0.5491 0.0000 0.0000 0.0000 0.0000 0.0000 0.0000 0.0000
0.1766 0.7564 0.0670 0.0000 0.0000 0.0000 0.0000 0.0000 0.0000 0.0000
0.6502 0.0000 0.0000 0.0000 0.0000 0.1068 0.2430 0.0000 0.0000 0.0000
0.4223 0.0000 0.0000 0.0000 0.0000 0.5061 0.0716 0.0000 0.0000 0.0000
0.1796 0.0000 0.0000 0.0000 0.0000 0.4224 0.3980 0.0000 0.0000 0.0000
0.5964 0.0000 0.0000 0.0000 0.0000 0.1847 0.1058 0.0000 0.0000 0.1130
0.1127 0.1487 0.4469 0.2301 0.0616 0.0000 0.0000 0.0000 0.0000 0.0000
0.0593 0.2893 0.1249 0.5265 0.0000 0.0000 0.0000 0.0000 0.0000 0.0000
0.5903 0.0000 0.0000 0.0000 0.0000 0.4097 0.0000 0.0000 0.0000 0.0000
0.2525 0.6315 0.0573 0.0587 0.0000 0.0000 0.0000 0.0000 0.0000 0.0000
0.0998 0.0000 0.0000 0.0000 0.0000 0.0796 0.1273 0.6932 0.0000 0.0000
0.2485 0.0000 0.0000 0.0000 0.0000 0.4741 0.2774 0.0000 0.0000 0.0000
0.3760 0.1083 0.1272 0.2117 0.1768 0.0000 0.0000 0.0000 0.0000 0.0000
0.1334 0.0628 0.3768 0.4271 0.0000 0.0000 0.0000 0.0000 0.0000 0.0000
0.0967 0.0000 0.0000 0.0000 0.0000 0.9033 0.0000 0.0000 0.0000 0.0000
0.0551 0.1724 0.3727 0.3998 0.0000 0.0000 0.0000 0.0000 0.0000 0.0000
1.0000 0.0000 0.0000 0.0000 0.0000 0.0000 0.0000 0.0000 0.0000 0.0000
0.2082 0.2814 0.1849 0.3255 0.0000 0.0000 0.0000 0.0000 0.0000 0.0000
0.0658 0.0000 0.0000 0.0000 0.0000 0.0698 0.6498 0.0000 0.2146 0.0000
0.2998 0.0000 0.0000 0.0000 0.0000 0.1127 0.2747 0.0000 0.3128 0.0000
0.1877 0.0000 0.0000 0.0000 0.0000 0.0651 0.0789 0.0000 0.6682 0.0000
0.1725 0.1310 0.0597 0.4119 0.2249 0.0000 0.0000 0.0000 0.0000 0.0000
0.1810 0.0000 0.0000 0.0000 0.0000 0.8190 0.0000 0.0000 0.0000 0.0000
1.0000 0.0000 0.0000 0.0000 0.0000 0.0000 0.0000 0.0000 0.0000 0.0000
0.1033 0.3129 0.3003 0.2835 0.0000 0.0000 0.0000 0.0000 0.0000 0.0000
0.4762 0.0000 0.0000 0.0000 0.0000 0.5238 0.0000 0.0000 0.0000 0.0000
1.0000 0.0000 0.0000 0.0000 0.0000 0.0000 0.0000 0.0000 0.0000 0.0000
0.1191 0.0000 0.0000 0.0000 0.0000 0.3439 0.5370 0.0000 0.0000 0.0000
0.0765 0.0000 0.0000 0.0000 0.0000 0.9235 0.0000 0.0000 0.0000 0.0000
0.3312 0.1640 0.5048 0.0000 0.0000 0.0000 0.0000 0.0000 0.0000 0.0000
0.1227 0.2953 0.2886 0.1879 0.1055 0.0000 0.0000 0.0000 0.0000 0.0000
0.0621 0.0000 0.0000 0.0000 0.0000 0.4816 0.0744 0.3819 0.0000 0.0000
0.6892 0.1622 0.1486 0.0000 0.0000 0.0000 0.0000 0.0000 0.0000 0.0000
0.3707 0.0000 0.0000 0.0000 0.0000 0.0539 0.2570 0.3184 0.0000 0.0000
0.5879 0.4121 0.0000 0.0000 0.0000 0.0000 0.0000 0.0000 0.0000 0.0000
0.3778 0.0000 0.0000 0.0000 0.0000 0.1993 0.0861 0.0000 0.3369 0.0000
0.6259 0.0000 0.0000 0.0000 0.0000 0.1720 0.2022 0.0000 0.0000 0.0000
