	mut5	mut5	mut1	mut1	mut2	mut2	mut3	mut3	mut4	mut4
cell1	6	52	45	2	62	0	39	0	47	0
cell2	0	52	13	44	42	11	58	0	39	2
cell3	0	51	2	46	20	29	63	0	22	30
cell4	1	61	35	0	47	0	40	0	56	0
cell5	2	35	47	0	55	0	53	0	48	1
cell6	0	47	6	46	29	10	56	0	58	1
cell7	0	66	31	12	59	0	50	0	64	0
cell8	0	44	5	36	8	40	40	1	33	14
cell9	0	55	6	36	18	48	64	0	29	8
cell10	0	50	22	27	17	25	45	0	60	0
cell11	0	47	7	49	23	21	41	6	34	17
cell12	0	53	12	40	36	5	50	3	29	18
cell13	0	48	58	0	43	0	52	0	45	0
cell14	0	30	48	0	42	1	46	0	53	0
cell15	0	45	29	25	52	0	39	0	47	0
cell16	0	59	7	60	24	33	46	3	34	6
cell17	0	51	41	0	42	1	57	0	34	0
cell18	0	59	33	22	19	23	57	0	46	3
cell19	0	49	37	12	51	0	41	0	44	0
cell20	0	48	16	32	66	0	48	2	47	0
cell21	0	45	18	17	51	0	55	0	50	0
cell22	0	49	26	16	51	0	55	0	56	0
cell23	0	66	28	13	42	0	49	9	45	0
cell24	0	63	0	58	48	2	51	0	44	12
cell25	0	54	14	34	33	8	53	0	36	0
cell26	0	54	2	51	16	30	52	0	45	1
cell27	0	51	44	9	56	0	43	0	51	2
cell28	0	46	18	30	53	0	60	0	36	0
cell29	0	51	13	33	21	12	46	0	29	6
cell30	0	76	27	27	52	6	53	0	48	1
cell31	0	45	0	47	37	15	48	5	34	19
cell32	0	48	4	45	8	33	48	0	24	26
cell33	0	60	43	13	36	7	50	0	47	0
cell34	1	53	1	47	48	0	26	25	49	0
cell35	0	52	42	21	49	1	53	0	46	0
cell36	0	52	64	0	60	0	44	0	46	0
cell37	0	43	8	52	49	0	55	1	42	0
cell38	2	43	14	46	51	0	34	20	42	0
cell39	0	46	35	7	33	11	42	0	51	0
cell40	0	62	45	0	57	0	61	0	32	0
cell41	0	45	43	3	63	0	57	0	48	0
cell42	1	49	11	30	41	10	56	3	24	22
cell43	0	56	11	44	24	26	34	0	38	2
cell44	0	52	4	35	34	0	30	21	53	0
cell45	0	58	18	18	27	24	63	0	62	0
cell46	0	39	8	44	22	20	45	0	44	0
cell47	4	46	35	0	50	2	62	0	59	0
cell48	8	47	64	0	59	1	64	1	45	0
cell49	0	57	19	32	50	9	59	0	58	0
cell50	0	32	49	0	47	2	47	0	42	0
cell51	0	48	18	37	56	0	50	0	57	0
cell52	3	41	54	0	56	0	51	0	47	0
cell53	0	57	27	43	21	33	43	0	49	4
cell54	0	47	22	14	36	4	49	0	53	0
cell55	0	48	20	23	47	8	49	0	52	0
cell56	1	53	6	53	48	0	25	17	55	0
cell57	0	63	36	11	44	13	45	0	48	0
cell58	0	46	0	54	54	0	23	20	53	0
cell59	0	55	7	47	27	28	51	0	47	1
cell60	0	50	43	0	49	0	59	0	53	0
cell61	0	46	9	29	49	0	44	0	47	0
cell62	0	53	15	31	40	0	39	1	32	0
cell63	0	56	15	29	40	4	51	0	61	2
cell64	5	44	1	51	33	13	61	6	48	3
cell65	0	39	25	33	48	0	42	4	42	0
cell66	0	41	29	20	41	2	45	0	54	0
cell67	2	62	45	1	50	1	43	0	37	0
cell68	0	55	45	1	47	0	44	0	51	0
cell69	0	58	28	16	59	0	52	0	54	0
cell70	0	48	48	6	40	0	52	0	58	0
cell71	0	42	21	32	48	0	13	33	55	7
cell72	0	42	18	38	44	0	38	14	61	0
cell73	13	46	3	40	18	31	56	0	57	0
cell74	1	66	22	33	50	0	22	33	42	0
cell75	0	54	43	0	41	0	49	0	55	2
cell76	0	65	5	41	13	29	41	0	43	0
cell77	2	46	10	45	3	42	45	1	24	40
cell78	0	45	5	55	42	5	59	1	51	0
cell79	0	44	0	51	5	38	39	0	45	0
cell80	0	56	25	20	52	0	43	1	61	0
cell81	1	49	10	30	9	42	41	0	41	0
cell82	0	42	47	1	47	1	46	3	49	0
cell83	0	39	15	25	55	5	40	0	54	1
cell84	0	39	14	33	49	0	44	0	49	0
cell85	0	38	34	14	41	18	54	0	49	0
cell86	0	51	7	54	43	10	42	0	56	0
cell87	0	48	15	34	31	17	56	0	44	4
cell88	0	52	8	51	54	0	20	23	58	0
cell89	0	56	44	0	45	0	34	2	49	7
cell90	0	53	16	25	49	0	22	29	50	0
cell91	1	58	19	36	63	0	38	12	56	0
cell92	0	53	26	36	34	35	37	3	52	0
cell93	3	48	36	6	38	3	53	4	50	0
cell94	0	58	14	46	23	19	45	7	40	5
cell95	0	51	23	32	48	0	39	0	52	0
cell96	0	53	10	39	45	0	56	0	57	2
cell97	0	47	49	0	60	0	39	0	41	4
cell98	0	47	51	6	40	9	44	1	52	0
cell99	0	53	24	21	33	9	70	0	43	0
cell100	0	43	1	51	21	30	53	1	42	9
