52 2 0 0 0 0
52 44 11 0 2 0
51 46 29 0 30 0
61 0 0 0 0 0
35 0 0 0 1 0
47 46 10 0 1 0
66 12 0 0 0 0
44 36 40 1 14 0
55 36 48 0 8 0
50 27 25 0 0 0
47 49 21 6 17 0
53 40 5 3 18 0
48 0 0 0 0 0
30 0 1 0 0 0
45 25 0 0 0 0
59 60 33 3 6 0
51 0 1 0 0 0
59 22 23 0 3 0
49 12 0 0 0 0
48 32 0 2 0 0
45 17 0 0 0 0
49 16 0 0 0 0
66 13 0 9 0 0
63 58 2 0 12 0
54 34 8 0 0 0
54 51 30 0 1 0
51 9 0 0 2 0
46 30 0 0 0 0
51 33 12 0 6 0
76 27 6 0 1 0
45 47 15 5 19 0
48 45 33 0 26 0
60 13 7 0 0 0
53 47 0 25 0 0
52 21 1 0 0 0
52 0 0 0 0 0
43 52 0 1 0 0
43 46 0 20 0 0
46 7 11 0 0 0
62 0 0 0 0 0
45 3 0 0 0 0
49 30 10 3 22 0
56 44 26 0 2 0
52 35 0 21 0 0
58 18 24 0 0 0
39 44 20 0 0 0
46 0 2 0 0 0
47 0 1 1 0 0
57 32 9 0 0 0
32 0 2 0 0 0
48 37 0 0 0 0
41 0 0 0 0 0
57 43 33 0 4 0
47 14 4 0 0 0
48 23 8 0 0 0
53 53 0 17 0 0
63 11 13 0 0 0
46 54 0 20 0 0
55 47 28 0 1 0
50 0 0 0 0 0
46 29 0 0 0 0
53 31 0 1 0 0
56 29 4 0 2 0
44 51 13 6 3 0
39 33 0 4 0 0
41 20 2 0 0 0
62 1 1 0 0 0
55 1 0 0 0 0
58 16 0 0 0 0
48 6 0 0 0 0
42 32 0 33 7 0
42 38 0 14 0 0
46 40 31 0 0 0
66 33 0 33 0 0
54 0 0 0 2 0
65 41 29 0 0 0
46 45 42 1 40 0
45 55 5 1 0 0
44 51 38 0 0 0
56 20 0 1 0 0
49 30 42 0 0 0
42 1 1 3 0 0
39 25 5 0 1 0
39 33 0 0 0 0
38 14 18 0 0 0
51 54 10 0 0 0
48 34 17 0 4 0
52 51 0 23 0 0
56 0 0 2 7 0
53 25 0 29 0 0
58 36 0 12 0 0
53 36 35 3 0 0
48 6 3 4 0 0
58 46 19 7 5 0
51 32 0 0 0 0
53 39 0 0 2 0
47 0 0 0 4 0
47 6 9 1 0 0
53 21 9 0 0 0
43 51 30 1 9 0
