58 47 62 39 47 0
52 57 53 58 41 0
51 48 49 63 52 0
62 35 47 40 56 0
37 47 55 53 49 0
47 52 39 56 59 0
66 43 59 50 64 0
44 41 48 41 47 0
55 42 66 64 37 0
50 49 42 45 60 0
47 56 44 47 51 0
53 52 41 53 47 0
48 58 43 52 45 0
30 48 43 46 53 0
45 54 52 39 47 0
59 67 57 49 40 0
51 41 43 57 34 0
59 55 42 57 49 0
49 49 51 41 44 0
48 48 66 50 47 0
45 35 51 55 50 0
49 42 51 55 56 0
66 41 42 58 45 0
63 58 50 51 56 0
54 48 41 53 36 0
54 53 46 52 46 0
51 53 56 43 53 0
46 48 53 60 36 0
51 46 33 46 35 0
76 54 58 53 49 0
45 47 52 53 53 0
48 49 41 48 50 0
60 56 43 50 47 0
54 48 48 51 49 0
52 63 50 53 46 0
52 64 60 44 46 0
43 60 49 56 42 0
45 60 51 54 42 0
46 42 44 42 51 0
62 45 57 61 32 0
45 46 63 57 48 0
50 41 51 59 46 0
56 55 50 34 40 0
52 39 34 51 53 0
58 36 51 63 62 0
39 52 42 45 44 0
50 35 52 62 59 0
55 64 60 65 45 0
57 51 59 59 58 0
32 49 49 47 42 0
48 55 56 50 57 0
44 54 56 51 47 0
57 70 54 43 53 0
47 36 40 49 53 0
48 43 55 49 52 0
54 59 48 42 55 0
63 47 57 45 48 0
46 54 54 43 53 0
55 54 55 51 48 0
50 43 49 59 53 0
46 38 49 44 47 0
53 46 40 40 32 0
56 44 44 51 63 0
49 52 46 67 51 0
39 58 48 46 42 0
41 49 43 45 54 0
64 46 51 43 37 0
55 46 47 44 51 0
58 44 59 52 54 0
48 54 40 52 58 0
42 53 48 46 62 0
42 56 44 52 61 0
59 43 49 56 57 0
67 55 50 55 42 0
54 43 41 49 57 0
65 46 42 41 43 0
48 55 45 46 64 0
45 60 47 60 51 0
44 51 43 39 45 0
56 45 52 44 61 0
50 40 51 41 41 0
42 48 48 49 49 0
39 40 60 40 55 0
39 47 49 44 49 0
38 48 59 54 49 0
51 61 53 42 56 0
48 49 48 56 48 0
52 59 54 43 58 0
56 44 45 36 56 0
53 41 49 51 50 0
59 55 63 50 56 0
53 62 69 40 52 0
51 42 41 57 50 0
58 60 42 52 45 0
51 55 48 39 52 0
53 49 45 56 59 0
47 49 60 39 45 0
47 57 49 45 52 0
53 45 42 70 43 0
43 52 51 54 51 0
