0.8966 0.0426 0.0000 0.0000 0.0000 0.0000
1.0000 0.7719 0.2075 0.0000 0.0488 0.0000
1.0000 0.9583 0.5918 0.0000 0.5769 0.0000
0.9839 0.0000 0.0000 0.0000 0.0000 0.0000
0.9459 0.0000 0.0000 0.0000 0.0204 0.0000
1.0000 0.8846 0.2564 0.0000 0.0169 0.0000
1.0000 0.2791 0.0000 0.0000 0.0000 0.0000
1.0000 0.8780 0.8333 0.0244 0.2979 0.0000
1.0000 0.8571 0.7273 0.0000 0.2162 0.0000
1.0000 0.5510 0.5952 0.0000 0.0000 0.0000
1.0000 0.8750 0.4773 0.1277 0.3333 0.0000
1.0000 0.7692 0.1220 0.0566 0.3830 0.0000
1.0000 0.0000 0.0000 0.0000 0.0000 0.0000
1.0000 0.0000 0.0233 0.0000 0.0000 0.0000
1.0000 0.4630 0.0000 0.0000 0.0000 0.0000
1.0000 0.8955 0.5789 0.0612 0.1500 0.0000
1.0000 0.0000 0.0233 0.0000 0.0000 0.0000
1.0000 0.4000 0.5476 0.0000 0.0612 0.0000
1.0000 0.2449 0.0000 0.0000 0.0000 0.0000
1.0000 0.6667 0.0000 0.0400 0.0000 0.0000
1.0000 0.4857 0.0000 0.0000 0.0000 0.0000
1.0000 0.3810 0.0000 0.0000 0.0000 0.0000
1.0000 0.3171 0.0000 0.1552 0.0000 0.0000
1.0000 1.0000 0.0400 0.0000 0.2143 0.0000
1.0000 0.7083 0.1951 0.0000 0.0000 0.0000
1.0000 0.9623 0.6522 0.0000 0.0217 0.0000
1.0000 0.1698 0.0000 0.0000 0.0377 0.0000
1.0000 0.6250 0.0000 0.0000 0.0000 0.0000
1.0000 0.7174 0.3636 0.0000 0.1714 0.0000
1.0000 0.5000 0.1034 0.0000 0.0204 0.0000
1.0000 1.0000 0.2885 0.0943 0.3585 0.0000
1.0000 0.9184 0.8049 0.0000 0.5200 0.0000
1.0000 0.2321 0.1628 0.0000 0.0000 0.0000
0.9815 0.9792 0.0000 0.4902 0.0000 0.0000
1.0000 0.3333 0.0200 0.0000 0.0000 0.0000
1.0000 0.0000 0.0000 0.0000 0.0000 0.0000
1.0000 0.8667 0.0000 0.0179 0.0000 0.0000
0.9556 0.7667 0.0000 0.3704 0.0000 0.0000
1.0000 0.1667 0.2500 0.0000 0.0000 0.0000
1.0000 0.0000 0.0000 0.0000 0.0000 0.0000
1.0000 0.0652 0.0000 0.0000 0.0000 0.0000
0.9800 0.7317 0.1961 0.0508 0.4783 0.0000
1.0000 0.8000 0.5200 0.0000 0.0500 0.0000
1.0000 0.8974 0.0000 0.4118 0.0000 0.0000
1.0000 0.5000 0.4706 0.0000 0.0000 0.0000
1.0000 0.8462 0.4762 0.0000 0.0000 0.0000
0.9200 0.0000 0.0385 0.0000 0.0000 0.0000
0.8545 0.0000 0.0167 0.0154 0.0000 0.0000
1.0000 0.6275 0.1525 0.0000 0.0000 0.0000
1.0000 0.0000 0.0408 0.0000 0.0000 0.0000
1.0000 0.6727 0.0000 0.0000 0.0000 0.0000
0.9318 0.0000 0.0000 0.0000 0.0000 0.0000
1.0000 0.6143 0.6111 0.0000 0.0755 0.0000
1.0000 0.3889 0.1000 0.0000 0.0000 0.0000
1.0000 0.5349 0.1455 0.0000 0.0000 0.0000
0.9815 0.8983 0.0000 0.4048 0.0000 0.0000
1.0000 0.2340 0.2281 0.0000 0.0000 0.0000
1.0000 1.0000 0.0000 0.4651 0.0000 0.0000
1.0000 0.8704 0.5091 0.0000 0.0208 0.0000
1.0000 0.0000 0.0000 0.0000 0.0000 0.0000
1.0000 0.7632 0.0000 0.0000 0.0000 0.0000
1.0000 0.6739 0.0000 0.0250 0.0000 0.0000
1.0000 0.6591 0.0909 0.0000 0.0317 0.0000
0.8980 0.9808 0.2826 0.0896 0.0588 0.0000
1.0000 0.5690 0.0000 0.0870 0.0000 0.0000
1.0000 0.4082 0.0465 0.0000 0.0000 0.0000
0.9688 0.0217 0.0196 0.0000 0.0000 0.0000
1.0000 0.0217 0.0000 0.0000 0.0000 0.0000
1.0000 0.3636 0.0000 0.0000 0.0000 0.0000
1.0000 0.1111 0.0000 0.0000 0.0000 0.0000
1.0000 0.6038 0.0000 0.7174 0.1129 0.0000
1.0000 0.6786 0.0000 0.2692 0.0000 0.0000
0.7797 0.9302 0.6327 0.0000 0.0000 0.0000
0.9851 0.6000 0.0000 0.6000 0.0000 0.0000
1.0000 0.0000 0.0000 0.0000 0.0351 0.0000
1.0000 0.8913 0.6905 0.0000 0.0000 0.0000
0.9583 0.8182 0.9333 0.0217 0.6250 0.0000
1.0000 0.9167 0.1064 0.0167 0.0000 0.0000
1.0000 1.0000 0.8837 0.0000 0.0000 0.0000
1.0000 0.4444 0.0000 0.0227 0.0000 0.0000
0.9800 0.7500 0.8235 0.0000 0.0000 0.0000
1.0000 0.0208 0.0208 0.0612 0.0000 0.0000
1.0000 0.6250 0.0833 0.0000 0.0182 0.0000
1.0000 0.7021 0.0000 0.0000 0.0000 0.0000
1.0000 0.2917 0.3051 0.0000 0.0000 0.0000
1.0000 0.8852 0.1887 0.0000 0.0000 0.0000
1.0000 0.6939 0.3542 0.0000 0.0833 0.0000
1.0000 0.8644 0.0000 0.5349 0.0000 0.0000
1.0000 0.0000 0.0000 0.0556 0.1250 0.0000
1.0000 0.6098 0.0000 0.5686 0.0000 0.0000
0.9831 0.6545 0.0000 0.2400 0.0000 0.0000
1.0000 0.5806 0.5072 0.0750 0.0000 0.0000
0.9412 0.1429 0.0732 0.0702 0.0000 0.0000
1.0000 0.7667 0.4524 0.1346 0.1111 0.0000
1.0000 0.5818 0.0000 0.0000 0.0000 0.0000
1.0000 0.7959 0.0000 0.0000 0.0339 0.0000
1.0000 0.0000 0.0000 0.0000 0.0889 0.0000
1.0000 0.1053 0.1837 0.0222 0.0000 0.0000
1.0000 0.4667 0.2143 0.0000 0.0000 0.0000
1.0000 0.9808 0.5882 0.0185 0.1765 0.0000
