49 61 49 61 58 64 51 40 59 58 0
46 43 47 54 51 56 47 51 48 56 0
50 34 50 52 37 47 55 56 51 40 0
55 51 47 66 55 40 53 53 48 36 0
55 49 46 49 52 41 52 68 45 47 0
50 47 55 42 49 49 54 53 51 50 0
45 50 44 43 57 54 59 39 55 60 0
42 50 59 54 54 56 43 60 56 44 0
52 50 51 50 47 50 48 38 45 43 0
59 46 47 48 55 44 61 55 40 53 0
59 56 49 50 57 51 38 52 48 43 0
44 63 44 47 44 52 48 56 61 34 0
55 53 49 65 46 68 49 47 43 50 0
50 54 42 54 59 37 64 53 45 43 0
55 45 42 59 49 42 53 61 48 40 0
45 53 53 53 54 46 55 59 54 47 0
54 53 44 60 48 49 54 44 40 52 0
60 35 40 45 54 48 50 41 46 53 0
54 40 47 53 46 53 53 47 64 49 0
46 50 63 46 44 50 52 44 47 47 0
48 50 55 44 53 44 53 54 38 48 0
43 53 55 49 51 53 55 45 60 54 0
55 43 39 43 61 54 47 52 51 47 0
54 47 39 51 52 60 52 39 60 45 0
56 48 65 47 56 56 57 48 51 65 0
51 47 61 48 49 51 47 52 52 52 0
49 41 54 45 63 59 66 51 33 61 0
48 41 49 55 44 52 45 63 46 72 0
43 45 67 54 56 53 42 42 59 51 0
48 69 45 45 63 63 47 45 54 43 0
48 57 45 41 49 46 44 51 44 42 0
52 58 41 69 51 63 47 52 50 48 0
45 47 49 44 49 49 46 47 53 50 0
59 41 54 57 57 45 39 51 54 41 0
58 47 43 45 72 53 61 53 60 45 0
68 43 60 40 53 51 56 44 59 57 0
44 59 42 56 49 53 42 57 58 52 0
50 57 52 53 48 34 65 56 60 48 0
51 40 55 48 49 71 63 53 54 42 0
52 51 56 43 45 52 49 51 45 47 0
53 41 36 48 38 49 45 55 54 52 0
46 43 50 58 53 55 52 53 45 59 0
58 42 54 50 47 46 56 43 59 46 0
55 57 51 40 66 61 56 56 45 56 0
46 51 63 53 64 54 44 47 47 54 0
41 45 54 63 40 43 56 54 52 48 0
41 39 43 61 41 45 57 51 46 42 0
42 39 54 38 63 46 51 51 54 57 0
39 45 53 38 44 50 50 51 50 55 0
43 50 43 62 38 54 50 38 47 35 0
