48 44 36 0 13 1 0 0 0 0 0
45 21 0 0 0 29 2 12 1 0 0
50 10 0 0 1 0 29 0 2 0 0
55 39 0 13 0 7 0 19 0 2 0
55 23 1 1 3 0 0 7 0 0 0
50 25 2 0 0 0 0 0 0 1 0
45 25 0 21 0 0 1 6 0 0 0
36 17 0 1 0 0 17 0 0 0 0
52 41 0 1 2 10 0 8 0 0 0
58 43 1 6 0 6 0 4 0 3 0
58 7 0 0 0 0 2 0 0 0 0
43 39 0 12 0 5 0 7 2 1 0
55 22 0 0 0 0 0 0 0 0 0
50 18 3 2 0 1 18 2 0 0 0
44 33 1 2 2 0 0 4 0 5 0
45 15 0 10 0 0 1 18 0 0 0
54 38 4 0 0 0 17 0 1 0 0
60 14 0 0 0 0 0 15 2 0 0
54 32 1 13 0 14 0 5 0 0 0
46 43 0 0 0 2 0 0 1 0 0
48 42 0 3 0 17 0 14 1 5 0
43 32 0 25 10 0 0 8 0 2 0
55 4 0 0 0 0 1 15 0 4 0
54 30 3 14 0 11 1 14 1 0 0
56 43 0 3 2 2 0 1 0 41 0
51 27 0 9 0 15 0 11 0 7 0
49 20 0 1 0 0 0 6 0 0 0
48 0 1 0 0 1 0 4 0 0 0
40 8 0 0 3 0 35 0 3 0 0
48 0 0 0 0 0 0 2 0 0 0
46 41 0 0 0 0 0 0 0 1 0
52 45 27 0 7 0 0 0 0 0 0
45 32 0 3 0 4 0 1 0 0 0
59 14 0 0 0 0 2 36 0 0 0
58 0 2 0 0 0 0 0 0 2 0
68 39 10 23 0 6 0 2 2 0 0
43 19 0 0 0 0 0 11 0 3 0
50 30 12 0 7 0 0 0 0 0 0
47 19 0 0 0 0 3 36 0 0 0
52 43 0 3 0 4 0 2 7 3 0
53 21 1 20 5 1 0 19 0 1 0
46 10 0 7 0 0 2 33 1 0 0
49 25 0 1 1 3 0 16 0 2 0
55 0 0 0 0 0 0 0 0 0 0
46 12 0 0 6 0 1 0 0 0 0
41 34 0 12 0 16 2 9 0 2 0
39 22 0 0 0 0 2 28 0 0 0
42 1 1 0 0 0 0 0 0 0 0
39 0 0 0 1 0 0 0 0 0 0
41 49 8 0 3 0 0 1 1 0 0
