0.9796 0.7213 0.7347 0.0000 0.2241 0.0156 0.0000 0.0000 0.0000 0.0000 0.0000
0.9783 0.4884 0.0000 0.0000 0.0000 0.5179 0.0426 0.2353 0.0208 0.0000 0.0000
1.0000 0.2941 0.0000 0.0000 0.0270 0.0000 0.5273 0.0000 0.0392 0.0000 0.0000
1.0000 0.7647 0.0000 0.1970 0.0000 0.1750 0.0000 0.3585 0.0000 0.0556 0.0000
1.0000 0.4694 0.0217 0.0204 0.0577 0.0000 0.0000 0.1029 0.0000 0.0000 0.0000
1.0000 0.5319 0.0364 0.0000 0.0000 0.0000 0.0000 0.0000 0.0000 0.0200 0.0000
1.0000 0.5000 0.0000 0.4884 0.0000 0.0000 0.0169 0.1538 0.0000 0.0000 0.0000
0.8571 0.3400 0.0000 0.0185 0.0000 0.0000 0.3953 0.0000 0.0000 0.0000 0.0000
1.0000 0.8200 0.0000 0.0200 0.0426 0.2000 0.0000 0.2105 0.0000 0.0000 0.0000
0.9831 0.9348 0.0213 0.1250 0.0000 0.1364 0.0000 0.0727 0.0000 0.0566 0.0000
0.9831 0.1250 0.0000 0.0000 0.0000 0.0000 0.0526 0.0000 0.0000 0.0000 0.0000
0.9773 0.6190 0.0000 0.2553 0.0000 0.0962 0.0000 0.1250 0.0328 0.0294 0.0000
1.0000 0.4151 0.0000 0.0000 0.0000 0.0000 0.0000 0.0000 0.0000 0.0000 0.0000
1.0000 0.3333 0.0714 0.0370 0.0000 0.0270 0.2812 0.0377 0.0000 0.0000 0.0000
0.8000 0.7333 0.0238 0.0339 0.0408 0.0000 0.0000 0.0656 0.0000 0.1250 0.0000
1.0000 0.2830 0.0000 0.1887 0.0000 0.0000 0.0182 0.3051 0.0000 0.0000 0.0000
1.0000 0.7170 0.0909 0.0000 0.0000 0.0000 0.3148 0.0000 0.0250 0.0000 0.0000
1.0000 0.4000 0.0000 0.0000 0.0000 0.0000 0.0000 0.3659 0.0435 0.0000 0.0000
1.0000 0.8000 0.0213 0.2453 0.0000 0.2642 0.0000 0.1064 0.0000 0.0000 0.0000
1.0000 0.8600 0.0000 0.0000 0.0000 0.0400 0.0000 0.0000 0.0213 0.0000 0.0000
1.0000 0.8400 0.0000 0.0682 0.0000 0.3864 0.0000 0.2593 0.0263 0.1042 0.0000
1.0000 0.6038 0.0000 0.5102 0.1961 0.0000 0.0000 0.1778 0.0000 0.0370 0.0000
1.0000 0.0930 0.0000 0.0000 0.0000 0.0000 0.0213 0.2885 0.0000 0.0851 0.0000
1.0000 0.6383 0.0769 0.2745 0.0000 0.1833 0.0192 0.3590 0.0167 0.0000 0.0000
1.0000 0.8958 0.0000 0.0638 0.0357 0.0357 0.0000 0.0208 0.0000 0.6308 0.0000
1.0000 0.5745 0.0000 0.1875 0.0000 0.2941 0.0000 0.2115 0.0000 0.1346 0.0000
1.0000 0.4878 0.0000 0.0222 0.0000 0.0000 0.0000 0.1176 0.0000 0.0000 0.0000
1.0000 0.0000 0.0204 0.0000 0.0000 0.0192 0.0000 0.0635 0.0000 0.0000 0.0000
0.9302 0.1778 0.0000 0.0000 0.0536 0.0000 0.8333 0.0000 0.0508 0.0000 0.0000
1.0000 0.0000 0.0000 0.0000 0.0000 0.0000 0.0000 0.0444 0.0000 0.0000 0.0000
0.9583 0.7193 0.0000 0.0000 0.0000 0.0000 0.0000 0.0000 0.0000 0.0238 0.0000
1.0000 0.7759 0.6585 0.0000 0.1373 0.0000 0.0000 0.0000 0.0000 0.0000 0.0000
1.0000 0.6809 0.0000 0.0682 0.0000 0.0816 0.0000 0.0213 0.0000 0.0000 0.0000
1.0000 0.3415 0.0000 0.0000 0.0000 0.0000 0.0513 0.7059 0.0000 0.0000 0.0000
1.0000 0.0000 0.0465 0.0000 0.0000 0.0000 0.0000 0.0000 0.0000 0.0444 0.0000
1.0000 0.9070 0.1667 0.5750 0.0000 0.1176 0.0000 0.0455 0.0339 0.0000 0.0000
0.9773 0.3220 0.0000 0.0000 0.0000 0.0000 0.0000 0.1930 0.0000 0.0577 0.0000
1.0000 0.5263 0.2308 0.0000 0.1458 0.0000 0.0000 0.0000 0.0000 0.0000 0.0000
0.9216 0.4750 0.0000 0.0000 0.0000 0.0000 0.0476 0.6792 0.0000 0.0000 0.0000
1.0000 0.8431 0.0000 0.0698 0.0000 0.0769 0.0000 0.0392 0.1556 0.0638 0.0000
1.0000 0.5122 0.0278 0.4167 0.1316 0.0204 0.0000 0.3455 0.0000 0.0192 0.0000
1.0000 0.2326 0.0000 0.1207 0.0000 0.0000 0.0385 0.6226 0.0222 0.0000 0.0000
0.8448 0.5952 0.0000 0.0200 0.0213 0.0652 0.0000 0.3721 0.0000 0.0435 0.0000
1.0000 0.0000 0.0000 0.0000 0.0000 0.0000 0.0000 0.0000 0.0000 0.0000 0.0000
1.0000 0.2353 0.0000 0.0000 0.0938 0.0000 0.0227 0.0000 0.0000 0.0000 0.0000
1.0000 0.7556 0.0000 0.1905 0.0000 0.3721 0.0357 0.1667 0.0000 0.0417 0.0000
0.9512 0.5641 0.0000 0.0000 0.0000 0.0000 0.0351 0.5490 0.0000 0.0000 0.0000
1.0000 0.0256 0.0185 0.0000 0.0000 0.0000 0.0000 0.0000 0.0000 0.0000 0.0000
1.0000 0.0000 0.0000 0.0000 0.0227 0.0000 0.0000 0.0000 0.0000 0.0000 0.0000
0.9535 0.9800 0.1860 0.0000 0.0789 0.0000 0.0000 0.0263 0.0213 0.0000 0.0000
