45 42 48 35 52 36 46 52 51 40 58 56 50 53 47 0
44 38 57 53 51 44 66 49 60 45 48 49 46 49 53 0
52 43 54 47 52 43 58 43 51 48 51 53 72 59 59 0
44 50 58 61 46 56 48 36 56 61 47 55 56 56 38 0
57 51 50 48 57 45 49 58 44 51 53 43 47 54 50 0
57 55 61 46 42 52 35 58 52 49 53 49 51 44 44 0
53 41 52 63 69 55 47 51 41 59 55 39 56 48 54 0
47 49 56 44 51 50 63 46 50 66 54 59 50 45 52 0
65 47 53 49 50 42 46 50 36 49 42 49 52 47 48 0
37 47 45 46 53 54 49 50 50 64 54 46 46 47 64 0
58 56 42 54 44 52 39 54 49 48 43 52 58 53 62 0
43 58 56 53 57 38 53 53 44 46 53 53 34 54 52 0
37 55 55 42 60 61 42 50 50 41 54 57 59 49 46 0
65 56 58 49 44 45 42 46 58 59 30 46 53 60 47 0
43 47 47 61 51 54 46 45 60 42 51 35 46 53 56 0
48 44 41 44 46 37 41 51 45 38 32 56 43 64 45 0
55 47 51 60 64 46 49 57 58 55 43 52 51 55 47 0
61 39 52 43 46 65 54 44 38 49 53 56 56 59 42 0
50 54 51 63 73 39 55 45 55 57 44 72 50 39 48 0
65 33 62 54 58 47 61 45 42 53 53 56 50 55 36 0
45 54 55 39 47 44 47 50 45 58 60 46 48 44 59 0
58 62 45 51 58 54 45 51 59 49 47 43 36 57 55 0
37 39 55 36 37 48 42 55 32 56 36 58 51 51 38 0
52 52 44 48 60 50 56 43 48 54 53 51 46 42 67 0
61 50 54 64 58 47 42 55 51 40 66 59 45 42 50 0
31 50 49 45 48 49 43 52 53 49 41 51 52 55 47 0
53 43 57 50 47 51 53 47 48 33 58 50 44 41 46 0
46 52 43 42 51 55 51 52 56 55 50 37 45 46 55 0
54 43 47 35 60 46 53 53 40 52 52 49 49 55 51 0
52 42 47 53 48 43 49 65 51 48 41 53 39 36 49 0
39 57 41 55 44 60 52 58 50 49 53 53 46 54 47 0
44 55 49 38 54 48 48 54 53 51 37 39 60 45 47 0
49 42 53 54 60 58 42 52 38 61 50 53 46 43 47 0
46 58 60 46 46 42 56 39 44 44 60 50 52 57 59 0
49 42 50 67 60 39 51 38 50 58 55 55 49 63 49 0
54 52 50 49 57 46 45 44 59 53 50 58 65 44 49 0
38 60 49 45 42 50 52 56 48 47 46 66 57 53 61 0
38 53 52 56 38 49 51 48 58 44 64 66 49 50 51 0
51 40 48 42 56 45 45 46 43 53 64 49 50 48 61 0
70 52 57 47 48 44 45 54 53 57 51 65 63 39 52 0
47 34 43 46 55 49 41 43 51 56 57 43 47 62 50 0
45 39 53 49 55 49 53 46 50 40 58 61 62 50 57 0
53 40 54 48 42 55 54 45 48 50 45 48 48 51 46 0
50 44 57 45 76 47 61 40 46 37 51 55 49 54 48 0
39 39 36 44 61 53 60 37 54 37 51 58 59 48 48 0
45 57 45 56 55 37 47 38 45 60 49 51 65 47 63 0
49 54 45 48 50 49 51 56 53 42 38 55 42 40 36 0
46 53 52 59 42 42 47 48 41 46 39 47 42 46 40 0
37 40 52 43 41 49 47 53 42 48 59 50 53 39 48 0
57 56 47 59 48 42 57 51 54 54 55 46 54 38 48 0
