#chr	position	description	Normal	cell1	cell2	cell3	cell4	cell5	cell6	cell7	cell8	cell9	cell10	cell11	cell12	cell13	cell14	cell15	cell16	cell17	cell18	cell19	cell20	cell21	cell22	cell23	cell24	cell25	cell26	cell27	cell28	cell29	cell30	cell31	cell32	cell33	cell34	cell35	cell36	cell37	cell38	cell39	cell40	cell41	cell42	cell43	cell44	cell45	cell46	cell47	cell48	cell49	cell50
1	1	1	0.0	1.0	1.0	1.0	1.0	1.0	1.0	1.0	1.0	1.0	1.0	1.0	1.0	1.0	1.0	1.0	1.0	1.0	1.0	1.0	1.0	1.0	1.0	1.0	1.0	1.0	1.0	0.9433962264150944	1.0	1.0	1.0	1.0	1.0	0.9591836734693877	1.0	0.9591836734693877	0.9814814814814815	1.0	1.0	0.9803921568627451	1.0	1.0	1.0	0.9811320754716981	0.9	1.0	1.0	1.0	1.0	1.0	0.9824561403508771
2	2	2	0.0	0.047619047619047616	0.18421052631578946	0.3023255813953488	0.34	0.1568627450980392	0.5636363636363636	0.5365853658536586	0.5306122448979592	0.0425531914893617	0.3404255319148936	0.75	0.017241379310344827	0.0	0.017857142857142856	0.2127659574468085	0.4090909090909091	0.5531914893617021	0.358974358974359	0.2222222222222222	0.3939393939393939	0.0	0.9032258064516129	0.02564102564102564	0.11538461538461539	0.56	0.82	0.09302325581395349	0.0	0.3488372093023256	0.23809523809523808	0.3333333333333333	0.6545454545454545	0.47619047619047616	0.10344827586206896	0.42857142857142855	0.4230769230769231	0.31666666666666665	0.3018867924528302	0.1	0.5	0.8529411764705882	0.0	0.75	0.36363636363636365	0.07692307692307693	1.0	0.3888888888888889	0.18867924528301888	0.375	0.375
3	3	3	0.0	0.0	0.0	0.0	0.0	0.0	0.09836065573770492	0.0	0.0	0.0	0.0	0.0	0.0	0.01818181818181818	0.0	0.0	0.024390243902439025	0.19607843137254902	0.0	0.0	0.016129032258064516	0.0	0.26666666666666666	0.18181818181818182	0.0	0.0	0.0	0.0	0.0	0.10638297872340426	0.0	0.0	0.061224489795918366	0.0	0.15	0.0	0.0	0.0	0.0	0.0	0.47368421052631576	0.3023255813953488	0.0	0.2777777777777778	0.0	0.0	0.0	0.0	0.0	0.0	0.0
4	4	4	0.0	0.02857142857142857	0.5660377358490566	0.2553191489361702	0.4098360655737705	0.3958333333333333	0.1956521739130435	0.38095238095238093	0.0	0.7959183673469388	0.41304347826086957	0.018518518518518517	0.0	0.0	0.0	0.5409836065573771	0.022727272727272728	0.25	0.6046511627906976	0.746031746031746	0.37037037037037035	0.07692307692307693	0.11764705882352941	0.05555555555555555	0.6875	0.25	0.0	0.28	0.023809523809523808	0.2857142857142857	0.0	0.6	0.0	0.3148148148148148	0.17391304347826086	0.7761194029850746	0.0	0.4222222222222222	0.75	0.6666666666666666	0.425531914893617	0.2391304347826087	0.0	0.0625	0.2	0.4318181818181818	0.0	0.0625	0.847457627118644	0.32558139534883723	0.8305084745762712
5	5	5	0.0	0.0	0.5098039215686274	0.5769230769230769	0.043478260869565216	0.3157894736842105	0.0	0.3333333333333333	0.0	0.5	0.0	0.0	0.017543859649122806	0.0	0.0	0.09803921568627451	0.0	0.0	0.30434782608695654	0.0	0.0	0.0	0.0	0.0	0.3333333333333333	0.1896551724137931	0.0	0.0	0.0	0.06666666666666667	0.0	0.20454545454545456	0.0	0.0	0.0	0.4	0.0	0.0	0.23684210526315788	0.2857142857142857	0.0	0.0	0.0	0.023809523809523808	0.0	0.11475409836065574	0.0	0.0	0.0	0.0	0.5416666666666666
6	6	6	0.0	0.0	0.45454545454545453	0.06976744186046512	0.0	0.0	0.019230769230769232	0.3090909090909091	0.0	0.09523809523809523	0.0	0.09615384615384616	0.05263157894736842	0.01639344262295082	0.0	0.16666666666666666	0.08108108108108109	0.021739130434782608	0.0	0.0	0.0	0.0	0.0	0.020833333333333332	0.42	0.0425531914893617	0.0	0.0	0.0	0.043478260869565216	0.0	0.13333333333333333	0.041666666666666664	0.0	0.0	0.2564102564102564	0.0	0.0	0.30612244897959184	0.3333333333333333	0.022727272727272728	0.02040816326530612	0.0	0.0	0.0	0.0	0.0	0.02040816326530612	0.0	0.0	0.30952380952380953
7	7	7	0.0	0.17391304347826086	0.0	0.0	0.0	0.0	0.0	0.0	0.0	0.06521739130434782	0.0	0.0	0.018867924528301886	0.7619047619047619	0.07142857142857142	0.0	0.0	0.1836734693877551	0.0	0.0	0.01639344262295082	0.5319148936170213	0.0	0.023809523809523808	0.0	0.0	0.0	0.0	0.0	0.05660377358490566	0.0	0.0	0.0	0.0	0.0	0.0	0.0	0.0	0.0	0.0	0.0	0.0	0.5660377358490566	0.018518518518518517	0.04918032786885246	0.0	0.0	0.0	0.0	0.06382978723404255	0.0
8	8	8	0.0	0.0	0.14285714285714285	0.06976744186046512	0.0	0.08620689655172414	0.0	0.1568627450980392	0.0	0.02	0.0	0.0	0.018867924528301886	0.0	0.15217391304347827	0.0	0.0	0.0	0.0	0.044444444444444446	0.0	0.02	0.19607843137254902	0.0	0.023255813953488372	0.38181818181818183	0.0	0.0	0.019230769230769232	0.0	0.0	0.0	0.0	0.0	0.0	0.2631578947368421	0.0	0.017857142857142856	0.3333333333333333	0.2608695652173913	0.0	0.0	0.0	0.0	0.025	0.0	0.02631578947368421	0.0	0.0625	0.0	0.0
9	9	9	0.0	0.0	0.016666666666666666	0.0	0.0	0.0	0.28846153846153844	0.04878048780487805	0.0	0.0	0.02	0.04081632653061224	0.0	0.0	0.0	0.0	0.0	0.034482758620689655	0.0	0.03636363636363636	0.0	0.0	0.0	0.0	0.0	0.0	0.0	0.0	0.0	0.0	0.0	0.0	0.0	0.02631578947368421	0.0	0.02	0.01694915254237288	0.0	0.0	0.0	0.4528301886792453	0.0784313725490196	0.0	0.020833333333333332	0.0	0.0	0.0	0.018867924528301886	0.0	0.0	0.0
10	10	10	0.0	0.0	0.0	0.0	0.06557377049180328	0.0	0.0	0.01694915254237288	0.0	0.0	0.0	0.0	0.0	0.0	0.0	0.0	0.0	0.0	0.0	0.2631578947368421	0.0	0.017241379310344827	0.0	0.017857142857142856	0.0	0.0	0.0	0.42424242424242425	0.01818181818181818	0.0	0.0	0.0	0.0	0.0	0.0	0.0	0.0	0.0425531914893617	0.0	0.0	0.07017543859649122	0.0	0.0	0.0	0.05405405405405406	0.0	0.0	0.0	0.0	0.20833333333333334	0.0
11	11	11	0.0	0.0	0.0	0.0	0.02127659574468085	0.018867924528301886	0.018867924528301886	0.0	0.0	0.0	0.0	0.023255813953488372	0.018867924528301886	0.0	0.0	0.0	0.0	0.0	0.018867924528301886	0.0	0.0	0.0	0.0	0.0	0.0	0.0	0.0	0.1724137931034483	0.0	0.0	0.0	0.0	0.02702702702702703	0.0	0.0	0.0	0.0	0.0	0.0	0.0	0.0392156862745098	0.0	0.0	0.022222222222222223	0.0196078431372549	0.0392156862745098	0.0	0.0	0.0	0.01694915254237288	0.01818181818181818
12	12	12	0.0	0.0	0.0	0.0	0.0	0.0	0.0	0.0	0.0	0.08163265306122448	0.13043478260869565	0.0	0.0	0.0	0.13043478260869565	0.0	0.0	0.0	0.0	0.0	0.0	0.0	0.0	0.0	0.0196078431372549	0.01694915254237288	0.0	0.14	0.05405405405405406	0.0	0.0	0.0	0.15384615384615385	0.0	0.0	0.0	0.0	0.0	0.0	0.0	0.0	0.0	0.0	0.08333333333333333	0.0	0.0	0.0	0.0	0.0	0.0	0.0
13	13	13	0.0	0.0	0.0	0.0	0.0	0.0	0.0	0.0	0.0	0.0	0.0	0.017241379310344827	0.0	0.0	0.1509433962264151	0.0	0.0	0.0	0.0	0.0	0.0	0.0	0.08333333333333333	0.0	0.15217391304347827	0.06666666666666667	0.0	0.0	0.0	0.0	0.0	0.0	0.0	0.0	0.0	0.0	0.0	0.0	0.0	0.0	0.047619047619047616	0.0	0.0	0.020833333333333332	0.0	0.0	0.03076923076923077	0.0	0.0	0.0	0.0
14	14	14	0.0	0.1320754716981132	0.1836734693877551	0.05084745762711865	0.25	0.14814814814814814	0.045454545454545456	0.2916666666666667	0.0	0.0	0.0	0.0	0.0	0.0	0.0	0.03773584905660377	0.4375	0.0	0.4067796610169492	0.07692307692307693	0.0	0.0	0.0	0.0	0.11904761904761904	0.4523809523809524	0.0	0.04878048780487805	0.0	0.09090909090909091	0.0	0.09259259259259259	0.0	0.2558139534883721	0.05263157894736842	0.15873015873015872	0.0	0.18867924528301888	0.0	0.0	0.0	0.0	0.0	0.0	0.48148148148148145	0.020833333333333332	0.0	0.0	0.0	0.10256410256410256	0.13157894736842105
15	15	15	0.0	0.02127659574468085	0.05660377358490566	0.0	0.0	0.02	0.0	0.0	0.0	0.0	0.0	0.0	0.0	0.0	0.0	0.0	0.06666666666666667	0.0	0.0	0.0	0.0	0.0	0.0	0.0	0.22388059701492538	0.08	0.02127659574468085	0.0	0.0	0.09803921568627451	0.0	0.0	0.0	0.0	0.0	0.02040816326530612	0.0	0.0	0.09803921568627451	0.0	0.0	0.0	0.07017543859649122	0.021739130434782608	0.0	0.0	0.015873015873015872	0.0	0.125	0.0	0.0
