1.0000 0.0476 0.0000 0.0286 0.0000 0.0000 0.1739 0.0000 0.0000 0.0000 0.0000 0.0000 0.0000 0.1321 0.0213 0.0000
1.0000 0.1842 0.0000 0.5660 0.5098 0.4545 0.0000 0.1429 0.0167 0.0000 0.0000 0.0000 0.0000 0.1837 0.0566 0.0000
1.0000 0.3023 0.0000 0.2553 0.5769 0.0698 0.0000 0.0698 0.0000 0.0000 0.0000 0.0000 0.0000 0.0508 0.0000 0.0000
1.0000 0.3400 0.0000 0.4098 0.0435 0.0000 0.0000 0.0000 0.0000 0.0656 0.0213 0.0000 0.0000 0.2500 0.0000 0.0000
1.0000 0.1569 0.0000 0.3958 0.3158 0.0000 0.0000 0.0862 0.0000 0.0000 0.0189 0.0000 0.0000 0.1481 0.0200 0.0000
1.0000 0.5636 0.0984 0.1957 0.0000 0.0192 0.0000 0.0000 0.2885 0.0000 0.0189 0.0000 0.0000 0.0455 0.0000 0.0000
1.0000 0.5366 0.0000 0.3810 0.3333 0.3091 0.0000 0.1569 0.0488 0.0169 0.0000 0.0000 0.0000 0.2917 0.0000 0.0000
1.0000 0.5306 0.0000 0.0000 0.0000 0.0000 0.0000 0.0000 0.0000 0.0000 0.0000 0.0000 0.0000 0.0000 0.0000 0.0000
1.0000 0.0426 0.0000 0.7959 0.5000 0.0952 0.0652 0.0200 0.0000 0.0000 0.0000 0.0816 0.0000 0.0000 0.0000 0.0000
1.0000 0.3404 0.0000 0.4130 0.0000 0.0000 0.0000 0.0000 0.0200 0.0000 0.0000 0.1304 0.0000 0.0000 0.0000 0.0000
1.0000 0.7500 0.0000 0.0185 0.0000 0.0962 0.0000 0.0000 0.0408 0.0000 0.0233 0.0000 0.0172 0.0000 0.0000 0.0000
1.0000 0.0172 0.0000 0.0000 0.0175 0.0526 0.0189 0.0189 0.0000 0.0000 0.0189 0.0000 0.0000 0.0000 0.0000 0.0000
1.0000 0.0000 0.0182 0.0000 0.0000 0.0164 0.7619 0.0000 0.0000 0.0000 0.0000 0.0000 0.0000 0.0000 0.0000 0.0000
1.0000 0.0179 0.0000 0.0000 0.0000 0.0000 0.0714 0.1522 0.0000 0.0000 0.0000 0.1304 0.1509 0.0000 0.0000 0.0000
1.0000 0.2128 0.0000 0.5410 0.0980 0.1667 0.0000 0.0000 0.0000 0.0000 0.0000 0.0000 0.0000 0.0377 0.0000 0.0000
1.0000 0.4091 0.0244 0.0227 0.0000 0.0811 0.0000 0.0000 0.0000 0.0000 0.0000 0.0000 0.0000 0.4375 0.0667 0.0000
1.0000 0.5532 0.1961 0.2500 0.0000 0.0217 0.1837 0.0000 0.0345 0.0000 0.0000 0.0000 0.0000 0.0000 0.0000 0.0000
1.0000 0.3590 0.0000 0.6047 0.3043 0.0000 0.0000 0.0000 0.0000 0.0000 0.0189 0.0000 0.0000 0.4068 0.0000 0.0000
1.0000 0.2222 0.0000 0.7460 0.0000 0.0000 0.0000 0.0444 0.0364 0.2632 0.0000 0.0000 0.0000 0.0769 0.0000 0.0000
1.0000 0.3939 0.0161 0.3704 0.0000 0.0000 0.0164 0.0000 0.0000 0.0000 0.0000 0.0000 0.0000 0.0000 0.0000 0.0000
1.0000 0.0000 0.0000 0.0769 0.0000 0.0000 0.5319 0.0200 0.0000 0.0172 0.0000 0.0000 0.0000 0.0000 0.0000 0.0000
1.0000 0.9032 0.2667 0.1176 0.0000 0.0000 0.0000 0.1961 0.0000 0.0000 0.0000 0.0000 0.0833 0.0000 0.0000 0.0000
1.0000 0.0256 0.1818 0.0556 0.0000 0.0208 0.0238 0.0000 0.0000 0.0179 0.0000 0.0000 0.0000 0.0000 0.0000 0.0000
1.0000 0.1154 0.0000 0.6875 0.3333 0.4200 0.0000 0.0233 0.0000 0.0000 0.0000 0.0196 0.1522 0.1190 0.2239 0.0000
1.0000 0.5600 0.0000 0.2500 0.1897 0.0426 0.0000 0.3818 0.0000 0.0000 0.0000 0.0169 0.0667 0.4524 0.0800 0.0000
1.0000 0.8200 0.0000 0.0000 0.0000 0.0000 0.0000 0.0000 0.0000 0.0000 0.0000 0.0000 0.0000 0.0000 0.0213 0.0000
0.9434 0.0930 0.0000 0.2800 0.0000 0.0000 0.0000 0.0000 0.0000 0.4242 0.1724 0.1400 0.0000 0.0488 0.0000 0.0000
1.0000 0.0000 0.0000 0.0238 0.0000 0.0000 0.0000 0.0192 0.0000 0.0182 0.0000 0.0541 0.0000 0.0000 0.0000 0.0000
1.0000 0.3488 0.1064 0.2857 0.0667 0.0435 0.0566 0.0000 0.0000 0.0000 0.0000 0.0000 0.0000 0.0909 0.0980 0.0000
1.0000 0.2381 0.0000 0.0000 0.0000 0.0000 0.0000 0.0000 0.0000 0.0000 0.0000 0.0000 0.0000 0.0000 0.0000 0.0000
1.0000 0.3333 0.0000 0.6000 0.2045 0.1333 0.0000 0.0000 0.0000 0.0000 0.0000 0.0000 0.0000 0.0926 0.0000 0.0000
1.0000 0.6545 0.0612 0.0000 0.0000 0.0417 0.0000 0.0000 0.0000 0.0000 0.0270 0.1538 0.0000 0.0000 0.0000 0.0000
0.9592 0.4762 0.0000 0.3148 0.0000 0.0000 0.0000 0.0000 0.0263 0.0000 0.0000 0.0000 0.0000 0.2558 0.0000 0.0000
1.0000 0.1034 0.1500 0.1739 0.0000 0.0000 0.0000 0.0000 0.0000 0.0000 0.0000 0.0000 0.0000 0.0526 0.0000 0.0000
0.9592 0.4286 0.0000 0.7761 0.4000 0.2564 0.0000 0.2632 0.0200 0.0000 0.0000 0.0000 0.0000 0.1587 0.0204 0.0000
0.9815 0.4231 0.0000 0.0000 0.0000 0.0000 0.0000 0.0000 0.0169 0.0000 0.0000 0.0000 0.0000 0.0000 0.0000 0.0000
1.0000 0.3167 0.0000 0.4222 0.0000 0.0000 0.0000 0.0179 0.0000 0.0426 0.0000 0.0000 0.0000 0.1887 0.0000 0.0000
1.0000 0.3019 0.0000 0.7500 0.2368 0.3061 0.0000 0.3333 0.0000 0.0000 0.0000 0.0000 0.0000 0.0000 0.0980 0.0000
0.9804 0.1000 0.0000 0.6667 0.2857 0.3333 0.0000 0.2609 0.0000 0.0000 0.0000 0.0000 0.0000 0.0000 0.0000 0.0000
1.0000 0.5000 0.4737 0.4255 0.0000 0.0227 0.0000 0.0000 0.4528 0.0702 0.0392 0.0000 0.0476 0.0000 0.0000 0.0000
1.0000 0.8529 0.3023 0.2391 0.0000 0.0204 0.0000 0.0000 0.0784 0.0000 0.0000 0.0000 0.0000 0.0000 0.0000 0.0000
1.0000 0.0000 0.0000 0.0000 0.0000 0.0000 0.5660 0.0000 0.0000 0.0000 0.0000 0.0000 0.0000 0.0000 0.0702 0.0000
0.9811 0.7500 0.2778 0.0625 0.0238 0.0000 0.0185 0.0000 0.0208 0.0000 0.0222 0.0833 0.0208 0.0000 0.0217 0.0000
0.9000 0.3636 0.0000 0.2000 0.0000 0.0000 0.0492 0.0250 0.0000 0.0541 0.0196 0.0000 0.0000 0.4815 0.0000 0.0000
1.0000 0.0769 0.0000 0.4318 0.1148 0.0000 0.0000 0.0000 0.0000 0.0000 0.0392 0.0000 0.0000 0.0208 0.0000 0.0000
1.0000 1.0000 0.0000 0.0000 0.0000 0.0000 0.0000 0.0263 0.0000 0.0000 0.0000 0.0000 0.0308 0.0000 0.0159 0.0000
1.0000 0.3889 0.0000 0.0625 0.0000 0.0204 0.0000 0.0000 0.0189 0.0000 0.0000 0.0000 0.0000 0.0000 0.0000 0.0000
1.0000 0.1887 0.0000 0.8475 0.0000 0.0000 0.0000 0.0625 0.0000 0.0000 0.0000 0.0000 0.0000 0.0000 0.1250 0.0000
1.0000 0.3750 0.0000 0.3256 0.0000 0.0000 0.0638 0.0000 0.0000 0.2083 0.0169 0.0000 0.0000 0.1026 0.0000 0.0000
0.9825 0.3750 0.0000 0.8305 0.5417 0.3095 0.0000 0.0000 0.0000 0.0000 0.0182 0.0000 0.0000 0.1316 0.0000 0.0000
