	cell1	cell1	cell2	cell2	cell3	cell3	cell4	cell4	cell5	cell5	cell6	cell6	cell7	cell7	cell8	cell8	cell9	cell9	cell10	cell10	cell11	cell11	cell12	cell12	cell13	cell13	cell14	cell14	cell15	cell15	cell16	cell16	cell17	cell17	cell18	cell18	cell19	cell19	cell20	cell20	cell21	cell21	cell22	cell22	cell23	cell23	cell24	cell24	cell25	cell25	cell26	cell26	cell27	cell27	cell28	cell28	cell29	cell29	cell30	cell30	cell31	cell31	cell32	cell32	cell33	cell33	cell34	cell34	cell35	cell35	cell36	cell36	cell37	cell37	cell38	cell38	cell39	cell39	cell40	cell40	cell41	cell41	cell42	cell42	cell43	cell43	cell44	cell44	cell45	cell45	cell46	cell46	cell47	cell47	cell48	cell48	cell49	cell49	cell50	cell50
mut15	0	45	0	44	0	52	0	44	0	57	0	57	0	53	0	47	0	65	0	37	0	58	0	43	0	37	0	65	0	43	0	48	0	55	0	61	0	50	0	65	0	45	0	58	0	37	0	52	0	61	0	31	3	50	0	46	0	54	0	52	0	39	0	44	2	47	0	46	2	47	1	53	0	38	0	38	1	50	0	70	0	47	0	45	1	52	5	45	0	39	0	45	0	49	0	46	0	37	1	56
mut1	40	2	31	7	30	13	33	17	43	8	24	31	19	22	23	26	45	2	31	16	14	42	57	1	55	0	55	1	37	10	26	18	21	26	25	14	42	12	20	13	54	0	6	56	38	1	46	6	22	28	9	41	39	4	52	0	28	15	32	10	38	19	19	36	22	20	52	6	24	18	30	22	41	19	37	16	36	4	26	26	5	29	39	0	10	30	28	16	36	3	0	57	33	21	43	10	25	15	35	21
mut2	48	0	57	0	54	0	58	0	50	0	55	6	52	0	56	0	53	0	45	0	42	0	56	0	54	1	58	0	47	0	40	1	41	10	52	0	51	0	61	1	55	0	33	12	45	10	44	0	54	0	49	0	57	0	43	0	42	5	47	0	41	0	46	3	53	0	51	9	50	0	50	0	49	0	52	0	48	0	30	27	30	13	53	0	39	15	57	0	36	0	45	0	45	0	52	0	52	0	47	0
mut3	34	1	23	30	35	12	36	25	29	19	37	9	39	24	44	0	10	39	27	19	53	1	53	0	42	0	49	0	28	33	43	1	45	15	17	26	16	47	34	20	36	3	45	6	34	2	15	33	48	16	45	0	36	14	41	1	25	10	53	0	22	33	38	0	37	17	38	8	15	52	49	0	26	19	14	42	14	28	27	20	35	11	49	0	45	3	36	9	25	19	56	0	45	3	9	50	29	14	10	49
mut4	52	0	25	26	22	30	44	2	39	18	42	0	46	23	51	0	25	25	53	0	44	0	56	1	60	0	44	0	46	5	46	0	64	0	32	14	73	0	58	0	47	0	58	0	37	0	40	20	47	11	48	0	47	0	51	0	56	4	48	0	35	9	54	0	60	0	46	0	36	24	57	0	42	0	29	9	40	16	48	0	55	0	55	0	41	1	76	0	54	7	55	0	50	0	42	0	41	0	22	26
mut5	36	0	24	20	40	3	56	0	45	0	51	1	38	17	50	0	38	4	54	0	47	5	36	2	60	1	45	0	45	9	34	3	45	1	65	0	39	0	47	0	44	0	54	0	47	1	29	21	45	2	49	0	51	0	55	0	44	2	43	0	52	8	46	2	58	0	42	0	29	10	46	0	50	0	34	15	30	15	43	1	48	1	49	0	55	0	47	0	53	0	37	0	48	1	42	0	49	0	29	13
mut6	38	8	66	0	58	0	48	0	49	0	35	0	47	0	63	0	43	3	49	0	39	0	52	1	10	32	39	3	46	0	41	0	40	9	54	0	55	0	60	1	22	25	45	0	41	1	56	0	42	0	43	0	53	0	51	0	50	3	49	0	52	0	48	0	42	0	56	0	51	0	45	0	52	0	51	0	45	0	45	0	41	0	23	30	53	1	58	3	60	0	47	0	51	0	47	0	44	3	57	0
mut7	52	0	42	7	40	3	36	0	53	5	58	0	43	8	46	0	49	1	50	0	54	0	52	1	50	0	39	7	45	0	51	0	57	0	44	0	43	2	45	0	49	1	41	10	55	0	42	1	34	21	52	0	47	0	51	1	53	0	65	0	58	0	54	0	52	0	39	0	28	10	44	0	55	1	32	16	34	12	54	0	43	0	46	0	45	0	39	1	37	0	37	1	56	0	45	3	53	0	51	0
mut8	51	0	59	1	51	0	56	0	44	0	37	15	39	2	50	0	36	0	49	1	47	2	44	0	50	0	58	0	60	0	45	0	56	2	38	0	53	2	42	0	45	0	59	0	32	0	48	0	51	0	53	0	48	0	56	0	40	0	51	0	50	0	53	0	37	1	44	0	49	1	58	1	48	0	58	0	43	0	29	24	47	4	50	0	47	1	46	0	54	0	45	0	52	1	41	0	42	0	54	0
mut9	40	0	45	0	48	0	57	4	51	0	49	0	58	1	66	0	49	0	64	0	48	0	46	0	41	0	59	0	42	0	38	0	55	0	49	0	42	15	53	0	57	1	49	0	55	1	54	0	40	0	49	0	19	14	54	1	52	0	48	0	49	0	51	0	61	0	44	0	58	0	53	0	45	2	44	0	53	0	53	4	56	0	40	0	50	0	35	2	37	0	60	0	42	0	46	0	38	10	54	0
mut10	58	0	48	0	51	0	46	1	52	1	52	1	55	0	54	0	42	0	54	0	42	1	52	1	54	0	30	0	51	0	32	0	43	0	52	1	44	0	53	0	60	0	47	0	36	0	53	0	66	0	41	0	48	10	50	0	52	0	41	0	53	0	36	1	50	0	60	0	55	0	50	0	46	0	64	0	64	0	49	2	57	0	58	0	44	1	50	1	49	2	49	0	38	0	39	0	58	1	54	1
mut11	56	0	49	0	53	0	55	0	43	0	49	0	39	0	59	0	45	4	40	6	52	0	53	0	57	0	40	6	35	0	56	0	52	0	56	0	72	0	56	0	46	0	43	0	58	0	50	1	58	1	51	0	43	7	35	2	49	0	53	0	53	0	33	6	53	0	50	0	55	0	58	0	66	0	66	0	49	0	65	0	43	0	61	0	44	4	55	0	58	0	51	0	55	0	47	0	50	0	46	0
mut12	50	0	46	0	72	0	56	0	47	0	51	0	56	0	50	0	52	0	46	0	57	1	34	0	59	0	45	8	46	0	43	0	51	0	56	0	50	0	50	0	48	0	33	3	51	0	39	7	42	3	52	0	44	0	45	0	49	0	39	0	46	0	60	0	46	0	52	0	49	0	65	0	57	0	49	0	50	0	60	3	47	0	62	0	47	1	49	0	59	0	63	2	42	0	42	0	53	0	54	0
mut13	46	7	40	9	56	3	42	14	46	8	42	2	34	14	45	0	47	0	47	0	53	0	54	0	49	0	60	0	51	2	36	28	55	0	35	24	36	3	55	0	44	0	57	0	51	0	37	5	23	19	55	0	39	2	46	0	50	5	36	0	49	5	45	0	32	11	54	3	53	10	44	0	43	10	50	0	48	0	39	0	62	0	50	0	51	0	28	26	47	1	47	0	40	0	46	0	35	4	33	5
mut14	46	1	50	3	59	0	38	0	49	1	44	0	54	0	52	0	48	0	64	0	62	0	52	0	46	0	47	0	56	0	42	3	47	0	42	0	48	0	36	0	59	0	55	0	38	0	52	15	46	4	46	1	46	0	55	0	46	5	49	0	47	0	47	0	47	0	59	0	48	1	49	0	61	0	46	5	61	0	52	0	50	0	53	4	45	1	48	0	48	0	62	1	36	0	35	5	48	0	48	0
