	mut10	mut10	mut1	mut1	mut2	mut2	mut3	mut3	mut4	mut4	mut5	mut5	mut6	mut6	mut7	mut7	mut8	mut8	mut9	mut9
cell1	0	37	45	0	51	0	44	1	49	0	51	0	57	1	49	0	43	0	46	1
cell2	0	53	58	0	34	0	41	1	53	0	51	0	57	0	44	0	44	0	47	0
cell3	0	51	44	1	56	0	15	40	35	0	50	0	33	0	39	0	51	0	29	21
cell4	0	47	1	42	33	10	48	1	53	1	63	0	43	0	49	0	32	6	46	0
cell5	0	54	51	0	54	0	31	9	54	0	51	1	43	7	43	0	53	6	47	2
cell6	0	59	59	0	50	0	26	23	37	14	56	0	60	0	35	0	50	0	46	7
cell7	7	42	52	0	59	0	1	41	39	19	41	1	46	1	41	0	53	0	57	0
cell8	0	58	42	0	49	0	12	46	35	1	58	0	44	2	57	1	47	0	28	26
cell9	0	50	50	1	47	1	11	38	50	5	44	2	36	4	52	1	48	2	45	1
cell10	1	65	43	0	52	0	2	45	6	53	27	28	50	3	36	5	46	0	44	7
cell11	1	50	21	32	20	21	46	0	46	0	42	0	49	0	66	0	8	35	45	0
cell12	0	58	46	0	45	0	15	29	35	0	51	0	56	0	58	0	46	4	8	31
cell13	0	60	41	5	50	0	3	42	57	3	46	0	44	0	42	0	63	0	44	0
cell14	0	51	41	0	59	0	44	7	46	0	63	0	39	18	51	0	52	0	49	0
cell15	0	42	50	8	26	21	47	0	54	0	53	1	48	4	60	0	47	6	54	0
cell16	0	55	40	1	63	0	25	26	44	0	35	0	56	0	49	0	50	2	42	0
cell17	0	55	67	0	46	0	27	17	25	19	27	16	42	0	48	1	52	4	45	2
cell18	0	47	47	0	52	0	14	29	45	0	46	0	42	0	44	0	72	0	15	28
cell19	0	52	30	16	46	0	43	0	45	0	65	0	34	13	41	0	43	0	55	0
cell20	0	44	62	0	48	0	49	0	48	0	40	0	14	16	56	0	37	0	43	0
cell21	0	57	2	46	14	40	46	9	54	0	50	0	52	0	45	0	40	6	57	0
cell22	0	46	67	0	53	0	9	46	55	0	45	0	56	0	46	0	46	0	28	37
cell23	0	49	37	0	44	0	11	40	44	13	49	3	59	0	38	0	41	0	61	0
cell24	0	45	63	0	54	0	20	32	31	26	68	0	35	0	49	0	41	0	50	0
cell25	0	39	45	0	39	0	34	20	32	13	55	0	55	0	53	0	35	1	39	1
cell26	0	52	57	0	62	0	40	13	46	0	48	2	46	0	42	3	60	0	51	0
cell27	0	56	57	0	57	0	39	0	54	0	53	0	7	37	45	1	66	0	53	4
cell28	0	54	6	40	43	8	37	1	46	0	49	0	50	0	51	0	53	0	50	5
cell29	0	44	42	3	48	0	1	54	24	25	17	27	52	2	53	0	51	3	62	1
cell30	2	52	51	1	53	0	10	36	50	0	42	1	47	9	56	0	45	0	5	36
cell31	0	53	42	0	49	0	29	30	38	11	45	9	44	0	39	0	47	0	46	0
cell32	1	43	52	2	35	0	2	49	17	26	39	6	56	0	29	16	44	8	59	0
cell33	0	43	59	1	59	0	24	27	51	0	61	0	54	0	52	0	51	0	52	2
cell34	0	41	15	29	16	28	47	0	63	0	48	0	34	0	48	0	29	6	47	0
cell35	5	33	43	0	40	0	24	33	28	26	44	0	43	3	59	0	43	0	58	0
cell36	0	45	38	0	52	0	3	49	14	26	16	36	47	0	26	29	49	0	36	0
cell37	0	62	53	0	52	0	40	15	46	0	61	1	56	0	48	0	49	0	58	1
cell38	0	48	33	0	41	0	39	9	47	0	53	0	41	0	57	0	42	0	42	0
cell39	0	52	48	0	38	0	52	3	49	0	58	3	21	26	52	0	48	9	59	0
cell40	0	50	20	24	57	0	43	0	59	0	47	0	52	2	54	0	52	0	42	4
cell41	5	38	54	1	40	0	19	41	23	27	11	36	40	0	48	0	38	0	46	3
cell42	0	49	39	0	56	0	15	33	31	24	38	9	50	0	48	0	59	0	48	0
cell43	0	38	50	1	48	0	19	24	51	10	56	0	43	1	56	0	62	0	51	0
cell44	0	41	39	0	53	0	37	12	44	0	45	0	43	1	34	0	38	0	60	0
cell45	0	40	53	0	54	2	55	0	48	0	53	0	35	11	46	0	49	4	41	0
cell46	0	50	33	12	48	2	45	0	50	0	60	0	42	0	43	0	49	0	58	0
cell47	0	50	54	0	49	0	10	36	33	18	38	1	48	1	48	0	37	0	48	0
cell48	1	57	42	0	57	0	48	0	50	0	54	0	49	0	44	0	54	0	51	0
cell49	0	48	43	0	48	0	8	28	34	4	41	17	35	0	39	0	54	0	52	2
cell50	0	48	48	0	40	0	46	2	59	1	46	0	51	0	51	0	52	0	56	0
cell51	0	49	48	0	41	0	2	40	27	33	41	1	47	3	33	0	62	0	47	1
cell52	0	65	39	0	47	1	45	0	50	0	50	0	38	2	48	2	40	7	53	0
cell53	0	51	13	37	39	8	49	0	46	1	46	0	55	0	61	1	37	0	46	0
cell54	0	47	48	0	44	0	54	0	43	3	53	0	58	0	40	0	48	0	45	0
cell55	0	33	56	0	54	0	7	45	8	43	32	21	49	0	44	10	44	1	40	0
cell56	0	40	44	1	51	0	25	14	16	29	48	1	44	0	67	0	47	0	54	0
cell57	0	37	2	53	28	20	50	0	45	0	53	0	57	0	50	2	36	4	56	0
cell58	0	36	46	0	38	7	20	14	37	6	52	0	45	0	54	0	49	0	52	2
cell59	0	51	48	1	43	5	9	46	51	0	56	0	41	0	49	1	53	0	33	20
cell60	0	41	22	23	38	0	56	0	54	0	60	0	50	0	47	0	49	0	46	0
cell61	0	41	21	36	29	19	47	1	40	0	54	0	49	2	54	0	62	0	53	3
cell62	1	48	57	1	41	1	12	45	42	2	40	0	66	0	52	0	53	0	44	0
cell63	0	39	45	0	60	0	49	0	54	0	42	0	58	0	52	0	47	0	44	0
cell64	0	51	44	0	53	0	0	47	35	5	47	3	44	0	58	1	48	0	40	0
cell65	0	38	12	28	10	34	57	0	42	1	40	0	51	0	54	0	53	1	47	0
cell66	3	42	30	4	50	0	44	8	53	0	46	0	21	35	47	0	49	0	62	0
cell67	0	42	8	40	51	1	48	0	43	0	66	0	51	0	40	0	53	0	55	0
cell68	0	50	49	0	40	0	49	1	36	0	55	0	13	37	61	0	46	0	45	2
cell69	3	48	45	0	39	0	58	0	46	0	66	0	62	0	59	0	46	1	45	0
cell70	0	50	37	0	47	0	51	0	55	4	55	1	21	26	67	0	42	0	45	4
cell71	0	55	47	0	45	0	1	43	27	19	30	18	58	0	51	0	48	0	42	0
cell72	0	55	27	28	37	14	54	0	48	0	43	0	42	9	43	9	42	0	49	0
cell73	1	52	42	0	46	0	17	26	11	21	36	7	47	0	37	0	54	0	50	1
cell74	1	52	50	1	64	0	5	54	30	24	53	0	48	0	62	0	51	0	44	0
cell75	0	52	49	0	46	0	39	3	51	1	70	0	12	32	59	0	46	0	50	0
cell76	0	42	7	47	35	22	58	0	45	0	43	0	48	0	63	0	38	14	48	0
cell77	1	51	52	0	48	0	8	43	52	0	51	0	52	0	40	0	55	0	27	13
cell78	0	42	49	0	48	0	20	31	43	0	49	0	52	0	44	0	60	0	25	38
cell79	0	58	45	0	40	6	32	20	23	29	45	2	50	0	54	1	48	0	52	1
cell80	0	42	61	0	48	0	3	39	34	15	44	7	56	0	46	8	59	0	44	0
cell81	1	48	8	32	18	30	59	0	46	0	35	0	46	0	56	0	41	10	56	1
cell82	0	60	40	4	52	0	5	36	24	26	32	24	51	0	48	6	50	0	54	2
cell83	0	49	49	2	53	0	8	36	54	0	44	3	53	0	48	1	39	1	28	18
cell84	1	36	3	48	46	15	52	0	33	0	47	0	47	0	49	1	39	8	38	0
cell85	2	54	19	25	14	36	51	1	46	0	36	5	52	0	37	0	34	6	49	0
cell86	0	47	44	0	48	0	46	0	62	0	56	0	22	25	47	0	46	0	58	0
cell87	0	40	45	0	42	0	36	21	36	19	38	12	53	0	42	1	53	0	51	0
cell88	0	64	58	0	42	0	8	41	58	0	53	0	60	0	65	0	43	0	27	32
cell89	0	50	53	0	41	1	32	12	49	0	45	0	60	0	41	0	52	0	26	24
cell90	0	35	41	0	44	0	5	54	20	26	51	0	56	0	51	0	53	4	45	0
cell91	0	46	6	41	56	0	49	0	46	0	43	0	52	3	56	0	60	0	45	0
cell92	0	36	16	36	12	38	52	1	48	0	57	0	52	0	55	0	47	0	52	0
cell93	0	44	49	0	40	2	9	32	32	15	37	12	61	0	45	5	45	1	58	0
cell94	0	63	49	3	54	0	9	31	50	12	39	0	50	0	53	0	49	1	49	0
cell95	0	42	51	0	52	0	3	41	19	32	25	22	54	0	49	0	51	0	46	0
cell96	0	51	31	33	48	0	66	0	52	0	46	0	44	0	47	0	44	0	52	0
cell97	0	51	44	0	63	0	4	49	7	38	31	16	49	0	26	24	48	0	47	2
cell98	0	44	0	51	54	14	37	0	46	0	55	0	58	0	47	0	43	13	61	0
cell99	2	48	56	2	44	0	57	0	46	0	50	0	43	0	45	0	51	0	57	0
cell100	0	41	44	18	38	0	33	0	56	0	55	0	54	0	65	0	59	0	53	2
cell101	1	49	52	1	52	0	17	36	13	33	49	3	56	0	38	0	46	0	59	1
cell102	1	62	45	0	46	0	16	37	15	42	18	27	45	0	46	0	39	0	52	0
cell103	0	53	58	0	40	0	21	29	15	36	30	12	54	0	31	13	43	0	43	6
cell104	0	61	9	32	14	34	44	0	47	0	47	0	53	0	52	0	42	0	52	0
cell105	0	44	45	0	40	0	17	44	44	10	47	0	33	1	55	0	53	0	52	0
cell106	0	53	50	0	55	0	1	44	44	0	41	0	53	0	57	0	50	0	51	0
cell107	0	45	27	23	52	12	36	4	48	1	55	2	57	1	53	0	53	1	48	5
cell108	0	42	7	43	17	27	58	0	34	13	55	0	49	2	53	0	63	0	51	2
cell109	1	43	49	0	38	0	33	23	23	34	44	17	41	0	45	0	41	0	33	13
cell110	0	60	61	1	44	2	50	0	47	0	42	0	37	0	45	0	72	0	39	0
cell111	0	45	51	0	53	5	23	18	23	23	38	15	45	0	36	8	41	0	51	0
cell112	0	41	60	1	51	0	18	51	52	4	50	0	44	2	50	0	63	0	44	0
cell113	2	66	15	31	27	14	41	0	50	0	66	0	65	0	45	1	55	0	52	0
cell114	0	57	42	3	44	0	13	40	54	0	43	6	51	0	40	0	61	0	50	0
cell115	1	46	48	0	69	0	41	0	50	0	50	0	5	49	52	1	38	0	36	0
cell116	0	59	45	0	42	0	73	0	43	1	44	1	40	3	53	0	43	0	52	0
cell117	0	49	60	0	41	3	14	36	30	20	56	0	45	0	69	1	57	0	45	0
cell118	0	36	48	0	58	0	44	0	40	0	62	1	52	5	61	1	57	0	50	2
cell119	0	62	47	0	43	0	3	42	51	0	56	0	50	5	43	0	52	0	48	0
cell120	0	55	47	1	41	0	27	23	50	0	39	4	51	0	56	0	46	7	31	8
cell121	0	54	47	0	55	0	39	0	58	4	41	6	17	26	33	0	41	1	51	8
cell122	0	36	9	31	31	21	48	0	42	0	52	0	49	0	44	0	31	30	41	0
cell123	0	50	57	0	50	0	10	36	59	0	56	0	46	0	60	0	36	1	39	2
cell124	0	51	4	26	13	37	50	0	54	0	49	0	56	0	41	0	30	20	54	0
cell125	0	57	61	1	52	0	4	42	15	36	44	9	50	0	50	0	53	0	43	1
cell126	0	46	45	0	58	0	2	45	40	6	43	14	49	0	50	0	40	4	47	0
cell127	0	48	43	8	46	0	12	38	42	0	44	0	42	0	61	0	56	0	44	17
cell128	0	57	59	0	41	2	26	29	51	0	66	0	43	1	43	0	54	0	46	0
cell129	0	51	30	0	41	9	5	34	19	26	38	7	48	0	52	0	54	0	59	0
cell130	0	43	57	0	50	0	14	38	19	16	43	4	70	0	55	0	46	0	46	0
cell131	0	49	1	51	57	0	51	0	59	0	53	0	49	0	54	0	64	0	41	3
cell132	0	51	36	0	43	1	57	0	61	0	46	0	18	44	37	0	50	0	57	0
cell133	0	41	22	43	39	25	52	0	35	0	43	5	66	0	63	0	65	0	44	0
cell134	0	50	16	28	49	0	29	0	48	0	53	0	54	0	40	1	53	0	49	1
cell135	0	59	53	0	48	2	8	32	13	33	26	27	47	1	39	19	54	0	49	2
cell136	0	41	49	0	53	1	21	25	52	0	60	0	45	0	63	0	55	0	41	4
cell137	0	41	43	9	35	0	32	19	26	1	54	0	47	0	50	0	46	0	48	0
cell138	0	48	31	22	34	14	51	0	44	5	55	0	50	0	45	0	35	6	47	0
cell139	1	33	57	0	61	0	54	0	56	0	61	0	45	0	47	0	50	3	49	2
cell140	0	51	6	47	33	22	49	0	50	0	51	0	52	0	47	0	32	13	40	0
cell141	0	45	40	14	50	0	66	0	51	0	50	2	36	0	52	0	44	0	44	0
cell142	0	68	47	0	66	0	35	4	40	4	64	0	48	0	44	0	40	0	48	2
cell143	0	52	53	0	43	0	31	8	50	0	42	0	54	0	59	0	54	0	41	13
cell144	0	47	47	0	53	0	27	23	39	0	47	0	52	0	42	1	55	1	40	0
cell145	0	49	46	0	52	0	0	46	21	26	35	10	43	0	43	10	53	0	40	2
cell146	0	52	47	0	42	0	1	54	11	40	39	13	49	0	30	17	59	0	45	0
cell147	0	44	49	0	53	0	6	43	10	35	17	35	34	0	20	31	41	0	44	0
cell148	0	45	43	0	58	0	56	0	57	0	54	0	43	0	43	0	45	0	43	0
cell149	0	44	57	0	51	0	23	34	38	21	54	0	43	0	46	0	47	0	59	0
cell150	0	45	41	3	37	1	31	16	49	0	53	0	43	1	50	0	47	0	52	1
cell151	0	59	3	47	49	0	48	0	44	0	56	0	36	2	49	0	55	1	44	0
cell152	0	38	49	0	55	0	42	0	43	0	42	5	46	0	47	0	55	0	43	3
cell153	0	48	55	0	51	1	50	0	50	0	57	0	29	22	37	0	51	2	43	0
cell154	0	57	27	26	48	0	42	0	52	0	51	0	42	0	44	0	51	0	49	0
cell155	0	50	49	0	44	0	44	0	48	0	57	0	47	4	50	0	36	0	51	0
cell156	1	44	59	0	37	2	39	0	55	0	51	0	44	0	49	0	44	0	55	0
cell157	0	57	20	24	22	34	49	0	65	10	48	0	56	0	53	0	55	3	55	0
cell158	2	46	2	48	19	27	54	0	50	0	49	6	58	0	46	0	23	14	45	0
cell159	0	53	66	0	46	0	5	43	15	37	20	23	47	0	16	33	46	0	50	0
cell160	0	44	50	0	57	0	7	50	27	25	47	3	48	0	45	1	52	0	54	0
cell161	0	55	9	38	35	15	56	0	43	1	44	0	58	0	47	0	42	5	60	0
cell162	0	54	45	0	56	0	13	32	15	25	33	22	38	3	47	0	39	0	52	0
cell163	0	55	13	31	42	7	47	5	53	0	33	0	48	0	46	0	43	0	55	0
cell164	0	67	9	31	28	17	49	0	51	0	47	2	54	2	51	0	19	16	39	0
cell165	1	61	57	0	46	0	13	31	42	3	47	0	50	1	52	0	63	0	51	0
cell166	0	41	0	50	2	48	40	4	52	0	62	0	36	0	61	0	44	1	49	0
cell167	0	49	55	0	46	0	9	34	41	16	35	10	58	0	47	0	49	0	53	0
cell168	0	57	57	0	35	0	52	0	51	1	45	0	10	41	55	6	52	0	65	0
cell169	0	41	52	0	52	2	20	38	30	17	37	18	47	0	32	13	64	0	47	0
cell170	0	50	45	2	46	0	46	0	50	0	48	0	44	2	53	0	60	0	55	0
cell171	0	45	43	0	46	0	45	0	47	0	64	1	51	0	47	1	56	0	53	0
cell172	3	33	49	0	44	0	6	46	33	28	47	0	45	0	44	0	55	0	41	2
cell173	0	49	48	0	48	0	6	42	15	32	61	0	59	0	49	0	46	0	49	0
cell174	0	43	62	3	61	0	13	30	15	29	25	19	46	0	46	6	51	1	44	1
cell175	1	61	43	0	52	0	26	21	50	1	53	0	41	0	60	1	39	0	36	6
cell176	3	35	40	1	57	0	51	0	45	0	45	0	8	40	55	1	62	1	67	1
cell177	0	41	56	1	46	0	45	0	42	0	56	0	48	0	58	0	47	0	51	0
cell178	0	50	42	4	51	4	18	27	20	29	34	12	34	0	57	0	43	0	43	2
cell179	0	50	13	39	32	26	51	0	51	0	51	1	49	0	50	0	49	4	52	1
cell180	0	43	45	0	59	0	7	41	22	33	12	39	53	0	37	1	57	0	48	0
cell181	0	50	41	0	50	0	10	46	49	0	50	0	56	2	52	0	42	0	16	29
cell182	0	48	53	1	43	0	1	51	3	47	15	35	45	0	40	0	57	0	55	0
cell183	0	64	45	0	70	0	32	0	55	0	63	0	20	27	58	0	41	1	42	0
cell184	0	38	13	40	10	36	54	0	49	0	55	0	48	0	48	0	35	2	54	1
cell185	0	49	48	0	59	0	48	0	54	1	57	0	23	32	52	0	41	0	57	0
cell186	0	54	1	51	24	28	53	5	44	0	51	0	54	0	53	0	37	7	43	0
cell187	3	51	58	0	54	0	1	49	48	0	51	0	45	0	42	0	46	1	44	0
cell188	0	43	15	35	29	12	56	1	46	0	50	0	52	0	48	4	55	0	40	0
cell189	2	44	16	28	22	47	52	1	54	0	39	0	46	0	40	1	34	12	44	3
cell190	0	50	51	4	47	0	41	2	46	0	48	0	46	0	56	0	54	0	48	1
cell191	0	42	59	2	37	0	13	43	41	1	54	0	48	1	59	0	55	0	57	0
cell192	0	55	36	0	52	0	46	0	50	0	45	0	59	5	50	0	44	0	42	0
cell193	0	57	25	35	43	2	52	1	47	0	51	0	57	0	43	0	54	0	48	0
cell194	0	58	51	0	44	0	4	46	2	49	3	43	52	0	37	8	57	0	42	1
cell195	0	39	15	34	28	24	36	0	50	1	50	0	37	0	57	0	51	5	52	0
cell196	0	67	48	0	48	0	49	0	57	0	44	4	27	22	39	1	46	1	45	0
cell197	0	57	5	54	6	48	49	0	51	0	52	0	42	0	60	0	43	2	45	0
cell198	0	54	59	1	59	4	5	47	64	0	46	0	44	0	43	3	46	1	51	0
cell199	0	54	57	0	63	0	19	31	41	13	45	5	38	0	43	0	43	0	56	0
cell200	0	46	21	19	26	28	48	0	55	0	57	5	50	0	51	0	41	0	51	0
cell201	0	45	41	0	49	0	17	39	44	0	56	0	52	0	57	0	46	2	47	1
cell202	0	45	53	0	50	0	5	43	10	35	19	34	46	0	39	11	61	0	52	0
cell203	0	54	15	21	63	0	50	1	54	1	56	0	45	0	55	6	47	3	42	2
cell204	0	55	57	0	48	0	47	2	48	0	60	0	29	15	48	0	46	0	47	0
cell205	0	52	2	36	43	4	60	1	42	0	40	0	57	0	46	0	58	1	51	4
cell206	0	52	8	47	7	37	47	0	40	5	28	0	51	0	53	0	49	0	65	0
cell207	0	51	46	1	50	0	1	55	44	0	56	0	69	0	39	0	53	0	49	0
cell208	2	51	55	0	40	1	42	22	54	0	41	1	52	0	49	0	57	0	21	33
cell209	0	51	63	0	44	0	7	37	21	17	30	20	49	0	36	3	51	0	53	0
cell210	0	64	38	0	56	0	45	0	45	0	49	1	42	0	37	0	59	0	49	2
cell211	0	51	60	0	53	0	46	6	47	1	56	0	46	5	43	0	52	0	62	0
cell212	0	34	42	0	61	8	9	37	45	5	47	0	46	0	41	0	46	0	49	4
cell213	0	46	56	0	43	3	51	0	48	0	58	2	41	0	49	0	49	0	39	0
cell214	0	45	18	26	49	3	44	2	45	0	50	1	49	0	53	0	47	0	54	0
cell215	0	57	46	0	49	2	42	12	47	4	67	0	45	0	49	1	46	0	45	0
cell216	0	61	42	0	43	0	13	58	21	20	42	9	49	0	39	6	50	0	43	0
cell217	1	66	43	0	66	0	21	28	37	0	49	0	46	1	38	0	55	0	47	9
cell218	1	45	57	0	53	0	3	42	45	4	54	0	37	0	44	0	47	0	21	25
cell219	0	42	44	0	49	0	42	0	45	0	52	0	53	0	49	0	44	0	60	2
cell220	0	45	21	43	39	0	44	0	66	0	56	0	44	1	40	0	51	0	51	0
cell221	0	53	5	44	43	3	43	0	51	0	50	0	49	0	53	0	40	1	53	0
cell222	0	60	58	0	53	0	49	4	46	1	50	4	40	4	48	1	47	2	45	8
cell223	1	50	13	35	14	34	56	4	50	0	53	0	69	0	39	0	50	0	49	0
cell224	0	45	55	1	51	0	12	37	4	46	59	0	51	1	47	0	39	0	44	0
cell225	5	47	6	40	29	10	38	2	51	0	45	0	62	0	39	0	57	0	59	0
cell226	0	50	57	0	66	0	34	4	44	0	44	0	45	0	40	0	52	0	53	0
cell227	0	54	9	39	19	34	44	0	50	0	44	0	49	0	61	1	55	2	35	0
cell228	0	41	41	0	55	0	7	41	60	0	46	0	53	0	48	1	43	0	36	12
cell229	0	44	44	0	59	0	10	37	26	17	55	0	54	0	42	1	45	0	54	0
cell230	0	58	10	35	40	2	41	0	55	0	43	0	39	0	43	0	45	0	55	0
cell231	0	65	2	53	26	16	49	5	53	1	47	0	49	0	61	0	37	10	49	0
cell232	0	58	57	0	48	0	30	14	45	0	45	0	48	0	51	0	42	0	40	0
cell233	0	47	56	2	47	1	16	29	47	0	49	1	45	0	49	0	51	0	17	39
cell234	0	45	44	0	53	1	47	1	38	0	48	0	2	32	42	0	53	0	46	0
cell235	1	53	47	0	52	0	56	0	38	0	53	0	39	21	56	0	57	0	46	0
cell236	5	44	61	0	57	0	43	0	60	0	49	0	46	9	50	0	46	0	65	0
cell237	0	52	51	5	41	0	13	37	19	16	24	25	49	0	53	0	47	3	54	1
cell238	2	62	48	1	56	0	47	0	61	4	46	1	49	0	39	0	63	0	45	0
cell239	0	52	51	0	52	0	10	36	50	0	54	0	54	0	49	0	36	6	61	1
cell240	0	43	7	40	48	0	52	0	52	0	41	6	51	0	37	0	51	5	49	1
cell241	0	48	54	0	45	0	9	47	17	26	39	8	41	0	52	0	33	0	52	0
cell242	0	50	57	1	42	0	45	0	48	0	53	1	58	0	46	0	44	0	39	0
cell243	0	43	48	0	47	0	1	65	60	0	56	0	50	0	47	0	46	0	4	55
cell244	0	44	45	0	45	0	51	3	60	0	37	0	54	0	45	0	55	2	47	0
cell245	0	57	59	0	53	4	17	21	41	20	45	9	65	3	46	4	43	0	49	0
cell246	0	59	21	37	57	11	47	0	52	0	43	1	47	0	47	0	55	3	42	3
cell247	0	45	8	49	49	0	55	0	35	0	42	0	48	0	47	1	43	4	46	0
cell248	1	45	49	0	39	0	14	36	61	1	42	0	50	0	43	1	57	0	47	0
cell249	0	56	52	0	53	0	9	47	51	0	45	0	55	0	51	1	40	0	21	29
cell250	0	52	45	0	44	0	14	40	26	21	26	26	50	0	46	12	58	0	51	0
cell251	0	45	47	0	45	0	33	33	45	0	60	0	51	0	55	0	43	1	44	8
cell252	4	39	61	0	51	0	44	4	45	0	39	0	0	50	49	0	58	0	54	0
cell253	0	59	56	0	49	0	44	1	65	0	40	0	56	0	41	0	61	0	42	0
cell254	0	63	2	36	38	22	50	0	49	0	60	0	48	0	62	1	57	0	48	0
cell255	0	48	1	64	30	16	48	0	44	0	57	0	51	0	62	0	54	0	63	0
cell256	4	48	35	0	44	0	45	0	59	0	46	0	56	0	45	0	43	0	52	0
cell257	0	51	38	0	42	0	29	32	50	0	45	0	44	0	46	0	46	0	37	2
cell258	0	52	34	16	66	4	52	0	52	0	55	0	51	1	63	0	47	0	43	1
cell259	0	44	64	0	49	0	56	2	55	0	42	0	40	0	48	0	49	0	57	0
cell260	0	53	45	0	50	0	46	2	53	0	47	1	39	16	51	0	49	0	56	0
cell261	0	51	16	42	48	0	55	0	66	0	56	2	39	0	56	0	49	0	57	0
cell262	0	52	24	25	6	52	34	0	44	1	55	4	46	0	56	0	31	14	42	0
cell263	0	41	45	0	54	1	9	41	48	3	58	0	41	0	49	0	43	0	12	52
cell264	0	57	47	0	40	0	5	56	53	0	40	0	41	0	49	1	51	6	41	13
cell265	0	51	25	21	55	0	43	1	44	0	58	0	52	0	62	4	37	0	47	0
cell266	0	47	58	2	57	0	19	47	48	0	50	0	47	0	46	0	33	0	47	4
cell267	0	54	35	12	42	0	55	0	50	1	45	0	49	0	43	0	37	0	67	0
cell268	0	51	44	0	46	0	20	36	32	23	42	12	52	0	48	2	48	0	49	1
cell269	0	44	58	0	45	0	6	47	26	19	49	1	50	0	47	0	52	0	48	5
cell270	0	52	47	0	50	1	10	28	27	32	30	27	53	1	56	0	48	0	47	0
cell271	2	46	40	0	50	0	13	48	24	22	38	9	48	0	45	3	45	1	49	0
cell272	0	49	50	0	53	9	42	16	62	0	48	0	53	0	49	0	59	0	49	0
cell273	0	53	9	46	31	20	59	0	44	0	49	0	42	1	46	0	53	0	55	0
cell274	0	49	54	0	52	0	49	1	55	0	48	0	51	0	49	0	45	0	52	1
cell275	0	43	50	0	54	0	10	35	41	9	43	1	49	0	43	0	54	0	41	1
cell276	0	58	16	21	34	16	49	2	45	0	59	0	40	3	49	0	57	0	56	0
cell277	1	46	49	0	44	0	45	1	50	0	48	0	48	6	37	0	62	0	53	0
cell278	0	56	2	50	35	23	39	2	48	0	50	0	53	0	54	0	40	6	50	5
cell279	0	49	51	0	44	0	26	25	68	1	52	0	50	0	40	0	47	1	55	0
cell280	0	40	5	45	15	27	42	0	44	7	58	0	47	0	48	0	33	4	46	0
cell281	0	63	35	11	29	23	42	1	41	0	54	0	43	0	52	0	35	18	54	0
cell282	0	48	42	0	49	0	38	8	47	0	40	3	62	0	56	0	44	0	52	0
cell283	0	52	7	46	53	1	57	0	31	0	53	3	57	0	36	1	54	0	53	0
cell284	0	46	51	0	59	0	2	41	13	36	41	0	53	0	51	0	73	0	50	0
cell285	0	38	48	0	57	0	13	39	49	8	46	2	51	0	45	2	45	0	53	0
cell286	0	51	59	0	43	0	49	10	50	0	53	0	52	0	40	0	64	1	48	0
cell287	0	51	64	0	35	0	3	52	42	4	46	3	50	0	46	1	60	0	49	0
cell288	0	59	57	0	48	3	54	1	54	0	36	0	28	18	49	0	33	0	49	0
cell289	0	49	50	0	41	0	49	0	51	0	53	0	53	0	55	0	48	0	49	0
cell290	0	55	24	28	46	6	55	0	60	0	48	0	45	0	52	7	55	0	62	2
cell291	0	40	52	0	49	0	5	37	14	50	48	0	60	0	46	0	44	2	52	0
cell292	0	48	8	46	33	24	44	4	39	0	53	0	50	0	49	0	43	1	44	0
cell293	0	62	55	0	52	0	60	0	53	0	44	1	48	0	61	0	42	3	48	0
cell294	0	59	56	0	46	0	25	18	30	8	30	9	64	0	48	2	55	0	60	0
cell295	0	45	13	38	23	23	45	0	51	0	46	1	55	0	48	0	51	0	45	0
cell296	0	62	3	46	3	54	46	3	60	0	53	1	49	0	47	0	17	27	45	0
cell297	0	52	50	0	43	2	26	26	17	35	46	0	50	0	45	0	57	0	53	0
cell298	0	54	40	0	43	0	50	0	56	3	53	0	58	3	48	0	48	0	41	0
cell299	0	51	44	0	44	1	10	33	32	19	53	2	48	0	43	1	47	0	63	0
cell300	0	48	4	34	18	46	44	1	52	0	45	0	50	0	44	3	54	1	56	0
cell301	0	45	41	0	54	1	8	56	21	30	68	0	49	0	43	1	39	0	62	0
cell302	0	35	59	0	47	0	12	33	9	55	7	51	46	3	48	0	46	0	51	0
cell303	0	58	60	2	47	0	1	54	50	0	39	0	36	0	46	0	66	0	11	38
cell304	3	45	40	1	53	0	25	32	45	0	47	1	50	0	44	0	51	2	50	4
cell305	0	41	2	58	32	12	60	0	45	2	42	0	49	0	49	0	57	0	52	0
cell306	0	49	46	8	38	4	45	0	42	1	45	0	54	1	56	0	50	0	53	0
cell307	0	33	4	47	46	0	50	0	45	0	54	0	55	0	59	3	67	0	41	0
cell308	0	53	38	0	55	0	21	26	43	0	46	0	44	4	54	0	52	0	38	9
cell309	0	41	61	0	49	0	49	0	43	0	40	0	3	48	48	0	43	0	43	0
cell310	2	54	21	20	37	6	62	0	57	0	36	0	42	0	51	0	40	0	36	5
cell311	0	52	27	27	49	0	45	0	55	3	34	0	49	1	46	0	50	1	52	0
cell312	0	45	49	0	46	0	49	0	61	3	49	0	49	8	49	0	45	0	33	1
cell313	3	47	44	0	55	0	16	42	15	38	44	0	44	0	50	0	64	0	55	0
cell314	0	63	63	0	59	0	20	28	43	0	45	0	37	0	44	0	64	0	53	0
cell315	0	55	38	0	51	0	20	40	27	25	32	16	55	1	52	2	53	0	41	0
cell316	0	43	49	0	53	0	52	0	45	0	57	0	26	32	63	0	40	0	61	6
cell317	0	57	35	7	58	0	56	0	54	0	39	0	29	22	44	0	53	0	42	0
cell318	0	65	8	32	36	21	71	0	55	0	47	0	44	8	40	0	48	0	38	11
cell319	0	54	49	0	47	0	3	36	43	0	48	0	49	0	51	0	46	0	43	1
cell320	0	34	21	25	62	0	44	0	48	0	48	0	47	0	32	0	51	1	44	0
cell321	0	49	46	0	55	0	39	0	49	0	49	2	51	0	41	0	35	3	46	0
cell322	1	45	44	0	38	0	27	18	49	0	53	0	46	0	55	0	53	0	47	0
cell323	4	37	37	0	55	0	10	41	24	25	36	15	50	0	38	0	46	6	56	0
cell324	7	38	57	0	51	0	10	31	48	0	47	0	52	0	44	0	39	0	54	0
cell325	2	50	45	0	47	0	54	0	46	0	49	1	45	0	35	0	60	0	56	0
cell326	2	48	24	12	43	0	53	0	48	0	44	0	53	2	45	0	45	3	54	1
cell327	0	39	52	0	52	0	27	38	52	0	42	0	41	2	58	0	49	2	21	24
cell328	0	49	54	0	45	1	11	46	28	27	39	27	49	0	48	0	36	0	41	0
cell329	0	44	59	0	50	0	43	3	41	0	38	3	23	30	43	0	51	0	47	1
cell330	1	38	5	44	42	6	48	0	50	0	40	0	44	3	53	0	52	4	44	0
cell331	3	56	39	0	55	0	26	26	32	27	38	10	62	1	49	9	48	0	45	0
cell332	0	46	37	4	49	0	5	42	32	23	36	13	46	0	49	7	49	0	49	0
cell333	0	47	42	0	56	0	4	37	31	21	48	4	62	1	39	4	37	0	50	0
cell334	0	40	7	39	13	35	35	4	50	4	35	0	40	2	46	0	21	29	46	0
cell335	0	50	53	0	47	1	27	27	48	0	50	0	53	1	46	1	51	0	56	0
cell336	0	46	48	0	56	1	18	20	30	25	36	0	39	0	35	0	51	0	55	0
cell337	0	64	30	10	22	28	45	0	41	0	60	0	35	1	48	0	44	0	54	0
cell338	0	48	33	2	52	0	1	54	47	0	39	1	56	3	52	0	46	0	66	0
cell339	0	45	49	0	51	0	53	5	47	0	53	4	50	1	52	0	56	0	47	0
cell340	4	60	44	0	55	0	21	34	39	18	43	3	49	0	55	0	49	0	52	0
cell341	0	48	42	0	59	0	3	46	17	34	18	33	49	0	52	4	33	0	52	0
cell342	1	57	51	0	50	4	16	20	31	17	29	18	52	0	45	4	46	0	43	0
cell343	0	38	32	0	55	0	0	57	16	28	43	6	50	0	58	0	45	0	36	0
cell344	0	48	51	0	63	0	10	50	60	0	43	0	42	0	41	0	42	0	13	30
cell345	0	44	14	37	36	19	45	5	44	1	57	0	36	3	56	0	44	5	42	0
cell346	0	62	41	0	53	0	13	35	19	28	39	9	43	0	34	5	48	0	34	0
cell347	0	48	10	47	15	29	46	0	42	2	39	1	46	0	61	0	35	13	47	0
cell348	0	41	47	0	49	0	5	42	13	37	12	32	44	3	47	5	49	0	43	0
cell349	0	48	38	22	52	6	45	0	44	3	42	0	50	7	45	0	54	1	51	0
cell350	0	44	7	45	44	21	60	0	36	0	29	0	44	0	58	0	52	0	49	0
cell351	0	47	8	39	47	7	56	0	57	0	52	0	40	0	55	1	59	0	66	0
cell352	1	48	49	0	53	0	50	0	50	0	58	0	37	2	41	0	48	1	44	0
cell353	0	53	59	0	61	0	50	0	51	0	56	0	39	1	47	7	57	2	48	0
cell354	0	38	63	2	45	1	2	43	15	30	33	0	40	0	46	0	46	0	48	2
cell355	0	45	46	0	60	3	2	34	6	48	45	2	44	0	55	0	56	0	56	0
cell356	0	69	50	0	53	0	52	0	50	0	39	0	51	0	63	0	68	0	41	0
cell357	0	47	57	0	42	0	39	0	48	1	40	0	36	12	54	0	62	0	45	1
cell358	1	38	53	0	45	0	47	0	50	0	45	0	22	18	43	0	49	1	54	0
cell359	3	47	26	13	36	11	55	8	49	0	46	0	45	0	47	0	21	29	52	0
cell360	0	53	39	0	55	0	7	30	46	1	55	0	52	0	64	0	42	1	55	0
cell361	0	48	8	33	53	0	47	0	56	0	51	0	53	0	52	0	37	3	35	0
cell362	0	48	54	3	60	0	1	40	23	29	29	23	53	0	48	0	42	0	52	0
cell363	0	41	64	0	53	0	39	4	48	0	46	6	45	0	47	0	67	0	49	0
cell364	0	38	56	0	45	3	42	0	49	0	43	0	29	17	48	0	37	0	35	4
cell365	3	33	43	0	61	0	10	45	43	20	51	0	38	0	56	0	61	0	46	0
cell366	1	44	53	3	63	0	6	55	43	1	58	0	52	0	58	1	57	0	27	21
cell367	0	47	10	46	18	28	44	0	45	3	51	0	62	0	43	1	20	28	38	0
cell368	0	55	22	35	39	9	49	0	56	0	41	0	48	1	53	0	53	0	42	0
cell369	0	41	51	5	56	0	10	37	56	0	46	4	41	0	52	0	55	0	58	0
cell370	0	47	48	0	46	0	45	2	46	1	38	0	50	0	47	0	51	0	48	1
cell371	0	49	42	0	48	0	4	39	7	41	32	18	63	0	32	21	48	8	50	0
cell372	0	50	50	0	44	0	11	40	16	17	42	9	49	0	56	0	63	0	34	0
cell373	0	55	40	0	55	2	12	37	25	35	36	22	56	0	51	0	40	0	43	1
cell374	0	44	21	30	26	23	58	1	50	0	59	1	48	4	45	0	48	0	45	0
cell375	0	46	34	0	52	1	53	0	49	0	48	1	35	19	59	0	47	0	51	0
cell376	0	57	10	33	45	0	48	0	63	0	50	1	51	0	52	0	57	1	38	0
cell377	0	54	22	22	17	29	36	3	55	0	56	0	43	0	60	0	62	0	50	1
cell378	2	52	48	0	48	0	12	45	18	30	12	32	38	0	31	26	46	0	49	0
cell379	0	38	39	0	61	0	50	0	49	0	39	4	10	40	57	0	57	0	52	5
cell380	0	60	27	22	56	0	33	3	52	0	53	1	58	0	52	0	44	1	42	2
cell381	0	47	53	0	49	1	17	22	36	15	46	4	60	0	43	3	51	0	61	0
cell382	0	47	44	0	34	0	25	31	63	1	37	2	50	3	42	1	60	0	51	5
cell383	2	52	54	0	49	0	3	59	14	26	45	1	46	0	55	0	48	0	63	0
cell384	0	44	52	1	39	0	51	0	50	1	39	0	1	57	42	0	51	0	40	0
cell385	0	38	47	0	47	2	12	45	19	23	49	2	50	0	41	0	46	0	40	1
cell386	1	42	32	19	58	0	47	0	51	0	39	0	54	0	52	0	44	0	45	0
cell387	0	51	50	1	65	0	25	10	52	4	47	0	53	0	45	0	45	1	50	1
cell388	0	53	12	32	59	0	45	2	40	3	44	0	38	0	39	0	57	0	50	3
cell389	1	46	57	0	44	2	5	46	19	31	43	0	56	0	52	0	54	2	42	0
cell390	0	50	45	0	50	0	61	0	39	0	54	0	35	0	45	0	54	1	53	0
cell391	0	56	41	0	48	0	57	2	56	1	60	0	14	35	51	0	39	0	38	5
cell392	0	41	42	0	49	2	2	68	11	38	14	38	54	0	14	25	44	0	51	0
cell393	1	57	52	0	54	0	56	0	40	3	44	0	3	40	52	1	60	1	42	0
cell394	0	49	35	20	45	0	43	6	46	0	38	0	43	2	39	0	42	0	58	0
cell395	0	45	8	55	23	26	49	0	55	0	49	1	49	0	51	0	29	22	39	0
cell396	1	44	47	1	57	0	4	50	9	26	21	26	48	0	30	15	50	0	43	0
cell397	1	46	8	45	33	24	35	0	43	5	41	0	55	1	58	0	26	33	57	0
cell398	0	44	2	52	9	49	51	0	49	3	61	0	48	0	59	4	63	0	43	0
cell399	0	49	41	0	37	0	17	40	9	33	18	38	46	0	29	19	39	0	39	0
cell400	1	48	15	25	33	9	44	0	46	0	52	0	52	0	48	0	45	0	47	0
cell401	0	51	46	0	43	2	30	15	44	4	54	5	59	1	42	1	50	0	57	0
cell402	0	47	48	0	47	0	29	20	44	0	57	0	47	0	53	0	44	0	45	0
cell403	0	48	74	0	49	0	44	0	37	0	40	0	7	32	54	1	53	2	55	0
cell404	0	50	50	0	45	0	45	5	56	0	59	0	55	0	59	3	37	0	40	0
cell405	0	51	49	1	41	0	0	54	29	25	36	21	52	1	37	10	51	0	45	0
cell406	0	50	8	42	50	0	51	2	44	0	49	0	56	0	61	1	50	1	55	0
cell407	0	63	36	13	55	0	46	0	44	0	56	0	54	0	56	0	52	0	44	1
cell408	0	51	51	1	55	1	16	32	25	20	46	0	49	1	50	0	37	0	47	0
cell409	0	50	47	0	48	3	63	0	50	0	46	0	40	5	51	0	54	0	50	0
cell410	2	49	49	4	48	2	12	45	54	0	42	0	47	0	55	0	51	0	24	16
cell411	0	48	39	2	50	0	56	0	48	0	42	0	53	0	56	2	50	0	45	1
cell412	0	53	54	0	38	4	63	0	55	0	47	1	34	5	53	1	44	0	50	0
cell413	1	41	56	0	50	1	14	37	37	3	45	1	44	0	49	0	44	0	49	0
cell414	0	52	42	8	53	0	52	1	57	0	48	0	44	0	37	3	41	0	53	0
cell415	0	45	57	0	57	0	15	39	44	4	55	0	39	0	46	0	60	0	62	0
cell416	0	39	60	0	38	10	22	34	50	1	50	0	46	0	48	0	56	0	56	3
cell417	2	49	52	0	43	0	55	1	65	8	39	0	59	0	56	0	37	0	57	0
cell418	0	37	3	64	36	9	40	0	54	0	47	0	50	3	41	0	58	0	48	3
cell419	2	45	19	18	44	0	33	7	43	0	50	1	50	0	57	0	53	0	48	0
cell420	0	45	54	0	53	2	53	0	44	0	63	0	43	0	46	0	48	0	49	0
cell421	0	55	52	0	58	0	59	0	37	7	44	0	3	37	42	0	50	0	63	0
cell422	1	56	46	0	49	0	45	0	55	0	47	0	56	0	39	0	48	1	48	0
cell423	0	34	30	16	30	25	40	0	54	1	59	0	47	0	48	0	45	0	46	1
cell424	0	43	37	16	50	0	52	1	39	4	47	0	48	0	56	2	55	1	60	0
cell425	0	46	46	0	59	0	49	0	45	0	53	0	50	0	47	0	56	0	55	0
cell426	0	41	51	0	30	0	48	0	46	2	44	1	6	39	40	0	49	0	58	0
cell427	0	53	51	1	48	0	31	19	36	4	38	6	47	0	55	1	41	0	35	0
cell428	3	40	55	0	42	0	4	47	22	30	46	0	50	0	44	0	52	3	43	0
cell429	0	39	12	36	53	0	36	0	47	1	57	0	61	1	56	0	55	0	52	0
cell430	0	52	38	0	56	0	5	52	55	4	52	1	50	0	42	0	52	1	54	1
cell431	0	44	8	34	59	0	61	0	49	1	51	1	54	0	47	0	54	0	62	0
cell432	0	52	46	0	50	0	49	0	57	0	60	0	49	0	53	2	68	0	61	0
cell433	0	60	26	15	51	0	42	0	51	0	46	0	37	0	53	0	49	7	40	0
cell434	0	59	45	15	44	0	56	0	44	4	46	0	54	0	59	0	51	1	53	0
cell435	0	52	66	0	47	0	23	29	46	3	53	0	54	1	38	0	54	2	47	0
cell436	1	46	41	0	37	0	12	32	34	6	38	10	52	1	51	0	50	0	28	0
cell437	0	40	11	55	55	3	51	0	51	0	51	0	52	0	48	0	38	0	49	0
cell438	0	44	44	1	49	0	15	34	31	23	58	8	50	1	38	1	42	0	44	0
cell439	0	43	39	0	57	0	57	0	47	0	57	0	36	0	59	0	44	0	51	0
cell440	2	32	40	0	43	0	8	57	47	12	50	5	40	0	49	0	53	3	42	0
cell441	2	43	42	0	39	0	46	0	50	0	58	0	49	0	57	0	46	0	49	0
cell442	4	47	53	0	45	0	44	0	37	0	50	0	27	20	47	0	42	9	48	0
cell443	0	47	25	23	14	34	49	2	40	0	67	0	46	0	50	0	59	0	62	0
cell444	0	50	49	1	66	0	12	40	56	0	35	7	52	0	50	1	62	0	26	14
cell445	1	59	41	0	44	0	0	45	48	2	46	0	54	2	48	0	49	0	11	50
cell446	3	62	43	4	52	0	59	0	36	2	49	0	54	0	43	1	55	0	55	0
cell447	0	58	53	0	58	0	29	25	48	0	42	0	59	0	47	2	59	0	52	0
cell448	0	64	28	15	42	0	43	2	57	0	49	2	39	0	54	0	46	0	48	0
cell449	1	53	18	40	19	29	72	0	53	0	57	2	51	0	52	0	49	0	52	0
cell450	0	62	58	2	58	0	22	34	38	1	39	0	60	0	38	0	54	0	43	0
cell451	1	64	50	0	49	0	37	0	34	0	53	0	3	38	33	0	57	0	38	0
cell452	1	54	6	47	47	0	56	0	62	0	55	0	39	0	50	0	51	0	52	0
cell453	0	50	53	0	46	0	1	40	52	0	67	1	38	2	47	4	47	0	34	7
cell454	0	55	55	0	54	0	23	25	52	0	59	0	44	0	51	0	53	0	25	27
cell455	0	47	52	0	47	0	46	2	42	4	51	3	53	0	58	0	48	0	47	3
cell456	0	45	15	33	48	4	54	1	40	0	56	0	59	0	51	0	43	2	61	0
cell457	0	44	33	5	51	0	2	40	25	26	28	21	39	0	57	0	44	0	52	0
cell458	0	46	10	31	23	26	40	1	51	0	53	0	38	0	60	0	28	22	60	0
cell459	1	59	52	0	56	0	30	21	43	0	33	1	41	1	61	0	40	5	43	0
cell460	0	44	43	0	40	0	49	0	48	0	50	0	45	0	41	0	47	0	66	0
cell461	0	56	43	14	52	0	48	0	43	1	60	0	55	0	46	1	40	0	65	0
cell462	0	42	0	38	18	28	51	0	43	0	47	1	45	4	45	0	59	0	45	0
cell463	0	40	12	36	7	28	48	0	44	0	42	0	48	0	50	0	31	24	54	0
cell464	0	54	52	2	40	0	18	20	36	14	56	0	43	0	56	0	48	0	43	0
cell465	0	47	51	0	49	0	9	42	49	4	50	0	48	0	58	3	45	0	45	0
cell466	0	56	6	38	41	7	45	0	37	1	35	0	50	0	59	0	57	0	47	0
cell467	0	34	17	38	56	0	40	0	43	0	51	0	39	0	39	0	50	0	69	3
cell468	0	58	3	42	7	46	53	0	39	0	62	0	48	1	40	0	16	30	59	0
cell469	0	52	41	0	46	0	31	25	36	11	44	0	50	0	53	0	54	3	42	0
cell470	0	67	40	0	54	0	55	0	40	0	43	0	13	43	39	0	50	0	41	0
cell471	0	53	28	23	29	27	54	1	52	0	47	0	52	0	50	0	48	9	66	0
cell472	0	56	14	30	58	0	44	0	36	3	49	0	66	0	43	0	51	0	53	1
cell473	1	52	4	40	45	13	44	0	43	1	53	0	49	0	46	1	48	3	47	0
cell474	0	47	29	11	38	6	50	6	51	0	58	0	41	0	47	0	52	0	43	0
cell475	0	46	47	0	44	0	32	13	49	0	33	0	40	0	53	0	41	8	59	0
cell476	1	43	2	48	7	52	56	0	54	0	48	0	44	0	45	0	29	37	60	0
cell477	0	51	43	0	43	0	58	0	46	0	58	0	49	0	59	0	36	0	34	7
cell478	0	53	55	2	53	0	16	29	33	11	44	0	52	0	65	0	62	0	48	0
cell479	0	46	50	0	62	1	24	31	43	3	52	0	45	5	47	4	47	0	56	2
cell480	0	57	40	0	47	0	4	46	51	0	41	0	52	1	47	0	55	0	49	0
cell481	0	33	1	46	45	0	57	0	51	0	54	0	57	0	47	0	54	0	46	0
cell482	2	55	34	0	47	2	22	30	40	15	51	0	54	0	45	0	49	5	48	0
cell483	0	49	48	0	44	0	57	0	39	0	59	0	19	23	43	0	48	0	54	0
cell484	0	52	58	0	52	0	24	26	57	7	45	0	34	1	44	0	41	0	56	2
cell485	0	45	52	0	54	0	39	2	47	7	44	0	50	0	46	0	51	0	56	1
cell486	0	41	52	0	47	0	13	31	43	22	35	10	59	0	55	1	46	1	42	0
cell487	1	54	55	0	48	0	10	50	30	7	38	17	55	0	41	8	40	1	65	1
cell488	0	43	50	0	45	0	9	40	26	9	36	2	44	1	46	0	44	0	52	0
cell489	0	54	44	0	51	0	40	16	45	6	49	0	51	0	53	0	62	1	45	0
cell490	0	59	43	3	41	0	41	0	44	1	61	0	42	1	45	0	45	4	62	0
cell491	0	49	29	36	41	25	50	0	53	0	66	0	33	0	60	0	43	1	50	1
cell492	0	57	2	57	11	38	63	0	52	0	49	0	48	0	49	1	52	9	59	0
cell493	0	56	53	0	59	0	12	39	6	35	38	10	49	0	40	4	64	0	48	0
cell494	0	44	10	36	27	22	51	0	49	0	73	0	44	0	58	0	48	0	58	0
cell495	0	48	2	47	7	37	46	0	53	0	60	0	51	0	58	0	26	24	56	0
cell496	0	55	4	48	22	39	52	0	45	0	46	0	49	0	38	0	39	12	40	0
cell497	0	45	46	0	59	0	14	34	21	18	40	12	55	0	49	7	50	2	40	0
cell498	0	49	40	0	52	0	21	25	53	1	42	0	58	0	40	3	43	0	57	1
cell499	1	45	56	1	31	0	40	16	56	0	49	0	35	1	47	0	52	0	47	10
cell500	4	47	28	21	43	3	45	0	52	1	45	4	52	0	46	0	40	1	50	0
