37 45 51 45 49 51 58 49 43 47 0
53 58 34 42 53 51 57 44 44 47 0
51 45 56 55 35 50 33 39 51 50 0
47 43 43 49 54 63 43 49 38 46 0
54 51 54 40 54 52 50 43 59 49 0
59 59 50 49 51 56 60 35 50 53 0
49 52 59 42 58 42 47 41 53 57 0
58 42 49 58 36 58 46 58 47 54 0
50 51 48 49 55 46 40 53 50 46 0
66 43 52 47 59 55 53 41 46 51 0
51 53 41 46 46 42 49 66 43 45 0
58 46 45 44 35 51 56 58 50 39 0
60 46 50 45 60 46 44 42 63 44 0
51 41 59 51 46 63 57 51 52 49 0
42 58 47 47 54 54 52 60 53 54 0
55 41 63 51 44 35 56 49 52 42 0
55 67 46 44 44 43 42 49 56 47 0
47 47 52 43 45 46 42 44 72 43 0
52 46 46 43 45 65 47 41 43 55 0
44 62 48 49 48 40 30 56 37 43 0
57 48 54 55 54 50 52 45 46 57 0
46 67 53 55 55 45 56 46 46 65 0
49 37 44 51 57 52 59 38 41 61 0
45 63 54 52 57 68 35 49 41 50 0
39 45 39 54 45 55 55 53 36 40 0
52 57 62 53 46 50 46 45 60 51 0
56 57 57 39 54 53 44 46 66 57 0
54 46 51 38 46 49 50 51 53 55 0
44 45 48 55 49 44 54 53 54 63 0
54 52 53 46 50 43 56 56 45 41 0
53 42 49 59 49 54 44 39 47 46 0
44 54 35 51 43 45 56 45 52 59 0
43 60 59 51 51 61 54 52 51 54 0
41 44 44 47 63 48 34 48 35 47 0
38 43 40 57 54 44 46 59 43 58 0
45 38 52 52 40 52 47 55 49 36 0
62 53 52 55 46 62 56 48 49 59 0
48 33 41 48 47 53 41 57 42 42 0
52 48 38 55 49 61 47 52 57 59 0
50 44 57 43 59 47 54 54 52 46 0
43 55 40 60 50 47 40 48 38 49 0
49 39 56 48 55 47 50 48 59 48 0
38 51 48 43 61 56 44 56 62 51 0
41 39 53 49 44 45 44 34 38 60 0
40 53 56 55 48 53 46 46 53 41 0
50 45 50 45 50 60 42 43 49 58 0
50 54 49 46 51 39 49 48 37 48 0
58 42 57 48 50 54 49 44 54 51 0
48 43 48 36 38 58 35 39 54 54 0
48 48 40 48 60 46 51 51 52 56 0
49 48 41 42 60 42 50 33 62 48 0
65 39 48 45 50 50 40 50 47 53 0
51 50 47 49 47 46 55 62 37 46 0
47 48 44 54 46 53 58 40 48 45 0
33 56 54 52 51 53 49 54 45 40 0
40 45 51 39 45 49 44 67 47 54 0
37 55 48 50 45 53 57 52 40 56 0
36 46 45 34 43 52 45 54 49 54 0
51 49 48 55 51 56 41 50 53 53 0
41 45 38 56 54 60 50 47 49 46 0
41 57 48 48 40 54 51 54 62 56 0
49 58 42 57 44 40 66 52 53 44 0
39 45 60 49 54 42 58 52 47 44 0
51 44 53 47 40 50 44 59 48 40 0
38 40 44 57 43 40 51 54 54 47 0
45 34 50 52 53 46 56 47 49 62 0
42 48 52 48 43 66 51 40 53 55 0
50 49 40 50 36 55 50 61 46 47 0
51 45 39 58 46 66 62 59 47 45 0
50 37 47 51 59 56 47 67 42 49 0
55 47 45 44 46 48 58 51 48 42 0
55 55 51 54 48 43 51 52 42 49 0
53 42 46 43 32 43 47 37 54 51 0
53 51 64 59 54 53 48 62 51 44 0
52 49 46 42 52 70 44 59 46 50 0
42 54 57 58 45 43 48 63 52 48 0
52 52 48 51 52 51 52 40 55 40 0
42 49 48 51 43 49 52 44 60 63 0
58 45 46 52 52 47 50 55 48 53 0
42 61 48 42 49 51 56 54 59 44 0
49 40 48 59 46 35 46 56 51 57 0
60 44 52 41 50 56 51 54 50 56 0
49 51 53 44 54 47 53 49 40 46 0
37 51 61 52 33 47 47 50 47 38 0
56 44 50 52 46 41 52 37 40 49 0
47 44 48 46 62 56 47 47 46 58 0
40 45 42 57 55 50 53 43 53 51 0
64 58 42 49 58 53 60 65 43 59 0
50 53 42 44 49 45 60 41 52 50 0
35 41 44 59 46 51 56 51 57 45 0
46 47 56 49 46 43 55 56 60 45 0
36 52 50 53 48 57 52 55 47 52 0
44 49 42 41 47 49 61 50 46 58 0
63 52 54 40 62 39 50 53 50 49 0
42 51 52 44 51 47 54 49 51 46 0
51 64 48 66 52 46 44 47 44 52 0
51 44 63 53 45 47 49 50 48 49 0
44 51 68 37 46 55 58 47 56 61 0
50 58 44 57 46 50 43 45 51 57 0
41 62 38 33 56 55 54 65 59 55 0
50 53 52 53 46 52 56 38 46 60 0
63 45 46 53 57 45 45 46 39 52 0
53 58 40 50 51 42 54 44 43 49 0
61 41 48 44 47 47 53 52 42 52 0
44 45 40 61 54 47 34 55 53 52 0
53 50 55 45 44 41 53 57 50 51 0
45 50 64 40 49 57 58 53 54 53 0
42 50 44 58 47 55 51 53 63 53 0
44 49 38 56 57 61 41 45 41 46 0
60 62 46 50 47 42 37 45 72 39 0
45 51 58 41 46 53 45 44 41 51 0
41 61 51 69 56 50 46 50 63 44 0
68 46 41 41 50 66 65 46 55 52 0
57 45 44 53 54 49 51 40 61 50 0
47 48 69 41 50 50 54 53 38 36 0
59 45 42 73 44 45 43 53 43 52 0
49 60 44 50 50 56 45 70 57 45 0
36 48 58 44 40 63 57 62 57 52 0
62 47 43 45 51 56 55 43 52 48 0
55 48 41 50 50 43 51 56 53 39 0
54 47 55 39 62 47 43 33 42 59 0
36 40 52 48 42 52 49 44 61 41 0
50 57 50 46 59 56 46 60 37 41 0
51 30 50 50 54 49 56 41 50 54 0
57 62 52 46 51 53 50 50 53 44 0
46 45 58 47 46 57 49 50 44 47 0
48 51 46 50 42 44 42 61 56 61 0
57 59 43 55 51 66 44 43 54 46 0
51 30 50 39 45 45 48 52 54 59 0
43 57 50 52 35 47 70 55 46 46 0
49 52 57 51 59 53 49 54 64 44 0
51 36 44 57 61 46 62 37 50 57 0
41 65 64 52 35 48 66 63 65 44 0
50 44 49 29 48 53 54 41 53 50 0
59 53 50 40 46 53 48 58 54 51 0
41 49 54 46 52 60 45 63 55 45 0
41 52 35 51 27 54 47 50 46 48 0
48 53 48 51 49 55 50 45 41 47 0
34 57 61 54 56 61 45 47 53 51 0
51 53 55 49 50 51 52 47 45 40 0
45 54 50 66 51 52 36 52 44 44 0
68 47 66 39 44 64 48 44 40 50 0
52 53 43 39 50 42 54 59 54 54 0
47 47 53 50 39 47 52 43 56 40 0
49 46 52 46 47 45 43 53 53 42 0
52 47 42 55 51 52 49 47 59 45 0
44 49 53 49 45 52 34 51 41 44 0
45 43 58 56 57 54 43 43 45 43 0
44 57 51 57 59 54 43 46 47 59 0
45 44 38 47 49 53 44 50 47 53 0
59 50 49 48 44 56 38 49 56 44 0
38 49 55 42 43 47 46 47 55 46 0
48 55 52 50 50 57 51 37 53 43 0
57 53 48 42 52 51 42 44 51 49 0
50 49 44 44 48 57 51 50 36 51 0
45 59 39 39 55 51 44 49 44 55 0
57 44 56 49 75 48 56 53 58 55 0
48 50 46 54 50 55 58 46 37 45 0
53 66 46 48 52 43 47 49 46 50 0
44 50 57 57 52 50 48 46 52 54 0
55 47 50 56 44 44 58 47 47 60 0
54 45 56 45 40 55 41 47 39 52 0
55 44 49 52 53 33 48 46 43 55 0
67 40 45 49 51 49 56 51 35 39 0
62 57 46 44 45 47 51 52 63 51 0
41 50 50 44 52 62 36 61 45 49 0
49 55 46 43 57 45 58 47 49 53 0
57 57 35 52 52 45 51 61 52 65 0
41 52 54 58 47 55 47 45 64 47 0
50 47 46 46 50 48 46 53 60 55 0
45 43 46 45 47 65 51 48 56 53 0
36 49 44 52 61 47 45 44 55 43 0
49 48 48 48 47 61 59 49 46 49 0
43 65 61 43 44 44 46 52 52 45 0
62 43 52 47 51 53 41 61 39 42 0
38 41 57 51 45 45 48 56 63 68 0
41 57 46 45 42 56 48 58 47 51 0
50 46 55 45 49 46 34 57 43 45 0
50 52 58 51 51 52 49 50 53 53 0
43 45 59 48 55 51 53 38 57 48 0
50 41 50 56 49 50 58 52 42 45 0
48 54 43 52 50 50 45 40 57 55 0
64 45 70 32 55 63 47 58 42 42 0
38 53 46 54 49 55 48 48 37 55 0
49 48 59 48 55 57 55 52 41 57 0
54 52 52 58 44 51 54 53 44 43 0
54 58 54 50 48 51 45 42 47 44 0
43 50 41 57 46 50 52 52 55 40 0
46 44 69 53 54 39 46 41 46 47 0
50 55 47 43 46 48 46 56 54 49 0
42 61 37 56 42 54 49 59 55 57 0
55 36 52 46 50 45 64 50 44 42 0
57 60 45 53 47 51 57 43 54 48 0
58 51 44 50 51 46 52 45 57 43 0
39 49 52 36 51 50 37 57 56 52 0
67 48 48 49 57 48 49 40 47 45 0
57 59 54 49 51 52 42 60 45 45 0
54 60 63 52 64 46 44 46 47 51 0
54 57 63 50 54 50 38 43 43 56 0
46 40 54 48 55 62 50 51 41 51 0
45 41 49 56 44 56 52 57 48 48 0
45 53 50 48 45 53 46 50 61 52 0
54 36 63 51 55 56 45 61 50 44 0
55 57 48 49 48 60 44 48 46 47 0
52 38 47 61 42 40 57 46 59 55 0
52 55 44 47 45 28 51 53 49 65 0
51 47 50 56 44 56 69 39 53 49 0
53 55 41 64 54 42 52 49 57 54 0
51 63 44 44 38 50 49 39 51 53 0
64 38 56 45 45 50 42 37 59 51 0
51 60 53 52 48 56 51 43 52 62 0
34 42 69 46 50 47 46 41 46 53 0
46 56 46 51 48 60 41 49 49 39 0
45 44 52 46 45 51 49 53 47 54 0
57 46 51 54 51 67 45 50 46 45 0
61 42 43 71 41 51 49 45 50 43 0
67 43 66 49 37 49 47 38 55 56 0
46 57 53 45 49 54 37 44 47 46 0
42 44 49 42 45 52 53 49 44 62 0
45 64 39 44 66 56 45 40 51 51 0
53 49 46 43 51 50 49 53 41 53 0
60 58 53 53 47 54 44 49 49 53 0
51 48 48 60 50 53 69 39 50 49 0
45 56 51 49 50 59 52 47 39 44 0
52 46 39 40 51 45 62 39 57 59 0
50 57 66 38 44 44 45 40 52 53 0
54 48 53 44 50 44 49 62 57 35 0
41 41 55 48 60 46 53 49 43 48 0
44 44 59 47 43 55 54 43 45 54 0
58 45 42 41 55 43 39 43 45 55 0
65 55 42 54 54 47 49 61 47 49 0
58 57 48 44 45 45 48 51 42 40 0
47 58 48 45 47 50 45 49 51 56 0
45 44 54 48 38 48 34 42 53 46 0
54 47 52 56 38 53 60 56 57 46 0
49 61 57 43 60 49 55 50 46 65 0
52 56 41 50 35 49 49 53 50 55 0
64 49 56 47 65 47 49 39 63 45 0
52 51 52 46 50 54 54 49 42 62 0
43 47 48 52 52 47 51 37 56 50 0
48 54 45 56 43 47 41 52 33 52 0
50 58 42 45 48 54 58 46 44 39 0
43 48 47 66 60 56 50 47 46 59 0
44 45 45 54 60 37 54 45 57 47 0
57 59 57 38 61 54 68 50 43 49 0
59 58 68 47 52 44 47 47 58 45 0
45 57 49 55 35 42 48 48 47 46 0
46 49 39 50 62 42 50 44 57 47 0
56 52 53 56 51 45 55 52 40 50 0
52 45 44 54 47 52 50 58 58 51 0
45 47 45 66 45 60 51 55 44 52 0
43 61 51 48 45 39 50 49 58 54 0
59 56 49 45 65 40 56 41 61 42 0
63 38 60 50 49 60 48 63 57 48 0
48 65 46 48 44 57 51 62 54 63 0
52 35 44 45 59 46 56 45 43 52 0
51 38 42 61 50 45 44 46 46 39 0
52 50 70 52 52 55 52 63 47 44 0
44 64 49 58 55 42 40 48 49 57 0
53 45 50 48 53 48 55 51 49 56 0
51 58 48 55 66 58 39 56 49 57 0
52 49 58 34 45 59 46 56 45 42 0
41 45 55 50 51 58 41 49 43 64 0
57 47 40 61 53 40 41 50 57 54 0
51 46 55 44 44 58 52 66 37 47 0
47 60 57 66 48 50 47 46 33 51 0
54 47 42 55 51 45 49 43 37 67 0
51 44 46 56 55 54 52 50 48 50 0
44 58 45 53 45 50 50 47 52 53 0
52 47 51 38 59 57 54 56 48 47 0
48 40 50 61 46 47 48 48 46 49 0
49 50 62 58 62 48 53 49 59 49 0
53 55 51 59 44 49 43 46 53 55 0
49 54 52 50 55 48 51 49 45 53 0
43 50 54 45 50 44 49 43 54 42 0
58 37 50 51 45 59 43 49 57 56 0
47 49 44 46 50 48 54 37 62 53 0
56 52 58 41 48 50 53 54 46 55 0
49 51 44 51 69 52 50 40 48 55 0
40 50 42 42 51 58 47 48 37 46 0
63 46 52 43 41 54 43 52 53 54 0
48 42 49 46 47 43 62 56 44 52 0
52 53 54 57 31 56 57 37 54 53 0
46 51 59 43 49 41 53 51 73 50 0
38 48 57 52 57 48 51 47 45 53 0
51 59 43 59 50 53 52 40 65 48 0
51 64 35 55 46 49 50 47 60 49 0
59 57 51 55 54 36 46 49 33 49 0
49 50 41 49 51 53 53 55 48 49 0
55 52 52 55 60 48 45 59 55 64 0
40 52 49 42 64 48 60 46 46 52 0
48 54 57 48 39 53 50 49 44 44 0
62 55 52 60 53 45 48 61 45 48 0
59 56 46 43 38 39 64 50 55 60 0
45 51 46 45 51 47 55 48 51 45 0
62 49 57 49 60 54 49 47 44 45 0
52 50 45 52 52 46 50 45 57 53 0
54 40 43 50 59 53 61 48 48 41 0
51 44 45 43 51 55 48 44 47 63 0
48 38 64 45 52 45 50 47 55 56 0
45 41 55 64 51 68 49 44 39 62 0
35 59 47 45 64 58 49 48 46 51 0
58 62 47 55 50 39 36 46 66 49 0
48 41 53 57 45 48 50 44 53 54 0
41 60 44 60 47 42 49 49 57 52 0
49 54 42 45 43 45 55 56 50 53 0
33 51 46 50 45 54 55 62 67 41 0
53 38 55 47 43 46 48 54 52 47 0
41 61 49 49 43 40 51 48 43 43 0
56 41 43 62 57 36 42 51 40 41 0
52 54 49 45 58 34 50 46 51 52 0
45 49 46 49 64 49 57 49 45 34 0
50 44 55 58 53 44 44 50 64 55 0
63 63 59 48 43 45 37 44 64 53 0
55 38 51 60 52 48 56 54 53 41 0
43 49 53 52 45 57 58 63 40 67 0
57 42 58 56 54 39 51 44 53 42 0
65 40 57 71 55 47 52 40 48 49 0
54 49 47 39 43 48 49 51 46 44 0
34 46 62 44 48 48 47 32 52 44 0
49 46 55 39 49 51 51 41 38 46 0
46 44 38 45 49 53 46 55 53 47 0
41 37 55 51 49 51 50 38 52 56 0
45 57 51 41 48 47 52 44 39 54 0
52 45 47 54 46 50 45 35 60 56 0
50 36 43 53 48 44 55 45 48 55 0
39 52 52 65 52 42 43 58 51 45 0
49 54 46 57 55 66 49 48 36 41 0
44 59 50 46 41 41 53 43 51 48 0
39 49 48 48 50 40 47 53 56 44 0
59 39 55 52 59 48 63 58 48 45 0
46 41 49 47 55 49 46 56 49 49 0
47 42 56 41 52 52 63 43 37 50 0
40 46 48 39 54 35 42 46 50 46 0
50 53 48 54 48 50 54 47 51 56 0
46 48 57 38 55 36 39 35 51 55 0
64 40 50 45 41 60 36 48 44 54 0
48 35 52 55 47 40 59 52 46 66 0
45 49 51 58 47 57 51 52 56 47 0
64 44 55 55 57 46 49 55 49 52 0
48 42 59 49 51 51 49 56 33 52 0
58 51 54 36 48 47 52 49 46 43 0
38 32 55 57 44 49 50 58 45 36 0
48 51 63 60 60 43 42 41 42 43 0
44 51 55 50 45 57 39 56 49 42 0
62 41 53 48 47 48 43 39 48 34 0
48 57 44 46 44 40 46 61 48 47 0
41 47 49 47 50 44 47 52 49 43 0
48 60 58 45 47 42 57 45 55 51 0
44 52 65 60 36 29 44 58 52 49 0
47 47 54 56 57 52 40 56 59 66 0
49 49 53 50 50 58 39 41 49 44 0
53 59 61 50 51 56 40 54 59 48 0
38 65 46 45 45 33 40 46 46 50 0
45 46 63 36 54 47 44 55 56 56 0
69 50 53 52 50 39 51 63 68 41 0
47 57 42 39 49 40 48 54 62 46 0
39 53 45 47 50 45 40 43 50 54 0
50 39 47 63 49 46 45 47 50 52 0
53 39 55 37 47 55 52 64 43 55 0
48 41 53 47 56 51 53 52 40 35 0
48 57 60 41 52 52 53 48 42 52 0
41 64 53 43 48 52 45 47 67 49 0
38 56 48 42 49 43 46 48 37 39 0
36 43 61 55 63 51 38 56 61 46 0
45 56 63 61 44 58 52 59 57 48 0
47 56 46 44 48 51 62 44 48 38 0
55 57 48 49 56 41 49 53 53 42 0
41 56 56 47 56 50 41 52 55 58 0
47 48 46 47 47 38 50 47 51 49 0
49 42 48 43 48 50 63 53 56 50 0
50 50 44 51 33 51 49 56 63 34 0
55 40 57 49 60 58 56 51 40 44 0
44 51 49 59 50 60 52 45 48 45 0
46 34 53 53 49 49 54 59 47 51 0
57 43 45 48 63 51 51 52 58 38 0
54 44 46 39 55 56 43 60 62 51 0
54 48 48 57 48 44 38 57 46 49 0
38 39 61 50 49 43 50 57 57 57 0
60 49 56 36 52 54 58 52 45 44 0
47 53 50 39 51 50 60 46 51 61 0
47 44 34 56 64 39 53 43 60 56 0
54 54 49 62 40 46 46 55 48 63 0
44 53 39 51 51 39 58 42 51 40 0
38 47 49 57 42 51 50 41 46 41 0
43 51 58 47 51 39 54 52 44 45 0
51 51 65 35 56 47 53 45 46 51 0
53 44 59 47 43 44 38 39 57 53 0
47 57 46 51 50 43 56 52 56 42 0
50 45 50 61 39 54 35 45 55 53 0
56 41 48 59 57 60 49 51 39 43 0
41 42 51 70 49 52 54 39 44 51 0
58 52 54 56 43 44 43 53 61 42 0
49 55 45 49 46 38 45 39 42 58 0
45 63 49 49 55 50 49 51 51 39 0
45 48 57 54 35 47 48 45 50 43 0
47 53 57 35 48 41 56 58 59 57 0
44 54 58 51 52 61 48 63 63 43 0
49 41 37 57 42 56 46 48 39 39 0
49 40 42 44 46 52 52 48 45 47 0
51 46 45 45 48 59 60 43 50 57 0
47 48 47 49 44 57 47 53 44 45 0
48 74 49 44 37 40 39 55 55 55 0
50 50 45 50 56 59 55 62 37 40 0
51 50 41 54 54 57 53 47 51 45 0
50 50 50 53 44 49 56 62 51 55 0
63 49 55 46 44 56 54 56 52 45 0
51 52 56 48 45 46 50 50 37 47 0
50 47 51 63 50 46 45 51 54 50 0
51 53 50 57 54 42 47 55 51 40 0
48 41 50 56 48 42 53 58 50 46 0
53 54 42 63 55 48 39 54 44 50 0
42 56 51 51 40 46 44 49 44 49 0
52 50 53 53 57 48 44 40 41 53 0
45 57 57 54 48 55 39 46 60 62 0
39 60 48 56 51 50 46 48 56 59 0
51 52 43 56 73 39 59 56 37 57 0
37 67 45 40 54 47 53 41 58 51 0
47 37 44 40 43 51 50 57 53 48 0
45 54 55 53 44 63 43 46 48 49 0
55 52 58 59 44 44 40 42 50 63 0
57 46 49 45 55 47 56 39 49 48 0
34 46 55 40 55 59 47 48 45 47 0
43 53 50 53 43 47 48 58 56 60 0
46 46 59 49 45 53 50 47 56 55 0
41 51 30 48 48 45 45 40 49 58 0
53 52 48 50 40 44 47 56 41 35 0
43 55 42 51 52 46 50 44 55 43 0
39 48 53 36 48 57 62 56 55 52 0
52 38 56 57 59 53 50 42 53 55 0
44 42 59 61 50 52 54 47 54 62 0
52 46 50 49 57 60 49 55 68 61 0
60 41 51 42 51 46 37 53 56 40 0
59 60 44 56 48 46 54 59 52 53 0
52 66 47 52 49 53 55 38 56 47 0
47 41 37 44 40 48 53 51 50 28 0
40 66 58 51 51 51 52 48 38 49 0
44 45 49 49 54 66 51 39 42 44 0
43 39 57 57 47 57 36 59 44 51 0
34 40 43 65 59 55 40 49 56 42 0
45 42 39 46 50 58 49 57 46 49 0
51 53 45 44 37 50 47 47 51 48 0
47 48 48 51 40 67 46 50 59 62 0
50 50 66 52 56 42 52 51 62 40 0
60 41 44 45 50 46 56 48 49 61 0
65 47 52 59 38 49 54 44 55 55 0
58 53 58 54 48 42 59 49 59 52 0
64 43 42 45 57 51 39 54 46 48 0
54 58 48 72 53 59 51 52 49 52 0
62 60 58 56 39 39 60 38 54 43 0
65 50 49 37 34 53 41 33 57 38 0
55 53 47 56 62 55 39 50 51 52 0
50 53 46 41 52 68 40 51 47 41 0
55 55 54 48 52 59 44 51 53 52 0
47 52 47 48 46 54 53 58 48 50 0
45 48 52 55 40 56 59 51 45 61 0
44 38 51 42 51 49 39 57 44 52 0
46 41 49 41 51 53 38 60 50 60 0
60 52 56 51 43 34 42 61 45 43 0
44 43 40 49 48 50 45 41 47 66 0
56 57 52 48 44 60 55 47 40 65 0
42 38 46 51 43 48 49 45 59 45 0
40 48 35 48 44 42 48 50 55 54 0
54 54 40 38 50 56 43 56 48 43 0
47 51 49 51 53 50 48 61 45 45 0
56 44 48 45 38 35 50 59 57 47 0
34 55 56 40 43 51 39 39 50 72 0
58 45 53 53 39 62 49 40 46 59 0
52 41 46 56 47 44 50 53 57 42 0
67 40 54 55 40 43 56 39 50 41 0
53 51 56 55 52 47 52 50 57 66 0
56 44 58 44 39 49 66 43 51 54 0
53 44 58 44 44 53 49 47 51 47 0
47 40 44 56 51 58 41 47 52 43 0
46 47 44 45 49 33 40 53 49 59 0
44 50 59 56 54 48 44 45 66 60 0
51 43 43 58 46 58 49 59 36 41 0
53 57 53 45 44 44 52 65 62 48 0
46 50 63 55 46 52 50 51 47 58 0
57 40 47 50 51 41 53 47 55 49 0
33 47 45 57 51 54 57 47 54 46 0
57 34 49 52 55 51 54 45 54 48 0
49 48 44 57 39 59 42 43 48 54 0
52 58 52 50 64 45 35 44 41 58 0
45 52 54 41 54 44 50 46 51 57 0
41 52 47 44 65 45 59 56 47 42 0
55 55 48 60 37 55 55 49 41 66 0
43 50 45 49 35 38 45 46 44 52 0
54 44 51 56 51 49 51 53 63 45 0
59 46 41 41 45 61 43 45 49 62 0
49 65 66 50 53 66 33 60 44 51 0
57 59 49 63 52 49 48 50 61 59 0
56 53 59 51 41 48 49 44 64 48 0
44 46 49 51 49 73 44 58 48 58 0
48 49 44 46 53 60 51 58 50 56 0
55 52 61 52 45 46 49 38 51 40 0
45 46 59 48 39 52 55 56 52 40 0
49 40 52 46 54 42 58 43 43 58 0
46 57 31 56 56 49 36 47 52 57 0
51 49 46 45 53 49 52 46 41 50 0
