37 0 0 1 0 0 1 0 0 1 0
53 0 0 1 0 0 0 0 0 0 0
51 1 0 40 0 0 0 0 0 21 0
47 42 10 1 1 0 0 0 6 0 0
54 0 0 9 0 1 7 0 6 2 0
59 0 0 23 14 0 0 0 0 7 0
42 0 0 41 19 1 1 0 0 0 0
58 0 0 46 1 0 2 1 0 26 0
50 1 1 38 5 2 4 1 2 1 0
65 0 0 45 53 28 3 5 0 7 0
50 32 21 0 0 0 0 0 35 0 0
58 0 0 29 0 0 0 0 4 31 0
60 5 0 42 3 0 0 0 0 0 0
51 0 0 7 0 0 18 0 0 0 0
42 8 21 0 0 1 4 0 6 0 0
55 1 0 26 0 0 0 0 2 0 0
55 0 0 17 19 16 0 1 4 2 0
47 0 0 29 0 0 0 0 0 28 0
52 16 0 0 0 0 13 0 0 0 0
44 0 0 0 0 0 16 0 0 0 0
57 46 40 9 0 0 0 0 6 0 0
46 0 0 46 0 0 0 0 0 37 0
49 0 0 40 13 3 0 0 0 0 0
45 0 0 32 26 0 0 0 0 0 0
39 0 0 20 13 0 0 0 1 1 0
52 0 0 13 0 2 0 3 0 0 0
56 0 0 0 0 0 37 1 0 4 0
54 40 8 1 0 0 0 0 0 5 0
44 3 0 54 25 27 2 0 3 1 0
52 1 0 36 0 1 9 0 0 36 0
53 0 0 30 11 9 0 0 0 0 0
43 2 0 49 26 6 0 16 8 0 0
43 1 0 27 0 0 0 0 0 2 0
41 29 28 0 0 0 0 0 6 0 0
33 0 0 33 26 0 3 0 0 0 0
45 0 0 49 26 36 0 29 0 0 0
62 0 0 15 0 1 0 0 0 1 0
48 0 0 9 0 0 0 0 0 0 0
52 0 0 3 0 3 26 0 9 0 0
50 24 0 0 0 0 2 0 0 4 0
38 1 0 41 27 36 0 0 0 3 0
49 0 0 33 24 9 0 0 0 0 0
38 1 0 24 10 0 1 0 0 0 0
41 0 0 12 0 0 1 0 0 0 0
40 0 2 0 0 0 11 0 4 0 0
50 12 2 0 0 0 0 0 0 0 0
50 0 0 36 18 1 1 0 0 0 0
57 0 0 0 0 0 0 0 0 0 0
48 0 0 28 4 17 0 0 0 2 0
48 0 0 2 1 0 0 0 0 0 0
49 0 0 40 33 1 3 0 0 1 0
65 0 1 0 0 0 2 2 7 0 0
51 37 8 0 1 0 0 1 0 0 0
47 0 0 0 3 0 0 0 0 0 0
33 0 0 45 43 21 0 10 1 0 0
40 1 0 14 29 1 0 0 0 0 0
37 53 20 0 0 0 0 2 4 0 0
36 0 7 14 6 0 0 0 0 2 0
51 1 5 46 0 0 0 1 0 20 0
41 23 0 0 0 0 0 0 0 0 0
41 36 19 1 0 0 2 0 0 3 0
48 1 1 45 2 0 0 0 0 0 0
39 0 0 0 0 0 0 0 0 0 0
51 0 0 47 5 3 0 1 0 0 0
38 28 34 0 1 0 0 0 1 0 0
42 4 0 8 0 0 35 0 0 0 0
42 40 1 0 0 0 0 0 0 0 0
50 0 0 1 0 0 37 0 0 2 0
48 0 0 0 0 0 0 0 1 0 0
50 0 0 0 4 1 26 0 0 4 0
55 0 0 43 19 18 0 0 0 0 0
55 28 14 0 0 0 9 9 0 0 0
52 0 0 26 21 7 0 0 0 1 0
52 1 0 54 24 0 0 0 0 0 0
52 0 0 3 1 0 32 0 0 0 0
42 47 22 0 0 0 0 0 14 0 0
51 0 0 43 0 0 0 0 0 13 0
42 0 0 31 0 0 0 0 0 38 0
58 0 6 20 29 2 0 1 0 1 0
42 0 0 39 15 7 0 8 0 0 0
48 32 30 0 0 0 0 0 10 1 0
60 4 0 36 26 24 0 6 0 2 0
49 2 0 36 0 3 0 1 1 18 0
36 48 15 0 0 0 0 1 8 0 0
54 25 36 1 0 5 0 0 6 0 0
47 0 0 0 0 0 25 0 0 0 0
40 0 0 21 19 12 0 1 0 0 0
64 0 0 41 0 0 0 0 0 32 0
50 0 1 12 0 0 0 0 0 24 0
35 0 0 54 26 0 0 0 4 0 0
46 41 0 0 0 0 3 0 0 0 0
36 36 38 1 0 0 0 0 0 0 0
44 0 2 32 15 12 0 5 1 0 0
63 3 0 31 12 0 0 0 1 0 0
42 0 0 41 32 22 0 0 0 0 0
51 33 0 0 0 0 0 0 0 0 0
51 0 0 49 38 16 0 24 0 2 0
44 51 14 0 0 0 0 0 13 0 0
48 2 0 0 0 0 0 0 0 0 0
41 18 0 0 0 0 0 0 0 2 0
49 1 0 36 33 3 0 0 0 1 0
62 0 0 37 42 27 0 0 0 0 0
53 0 0 29 36 12 0 13 0 6 0
61 32 34 0 0 0 0 0 0 0 0
44 0 0 44 10 0 1 0 0 0 0
53 0 0 44 0 0 0 0 0 0 0
45 23 12 4 1 2 1 0 1 5 0
42 43 27 0 13 0 2 0 0 2 0
43 0 0 23 34 17 0 0 0 13 0
60 1 2 0 0 0 0 0 0 0 0
45 0 5 18 23 15 0 8 0 0 0
41 1 0 51 4 0 2 0 0 0 0
66 31 14 0 0 0 0 1 0 0 0
57 3 0 40 0 6 0 0 0 0 0
46 0 0 0 0 0 49 1 0 0 0
59 0 0 0 1 1 3 0 0 0 0
49 0 3 36 20 0 0 1 0 0 0
36 0 0 0 0 1 5 1 0 2 0
62 0 0 42 0 0 5 0 0 0 0
55 1 0 23 0 4 0 0 7 8 0
54 0 0 0 4 6 26 0 1 8 0
36 31 21 0 0 0 0 0 30 0 0
50 0 0 36 0 0 0 0 1 2 0
51 26 37 0 0 0 0 0 20 0 0
57 1 0 42 36 9 0 0 0 1 0
46 0 0 45 6 14 0 0 4 0 0
48 8 0 38 0 0 0 0 0 17 0
57 0 2 29 0 0 1 0 0 0 0
51 0 9 34 26 7 0 0 0 0 0
43 0 0 38 16 4 0 0 0 0 0
49 51 0 0 0 0 0 0 0 3 0
51 0 1 0 0 0 44 0 0 0 0
41 43 25 0 0 5 0 0 0 0 0
50 28 0 0 0 0 0 1 0 1 0
59 0 2 32 33 27 1 19 0 2 0
41 0 1 25 0 0 0 0 0 4 0
41 9 0 19 1 0 0 0 0 0 0
48 22 14 0 5 0 0 0 6 0 0
33 0 0 0 0 0 0 0 3 2 0
51 47 22 0 0 0 0 0 13 0 0
45 14 0 0 0 2 0 0 0 0 0
68 0 0 4 4 0 0 0 0 2 0
52 0 0 8 0 0 0 0 0 13 0
47 0 0 23 0 0 0 1 1 0 0
49 0 0 46 26 10 0 10 0 2 0
52 0 0 54 40 13 0 17 0 0 0
44 0 0 43 35 35 0 31 0 0 0
45 0 0 0 0 0 0 0 0 0 0
44 0 0 34 21 0 0 0 0 0 0
45 3 1 16 0 0 1 0 0 1 0
59 47 0 0 0 0 2 0 1 0 0
38 0 0 0 0 5 0 0 0 3 0
48 0 1 0 0 0 22 0 2 0 0
57 26 0 0 0 0 0 0 0 0 0
50 0 0 0 0 0 4 0 0 0 0
44 0 2 0 0 0 0 0 0 0 0
57 24 34 0 10 0 0 0 3 0 0
46 48 27 0 0 6 0 0 14 0 0
53 0 0 43 37 23 0 33 0 0 0
44 0 0 50 25 3 0 1 0 0 0
55 38 15 0 1 0 0 0 5 0 0
54 0 0 32 25 22 3 0 0 0 0
55 31 7 5 0 0 0 0 0 0 0
67 31 17 0 0 2 2 0 16 0 0
61 0 0 31 3 0 1 0 0 0 0
41 50 48 4 0 0 0 0 1 0 0
49 0 0 34 16 10 0 0 0 0 0
57 0 0 0 1 0 41 6 0 0 0
41 0 2 38 17 18 0 13 0 0 0
50 2 0 0 0 0 2 0 0 0 0
45 0 0 0 0 1 0 1 0 0 0
33 0 0 46 28 0 0 0 0 2 0
49 0 0 42 32 0 0 0 0 0 0
43 3 0 30 29 19 0 6 1 1 0
61 0 0 21 1 0 0 1 0 6 0
35 1 0 0 0 0 40 1 1 1 0
41 1 0 0 0 0 0 0 0 0 0
50 4 4 27 29 12 0 0 0 2 0
50 39 26 0 0 1 0 0 4 1 0
43 0 0 41 33 39 0 1 0 0 0
50 0 0 46 0 0 2 0 0 29 0
48 1 0 51 47 35 0 0 0 0 0
64 0 0 0 0 0 27 0 1 0 0
38 40 36 0 0 0 0 0 2 1 0
49 0 0 0 1 0 32 0 0 0 0
54 51 28 5 0 0 0 0 7 0 0
51 0 0 49 0 0 0 0 1 0 0
43 35 12 1 0 0 0 4 0 0 0
44 28 47 1 0 0 0 1 12 3 0
50 4 0 2 0 0 0 0 0 1 0
42 2 0 43 1 0 1 0 0 0 0
55 0 0 0 0 0 5 0 0 0 0
57 35 2 1 0 0 0 0 0 0 0
58 0 0 46 49 43 0 8 0 1 0
39 34 24 0 1 0 0 0 5 0 0
67 0 0 0 0 4 22 1 1 0 0
57 54 48 0 0 0 0 0 2 0 0
54 1 4 47 0 0 0 3 1 0 0
54 0 0 31 13 5 0 0 0 0 0
46 19 28 0 0 5 0 0 0 0 0
45 0 0 39 0 0 0 0 2 1 0
45 0 0 43 35 34 0 11 0 0 0
54 21 0 1 1 0 0 6 3 2 0
55 0 0 2 0 0 15 0 0 0 0
52 36 4 1 0 0 0 0 1 4 0
52 47 37 0 5 0 0 0 0 0 0
51 1 0 55 0 0 0 0 0 0 0
51 0 1 22 0 1 0 0 0 33 0
51 0 0 37 17 20 0 3 0 0 0
64 0 0 0 0 1 0 0 0 2 0
51 0 0 6 1 0 5 0 0 0 0
34 0 8 37 5 0 0 0 0 4 0
46 0 3 0 0 2 0 0 0 0 0
45 26 3 2 0 1 0 0 0 0 0
57 0 2 12 4 0 0 1 0 0 0
61 0 0 58 20 9 0 6 0 0 0
66 0 0 28 0 0 1 0 0 9 0
45 0 0 42 4 0 0 0 0 25 0
42 0 0 0 0 0 0 0 0 2 0
45 43 0 0 0 0 1 0 0 0 0
53 44 3 0 0 0 0 0 1 0 0
60 0 0 4 1 4 4 1 2 8 0
50 35 34 4 0 0 0 0 0 0 0
45 1 0 37 46 0 1 0 0 0 0
47 40 10 2 0 0 0 0 0 0 0
50 0 0 4 0 0 0 0 0 0 0
54 39 34 0 0 0 0 1 2 0 0
41 0 0 41 0 0 0 1 0 12 0
44 0 0 37 17 0 0 1 0 0 0
58 35 2 0 0 0 0 0 0 0 0
65 53 16 5 1 0 0 0 10 0 0
58 0 0 14 0 0 0 0 0 0 0
47 2 1 29 0 1 0 0 0 39 0
45 0 1 1 0 0 32 0 0 0 0
53 0 0 0 0 0 21 0 0 0 0
44 0 0 0 0 0 9 0 0 0 0
52 5 0 37 16 25 0 0 3 1 0
62 1 0 0 4 1 0 0 0 0 0
52 0 0 36 0 0 0 0 6 1 0
43 40 0 0 0 6 0 0 5 1 0
48 0 0 47 26 8 0 0 0 0 0
50 1 0 0 0 1 0 0 0 0 0
43 0 0 65 0 0 0 0 0 55 0
44 0 0 3 0 0 0 0 2 0 0
57 0 4 21 20 9 3 4 0 0 0
59 37 11 0 0 1 0 0 3 3 0
45 49 0 0 0 0 0 1 4 0 0
45 0 0 36 1 0 0 1 0 0 0
56 0 0 47 0 0 0 1 0 29 0
52 0 0 40 21 26 0 12 0 0 0
45 0 0 33 0 0 0 0 1 8 0
39 0 0 4 0 0 50 0 0 0 0
59 0 0 1 0 0 0 0 0 0 0
63 36 22 0 0 0 0 1 0 0 0
48 64 16 0 0 0 0 0 0 0 0
48 0 0 0 0 0 0 0 0 0 0
51 0 0 32 0 0 0 0 0 2 0
52 16 4 0 0 0 1 0 0 1 0
44 0 0 2 0 0 0 0 0 0 0
53 0 0 2 0 1 16 0 0 0 0
51 42 0 0 0 2 0 0 0 0 0
52 25 52 0 1 4 0 0 14 0 0
41 0 1 41 3 0 0 0 0 52 0
57 0 0 56 0 0 0 1 6 13 0
51 21 0 1 0 0 0 4 0 0 0
47 2 0 47 0 0 0 0 0 4 0
54 12 0 0 1 0 0 0 0 0 0
51 0 0 36 23 12 0 2 0 1 0
44 0 0 47 19 1 0 0 0 5 0
52 0 1 28 32 27 1 0 0 0 0
46 0 0 48 22 9 0 3 1 0 0
49 0 9 16 0 0 0 0 0 0 0
53 46 20 0 0 0 1 0 0 0 0
49 0 0 1 0 0 0 0 0 1 0
43 0 0 35 9 1 0 0 0 1 0
58 21 16 2 0 0 3 0 0 0 0
46 0 0 1 0 0 6 0 0 0 0
56 50 23 2 0 0 0 0 6 5 0
49 0 0 25 1 0 0 0 1 0 0
40 45 27 0 7 0 0 0 4 0 0
63 11 23 1 0 0 0 0 18 0 0
48 0 0 8 0 3 0 0 0 0 0
52 46 1 0 0 3 0 1 0 0 0
46 0 0 41 36 0 0 0 0 0 0
38 0 0 39 8 2 0 2 0 0 0
51 0 0 10 0 0 0 0 1 0 0
51 0 0 52 4 3 0 1 0 0 0
59 0 3 1 0 0 18 0 0 0 0
49 0 0 0 0 0 0 0 0 0 0
55 28 6 0 0 0 0 7 0 2 0
40 0 0 37 50 0 0 0 2 0 0
48 46 24 4 0 0 0 0 1 0 0
62 0 0 0 0 1 0 0 3 0 0
59 0 0 18 8 9 0 2 0 0 0
45 38 23 0 0 1 0 0 0 0 0
62 46 54 3 0 1 0 0 27 0 0
52 0 2 26 35 0 0 0 0 0 0
54 0 0 0 3 0 3 0 0 0 0
51 0 1 33 19 2 0 1 0 0 0
48 34 46 1 0 0 0 3 1 0 0
45 0 1 56 30 0 0 1 0 0 0
35 0 0 33 55 51 3 0 0 0 0
58 2 0 54 0 0 0 0 0 38 0
45 1 0 32 0 1 0 0 2 4 0
41 58 12 0 2 0 0 0 0 0 0
49 8 4 0 1 0 1 0 0 0 0
33 47 0 0 0 0 0 3 0 0 0
53 0 0 26 0 0 4 0 0 9 0
41 0 0 0 0 0 48 0 0 0 0
54 20 6 0 0 0 0 0 0 5 0
52 27 0 0 3 0 1 0 1 0 0
45 0 0 0 3 0 8 0 0 1 0
47 0 0 42 38 0 0 0 0 0 0
63 0 0 28 0 0 0 0 0 0 0
55 0 0 40 25 16 1 2 0 0 0
43 0 0 0 0 0 32 0 0 6 0
57 7 0 0 0 0 22 0 0 0 0
65 32 21 0 0 0 8 0 0 11 0
54 0 0 36 0 0 0 0 0 1 0
34 25 0 0 0 0 0 0 1 0 0
49 0 0 0 0 2 0 0 3 0 0
45 0 0 18 0 0 0 0 0 0 0
37 0 0 41 25 15 0 0 6 0 0
38 0 0 31 0 0 0 0 0 0 0
50 0 0 0 0 1 0 0 0 0 0
48 12 0 0 0 0 2 0 3 1 0
39 0 0 38 0 0 2 0 2 24 0
49 0 1 46 27 27 0 0 0 0 0
44 0 0 3 0 3 30 0 0 1 0
38 44 6 0 0 0 3 0 4 0 0
56 0 0 26 27 10 1 9 0 0 0
46 4 0 42 23 13 0 7 0 0 0
47 0 0 37 21 4 1 4 0 0 0
40 39 35 4 4 0 2 0 29 0 0
50 0 1 27 0 0 1 1 0 0 0
46 0 1 20 25 0 0 0 0 0 0
64 10 28 0 0 0 1 0 0 0 0
48 2 0 54 0 1 3 0 0 0 0
45 0 0 5 0 4 1 0 0 0 0
60 0 0 34 18 3 0 0 0 0 0
48 0 0 46 34 33 0 4 0 0 0
57 0 4 20 17 18 0 4 0 0 0
38 0 0 57 28 6 0 0 0 0 0
48 0 0 50 0 0 0 0 0 30 0
44 37 19 5 1 0 3 0 5 0 0
62 0 0 35 28 9 0 5 0 0 0
48 47 29 0 2 1 0 0 13 0 0
41 0 0 42 37 32 3 5 0 0 0
48 22 6 0 3 0 7 0 1 0 0
44 45 21 0 0 0 0 0 0 0 0
47 39 7 0 0 0 0 1 0 0 0
48 0 0 0 0 0 2 0 1 0 0
53 0 0 0 0 0 1 7 2 0 0
38 2 1 43 30 0 0 0 0 2 0
45 0 3 34 48 2 0 0 0 0 0
69 0 0 0 0 0 0 0 0 0 0
47 0 0 0 1 0 12 0 0 1 0
38 0 0 0 0 0 18 0 1 0 0
47 13 11 8 0 0 0 0 29 0 0
53 0 0 30 1 0 0 0 1 0 0
48 33 0 0 0 0 0 0 3 0 0
48 3 0 40 29 23 0 0 0 0 0
41 0 0 4 0 6 0 0 0 0 0
38 0 3 0 0 0 17 0 0 4 0
33 0 0 45 20 0 0 0 0 0 0
44 3 0 55 1 0 0 1 0 21 0
47 46 28 0 3 0 0 1 28 0 0
55 35 9 0 0 0 1 0 0 0 0
41 5 0 37 0 4 0 0 0 0 0
47 0 0 2 1 0 0 0 0 1 0
49 0 0 39 41 18 0 21 8 0 0
50 0 0 40 17 9 0 0 0 0 0
55 0 2 37 35 22 0 0 0 1 0
44 30 23 1 0 1 4 0 0 0 0
46 0 1 0 0 1 19 0 0 0 0
57 33 0 0 0 1 0 0 1 0 0
54 22 29 3 0 0 0 0 0 1 0
52 0 0 45 30 32 0 26 0 0 0
38 0 0 0 0 4 40 0 0 5 0
60 22 0 3 0 1 0 0 1 2 0
47 0 1 22 15 4 0 3 0 0 0
47 0 0 31 1 2 3 1 0 5 0
52 0 0 59 26 1 0 0 0 0 0
44 1 0 0 1 0 57 0 0 0 0
38 0 2 45 23 2 0 0 0 1 0
42 19 0 0 0 0 0 0 0 0 0
51 1 0 10 4 0 0 0 1 1 0
53 32 0 2 3 0 0 0 0 3 0
46 0 2 46 31 0 0 0 2 0 0
50 0 0 0 0 0 0 0 1 0 0
56 0 0 2 1 0 35 0 0 5 0
41 0 2 68 38 38 0 25 0 0 0
57 0 0 0 3 0 40 1 1 0 0
49 20 0 6 0 0 2 0 0 0 0
45 55 26 0 0 1 0 0 22 0 0
44 1 0 50 26 26 0 15 0 0 0
46 45 24 0 5 0 1 0 33 0 0
44 52 49 0 3 0 0 4 0 0 0
49 0 0 40 33 38 0 19 0 0 0
48 25 9 0 0 0 0 0 0 0 0
51 0 2 15 4 5 1 1 0 0 0
47 0 0 20 0 0 0 0 0 0 0
48 0 0 0 0 0 32 1 2 0 0
50 0 0 5 0 0 0 3 0 0 0
51 1 0 54 25 21 1 10 0 0 0
50 42 0 2 0 0 0 1 1 0 0
63 13 0 0 0 0 0 0 0 1 0
51 1 1 32 20 0 1 0 0 0 0
50 0 3 0 0 0 5 0 0 0 0
49 4 2 45 0 0 0 0 0 16 0
48 2 0 0 0 0 0 2 0 1 0
53 0 4 0 0 1 5 1 0 0 0
41 0 1 37 3 1 0 0 0 0 0
52 8 0 1 0 0 0 3 0 0 0
45 0 0 39 4 0 0 0 0 0 0
39 0 10 34 1 0 0 0 0 3 0
49 0 0 1 8 0 0 0 0 0 0
37 64 9 0 0 0 3 0 0 3 0
45 18 0 7 0 1 0 0 0 0 0
45 0 2 0 0 0 0 0 0 0 0
55 0 0 0 7 0 37 0 0 0 0
56 0 0 0 0 0 0 0 1 0 0
34 16 25 0 1 0 0 0 0 1 0
43 16 0 1 4 0 0 2 1 0 0
46 0 0 0 0 0 0 0 0 0 0
41 0 0 0 2 1 39 0 0 0 0
53 1 0 19 4 6 0 1 0 0 0
40 0 0 47 30 0 0 0 3 0 0
39 36 0 0 1 0 1 0 0 0 0
52 0 0 52 4 1 0 0 1 1 0
44 34 0 0 1 1 0 0 0 0 0
52 0 0 0 0 0 0 2 0 0 0
60 15 0 0 0 0 0 0 7 0 0
59 15 0 0 4 0 0 0 1 0 0
52 0 0 29 3 0 1 0 2 0 0
46 0 0 32 6 10 1 0 0 0 0
40 55 3 0 0 0 0 0 0 0 0
44 1 0 34 23 8 1 1 0 0 0
43 0 0 0 0 0 0 0 0 0 0
32 0 0 57 12 5 0 0 3 0 0
43 0 0 0 0 0 0 0 0 0 0
47 0 0 0 0 0 20 0 9 0 0
47 23 34 2 0 0 0 0 0 0 0
50 1 0 40 0 7 0 1 0 14 0
59 0 0 45 2 0 2 0 0 50 0
62 4 0 0 2 0 0 1 0 0 0
58 0 0 25 0 0 0 2 0 0 0
64 15 0 2 0 2 0 0 0 0 0
53 40 29 0 0 2 0 0 0 0 0
62 2 0 34 1 0 0 0 0 0 0
64 0 0 0 0 0 38 0 0 0 0
54 47 0 0 0 0 0 0 0 0 0
50 0 0 40 0 1 2 4 0 7 0
55 0 0 25 0 0 0 0 0 27 0
47 0 0 2 4 3 0 0 0 3 0
45 33 4 1 0 0 0 0 2 0 0
44 5 0 40 26 21 0 0 0 0 0
46 31 26 1 0 0 0 0 22 0 0
59 0 0 21 0 1 1 0 5 0 0
44 0 0 0 0 0 0 0 0 0 0
56 14 0 0 1 0 0 1 0 0 0
42 38 28 0 0 1 4 0 0 0 0
40 36 28 0 0 0 0 0 24 0 0
54 2 0 20 14 0 0 0 0 0 0
47 0 0 42 4 0 0 3 0 0 0
56 38 7 0 1 0 0 0 0 0 0
34 38 0 0 0 0 0 0 0 3 0
58 42 46 0 0 0 1 0 30 0 0
52 0 0 25 11 0 0 0 3 0 0
67 0 0 0 0 0 43 0 0 0 0
53 23 27 1 0 0 0 0 9 0 0
56 30 0 0 3 0 0 0 0 1 0
52 40 13 0 1 0 0 1 3 0 0
47 11 6 6 0 0 0 0 0 0 0
46 0 0 13 0 0 0 0 8 0 0
43 48 52 0 0 0 0 0 37 0 0
51 0 0 0 0 0 0 0 0 7 0
53 2 0 29 11 0 0 0 0 0 0
46 0 1 31 3 0 5 4 0 2 0
57 0 0 46 0 0 1 0 0 0 0
33 46 0 0 0 0 0 0 0 0 0
55 0 2 30 15 0 0 0 5 0 0
49 0 0 0 0 0 23 0 0 0 0
52 0 0 26 7 0 1 0 0 2 0
45 0 0 2 7 0 0 0 0 1 0
41 0 0 31 22 10 0 1 1 0 0
54 0 0 50 7 17 0 8 1 1 0
43 0 0 40 9 2 1 0 0 0 0
54 0 0 16 6 0 0 0 1 0 0
59 3 0 0 1 0 1 0 4 0 0
49 36 25 0 0 0 0 0 1 1 0
57 57 38 0 0 0 0 1 9 0 0
56 0 0 39 35 10 0 4 0 0 0
44 36 22 0 0 0 0 0 0 0 0
48 47 37 0 0 0 0 0 24 0 0
55 48 39 0 0 0 0 0 12 0 0
45 0 0 34 18 12 0 7 2 0 0
49 0 0 25 1 0 0 3 0 1 0
45 1 0 16 0 0 1 0 0 10 0
47 21 3 0 1 4 0 0 1 0 0
