1.0000 0.0000 0.0000 0.0222 0.0000 0.0000 0.0172 0.0000 0.0000 0.0213 0.0000
1.0000 0.0000 0.0000 0.0238 0.0000 0.0000 0.0000 0.0000 0.0000 0.0000 0.0000
1.0000 0.0222 0.0000 0.7273 0.0000 0.0000 0.0000 0.0000 0.0000 0.4200 0.0000
1.0000 0.9767 0.2326 0.0204 0.0185 0.0000 0.0000 0.0000 0.1579 0.0000 0.0000
1.0000 0.0000 0.0000 0.2250 0.0000 0.0192 0.1400 0.0000 0.1017 0.0408 0.0000
1.0000 0.0000 0.0000 0.4694 0.2745 0.0000 0.0000 0.0000 0.0000 0.1321 0.0000
0.8571 0.0000 0.0000 0.9762 0.3276 0.0238 0.0213 0.0000 0.0000 0.0000 0.0000
1.0000 0.0000 0.0000 0.7931 0.0278 0.0000 0.0435 0.0172 0.0000 0.4815 0.0000
1.0000 0.0196 0.0208 0.7755 0.0909 0.0435 0.1000 0.0189 0.0400 0.0217 0.0000
0.9848 0.0000 0.0000 0.9574 0.8983 0.5091 0.0566 0.1220 0.0000 0.1373 0.0000
0.9804 0.6038 0.5122 0.0000 0.0000 0.0000 0.0000 0.0000 0.8140 0.0000 0.0000
1.0000 0.0000 0.0000 0.6591 0.0000 0.0000 0.0000 0.0000 0.0800 0.7949 0.0000
1.0000 0.1087 0.0000 0.9333 0.0500 0.0000 0.0000 0.0000 0.0000 0.0000 0.0000
1.0000 0.0000 0.0000 0.1373 0.0000 0.0000 0.3158 0.0000 0.0000 0.0000 0.0000
1.0000 0.1379 0.4468 0.0000 0.0000 0.0185 0.0769 0.0000 0.1132 0.0000 0.0000
1.0000 0.0244 0.0000 0.5098 0.0000 0.0000 0.0000 0.0000 0.0385 0.0000 0.0000
1.0000 0.0000 0.0000 0.3864 0.4318 0.3721 0.0000 0.0204 0.0714 0.0426 0.0000
1.0000 0.0000 0.0000 0.6744 0.0000 0.0000 0.0000 0.0000 0.0000 0.6512 0.0000
1.0000 0.3478 0.0000 0.0000 0.0000 0.0000 0.2766 0.0000 0.0000 0.0000 0.0000
1.0000 0.0000 0.0000 0.0000 0.0000 0.0000 0.5333 0.0000 0.0000 0.0000 0.0000
1.0000 0.9583 0.7407 0.1636 0.0000 0.0000 0.0000 0.0000 0.1304 0.0000 0.0000
1.0000 0.0000 0.0000 0.8364 0.0000 0.0000 0.0000 0.0000 0.0000 0.5692 0.0000
1.0000 0.0000 0.0000 0.7843 0.2281 0.0577 0.0000 0.0000 0.0000 0.0000 0.0000
1.0000 0.0000 0.0000 0.6154 0.4561 0.0000 0.0000 0.0000 0.0000 0.0000 0.0000
1.0000 0.0000 0.0000 0.3704 0.2889 0.0000 0.0000 0.0000 0.0278 0.0250 0.0000
1.0000 0.0000 0.0000 0.2453 0.0000 0.0400 0.0000 0.0667 0.0000 0.0000 0.0000
1.0000 0.0000 0.0000 0.0000 0.0000 0.0000 0.8409 0.0217 0.0000 0.0702 0.0000
1.0000 0.8696 0.1569 0.0263 0.0000 0.0000 0.0000 0.0000 0.0000 0.0909 0.0000
1.0000 0.0667 0.0000 0.9818 0.5102 0.6136 0.0370 0.0000 0.0556 0.0159 0.0000
0.9630 0.0192 0.0000 0.7826 0.0000 0.0233 0.1607 0.0000 0.0000 0.8780 0.0000
1.0000 0.0000 0.0000 0.5085 0.2245 0.1667 0.0000 0.0000 0.0000 0.0000 0.0000
0.9773 0.0370 0.0000 0.9608 0.6047 0.1333 0.0000 0.3556 0.1538 0.0000 0.0000
1.0000 0.0167 0.0000 0.5294 0.0000 0.0000 0.0000 0.0000 0.0000 0.0370 0.0000
1.0000 0.6591 0.6364 0.0000 0.0000 0.0000 0.0000 0.0000 0.1714 0.0000 0.0000
0.8684 0.0000 0.0000 0.5789 0.4815 0.0000 0.0652 0.0000 0.0000 0.0000 0.0000
1.0000 0.0000 0.0000 0.9423 0.6500 0.6923 0.0000 0.5273 0.0000 0.0000 0.0000
1.0000 0.0000 0.0000 0.2727 0.0000 0.0161 0.0000 0.0000 0.0000 0.0169 0.0000
1.0000 0.0000 0.0000 0.1875 0.0000 0.0000 0.0000 0.0000 0.0000 0.0000 0.0000
1.0000 0.0000 0.0000 0.0545 0.0000 0.0492 0.5532 0.0000 0.1579 0.0000 0.0000
1.0000 0.5455 0.0000 0.0000 0.0000 0.0000 0.0370 0.0000 0.0000 0.0870 0.0000
0.8837 0.0182 0.0000 0.6833 0.5400 0.7660 0.0000 0.0000 0.0000 0.0612 0.0000
1.0000 0.0000 0.0000 0.6875 0.4364 0.1915 0.0000 0.0000 0.0000 0.0000 0.0000
1.0000 0.0196 0.0000 0.5581 0.1639 0.0000 0.0227 0.0000 0.0000 0.0000 0.0000
1.0000 0.0000 0.0000 0.2449 0.0000 0.0000 0.0227 0.0000 0.0000 0.0000 0.0000
1.0000 0.0000 0.0357 0.0000 0.0000 0.0000 0.2391 0.0000 0.0755 0.0000 0.0000
1.0000 0.2667 0.0400 0.0000 0.0000 0.0000 0.0000 0.0000 0.0000 0.0000 0.0000
1.0000 0.0000 0.0000 0.7826 0.3529 0.0256 0.0204 0.0000 0.0000 0.0000 0.0000
0.9828 0.0000 0.0000 0.0000 0.0000 0.0000 0.0000 0.0000 0.0000 0.0000 0.0000
1.0000 0.0000 0.0000 0.7778 0.1053 0.2931 0.0000 0.0000 0.0000 0.0370 0.0000
1.0000 0.0000 0.0000 0.0417 0.0167 0.0000 0.0000 0.0000 0.0000 0.0000 0.0000
1.0000 0.0000 0.0000 0.9524 0.5500 0.0238 0.0600 0.0000 0.0000 0.0208 0.0000
1.0000 0.0000 0.0208 0.0000 0.0000 0.0000 0.0500 0.0400 0.1489 0.0000 0.0000
1.0000 0.7400 0.1702 0.0000 0.0213 0.0000 0.0000 0.0161 0.0000 0.0000 0.0000
1.0000 0.0000 0.0000 0.0000 0.0652 0.0000 0.0000 0.0000 0.0000 0.0000 0.0000
1.0000 0.0000 0.0000 0.8654 0.8431 0.3962 0.0000 0.1852 0.0222 0.0000 0.0000
1.0000 0.0222 0.0000 0.3590 0.6444 0.0204 0.0000 0.0000 0.0000 0.0000 0.0000
1.0000 0.9636 0.4167 0.0000 0.0000 0.0000 0.0000 0.0385 0.1000 0.0000 0.0000
1.0000 0.0000 0.1556 0.4118 0.1395 0.0000 0.0000 0.0000 0.0000 0.0370 0.0000
1.0000 0.0204 0.1042 0.8364 0.0000 0.0000 0.0000 0.0200 0.0000 0.3774 0.0000
1.0000 0.5111 0.0000 0.0000 0.0000 0.0000 0.0000 0.0000 0.0000 0.0000 0.0000
1.0000 0.6316 0.3958 0.0208 0.0000 0.0000 0.0392 0.0000 0.0000 0.0536 0.0000
0.9796 0.0172 0.0238 0.7895 0.0455 0.0000 0.0000 0.0000 0.0000 0.0000 0.0000
1.0000 0.0000 0.0000 0.0000 0.0000 0.0000 0.0000 0.0000 0.0000 0.0000 0.0000
1.0000 0.0000 0.0000 1.0000 0.1250 0.0600 0.0000 0.0169 0.0000 0.0000 0.0000
1.0000 0.7000 0.7727 0.0000 0.0233 0.0000 0.0000 0.0000 0.0185 0.0000 0.0000
0.9333 0.1176 0.0000 0.1538 0.0000 0.0000 0.6250 0.0000 0.0000 0.0000 0.0000
1.0000 0.8333 0.0192 0.0000 0.0000 0.0000 0.0000 0.0000 0.0000 0.0000 0.0000
1.0000 0.0000 0.0000 0.0200 0.0000 0.0000 0.7400 0.0000 0.0000 0.0426 0.0000
0.9412 0.0000 0.0000 0.0000 0.0000 0.0000 0.0000 0.0000 0.0213 0.0000 0.0000
1.0000 0.0000 0.0000 0.0000 0.0678 0.0179 0.5532 0.0000 0.0000 0.0816 0.0000
1.0000 0.0000 0.0000 0.9773 0.4130 0.3750 0.0000 0.0000 0.0000 0.0000 0.0000
1.0000 0.5091 0.2745 0.0000 0.0000 0.0000 0.1765 0.1731 0.0000 0.0000 0.0000
0.9811 0.0000 0.0000 0.6047 0.6562 0.1628 0.0000 0.0000 0.0000 0.0196 0.0000
0.9811 0.0196 0.0000 0.9153 0.4444 0.0000 0.0000 0.0000 0.0000 0.0000 0.0000
1.0000 0.0000 0.0000 0.0714 0.0192 0.0000 0.7273 0.0000 0.0000 0.0000 0.0000
1.0000 0.8704 0.3860 0.0000 0.0000 0.0000 0.0000 0.0000 0.2692 0.0000 0.0000
0.9808 0.0000 0.0000 0.8431 0.0000 0.0000 0.0000 0.0000 0.0000 0.3250 0.0000
1.0000 0.0000 0.0000 0.6078 0.0000 0.0000 0.0000 0.0000 0.0000 0.6032 0.0000
1.0000 0.0000 0.1304 0.3846 0.5577 0.0426 0.0000 0.0182 0.0000 0.0189 0.0000
1.0000 0.0000 0.0000 0.9286 0.3061 0.1373 0.0000 0.1481 0.0000 0.0000 0.0000
0.9796 0.8000 0.6250 0.0000 0.0000 0.0000 0.0000 0.0000 0.1961 0.0175 0.0000
1.0000 0.0909 0.0000 0.8780 0.5200 0.4286 0.0000 0.1111 0.0000 0.0357 0.0000
1.0000 0.0392 0.0000 0.8182 0.0000 0.0638 0.0000 0.0204 0.0250 0.3913 0.0000
0.9730 0.9412 0.2459 0.0000 0.0000 0.0000 0.0000 0.0200 0.1702 0.0000 0.0000
0.9643 0.5682 0.7200 0.0192 0.0000 0.1220 0.0000 0.0000 0.1500 0.0000 0.0000
1.0000 0.0000 0.0000 0.0000 0.0000 0.0000 0.5319 0.0000 0.0000 0.0000 0.0000
1.0000 0.0000 0.0000 0.3684 0.3455 0.2400 0.0000 0.0233 0.0000 0.0000 0.0000
1.0000 0.0000 0.0000 0.8367 0.0000 0.0000 0.0000 0.0000 0.0000 0.5424 0.0000
1.0000 0.0000 0.0238 0.2727 0.0000 0.0000 0.0000 0.0000 0.0000 0.4800 0.0000
1.0000 0.0000 0.0000 0.9153 0.5652 0.0000 0.0000 0.0000 0.0702 0.0000 0.0000
1.0000 0.8723 0.0000 0.0000 0.0000 0.0000 0.0545 0.0000 0.0000 0.0000 0.0000
1.0000 0.6923 0.7600 0.0189 0.0000 0.0000 0.0000 0.0000 0.0000 0.0000 0.0000
1.0000 0.0000 0.0476 0.7805 0.3191 0.2449 0.0000 0.1000 0.0217 0.0000 0.0000
1.0000 0.0577 0.0000 0.7750 0.1935 0.0000 0.0000 0.0000 0.0200 0.0000 0.0000
1.0000 0.0000 0.0000 0.9318 0.6275 0.4681 0.0000 0.0000 0.0000 0.0000 0.0000
1.0000 0.5156 0.0000 0.0000 0.0000 0.0000 0.0000 0.0000 0.0000 0.0000 0.0000
1.0000 0.0000 0.0000 0.9245 0.8444 0.3404 0.0000 0.4800 0.0000 0.0408 0.0000
1.0000 1.0000 0.2059 0.0000 0.0000 0.0000 0.0000 0.0000 0.2321 0.0000 0.0000
0.9600 0.0345 0.0000 0.0000 0.0000 0.0000 0.0000 0.0000 0.0000 0.0000 0.0000
1.0000 0.2903 0.0000 0.0000 0.0000 0.0000 0.0000 0.0000 0.0000 0.0364 0.0000
0.9800 0.0189 0.0000 0.6792 0.7174 0.0577 0.0000 0.0000 0.0000 0.0167 0.0000
0.9841 0.0000 0.0000 0.6981 0.7368 0.6000 0.0000 0.0000 0.0000 0.0000 0.0000
1.0000 0.0000 0.0000 0.5800 0.7059 0.2857 0.0000 0.2955 0.0000 0.1224 0.0000
1.0000 0.7805 0.7083 0.0000 0.0000 0.0000 0.0000 0.0000 0.0000 0.0000 0.0000
1.0000 0.0000 0.0000 0.7213 0.1852 0.0000 0.0294 0.0000 0.0000 0.0000 0.0000
1.0000 0.0000 0.0000 0.9778 0.0000 0.0000 0.0000 0.0000 0.0000 0.0000 0.0000
1.0000 0.4600 0.1875 0.1000 0.0204 0.0351 0.0172 0.0000 0.0185 0.0943 0.0000
1.0000 0.8600 0.6136 0.0000 0.2766 0.0000 0.0392 0.0000 0.0000 0.0377 0.0000
0.9773 0.0000 0.0000 0.4107 0.5965 0.2787 0.0000 0.0000 0.0000 0.2826 0.0000
1.0000 0.0161 0.0435 0.0000 0.0000 0.0000 0.0000 0.0000 0.0000 0.0000 0.0000
1.0000 0.0000 0.0862 0.4390 0.5000 0.2830 0.0000 0.1818 0.0000 0.0000 0.0000
1.0000 0.0164 0.0000 0.7391 0.0714 0.0000 0.0435 0.0000 0.0000 0.0000 0.0000
0.9706 0.6739 0.3415 0.0000 0.0000 0.0000 0.0000 0.0217 0.0000 0.0000 0.0000
1.0000 0.0667 0.0000 0.7547 0.0000 0.1224 0.0000 0.0000 0.0000 0.0000 0.0000
0.9787 0.0000 0.0000 0.0000 0.0000 0.0000 0.9074 0.0189 0.0000 0.0000 0.0000
1.0000 0.0000 0.0000 0.0000 0.0227 0.0222 0.0698 0.0000 0.0000 0.0000 0.0000
1.0000 0.0000 0.0682 0.7200 0.4000 0.0000 0.0000 0.0143 0.0000 0.0000 0.0000
1.0000 0.0000 0.0000 0.0000 0.0000 0.0159 0.0877 0.0161 0.0000 0.0385 0.0000
1.0000 0.0000 0.0000 0.9333 0.0000 0.0000 0.0909 0.0000 0.0000 0.0000 0.0000
1.0000 0.0208 0.0000 0.4600 0.0000 0.0930 0.0000 0.0000 0.1321 0.2051 0.0000
1.0000 0.0000 0.0000 0.0000 0.0645 0.1277 0.6047 0.0000 0.0238 0.1356 0.0000
1.0000 0.7750 0.4038 0.0000 0.0000 0.0000 0.0000 0.0000 0.4918 0.0000 0.0000
1.0000 0.0000 0.0000 0.7826 0.0000 0.0000 0.0000 0.0000 0.0270 0.0488 0.0000
1.0000 0.8667 0.7400 0.0000 0.0000 0.0000 0.0000 0.0000 0.4000 0.0000 0.0000
1.0000 0.0161 0.0000 0.9130 0.7059 0.1698 0.0000 0.0000 0.0000 0.0227 0.0000
1.0000 0.0000 0.0000 0.9574 0.1304 0.2456 0.0000 0.0000 0.0909 0.0000 0.0000
1.0000 0.1569 0.0000 0.7600 0.0000 0.0000 0.0000 0.0000 0.0000 0.2787 0.0000
1.0000 0.0000 0.0465 0.5273 0.0000 0.0000 0.0227 0.0000 0.0000 0.0000 0.0000
1.0000 0.0000 0.1800 0.8718 0.5778 0.1556 0.0000 0.0000 0.0000 0.0000 0.0000
1.0000 0.0000 0.0000 0.7308 0.4571 0.0851 0.0000 0.0000 0.0000 0.0000 0.0000
1.0000 0.9808 0.0000 0.0000 0.0000 0.0000 0.0000 0.0000 0.0000 0.0682 0.0000
1.0000 0.0000 0.0227 0.0000 0.0000 0.0000 0.7097 0.0000 0.0000 0.0000 0.0000
1.0000 0.6615 0.3906 0.0000 0.0000 0.1042 0.0000 0.0000 0.0000 0.0000 0.0000
1.0000 0.6364 0.0000 0.0000 0.0000 0.0000 0.0000 0.0244 0.0000 0.0200 0.0000
1.0000 0.0000 0.0400 0.8000 0.7174 0.5094 0.0208 0.3276 0.0000 0.0392 0.0000
1.0000 0.0000 0.0185 0.5435 0.0000 0.0000 0.0000 0.0000 0.0000 0.0889 0.0000
1.0000 0.1731 0.0000 0.3725 0.0370 0.0000 0.0000 0.0000 0.0000 0.0000 0.0000
1.0000 0.4151 0.2917 0.0000 0.1020 0.0000 0.0000 0.0000 0.1463 0.0000 0.0000
0.9706 0.0000 0.0000 0.0000 0.0000 0.0000 0.0000 0.0000 0.0566 0.0392 0.0000
1.0000 0.8868 0.4000 0.0000 0.0000 0.0000 0.0000 0.0000 0.2889 0.0000 0.0000
1.0000 0.2593 0.0000 0.0000 0.0000 0.0385 0.0000 0.0000 0.0000 0.0000 0.0000
1.0000 0.0000 0.0000 0.1026 0.0909 0.0000 0.0000 0.0000 0.0000 0.0400 0.0000
1.0000 0.0000 0.0000 0.2051 0.0000 0.0000 0.0000 0.0000 0.0000 0.2407 0.0000
1.0000 0.0000 0.0000 0.4600 0.0000 0.0000 0.0000 0.0233 0.0179 0.0000 0.0000
1.0000 0.0000 0.0000 1.0000 0.5532 0.2222 0.0000 0.1887 0.0000 0.0476 0.0000
1.0000 0.0000 0.0000 0.9818 0.7843 0.2500 0.0000 0.3617 0.0000 0.0000 0.0000
1.0000 0.0000 0.0000 0.8776 0.7778 0.6731 0.0000 0.6078 0.0000 0.0000 0.0000
1.0000 0.0000 0.0000 0.0000 0.0000 0.0000 0.0000 0.0000 0.0000 0.0000 0.0000
1.0000 0.0000 0.0000 0.5965 0.3559 0.0000 0.0000 0.0000 0.0000 0.0000 0.0000
1.0000 0.0682 0.0263 0.3404 0.0000 0.0000 0.0227 0.0000 0.0000 0.0189 0.0000
1.0000 0.9400 0.0000 0.0000 0.0000 0.0000 0.0526 0.0000 0.0179 0.0000 0.0000
1.0000 0.0000 0.0000 0.0000 0.0000 0.1064 0.0000 0.0000 0.0000 0.0652 0.0000
1.0000 0.0000 0.0192 0.0000 0.0000 0.0000 0.4314 0.0000 0.0377 0.0000 0.0000
1.0000 0.4906 0.0000 0.0000 0.0000 0.0000 0.0000 0.0000 0.0000 0.0000 0.0000
1.0000 0.0000 0.0000 0.0000 0.0000 0.0000 0.0784 0.0000 0.0000 0.0000 0.0000
0.9778 0.0000 0.0513 0.0000 0.0000 0.0000 0.0000 0.0000 0.0000 0.0000 0.0000
1.0000 0.5455 0.6071 0.0000 0.1333 0.0000 0.0000 0.0000 0.0517 0.0000 0.0000
0.9583 0.9600 0.5870 0.0000 0.0000 0.1091 0.0000 0.0000 0.3784 0.0000 0.0000
1.0000 0.0000 0.0000 0.8958 0.7115 0.5349 0.0000 0.6735 0.0000 0.0000 0.0000
1.0000 0.0000 0.0000 0.8772 0.4808 0.0600 0.0000 0.0217 0.0000 0.0000 0.0000
1.0000 0.8085 0.3000 0.0000 0.0227 0.0000 0.0000 0.0000 0.1064 0.0000 0.0000
1.0000 0.0000 0.0000 0.7111 0.6250 0.4000 0.0732 0.0000 0.0000 0.0000 0.0000
1.0000 0.7045 0.1429 0.0962 0.0000 0.0000 0.0000 0.0000 0.0000 0.0000 0.0000
1.0000 0.7750 0.3778 0.0000 0.0000 0.0408 0.0357 0.0000 0.4571 0.0000 0.0000
0.9839 0.0000 0.0000 0.7045 0.0667 0.0000 0.0196 0.0000 0.0000 0.0000 0.0000
1.0000 1.0000 0.9600 0.0909 0.0000 0.0000 0.0000 0.0000 0.0222 0.0000 0.0000
1.0000 0.0000 0.0000 0.7907 0.2807 0.2222 0.0000 0.0000 0.0000 0.0000 0.0000
1.0000 0.0000 0.0000 0.0000 0.0192 0.0000 0.8039 0.0984 0.0000 0.0000 0.0000
1.0000 0.0000 0.0370 0.6552 0.3617 0.3273 0.0000 0.2889 0.0000 0.0000 0.0000
1.0000 0.0426 0.0000 0.0000 0.0000 0.0000 0.0435 0.0000 0.0000 0.0000 0.0000
1.0000 0.0000 0.0000 0.0000 0.0000 0.0154 0.0000 0.0208 0.0000 0.0000 0.0000
0.9167 0.0000 0.0000 0.8846 0.4590 0.0000 0.0000 0.0000 0.0000 0.0465 0.0000
1.0000 0.0000 0.0000 0.8750 0.6809 0.0000 0.0000 0.0000 0.0000 0.0000 0.0000
1.0000 0.0462 0.0000 0.6977 0.6591 0.4318 0.0000 0.1154 0.0192 0.0222 0.0000
0.9839 0.0000 0.0000 0.4468 0.0196 0.0000 0.0000 0.0164 0.0000 0.1429 0.0000
0.9211 0.0244 0.0000 0.0000 0.0000 0.0000 0.8333 0.0179 0.0159 0.0147 0.0000
1.0000 0.0175 0.0000 0.0000 0.0000 0.0000 0.0000 0.0000 0.0000 0.0000 0.0000
1.0000 0.0870 0.0727 0.6000 0.5918 0.2609 0.0000 0.0000 0.0000 0.0444 0.0000
1.0000 0.7500 0.4483 0.0000 0.0000 0.0192 0.0000 0.0000 0.0755 0.0189 0.0000
1.0000 0.0000 0.0000 0.8542 0.6000 0.7647 0.0000 0.0263 0.0000 0.0000 0.0000
1.0000 0.0000 0.0000 0.8214 0.0000 0.0000 0.0345 0.0000 0.0000 0.6444 0.0000
1.0000 0.0185 0.0000 0.9808 0.9400 0.7000 0.0000 0.0000 0.0000 0.0000 0.0000
1.0000 0.0000 0.0000 0.0000 0.0000 0.0000 0.5745 0.0000 0.0238 0.0000 0.0000
1.0000 0.7547 0.7826 0.0000 0.0000 0.0000 0.0000 0.0000 0.0541 0.0182 0.0000
1.0000 0.0000 0.0000 0.0000 0.0182 0.0000 0.5818 0.0000 0.0000 0.0000 0.0000
1.0000 0.9808 0.5385 0.0862 0.0000 0.0000 0.0000 0.0000 0.1591 0.0000 0.0000
0.9444 0.0000 0.0000 0.9800 0.0000 0.0000 0.0000 0.0000 0.0213 0.0000 0.0000
1.0000 0.7000 0.2927 0.0175 0.0000 0.0000 0.0000 0.0769 0.0000 0.0000 0.0000
0.9565 0.6364 0.6812 0.0189 0.0000 0.0000 0.0000 0.0244 0.2609 0.0638 0.0000
1.0000 0.0727 0.0000 0.0465 0.0000 0.0000 0.0000 0.0000 0.0000 0.0204 0.0000
1.0000 0.0328 0.0000 0.7679 0.0238 0.0000 0.0204 0.0000 0.0000 0.0000 0.0000
1.0000 0.0000 0.0000 0.0000 0.0000 0.0000 0.0781 0.0000 0.0000 0.0000 0.0000
1.0000 0.5833 0.0444 0.0189 0.0000 0.0000 0.0000 0.0000 0.0000 0.0000 0.0000
1.0000 0.0000 0.0000 0.9200 0.9608 0.9348 0.0000 0.1778 0.0000 0.0233 0.0000
1.0000 0.6939 0.4615 0.0000 0.0196 0.0000 0.0000 0.0000 0.0893 0.0000 0.0000
1.0000 0.0000 0.0000 0.0000 0.0000 0.0833 0.4490 0.0250 0.0213 0.0000 0.0000
1.0000 0.9153 0.8889 0.0000 0.0000 0.0000 0.0000 0.0000 0.0444 0.0000 0.0000
1.0000 0.0167 0.0635 0.9038 0.0000 0.0000 0.0000 0.0652 0.0213 0.0000 0.0000
1.0000 0.0000 0.0000 0.6200 0.2407 0.1000 0.0000 0.0000 0.0000 0.0000 0.0000
1.0000 0.4750 0.5185 0.0000 0.0000 0.0806 0.0000 0.0000 0.0000 0.0000 0.0000
1.0000 0.0000 0.0000 0.6964 0.0000 0.0000 0.0000 0.0000 0.0417 0.0208 0.0000
1.0000 0.0000 0.0000 0.8958 0.7778 0.6415 0.0000 0.2200 0.0000 0.0000 0.0000
1.0000 0.5833 0.0000 0.0196 0.0182 0.0000 0.0000 0.0984 0.0600 0.0455 0.0000
1.0000 0.0000 0.0000 0.0408 0.0000 0.0000 0.3409 0.0000 0.0000 0.0000 0.0000
1.0000 0.9474 0.0851 0.0164 0.0000 0.0000 0.0000 0.0000 0.0169 0.0727 0.0000
1.0000 0.8545 0.8409 0.0000 0.1111 0.0000 0.0000 0.0000 0.0000 0.0000 0.0000
1.0000 0.0213 0.0000 0.9821 0.0000 0.0000 0.0000 0.0000 0.0000 0.0000 0.0000
0.9623 0.0000 0.0244 0.3438 0.0000 0.0238 0.0000 0.0000 0.0000 0.6111 0.0000
1.0000 0.0000 0.0000 0.8409 0.4474 0.4000 0.0000 0.0769 0.0000 0.0000 0.0000
1.0000 0.0000 0.0000 0.0000 0.0000 0.0200 0.0000 0.0000 0.0000 0.0392 0.0000
1.0000 0.0000 0.0000 0.1154 0.0208 0.0000 0.0980 0.0000 0.0000 0.0000 0.0000
1.0000 0.0000 0.1159 0.8043 0.1000 0.0000 0.0000 0.0000 0.0000 0.0755 0.0000
1.0000 0.0000 0.0652 0.0000 0.0000 0.0333 0.0000 0.0000 0.0000 0.0000 0.0000
1.0000 0.5909 0.0577 0.0435 0.0000 0.0196 0.0000 0.0000 0.0000 0.0000 0.0000
1.0000 0.0000 0.0392 0.2222 0.0784 0.0000 0.0000 0.0200 0.0000 0.0000 0.0000
1.0000 0.0000 0.0000 0.8169 0.4878 0.1765 0.0000 0.1333 0.0000 0.0000 0.0000
0.9851 0.0000 0.0000 0.5714 0.0000 0.0000 0.0213 0.0000 0.0000 0.1607 0.0000
0.9783 0.0000 0.0000 0.9333 0.0816 0.0000 0.0000 0.0000 0.0000 0.5435 0.0000
1.0000 0.0000 0.0000 0.0000 0.0000 0.0000 0.0000 0.0000 0.0000 0.0323 0.0000
1.0000 0.6719 0.0000 0.0000 0.0000 0.0000 0.0222 0.0000 0.0000 0.0000 0.0000
1.0000 0.8980 0.0652 0.0000 0.0000 0.0000 0.0000 0.0000 0.0244 0.0000 0.0000
1.0000 0.0000 0.0000 0.0755 0.0213 0.0741 0.0909 0.0204 0.0408 0.1509 0.0000
0.9804 0.7292 0.7083 0.0667 0.0000 0.0000 0.0000 0.0000 0.0000 0.0000 0.0000
1.0000 0.0179 0.0000 0.7551 0.9200 0.0000 0.0192 0.0000 0.0000 0.0000 0.0000
0.9038 0.8696 0.2564 0.0500 0.0000 0.0000 0.0000 0.0000 0.0000 0.0000 0.0000
1.0000 0.0000 0.0000 0.1053 0.0000 0.0000 0.0000 0.0000 0.0000 0.0000 0.0000
1.0000 0.8125 0.6415 0.0000 0.0000 0.0000 0.0000 0.0161 0.0351 0.0000 0.0000
1.0000 0.0000 0.0000 0.8542 0.0000 0.0000 0.0000 0.0204 0.0000 0.2500 0.0000
1.0000 0.0000 0.0000 0.7872 0.3953 0.0000 0.0000 0.0233 0.0000 0.0000 0.0000
1.0000 0.7778 0.0476 0.0000 0.0000 0.0000 0.0000 0.0000 0.0000 0.0000 0.0000
1.0000 0.9636 0.3810 0.0926 0.0185 0.0000 0.0000 0.0000 0.2128 0.0000 0.0000
1.0000 0.0000 0.0000 0.3182 0.0000 0.0000 0.0000 0.0000 0.0000 0.0000 0.0000
1.0000 0.0345 0.0208 0.6444 0.0000 0.0200 0.0000 0.0000 0.0000 0.6964 0.0000
1.0000 0.0000 0.0185 0.0208 0.0000 0.0000 0.9412 0.0000 0.0000 0.0000 0.0000
0.9815 0.0000 0.0000 0.0000 0.0000 0.0000 0.3500 0.0000 0.0000 0.0000 0.0000
0.8980 0.0000 0.0000 0.0000 0.0000 0.0000 0.1636 0.0000 0.0000 0.0000 0.0000
1.0000 0.0893 0.0000 0.7400 0.4571 0.5102 0.0000 0.0000 0.0600 0.0182 0.0000
0.9688 0.0204 0.0000 0.0000 0.0615 0.0213 0.0000 0.0000 0.0000 0.0000 0.0000
1.0000 0.0000 0.0000 0.7826 0.0000 0.0000 0.0000 0.0000 0.1429 0.0161 0.0000
1.0000 0.8511 0.0000 0.0000 0.0000 0.1277 0.0000 0.0000 0.0893 0.0200 0.0000
1.0000 0.0000 0.0000 0.8393 0.6047 0.1702 0.0000 0.0000 0.0000 0.0000 0.0000
1.0000 0.0172 0.0000 0.0000 0.0000 0.0185 0.0000 0.0000 0.0000 0.0000 0.0000
1.0000 0.0000 0.0000 0.9848 0.0000 0.0000 0.0000 0.0000 0.0000 0.9322 0.0000
1.0000 0.0000 0.0000 0.0556 0.0000 0.0000 0.0000 0.0000 0.0351 0.0000 0.0000
1.0000 0.0000 0.0702 0.5526 0.3279 0.1667 0.0441 0.0800 0.0000 0.0000 0.0000
1.0000 0.6379 0.1618 0.0000 0.0000 0.0227 0.0000 0.0000 0.0517 0.0667 0.0000
1.0000 0.8596 0.0000 0.0000 0.0000 0.0000 0.0000 0.0208 0.0851 0.0000 0.0000
0.9783 0.0000 0.0000 0.7200 0.0161 0.0000 0.0000 0.0227 0.0000 0.0000 0.0000
1.0000 0.0000 0.0000 0.8393 0.0000 0.0000 0.0000 0.0192 0.0000 0.5800 0.0000
1.0000 0.0000 0.0000 0.7407 0.4468 0.5000 0.0000 0.2069 0.0000 0.0000 0.0000
1.0000 0.0000 0.0000 0.5000 0.0000 0.0000 0.0000 0.0000 0.0227 0.1538 0.0000
0.9070 0.0000 0.0000 0.0833 0.0000 0.0000 1.0000 0.0000 0.0000 0.0000 0.0000
1.0000 0.0000 0.0000 0.0222 0.0000 0.0000 0.0000 0.0000 0.0000 0.0000 0.0000
1.0000 0.9474 0.3667 0.0000 0.0000 0.0000 0.0000 0.0159 0.0000 0.0000 0.0000
1.0000 0.9846 0.3478 0.0000 0.0000 0.0000 0.0000 0.0000 0.0000 0.0000 0.0000
0.9231 0.0000 0.0000 0.0000 0.0000 0.0000 0.0000 0.0000 0.0000 0.0000 0.0000
1.0000 0.0000 0.0000 0.5246 0.0000 0.0000 0.0000 0.0000 0.0000 0.0513 0.0000
1.0000 0.3200 0.0571 0.0000 0.0000 0.0000 0.0192 0.0000 0.0000 0.0227 0.0000
1.0000 0.0000 0.0000 0.0345 0.0000 0.0000 0.0000 0.0000 0.0000 0.0000 0.0000
1.0000 0.0000 0.0000 0.0417 0.0000 0.0208 0.2909 0.0000 0.0000 0.0000 0.0000
1.0000 0.7241 0.0000 0.0000 0.0000 0.0345 0.0000 0.0000 0.0000 0.0000 0.0000
1.0000 0.5102 0.8966 0.0000 0.0222 0.0678 0.0000 0.0000 0.3111 0.0000 0.0000
1.0000 0.0000 0.0182 0.8200 0.0588 0.0000 0.0000 0.0000 0.0000 0.8125 0.0000
1.0000 0.0000 0.0000 0.9180 0.0000 0.0000 0.0000 0.0200 0.1053 0.2407 0.0000
1.0000 0.4565 0.0000 0.0227 0.0000 0.0000 0.0000 0.0606 0.0000 0.0000 0.0000
1.0000 0.0333 0.0000 0.7121 0.0000 0.0000 0.0000 0.0000 0.0000 0.0784 0.0000
1.0000 0.2553 0.0000 0.0000 0.0196 0.0000 0.0000 0.0000 0.0000 0.0000 0.0000
1.0000 0.0000 0.0000 0.6429 0.4182 0.2222 0.0000 0.0400 0.0000 0.0200 0.0000
1.0000 0.0000 0.0000 0.8868 0.4222 0.0200 0.0000 0.0000 0.0000 0.0943 0.0000
1.0000 0.0000 0.0196 0.7368 0.5424 0.4737 0.0185 0.0000 0.0000 0.0000 0.0000
0.9583 0.0000 0.0000 0.7869 0.4783 0.1915 0.0000 0.0625 0.0217 0.0000 0.0000
1.0000 0.0000 0.1452 0.2759 0.0000 0.0000 0.0000 0.0000 0.0000 0.0000 0.0000
1.0000 0.8364 0.3922 0.0000 0.0000 0.0000 0.0233 0.0000 0.0000 0.0000 0.0000
1.0000 0.0000 0.0000 0.0200 0.0000 0.0000 0.0000 0.0000 0.0000 0.0189 0.0000
1.0000 0.0000 0.0000 0.7778 0.1800 0.0227 0.0000 0.0000 0.0000 0.0238 0.0000
1.0000 0.5676 0.3200 0.0392 0.0000 0.0000 0.0698 0.0000 0.0000 0.0000 0.0000
0.9787 0.0000 0.0000 0.0217 0.0000 0.0000 0.1111 0.0000 0.0000 0.0000 0.0000
1.0000 0.9615 0.3966 0.0488 0.0000 0.0000 0.0000 0.0000 0.1304 0.0909 0.0000
1.0000 0.0000 0.0000 0.4902 0.0145 0.0000 0.0000 0.0000 0.0208 0.0000 0.0000
1.0000 0.9000 0.6429 0.0000 0.1373 0.0000 0.0000 0.0000 0.1081 0.0000 0.0000
1.0000 0.2391 0.4423 0.0233 0.0000 0.0000 0.0000 0.0000 0.3396 0.0000 0.0000
1.0000 0.0000 0.0000 0.1739 0.0000 0.0698 0.0000 0.0000 0.0000 0.0000 0.0000
1.0000 0.8679 0.0185 0.0000 0.0000 0.0536 0.0000 0.0270 0.0000 0.0000 0.0000
1.0000 0.0000 0.0000 0.9535 0.7347 0.0000 0.0000 0.0000 0.0000 0.0000 0.0000
1.0000 0.0000 0.0000 0.7500 0.1404 0.0417 0.0000 0.0426 0.0000 0.0000 0.0000
1.0000 0.0000 0.0000 0.1695 0.0000 0.0000 0.0000 0.0000 0.0154 0.0000 0.0000
1.0000 0.0000 0.0000 0.9455 0.0870 0.0612 0.0000 0.0213 0.0000 0.0000 0.0000
1.0000 0.0000 0.0588 0.0182 0.0000 0.0000 0.3913 0.0000 0.0000 0.0000 0.0000
1.0000 0.0000 0.0000 0.0000 0.0000 0.0000 0.0000 0.0000 0.0000 0.0000 0.0000
1.0000 0.5385 0.1154 0.0000 0.0000 0.0000 0.0000 0.1186 0.0000 0.0312 0.0000
1.0000 0.0000 0.0000 0.8810 0.7812 0.0000 0.0000 0.0000 0.0435 0.0000 0.0000
1.0000 0.8519 0.4211 0.0833 0.0000 0.0000 0.0000 0.0000 0.0227 0.0000 0.0000
1.0000 0.0000 0.0000 0.0000 0.0000 0.0222 0.0000 0.0000 0.0667 0.0000 0.0000
1.0000 0.0000 0.0000 0.4186 0.2105 0.2308 0.0000 0.0400 0.0000 0.0000 0.0000
1.0000 0.7451 0.5000 0.0000 0.0000 0.0213 0.0000 0.0000 0.0000 0.0000 0.0000
1.0000 0.9388 0.9474 0.0612 0.0000 0.0185 0.0000 0.0000 0.6136 0.0000 0.0000
1.0000 0.0000 0.0444 0.5000 0.6731 0.0000 0.0000 0.0000 0.0000 0.0000 0.0000
1.0000 0.0000 0.0000 0.0000 0.0508 0.0000 0.0492 0.0000 0.0000 0.0000 0.0000
1.0000 0.0000 0.0222 0.7674 0.3725 0.0364 0.0000 0.0227 0.0000 0.0000 0.0000
1.0000 0.8947 0.7188 0.0222 0.0000 0.0000 0.0000 0.0638 0.0182 0.0000 0.0000
1.0000 0.0000 0.0182 0.8750 0.5882 0.0000 0.0000 0.0227 0.0000 0.0000 0.0000
1.0000 0.0000 0.0000 0.7333 0.8594 0.8793 0.0612 0.0000 0.0000 0.0000 0.0000
1.0000 0.0323 0.0000 0.9818 0.0000 0.0000 0.0000 0.0000 0.0000 0.7755 0.0000
0.9375 0.0244 0.0000 0.5614 0.0000 0.0208 0.0000 0.0000 0.0377 0.0741 0.0000
1.0000 0.9667 0.2727 0.0000 0.0426 0.0000 0.0000 0.0000 0.0000 0.0000 0.0000
1.0000 0.1481 0.0952 0.0000 0.0233 0.0000 0.0182 0.0000 0.0000 0.0000 0.0000
1.0000 0.9216 0.0000 0.0000 0.0000 0.0000 0.0000 0.0484 0.0000 0.0000 0.0000
1.0000 0.0000 0.0000 0.5532 0.0000 0.0000 0.0833 0.0000 0.0000 0.1915 0.0000
1.0000 0.0000 0.0000 0.0000 0.0000 0.0000 0.9412 0.0000 0.0000 0.0000 0.0000
0.9643 0.4878 0.1395 0.0000 0.0000 0.0000 0.0000 0.0000 0.0000 0.1220 0.0000
1.0000 0.5000 0.0000 0.0000 0.0517 0.0000 0.0200 0.0000 0.0196 0.0000 0.0000
1.0000 0.0000 0.0000 0.0000 0.0469 0.0000 0.1404 0.0000 0.0000 0.0294 0.0000
0.9400 0.0000 0.0000 0.7241 0.7170 0.0000 0.0000 0.0000 0.0000 0.0000 0.0000
1.0000 0.0000 0.0000 0.5833 0.0000 0.0000 0.0000 0.0000 0.0000 0.0000 0.0000
1.0000 0.0000 0.0000 0.6667 0.4808 0.3333 0.0179 0.0370 0.0000 0.0000 0.0000
1.0000 0.0000 0.0000 0.0000 0.0000 0.0000 0.5517 0.0000 0.0000 0.0896 0.0000
1.0000 0.1667 0.0000 0.0000 0.0000 0.0000 0.4314 0.0000 0.0000 0.0000 0.0000
1.0000 0.8000 0.3684 0.0000 0.0000 0.0000 0.1538 0.0000 0.0000 0.2245 0.0000
1.0000 0.0000 0.0000 0.9231 0.0000 0.0000 0.0000 0.0000 0.0000 0.0227 0.0000
1.0000 0.5435 0.0000 0.0000 0.0000 0.0000 0.0000 0.0000 0.0192 0.0000 0.0000
1.0000 0.0000 0.0000 0.0000 0.0000 0.0392 0.0000 0.0000 0.0789 0.0000 0.0000
0.9783 0.0000 0.0000 0.4000 0.0000 0.0000 0.0000 0.0000 0.0000 0.0000 0.0000
0.9024 0.0000 0.0000 0.8039 0.5102 0.2941 0.0000 0.0000 0.1154 0.0000 0.0000
0.8444 0.0000 0.0000 0.7561 0.0000 0.0000 0.0000 0.0000 0.0000 0.0000 0.0000
0.9615 0.0000 0.0000 0.0000 0.0000 0.0200 0.0000 0.0000 0.0000 0.0000 0.0000
0.9600 0.3333 0.0000 0.0000 0.0000 0.0000 0.0364 0.0000 0.0625 0.0182 0.0000
1.0000 0.0000 0.0000 0.5846 0.0000 0.0000 0.0465 0.0000 0.0392 0.5333 0.0000
1.0000 0.0000 0.0217 0.8070 0.4909 0.4091 0.0000 0.0000 0.0000 0.0000 0.0000
1.0000 0.0000 0.0000 0.0652 0.0000 0.0732 0.5660 0.0000 0.0000 0.0208 0.0000
0.9744 0.8980 0.1250 0.0000 0.0000 0.0000 0.0638 0.0000 0.0714 0.0000 0.0000
0.9492 0.0000 0.0000 0.5000 0.4576 0.2083 0.0159 0.1552 0.0000 0.0000 0.0000
1.0000 0.0976 0.0000 0.8936 0.4182 0.2653 0.0000 0.1250 0.0000 0.0000 0.0000
1.0000 0.0000 0.0000 0.9024 0.4038 0.0769 0.0159 0.0930 0.0000 0.0000 0.0000
1.0000 0.8478 0.7292 0.1026 0.0741 0.0000 0.0476 0.0000 0.5800 0.0000 0.0000
1.0000 0.0000 0.0208 0.5000 0.0000 0.0000 0.0185 0.0213 0.0000 0.0000 0.0000
1.0000 0.0000 0.0175 0.5263 0.4545 0.0000 0.0000 0.0000 0.0000 0.0000 0.0000
1.0000 0.2500 0.5600 0.0000 0.0000 0.0000 0.0278 0.0000 0.0000 0.0000 0.0000
1.0000 0.0571 0.0000 0.9818 0.0000 0.0250 0.0508 0.0000 0.0000 0.0000 0.0000
1.0000 0.0000 0.0000 0.0862 0.0000 0.0702 0.0196 0.0000 0.0000 0.0000 0.0000
0.9375 0.0000 0.0000 0.6182 0.3158 0.0652 0.0000 0.0000 0.0000 0.0000 0.0000
1.0000 0.0000 0.0000 0.9388 0.6667 0.6471 0.0000 0.0714 0.0000 0.0000 0.0000
0.9828 0.0000 0.0741 0.5556 0.3542 0.3830 0.0000 0.0816 0.0000 0.0000 0.0000
1.0000 0.0000 0.0000 1.0000 0.6364 0.1224 0.0000 0.0000 0.0000 0.0000 0.0000
1.0000 0.0000 0.0000 0.8333 0.0000 0.0000 0.0000 0.0000 0.0000 0.6977 0.0000
1.0000 0.7255 0.3455 0.1000 0.0222 0.0000 0.0769 0.0000 0.1020 0.0000 0.0000
1.0000 0.0000 0.0000 0.7292 0.5957 0.1875 0.0000 0.1282 0.0000 0.0000 0.0000
1.0000 0.8246 0.6591 0.0000 0.0455 0.0250 0.0000 0.0000 0.2708 0.0000 0.0000
1.0000 0.0000 0.0000 0.8936 0.7400 0.7273 0.0638 0.0962 0.0000 0.0000 0.0000
1.0000 0.3667 0.1034 0.0000 0.0638 0.0000 0.1228 0.0000 0.0182 0.0000 0.0000
1.0000 0.8654 0.3231 0.0000 0.0000 0.0000 0.0000 0.0000 0.0000 0.0000 0.0000
1.0000 0.8298 0.1296 0.0000 0.0000 0.0000 0.0000 0.0179 0.0000 0.0000 0.0000
0.9796 0.0000 0.0000 0.0000 0.0000 0.0000 0.0513 0.0000 0.0204 0.0000 0.0000
1.0000 0.0000 0.0000 0.0000 0.0000 0.0000 0.0250 0.1296 0.0339 0.0000 0.0000
1.0000 0.0308 0.0217 0.9556 0.6667 0.0000 0.0000 0.0000 0.0000 0.0400 0.0000
1.0000 0.0000 0.0476 0.9444 0.8889 0.0426 0.0000 0.0000 0.0000 0.0000 0.0000
1.0000 0.0000 0.0000 0.0000 0.0000 0.0000 0.0000 0.0000 0.0000 0.0000 0.0000
1.0000 0.0000 0.0000 0.0000 0.0204 0.0000 0.2500 0.0000 0.0000 0.0217 0.0000
0.9744 0.0000 0.0000 0.0000 0.0000 0.0000 0.4500 0.0000 0.0200 0.0000 0.0000
0.9400 0.3333 0.2340 0.1270 0.0000 0.0000 0.0000 0.0000 0.5800 0.0000 0.0000
1.0000 0.0000 0.0000 0.8108 0.0213 0.0000 0.0000 0.0000 0.0233 0.0000 0.0000
1.0000 0.8049 0.0000 0.0000 0.0000 0.0000 0.0000 0.0000 0.0750 0.0000 0.0000
1.0000 0.0526 0.0000 0.9756 0.5577 0.4423 0.0000 0.0000 0.0000 0.0000 0.0000
1.0000 0.0000 0.0000 0.0930 0.0000 0.1154 0.0000 0.0000 0.0000 0.0000 0.0000
1.0000 0.0000 0.0625 0.0000 0.0000 0.0000 0.3696 0.0000 0.0000 0.1026 0.0000
0.9167 0.0000 0.0000 0.8182 0.3175 0.0000 0.0000 0.0000 0.0000 0.0000 0.0000
0.9778 0.0536 0.0000 0.9016 0.0227 0.0000 0.0000 0.0169 0.0000 0.4375 0.0000
1.0000 0.8214 0.6087 0.0000 0.0625 0.0000 0.0000 0.0227 0.5833 0.0000 0.0000
1.0000 0.6140 0.1875 0.0000 0.0000 0.0000 0.0204 0.0000 0.0000 0.0000 0.0000
1.0000 0.0893 0.0000 0.7872 0.0000 0.0800 0.0000 0.0000 0.0000 0.0000 0.0000
1.0000 0.0000 0.0000 0.0426 0.0213 0.0000 0.0000 0.0000 0.0000 0.0204 0.0000
1.0000 0.0000 0.0000 0.9070 0.8542 0.3600 0.0000 0.3962 0.1429 0.0000 0.0000
1.0000 0.0000 0.0000 0.7843 0.5152 0.1765 0.0000 0.0000 0.0000 0.0000 0.0000
1.0000 0.0000 0.0351 0.7551 0.5833 0.3793 0.0000 0.0000 0.0000 0.0227 0.0000
1.0000 0.5882 0.4694 0.0169 0.0000 0.0167 0.0769 0.0000 0.0000 0.0000 0.0000
1.0000 0.0000 0.0189 0.0000 0.0000 0.0204 0.3519 0.0000 0.0000 0.0000 0.0000
1.0000 0.7674 0.0000 0.0000 0.0000 0.0196 0.0000 0.0000 0.0172 0.0000 0.0000
1.0000 0.5000 0.6304 0.0769 0.0000 0.0000 0.0000 0.0000 0.0000 0.0196 0.0000
0.9630 0.0000 0.0000 0.7895 0.6250 0.7273 0.0000 0.4561 0.0000 0.0000 0.0000
1.0000 0.0000 0.0000 0.0000 0.0000 0.0930 0.8000 0.0000 0.0000 0.0877 0.0000
1.0000 0.4490 0.0000 0.0833 0.0000 0.0185 0.0000 0.0000 0.0222 0.0455 0.0000
1.0000 0.0000 0.0200 0.5641 0.2941 0.0800 0.0000 0.0652 0.0000 0.0000 0.0000
1.0000 0.0000 0.0000 0.5536 0.0156 0.0513 0.0566 0.0233 0.0000 0.0893 0.0000
0.9630 0.0000 0.0000 0.9516 0.6500 0.0217 0.0000 0.0000 0.0000 0.0000 0.0000
1.0000 0.0189 0.0000 0.0000 0.0196 0.0000 0.9828 0.0000 0.0000 0.0000 0.0000
1.0000 0.0000 0.0408 0.7895 0.5476 0.0392 0.0000 0.0000 0.0000 0.0244 0.0000
0.9767 0.3725 0.0000 0.0000 0.0000 0.0000 0.0000 0.0000 0.0000 0.0000 0.0000
1.0000 0.0196 0.0000 0.2857 0.0714 0.0000 0.0000 0.0000 0.0217 0.0196 0.0000
1.0000 0.7273 0.0000 0.0426 0.0698 0.0000 0.0000 0.0000 0.0000 0.0566 0.0000
0.9787 0.0000 0.0435 0.9020 0.6200 0.0000 0.0000 0.0000 0.0357 0.0000 0.0000
1.0000 0.0000 0.0000 0.0000 0.0000 0.0000 0.0000 0.0000 0.0182 0.0000 0.0000
1.0000 0.0000 0.0000 0.0339 0.0175 0.0000 0.7143 0.0000 0.0000 0.1163 0.0000
1.0000 0.0000 0.0392 0.9714 0.7755 0.7308 0.0000 0.6410 0.0000 0.0000 0.0000
0.9828 0.0000 0.0000 0.0000 0.0698 0.0000 0.9302 0.0189 0.0164 0.0000 0.0000
1.0000 0.3636 0.0000 0.1224 0.0000 0.0000 0.0444 0.0000 0.0000 0.0000 0.0000
1.0000 0.8730 0.5306 0.0000 0.0000 0.0200 0.0000 0.0000 0.4314 0.0000 0.0000
0.9778 0.0208 0.0000 0.9259 0.7429 0.5532 0.0000 0.3333 0.0000 0.0000 0.0000
0.9787 0.8491 0.4211 0.0000 0.1042 0.0000 0.0179 0.0000 0.5593 0.0000 0.0000
1.0000 0.9630 0.8448 0.0000 0.0577 0.0000 0.0000 0.0635 0.0000 0.0000 0.0000
1.0000 0.0000 0.0000 0.7018 0.7857 0.6786 0.0000 0.3958 0.0000 0.0000 0.0000
0.9796 0.6250 0.2143 0.0000 0.0000 0.0000 0.0000 0.0000 0.0000 0.0000 0.0000
1.0000 0.0000 0.0444 0.3333 0.0833 0.0847 0.0167 0.0233 0.0000 0.0000 0.0000
1.0000 0.0000 0.0000 0.4082 0.0000 0.0000 0.0000 0.0000 0.0000 0.0000 0.0000
1.0000 0.0000 0.0000 0.0000 0.0000 0.0000 0.8205 0.0182 0.0364 0.0000 0.0000
1.0000 0.0000 0.0000 0.1000 0.0000 0.0000 0.0000 0.0484 0.0000 0.0000 0.0000
1.0000 0.0200 0.0000 1.0000 0.4630 0.3684 0.0189 0.2128 0.0000 0.0000 0.0000
1.0000 0.8400 0.0000 0.0377 0.0000 0.0000 0.0000 0.0161 0.0196 0.0000 0.0000
1.0000 0.2653 0.0000 0.0000 0.0000 0.0000 0.0000 0.0000 0.0000 0.0222 0.0000
1.0000 0.0192 0.0179 0.6667 0.4444 0.0000 0.0200 0.0000 0.0000 0.0000 0.0000
1.0000 0.0000 0.0588 0.0000 0.0000 0.0000 0.1111 0.0000 0.0000 0.0000 0.0000
0.9608 0.0755 0.0400 0.7895 0.0000 0.0000 0.0000 0.0000 0.0000 0.4000 0.0000
1.0000 0.0488 0.0000 0.0000 0.0000 0.0000 0.0000 0.0345 0.0000 0.0217 0.0000
1.0000 0.0000 0.0952 0.0000 0.0000 0.0208 0.1282 0.0185 0.0000 0.0000 0.0000
0.9762 0.0000 0.0196 0.7255 0.0750 0.0217 0.0000 0.0000 0.0000 0.0000 0.0000
1.0000 0.1600 0.0000 0.0189 0.0000 0.0000 0.0000 0.0750 0.0000 0.0000 0.0000
1.0000 0.0000 0.0000 0.7222 0.0833 0.0000 0.0000 0.0000 0.0000 0.0000 0.0000
1.0000 0.0000 0.2083 0.6071 0.0196 0.0000 0.0000 0.0000 0.0000 0.0508 0.0000
0.9608 0.0000 0.0000 0.0179 0.1096 0.0000 0.0000 0.0000 0.0000 0.0000 0.0000
1.0000 0.9552 0.2000 0.0000 0.0000 0.0000 0.0566 0.0000 0.0000 0.0588 0.0000
0.9574 0.4865 0.0000 0.1750 0.0000 0.0196 0.0000 0.0000 0.0000 0.0000 0.0000
1.0000 0.0000 0.0364 0.0000 0.0000 0.0000 0.0000 0.0000 0.0000 0.0000 0.0000
1.0000 0.0000 0.0000 0.0000 0.1591 0.0000 0.9250 0.0000 0.0000 0.0000 0.0000
0.9825 0.0000 0.0000 0.0000 0.0000 0.0000 0.0000 0.0000 0.0204 0.0000 0.0000
1.0000 0.3478 0.4545 0.0000 0.0182 0.0000 0.0000 0.0000 0.0000 0.0213 0.0000
1.0000 0.3019 0.0000 0.0189 0.0930 0.0000 0.0000 0.0345 0.0179 0.0000 0.0000
1.0000 0.0000 0.0000 0.0000 0.0000 0.0000 0.0000 0.0000 0.0000 0.0000 0.0000
1.0000 0.0000 0.0000 0.0000 0.0417 0.0222 0.8667 0.0000 0.0000 0.0000 0.0000
1.0000 0.0192 0.0000 0.3800 0.1000 0.1364 0.0000 0.0179 0.0000 0.0000 0.0000
0.9302 0.0000 0.0000 0.9216 0.5769 0.0000 0.0000 0.0000 0.0545 0.0000 0.0000
1.0000 0.7500 0.0000 0.0000 0.0208 0.0000 0.0161 0.0000 0.0000 0.0000 0.0000
1.0000 0.0000 0.0000 0.9123 0.0678 0.0189 0.0000 0.0000 0.0189 0.0182 0.0000
1.0000 0.8095 0.0000 0.0000 0.0200 0.0192 0.0000 0.0000 0.0000 0.0000 0.0000
1.0000 0.0000 0.0000 0.0000 0.0000 0.0000 0.0000 0.0364 0.0000 0.0000 0.0000
1.0000 0.3659 0.0000 0.0000 0.0000 0.0000 0.0000 0.0000 0.1250 0.0000 0.0000
1.0000 0.2500 0.0000 0.0000 0.0833 0.0000 0.0000 0.0000 0.0192 0.0000 0.0000
1.0000 0.0000 0.0000 0.5577 0.0612 0.0000 0.0182 0.0000 0.0357 0.0000 0.0000
0.9787 0.0000 0.0000 0.7273 0.1500 0.2083 0.0189 0.0000 0.0000 0.0000 0.0000
1.0000 0.8333 0.0517 0.0000 0.0000 0.0000 0.0000 0.0000 0.0000 0.0000 0.0000
1.0000 0.0222 0.0000 0.6939 0.4259 0.1212 0.0196 0.0256 0.0000 0.0000 0.0000
1.0000 0.0000 0.0000 0.0000 0.0000 0.0000 0.0000 0.0000 0.0000 0.0000 0.0000
0.9412 0.0000 0.0000 0.8769 0.2034 0.0909 0.0000 0.0000 0.0536 0.0000 0.0000
0.9556 0.0000 0.0000 0.0000 0.0000 0.0000 0.0000 0.0000 0.0000 0.0000 0.0000
0.9216 0.0000 0.0000 0.0000 0.0000 0.0000 0.4255 0.0000 0.1765 0.0000 0.0000
1.0000 0.4792 0.7083 0.0392 0.0000 0.0000 0.0000 0.0000 0.0000 0.0000 0.0000
1.0000 0.0200 0.0000 0.7692 0.0000 0.1667 0.0000 0.0196 0.0000 0.3500 0.0000
0.9833 0.0000 0.0000 1.0000 0.0400 0.0000 0.0357 0.0000 0.0000 0.8197 0.0000
0.9538 0.0851 0.0000 0.0000 0.0526 0.0000 0.0000 0.0227 0.0000 0.0000 0.0000
1.0000 0.0000 0.0000 0.4630 0.0000 0.0000 0.0000 0.0408 0.0000 0.0000 0.0000
1.0000 0.3488 0.0000 0.0444 0.0000 0.0392 0.0000 0.0000 0.0000 0.0000 0.0000
0.9815 0.6897 0.6042 0.0000 0.0000 0.0339 0.0000 0.0000 0.0000 0.0000 0.0000
1.0000 0.0333 0.0000 0.6071 0.0256 0.0000 0.0000 0.0000 0.0000 0.0000 0.0000
0.9846 0.0000 0.0000 0.0000 0.0000 0.0000 0.9268 0.0000 0.0000 0.0000 0.0000
0.9818 0.8868 0.0000 0.0000 0.0000 0.0000 0.0000 0.0000 0.0000 0.0000 0.0000
1.0000 0.0000 0.0000 0.9756 0.0000 0.0147 0.0500 0.0784 0.0000 0.1707 0.0000
1.0000 0.0000 0.0000 0.5208 0.0000 0.0000 0.0000 0.0000 0.0000 0.5192 0.0000
1.0000 0.0000 0.0000 0.0417 0.0870 0.0556 0.0000 0.0000 0.0000 0.0600 0.0000
1.0000 0.6875 0.0769 0.0182 0.0000 0.0000 0.0000 0.0000 0.0444 0.0000 0.0000
1.0000 0.1316 0.0000 0.9524 0.5098 0.4286 0.0000 0.0000 0.0000 0.0000 0.0000
1.0000 0.7561 0.5306 0.0244 0.0000 0.0000 0.0000 0.0000 0.4400 0.0000 0.0000
0.9833 0.0000 0.0000 0.4118 0.0000 0.0294 0.0238 0.0000 0.1111 0.0000 0.0000
1.0000 0.0000 0.0000 0.0000 0.0000 0.0000 0.0000 0.0000 0.0000 0.0000 0.0000
1.0000 0.2456 0.0000 0.0000 0.0227 0.0000 0.0000 0.0213 0.0000 0.0000 0.0000
1.0000 1.0000 0.6087 0.0000 0.0000 0.0208 0.0816 0.0000 0.0000 0.0000 0.0000
1.0000 0.7500 0.8000 0.0000 0.0000 0.0000 0.0000 0.0000 0.4364 0.0000 0.0000
1.0000 0.0370 0.0000 0.5263 0.2800 0.0000 0.0000 0.0000 0.0000 0.0000 0.0000
1.0000 0.0000 0.0000 0.8235 0.0755 0.0000 0.0000 0.0492 0.0000 0.0000 0.0000
1.0000 0.8636 0.1458 0.0000 0.0263 0.0000 0.0000 0.0000 0.0000 0.0000 0.0000
1.0000 0.6909 0.0000 0.0000 0.0000 0.0000 0.0000 0.0000 0.0000 0.0417 0.0000
1.0000 0.9333 0.8679 0.0000 0.0000 0.0000 0.0204 0.0000 0.6522 0.0000 0.0000
1.0000 0.0000 0.0000 0.4464 0.2340 0.0000 0.0000 0.0000 0.0526 0.0000 0.0000
1.0000 0.0000 0.0000 0.0000 0.0000 0.0000 0.7679 0.0000 0.0000 0.0000 0.0000
1.0000 0.4510 0.4821 0.0182 0.0000 0.0000 0.0000 0.0000 0.1579 0.0000 0.0000
1.0000 0.6818 0.0000 0.0000 0.0769 0.0000 0.0000 0.0000 0.0000 0.0185 0.0000
0.9811 0.9091 0.2241 0.0000 0.0227 0.0000 0.0000 0.0213 0.0588 0.0000 0.0000
1.0000 0.2750 0.1364 0.1071 0.0000 0.0000 0.0000 0.0000 0.0000 0.0000 0.0000
1.0000 0.0000 0.0000 0.2889 0.0000 0.0000 0.0000 0.0000 0.1633 0.0000 0.0000
0.9773 0.9600 0.8814 0.0000 0.0000 0.0000 0.0000 0.0000 0.5606 0.0000 0.0000
1.0000 0.0000 0.0000 0.0000 0.0000 0.0000 0.0000 0.0000 0.0000 0.1707 0.0000
1.0000 0.0351 0.0000 0.6444 0.2500 0.0000 0.0000 0.0000 0.0000 0.0000 0.0000
1.0000 0.0000 0.0159 0.5636 0.0652 0.0000 0.1000 0.0784 0.0000 0.0345 0.0000
1.0000 0.0000 0.0000 0.9200 0.0000 0.0000 0.0189 0.0000 0.0000 0.0000 0.0000
1.0000 0.9787 0.0000 0.0000 0.0000 0.0000 0.0000 0.0000 0.0000 0.0000 0.0000
0.9649 0.0000 0.0408 0.5769 0.2727 0.0000 0.0000 0.0000 0.0926 0.0000 0.0000
1.0000 0.0000 0.0000 0.0000 0.0000 0.0000 0.5476 0.0000 0.0000 0.0000 0.0000
1.0000 0.0000 0.0000 0.5200 0.1094 0.0000 0.0286 0.0000 0.0000 0.0345 0.0000
1.0000 0.0000 0.0000 0.0488 0.1296 0.0000 0.0000 0.0000 0.0000 0.0175 0.0000
1.0000 0.0000 0.0000 0.7045 0.3385 0.2222 0.0000 0.0179 0.0213 0.0000 0.0000
0.9818 0.0000 0.0000 0.8333 0.1892 0.3091 0.0000 0.1633 0.0244 0.0152 0.0000
1.0000 0.0000 0.0000 0.8163 0.2571 0.0526 0.0222 0.0000 0.0000 0.0000 0.0000
1.0000 0.0000 0.0000 0.2857 0.1176 0.0000 0.0000 0.0000 0.0159 0.0000 0.0000
1.0000 0.0652 0.0000 0.0000 0.0222 0.0000 0.0233 0.0000 0.0816 0.0000 0.0000
1.0000 0.5538 0.3788 0.0000 0.0000 0.0000 0.0000 0.0000 0.0227 0.0196 0.0000
1.0000 0.9661 0.7755 0.0000 0.0000 0.0000 0.0000 0.0200 0.1475 0.0000 0.0000
1.0000 0.0000 0.0000 0.7647 0.8537 0.2083 0.0000 0.0909 0.0000 0.0000 0.0000
1.0000 0.7826 0.4490 0.0000 0.0000 0.0000 0.0000 0.0000 0.0000 0.0000 0.0000
1.0000 0.9592 0.8409 0.0000 0.0000 0.0000 0.0000 0.0000 0.4800 0.0000 0.0000
1.0000 0.9231 0.6393 0.0000 0.0000 0.0000 0.0000 0.0000 0.2353 0.0000 0.0000
1.0000 0.0000 0.0000 0.7083 0.4615 0.2308 0.0000 0.1250 0.0385 0.0000 0.0000
1.0000 0.0000 0.0000 0.5435 0.0185 0.0000 0.0000 0.0698 0.0000 0.0172 0.0000
0.9783 0.0175 0.0000 0.2857 0.0000 0.0000 0.0278 0.0000 0.0000 0.1754 0.0000
0.9216 0.4286 0.0652 0.0000 0.0189 0.0816 0.0000 0.0000 0.0244 0.0000 0.0000
