0.8423 0.0000 0.0000 0.0000 0.0000 0.0000 0.1577 0.0000 0.0000 0.0000
0.9432 0.0568 0.0000 0.0000 0.0000 0.0000 0.0000 0.0000 0.0000 0.0000
0.3747 0.0000 0.0000 0.2060 0.0000 0.0000 0.0000 0.0000 0.0000 0.4193
0.1681 0.4251 0.3363 0.0000 0.0000 0.0000 0.0000 0.0000 0.0705 0.0000
0.6739 0.0000 0.0000 0.3261 0.0000 0.0000 0.0000 0.0000 0.0000 0.0000
0.5337 0.0000 0.0000 0.2922 0.1741 0.0000 0.0000 0.0000 0.0000 0.0000
0.0512 0.0000 0.0000 0.4172 0.3555 0.1762 0.0000 0.0000 0.0000 0.0000
0.3179 0.0000 0.0000 0.1942 0.0000 0.0000 0.0000 0.0000 0.0000 0.4879
0.2255 0.0000 0.0000 0.6410 0.1335 0.0000 0.0000 0.0000 0.0000 0.0000
0.1568 0.0000 0.0000 0.1292 0.4673 0.0949 0.0000 0.1518 0.0000 0.0000
0.2885 0.1793 0.1190 0.0000 0.0000 0.0000 0.0000 0.0000 0.4132 0.0000
0.3180 0.0000 0.0000 0.3756 0.0000 0.0000 0.0000 0.0000 0.0000 0.3064
0.2447 0.0000 0.0000 0.7553 0.0000 0.0000 0.0000 0.0000 0.0000 0.0000
0.5208 0.0000 0.0000 0.0000 0.0000 0.0000 0.4792 0.0000 0.0000 0.0000
0.6465 0.1734 0.0897 0.0000 0.0000 0.0000 0.0000 0.0000 0.0903 0.0000
0.5528 0.0000 0.0000 0.4472 0.0000 0.0000 0.0000 0.0000 0.0000 0.0000
0.3960 0.0000 0.0000 0.0510 0.3181 0.1229 0.0000 0.1120 0.0000 0.0000
0.2116 0.0000 0.0000 0.2952 0.0000 0.0000 0.0000 0.0000 0.0000 0.4932
0.7068 0.2932 0.0000 0.0000 0.0000 0.0000 0.0000 0.0000 0.0000 0.0000
0.5178 0.0000 0.0000 0.0000 0.0000 0.0000 0.4822 0.0000 0.0000 0.0000
0.1330 0.3922 0.3228 0.0000 0.0000 0.0000 0.0000 0.0000 0.1520 0.0000
0.3928 0.0000 0.0000 0.1871 0.0000 0.0000 0.0000 0.0000 0.0000 0.4201
0.3066 0.0000 0.0000 0.4512 0.1005 0.1417 0.0000 0.0000 0.0000 0.0000
0.3762 0.0000 0.0000 0.1080 0.5158 0.0000 0.0000 0.0000 0.0000 0.0000
0.5598 0.0000 0.0000 0.2094 0.2308 0.0000 0.0000 0.0000 0.0000 0.0000
0.7798 0.0000 0.0000 0.2202 0.0000 0.0000 0.0000 0.0000 0.0000 0.0000
0.1164 0.0000 0.0000 0.0000 0.0000 0.0000 0.8836 0.0000 0.0000 0.0000
0.1853 0.5949 0.2198 0.0000 0.0000 0.0000 0.0000 0.0000 0.0000 0.0000
0.1585 0.0000 0.0000 0.2323 0.1877 0.4215 0.0000 0.0000 0.0000 0.0000
0.1126 0.0000 0.0000 0.0565 0.0000 0.0000 0.0000 0.0000 0.0000 0.8308
0.3244 0.0000 0.0000 0.3510 0.1144 0.2102 0.0000 0.0000 0.0000 0.0000
0.0666 0.0000 0.0000 0.3910 0.0963 0.0943 0.0000 0.3518 0.0000 0.0000
0.5328 0.0000 0.0000 0.3872 0.0000 0.0000 0.0000 0.0000 0.0000 0.0801
0.3564 0.2810 0.1779 0.0000 0.0000 0.0000 0.0000 0.0000 0.1848 0.0000
0.2398 0.0000 0.0000 0.4226 0.3375 0.0000 0.0000 0.0000 0.0000 0.0000
0.1153 0.0000 0.0000 0.1694 0.0724 0.1351 0.0000 0.5077 0.0000 0.0000
0.6898 0.0000 0.0000 0.0949 0.0000 0.0000 0.0000 0.0000 0.0000 0.2153
0.8552 0.0000 0.0000 0.1448 0.0000 0.0000 0.0000 0.0000 0.0000 0.0000
0.2853 0.0000 0.0000 0.0000 0.0000 0.0000 0.7147 0.0000 0.0000 0.0000
0.4141 0.5859 0.0000 0.0000 0.0000 0.0000 0.0000 0.0000 0.0000 0.0000
0.1439 0.0000 0.0000 0.2297 0.1001 0.5263 0.0000 0.0000 0.0000 0.0000
0.5002 0.0000 0.0000 0.0566 0.2236 0.2195 0.0000 0.0000 0.0000 0.0000
0.5179 0.0000 0.0000 0.3635 0.1186 0.0000 0.0000 0.0000 0.0000 0.0000
0.6304 0.0000 0.0000 0.3696 0.0000 0.0000 0.0000 0.0000 0.0000 0.0000
0.7744 0.0000 0.0000 0.0000 0.0000 0.0000 0.2256 0.0000 0.0000 0.0000
0.7532 0.2468 0.0000 0.0000 0.0000 0.0000 0.0000 0.0000 0.0000 0.0000
0.2923 0.0000 0.0000 0.4261 0.1917 0.0899 0.0000 0.0000 0.0000 0.0000
1.0000 0.0000 0.0000 0.0000 0.0000 0.0000 0.0000 0.0000 0.0000 0.0000
0.2187 0.0000 0.0000 0.3148 0.1243 0.3423 0.0000 0.0000 0.0000 0.0000
1.0000 0.0000 0.0000 0.0000 0.0000 0.0000 0.0000 0.0000 0.0000 0.0000
0.1087 0.0000 0.0000 0.2457 0.6456 0.0000 0.0000 0.0000 0.0000 0.0000
1.0000 0.0000 0.0000 0.0000 0.0000 0.0000 0.0000 0.0000 0.0000 0.0000
0.3333 0.5219 0.1448 0.0000 0.0000 0.0000 0.0000 0.0000 0.0000 0.0000
1.0000 0.0000 0.0000 0.0000 0.0000 0.0000 0.0000 0.0000 0.0000 0.0000
0.1362 0.0000 0.0000 0.1542 0.3056 0.1823 0.0000 0.2217 0.0000 0.0000
0.1715 0.0000 0.0000 0.2308 0.5977 0.0000 0.0000 0.0000 0.0000 0.0000
0.0805 0.3627 0.3805 0.0000 0.0000 0.0000 0.0000 0.0000 0.1763 0.0000
0.5641 0.0000 0.0000 0.1794 0.2565 0.0000 0.0000 0.0000 0.0000 0.0000
0.2771 0.0000 0.0000 0.3315 0.0000 0.0000 0.0000 0.0000 0.0000 0.3915
0.4989 0.5011 0.0000 0.0000 0.0000 0.0000 0.0000 0.0000 0.0000 0.0000
0.6422 0.0664 0.2914 0.0000 0.0000 0.0000 0.0000 0.0000 0.0000 0.0000
0.1369 0.0000 0.0000 0.8631 0.0000 0.0000 0.0000 0.0000 0.0000 0.0000
1.0000 0.0000 0.0000 0.0000 0.0000 0.0000 0.0000 0.0000 0.0000 0.0000
0.0898 0.0000 0.0000 0.4933 0.2828 0.0734 0.0000 0.0606 0.0000 0.0000
0.1691 0.4316 0.3993 0.0000 0.0000 0.0000 0.0000 0.0000 0.0000 0.0000
0.3686 0.0000 0.0000 0.0000 0.0000 0.0000 0.6314 0.0000 0.0000 0.0000
0.3905 0.4811 0.1285 0.0000 0.0000 0.0000 0.0000 0.0000 0.0000 0.0000
0.5010 0.0000 0.0000 0.0000 0.0000 0.0000 0.4990 0.0000 0.0000 0.0000
1.0000 0.0000 0.0000 0.0000 0.0000 0.0000 0.0000 0.0000 0.0000 0.0000
0.5490 0.0000 0.0000 0.0000 0.0000 0.0000 0.4510 0.0000 0.0000 0.0000
0.0540 0.0000 0.0000 0.4187 0.3276 0.1090 0.0000 0.0906 0.0000 0.0000
0.5333 0.2370 0.2297 0.0000 0.0000 0.0000 0.0000 0.0000 0.0000 0.0000
0.3022 0.0000 0.0000 0.1884 0.4590 0.0503 0.0000 0.0000 0.0000 0.0000
0.3670 0.0000 0.0000 0.0917 0.5413 0.0000 0.0000 0.0000 0.0000 0.0000
0.2749 0.0000 0.0000 0.0000 0.0000 0.0000 0.7251 0.0000 0.0000 0.0000
0.2214 0.2730 0.1343 0.0000 0.0000 0.0000 0.0000 0.0000 0.3713 0.0000
0.3146 0.0000 0.0000 0.5257 0.0000 0.0000 0.0000 0.0000 0.0000 0.1597
0.2043 0.0000 0.0000 0.1502 0.0000 0.0000 0.0000 0.0000 0.0000 0.6456
0.5846 0.0000 0.0000 0.1892 0.1442 0.0820 0.0000 0.0000 0.0000 0.0000
0.0546 0.0000 0.0000 0.4078 0.2565 0.0905 0.0000 0.1905 0.0000 0.0000
0.1234 0.1501 0.5846 0.0000 0.0000 0.0000 0.0000 0.0000 0.1419 0.0000
0.1901 0.0000 0.0000 0.1765 0.0543 0.3262 0.0000 0.2529 0.0000 0.0000
0.0755 0.0000 0.0000 0.4734 0.0000 0.0000 0.0000 0.0000 0.0000 0.4511
0.1121 0.7030 0.0656 0.0000 0.0000 0.0000 0.0000 0.0000 0.1193 0.0000
0.3085 0.1622 0.1471 0.0000 0.0000 0.0000 0.0000 0.0000 0.3822 0.0000
0.6127 0.0000 0.0000 0.0000 0.0000 0.0000 0.3873 0.0000 0.0000 0.0000
0.4740 0.0000 0.0000 0.1037 0.0816 0.1655 0.0000 0.1752 0.0000 0.0000
0.1232 0.0000 0.0000 0.4556 0.0000 0.0000 0.0000 0.0000 0.0000 0.4212
0.4759 0.0000 0.0000 0.2048 0.0000 0.0000 0.0000 0.0000 0.0000 0.3193
0.1035 0.0000 0.0000 0.3200 0.5765 0.0000 0.0000 0.0000 0.0000 0.0000
0.2101 0.7899 0.0000 0.0000 0.0000 0.0000 0.0000 0.0000 0.0000 0.0000
0.1831 0.1449 0.6720 0.0000 0.0000 0.0000 0.0000 0.0000 0.0000 0.0000
0.2924 0.0000 0.0000 0.1561 0.1785 0.3730 0.0000 0.0000 0.0000 0.0000
0.0662 0.0000 0.0000 0.6141 0.3197 0.0000 0.0000 0.0000 0.0000 0.0000
0.0653 0.0000 0.0000 0.0882 0.5224 0.3241 0.0000 0.0000 0.0000 0.0000
0.5662 0.4338 0.0000 0.0000 0.0000 0.0000 0.0000 0.0000 0.0000 0.0000
0.0791 0.0000 0.0000 0.2134 0.0535 0.3012 0.0000 0.3528 0.0000 0.0000
0.0620 0.5458 0.2799 0.0000 0.0000 0.0000 0.0000 0.0000 0.1123 0.0000
1.0000 0.0000 0.0000 0.0000 0.0000 0.0000 0.0000 0.0000 0.0000 0.0000
0.7125 0.2875 0.0000 0.0000 0.0000 0.0000 0.0000 0.0000 0.0000 0.0000
0.3233 0.0000 0.0000 0.0681 0.5510 0.0575 0.0000 0.0000 0.0000 0.0000
0.1280 0.0000 0.0000 0.1881 0.1722 0.5118 0.0000 0.0000 0.0000 0.0000
0.2664 0.0000 0.0000 0.0820 0.1568 0.1520 0.0000 0.3428 0.0000 0.0000
0.1742 0.0987 0.7271 0.0000 0.0000 0.0000 0.0000 0.0000 0.0000 0.0000
0.3352 0.0000 0.0000 0.5667 0.0981 0.0000 0.0000 0.0000 0.0000 0.0000
0.3173 0.0000 0.0000 0.6827 0.0000 0.0000 0.0000 0.0000 0.0000 0.0000
0.6281 0.0649 0.2183 0.0000 0.0000 0.0000 0.0000 0.0000 0.0888 0.0000
0.2484 0.4014 0.3502 0.0000 0.0000 0.0000 0.0000 0.0000 0.0000 0.0000
0.5225 0.0000 0.0000 0.0951 0.1553 0.2270 0.0000 0.0000 0.0000 0.0000
1.0000 0.0000 0.0000 0.0000 0.0000 0.0000 0.0000 0.0000 0.0000 0.0000
0.5180 0.0000 0.0000 0.0962 0.0751 0.0944 0.0000 0.2163 0.0000 0.0000
0.2636 0.0000 0.0000 0.5318 0.2046 0.0000 0.0000 0.0000 0.0000 0.0000
0.4160 0.0793 0.5047 0.0000 0.0000 0.0000 0.0000 0.0000 0.0000 0.0000
0.4432 0.0000 0.0000 0.5568 0.0000 0.0000 0.0000 0.0000 0.0000 0.0000
0.1353 0.0000 0.0000 0.0000 0.0000 0.0000 0.8647 0.0000 0.0000 0.0000
1.0000 0.0000 0.0000 0.0000 0.0000 0.0000 0.0000 0.0000 0.0000 0.0000
0.2329 0.0000 0.0000 0.4590 0.3081 0.0000 0.0000 0.0000 0.0000 0.0000
0.9083 0.0000 0.0000 0.0000 0.0000 0.0000 0.0917 0.0000 0.0000 0.0000
0.2609 0.0000 0.0000 0.7391 0.0000 0.0000 0.0000 0.0000 0.0000 0.0000
0.3225 0.0000 0.0000 0.5591 0.0000 0.0000 0.0000 0.0000 0.0000 0.1183
0.5934 0.0000 0.0000 0.0000 0.0000 0.0000 0.4066 0.0000 0.0000 0.0000
0.1047 0.1559 0.0685 0.0000 0.0000 0.0000 0.0000 0.0000 0.6709 0.0000
0.5726 0.0000 0.0000 0.2671 0.0000 0.0000 0.0000 0.0000 0.0000 0.1603
0.0693 0.2959 0.0895 0.0000 0.0000 0.0000 0.0000 0.0000 0.5453 0.0000
0.2710 0.0000 0.0000 0.1465 0.3971 0.1854 0.0000 0.0000 0.0000 0.0000
0.0812 0.0000 0.0000 0.6295 0.0666 0.2227 0.0000 0.0000 0.0000 0.0000
0.3293 0.0000 0.0000 0.3086 0.0000 0.0000 0.0000 0.0000 0.0000 0.3620
0.4058 0.0000 0.0000 0.5942 0.0000 0.0000 0.0000 0.0000 0.0000 0.0000
0.1105 0.0000 0.0000 0.2555 0.3609 0.2142 0.0000 0.0589 0.0000 0.0000
0.3469 0.0000 0.0000 0.2075 0.3319 0.1137 0.0000 0.0000 0.0000 0.0000
0.0629 0.9371 0.0000 0.0000 0.0000 0.0000 0.0000 0.0000 0.0000 0.0000
0.3465 0.0000 0.0000 0.0000 0.0000 0.0000 0.6535 0.0000 0.0000 0.0000
0.3784 0.3150 0.3067 0.0000 0.0000 0.0000 0.0000 0.0000 0.0000 0.0000
0.4196 0.5804 0.0000 0.0000 0.0000 0.0000 0.0000 0.0000 0.0000 0.0000
0.2279 0.0000 0.0000 0.1753 0.1254 0.3126 0.0000 0.1588 0.0000 0.0000
0.5846 0.0000 0.0000 0.3125 0.0000 0.0000 0.0000 0.0000 0.0000 0.1029
0.4833 0.0000 0.0000 0.4473 0.0694 0.0000 0.0000 0.0000 0.0000 0.0000
0.5455 0.1179 0.1153 0.0000 0.0000 0.0000 0.0000 0.0000 0.2213 0.0000
1.0000 0.0000 0.0000 0.0000 0.0000 0.0000 0.0000 0.0000 0.0000 0.0000
0.1323 0.3459 0.1460 0.0000 0.0000 0.0000 0.0000 0.0000 0.3758 0.0000
0.8213 0.1787 0.0000 0.0000 0.0000 0.0000 0.0000 0.0000 0.0000 0.0000
0.8284 0.0000 0.0000 0.1158 0.0558 0.0000 0.0000 0.0000 0.0000 0.0000
0.6243 0.0000 0.0000 0.0512 0.0000 0.0000 0.0000 0.0000 0.0000 0.3245
0.6593 0.0000 0.0000 0.3407 0.0000 0.0000 0.0000 0.0000 0.0000 0.0000
0.0692 0.0000 0.0000 0.4992 0.0926 0.1226 0.0000 0.2163 0.0000 0.0000
0.2384 0.0000 0.0000 0.0751 0.2937 0.1935 0.0000 0.1993 0.0000 0.0000
0.0882 0.0000 0.0000 0.0959 0.0689 0.1223 0.0000 0.6247 0.0000 0.0000
1.0000 0.0000 0.0000 0.0000 0.0000 0.0000 0.0000 0.0000 0.0000 0.0000
0.5305 0.0000 0.0000 0.3119 0.1577 0.0000 0.0000 0.0000 0.0000 0.0000
0.7462 0.0000 0.0000 0.1223 0.1315 0.0000 0.0000 0.0000 0.0000 0.0000
0.1512 0.8488 0.0000 0.0000 0.0000 0.0000 0.0000 0.0000 0.0000 0.0000
1.0000 0.0000 0.0000 0.0000 0.0000 0.0000 0.0000 0.0000 0.0000 0.0000
0.4090 0.0000 0.0000 0.0000 0.0000 0.0000 0.5910 0.0000 0.0000 0.0000
0.5799 0.4201 0.0000 0.0000 0.0000 0.0000 0.0000 0.0000 0.0000 0.0000
0.9208 0.0792 0.0000 0.0000 0.0000 0.0000 0.0000 0.0000 0.0000 0.0000
1.0000 0.0000 0.0000 0.0000 0.0000 0.0000 0.0000 0.0000 0.0000 0.0000
0.1474 0.1391 0.7135 0.0000 0.0000 0.0000 0.0000 0.0000 0.0000 0.0000
0.1032 0.2347 0.1321 0.0000 0.0000 0.0000 0.0000 0.0000 0.5299 0.0000
0.1214 0.0000 0.0000 0.2082 0.1726 0.1492 0.0000 0.3486 0.0000 0.0000
0.3066 0.0000 0.0000 0.1384 0.4692 0.0858 0.0000 0.0000 0.0000 0.0000
0.2740 0.2230 0.3211 0.0000 0.0000 0.0000 0.0000 0.0000 0.1819 0.0000
0.2095 0.0000 0.0000 0.1449 0.2168 0.4289 0.0000 0.0000 0.0000 0.0000
0.4630 0.1905 0.3466 0.0000 0.0000 0.0000 0.0000 0.0000 0.0000 0.0000
0.3109 0.2637 0.0743 0.0000 0.0000 0.0000 0.0000 0.0000 0.3510 0.0000
0.1695 0.0000 0.0000 0.6138 0.2167 0.0000 0.0000 0.0000 0.0000 0.0000
0.0647 0.1113 0.6538 0.0000 0.0000 0.0000 0.0000 0.0000 0.1701 0.0000
0.2329 0.0000 0.0000 0.3243 0.2227 0.2201 0.0000 0.0000 0.0000 0.0000
0.3324 0.0000 0.0000 0.0000 0.0000 0.0000 0.6676 0.0000 0.0000 0.0000
0.4131 0.0000 0.0000 0.1124 0.1877 0.0896 0.0000 0.1971 0.0000 0.0000
1.0000 0.0000 0.0000 0.0000 0.0000 0.0000 0.0000 0.0000 0.0000 0.0000
1.0000 0.0000 0.0000 0.0000 0.0000 0.0000 0.0000 0.0000 0.0000 0.0000
0.3519 0.0000 0.0000 0.1835 0.4646 0.0000 0.0000 0.0000 0.0000 0.0000
0.2035 0.0000 0.0000 0.0755 0.7210 0.0000 0.0000 0.0000 0.0000 0.0000
0.2432 0.0000 0.0000 0.0519 0.2506 0.3300 0.0000 0.1244 0.0000 0.0000
0.5140 0.0000 0.0000 0.2829 0.0000 0.0000 0.0000 0.0000 0.0000 0.2031
0.0948 0.0000 0.0000 0.0000 0.0000 0.0000 0.9052 0.0000 0.0000 0.0000
1.0000 0.0000 0.0000 0.0000 0.0000 0.0000 0.0000 0.0000 0.0000 0.0000
0.3769 0.0000 0.0000 0.1093 0.2498 0.2640 0.0000 0.0000 0.0000 0.0000
0.4462 0.2291 0.0692 0.0000 0.0000 0.0000 0.0000 0.0000 0.2556 0.0000
0.1756 0.0000 0.0000 0.0759 0.0503 0.6983 0.0000 0.0000 0.0000 0.0000
0.3662 0.0000 0.0000 0.2133 0.0000 0.0000 0.0000 0.0000 0.0000 0.4205
0.0544 0.0000 0.0000 0.1380 0.1022 0.7053 0.0000 0.0000 0.0000 0.0000
0.4337 0.0000 0.0000 0.0000 0.0000 0.0000 0.5663 0.0000 0.0000 0.0000
0.1275 0.4541 0.3486 0.0000 0.0000 0.0000 0.0000 0.0000 0.0698 0.0000
0.4500 0.0000 0.0000 0.0000 0.0000 0.0000 0.5500 0.0000 0.0000 0.0000
0.1079 0.4047 0.1755 0.0000 0.0000 0.0000 0.0000 0.0000 0.3119 0.0000
0.0820 0.0000 0.0000 0.9180 0.0000 0.0000 0.0000 0.0000 0.0000 0.0000
0.1319 0.5306 0.3375 0.0000 0.0000 0.0000 0.0000 0.0000 0.0000 0.0000
0.3372 0.0763 0.1246 0.0000 0.0000 0.0000 0.0000 0.0000 0.4619 0.0000
0.8958 0.1042 0.0000 0.0000 0.0000 0.0000 0.0000 0.0000 0.0000 0.0000
0.4300 0.0000 0.0000 0.5700 0.0000 0.0000 0.0000 0.0000 0.0000 0.0000
1.0000 0.0000 0.0000 0.0000 0.0000 0.0000 0.0000 0.0000 0.0000 0.0000
0.4416 0.5584 0.0000 0.0000 0.0000 0.0000 0.0000 0.0000 0.0000 0.0000
0.0937 0.0000 0.0000 0.2113 0.0557 0.4783 0.0000 0.1611 0.0000 0.0000
0.3269 0.1611 0.3279 0.0000 0.0000 0.0000 0.0000 0.0000 0.1841 0.0000
0.2038 0.0000 0.0000 0.0000 0.0000 0.0000 0.7962 0.0000 0.0000 0.0000
0.1625 0.0647 0.7080 0.0000 0.0000 0.0000 0.0000 0.0000 0.0648 0.0000
0.1592 0.0000 0.0000 0.8408 0.0000 0.0000 0.0000 0.0000 0.0000 0.0000
0.2180 0.0000 0.0000 0.4260 0.1159 0.2401 0.0000 0.0000 0.0000 0.0000
0.4284 0.1777 0.3939 0.0000 0.0000 0.0000 0.0000 0.0000 0.0000 0.0000
0.4561 0.0000 0.0000 0.5439 0.0000 0.0000 0.0000 0.0000 0.0000 0.0000
0.1779 0.0000 0.0000 0.0977 0.0709 0.3839 0.0000 0.2696 0.0000 0.0000
0.4919 0.5081 0.0000 0.0000 0.0000 0.0000 0.0000 0.0000 0.0000 0.0000
0.6396 0.0000 0.0000 0.0000 0.0000 0.0000 0.3604 0.0000 0.0000 0.0000
0.1541 0.6629 0.1830 0.0000 0.0000 0.0000 0.0000 0.0000 0.0000 0.0000
0.1248 0.2275 0.6477 0.0000 0.0000 0.0000 0.0000 0.0000 0.0000 0.0000
0.1828 0.0000 0.0000 0.8172 0.0000 0.0000 0.0000 0.0000 0.0000 0.0000
0.4853 0.0000 0.0000 0.1338 0.0000 0.0000 0.0000 0.0000 0.0000 0.3809
0.2845 0.0000 0.0000 0.2004 0.1291 0.2590 0.0000 0.1269 0.0000 0.0000
1.0000 0.0000 0.0000 0.0000 0.0000 0.0000 0.0000 0.0000 0.0000 0.0000
0.7673 0.0000 0.0000 0.0000 0.0000 0.0000 0.2327 0.0000 0.0000 0.0000
0.3691 0.0000 0.0000 0.6309 0.0000 0.0000 0.0000 0.0000 0.0000 0.0000
1.0000 0.0000 0.0000 0.0000 0.0000 0.0000 0.0000 0.0000 0.0000 0.0000
0.2857 0.6351 0.0791 0.0000 0.0000 0.0000 0.0000 0.0000 0.0000 0.0000
0.5459 0.0000 0.0000 0.4541 0.0000 0.0000 0.0000 0.0000 0.0000 0.0000
0.1203 0.0000 0.0000 0.4032 0.1011 0.2426 0.0000 0.1329 0.0000 0.0000
0.3220 0.0000 0.0000 0.5340 0.0000 0.0000 0.0000 0.0000 0.0000 0.1440
0.1407 0.0000 0.0000 0.4558 0.0000 0.0000 0.0000 0.0000 0.0000 0.4035
1.0000 0.0000 0.0000 0.0000 0.0000 0.0000 0.0000 0.0000 0.0000 0.0000
0.3501 0.6499 0.0000 0.0000 0.0000 0.0000 0.0000 0.0000 0.0000 0.0000
0.2680 0.6633 0.0687 0.0000 0.0000 0.0000 0.0000 0.0000 0.0000 0.0000
1.0000 0.0000 0.0000 0.0000 0.0000 0.0000 0.0000 0.0000 0.0000 0.0000
0.2155 0.2275 0.4903 0.0000 0.0000 0.0000 0.0000 0.0000 0.0667 0.0000
0.0768 0.0000 0.0000 0.1861 0.7372 0.0000 0.0000 0.0000 0.0000 0.0000
0.2189 0.4223 0.3588 0.0000 0.0000 0.0000 0.0000 0.0000 0.0000 0.0000
0.6539 0.0000 0.0000 0.3461 0.0000 0.0000 0.0000 0.0000 0.0000 0.0000
0.4238 0.1099 0.3550 0.0000 0.0000 0.0000 0.0000 0.0000 0.1113 0.0000
0.3738 0.0000 0.0000 0.4427 0.0000 0.0000 0.0000 0.0000 0.0000 0.1835
0.0908 0.0000 0.0000 0.7222 0.1870 0.0000 0.0000 0.0000 0.0000 0.0000
0.3995 0.3742 0.2263 0.0000 0.0000 0.0000 0.0000 0.0000 0.0000 0.0000
0.1073 0.2751 0.3019 0.0000 0.0000 0.0000 0.0000 0.0000 0.3157 0.0000
0.6240 0.0000 0.0000 0.3760 0.0000 0.0000 0.0000 0.0000 0.0000 0.0000
0.3192 0.0000 0.0000 0.1194 0.0000 0.0000 0.0000 0.0000 0.0000 0.5614
0.0880 0.0000 0.0000 0.0000 0.0000 0.0000 0.9120 0.0000 0.0000 0.0000
0.3262 0.0000 0.0000 0.0000 0.0000 0.0000 0.6738 0.0000 0.0000 0.0000
0.7584 0.0000 0.0000 0.0000 0.0000 0.0000 0.2416 0.0000 0.0000 0.0000
0.3444 0.0000 0.0000 0.0928 0.1218 0.4411 0.0000 0.0000 0.0000 0.0000
0.8694 0.1306 0.0000 0.0000 0.0000 0.0000 0.0000 0.0000 0.0000 0.0000
0.4033 0.0000 0.0000 0.4999 0.0000 0.0000 0.0000 0.0000 0.0000 0.0968
0.2439 0.7561 0.0000 0.0000 0.0000 0.0000 0.0000 0.0000 0.0000 0.0000
0.0845 0.0000 0.0000 0.3518 0.1885 0.3751 0.0000 0.0000 0.0000 0.0000
1.0000 0.0000 0.0000 0.0000 0.0000 0.0000 0.0000 0.0000 0.0000 0.0000
0.0764 0.0000 0.0000 0.1099 0.0000 0.0000 0.0000 0.0000 0.0000 0.8136
1.0000 0.0000 0.0000 0.0000 0.0000 0.0000 0.0000 0.0000 0.0000 0.0000
0.5702 0.0000 0.0000 0.0693 0.1758 0.0568 0.0000 0.1279 0.0000 0.0000
0.4013 0.3953 0.2034 0.0000 0.0000 0.0000 0.0000 0.0000 0.0000 0.0000
0.1059 0.8941 0.0000 0.0000 0.0000 0.0000 0.0000 0.0000 0.0000 0.0000
0.3137 0.0000 0.0000 0.5883 0.0980 0.0000 0.0000 0.0000 0.0000 0.0000
0.2062 0.0000 0.0000 0.2264 0.0000 0.0000 0.0000 0.0000 0.0000 0.5673
0.3662 0.0000 0.0000 0.1353 0.1068 0.3284 0.0000 0.0633 0.0000 0.0000
0.7747 0.0000 0.0000 0.1054 0.0000 0.0000 0.0000 0.0000 0.0000 0.1199
0.0714 0.0000 0.0000 0.0000 0.0000 0.0000 0.9286 0.0000 0.0000 0.0000
1.0000 0.0000 0.0000 0.0000 0.0000 0.0000 0.0000 0.0000 0.0000 0.0000
0.0740 0.7070 0.2190 0.0000 0.0000 0.0000 0.0000 0.0000 0.0000 0.0000
0.0823 0.6052 0.3125 0.0000 0.0000 0.0000 0.0000 0.0000 0.0000 0.0000
1.0000 0.0000 0.0000 0.0000 0.0000 0.0000 0.0000 0.0000 0.0000 0.0000
0.3814 0.0000 0.0000 0.4399 0.0000 0.0000 0.0000 0.0000 0.0000 0.1786
0.6412 0.2460 0.1129 0.0000 0.0000 0.0000 0.0000 0.0000 0.0000 0.0000
1.0000 0.0000 0.0000 0.0000 0.0000 0.0000 0.0000 0.0000 0.0000 0.0000
0.7834 0.0000 0.0000 0.0000 0.0000 0.0000 0.2166 0.0000 0.0000 0.0000
0.4017 0.5983 0.0000 0.0000 0.0000 0.0000 0.0000 0.0000 0.0000 0.0000
0.1562 0.0756 0.4899 0.0000 0.0000 0.0000 0.0000 0.0000 0.2783 0.0000
0.2707 0.0000 0.0000 0.1244 0.0000 0.0000 0.0000 0.0000 0.0000 0.6049
0.2424 0.0000 0.0000 0.3172 0.0000 0.0000 0.0000 0.0000 0.0000 0.4404
0.4715 0.5285 0.0000 0.0000 0.0000 0.0000 0.0000 0.0000 0.0000 0.0000
0.3565 0.0000 0.0000 0.6435 0.0000 0.0000 0.0000 0.0000 0.0000 0.0000
0.8385 0.1615 0.0000 0.0000 0.0000 0.0000 0.0000 0.0000 0.0000 0.0000
0.3630 0.0000 0.0000 0.2246 0.3128 0.0995 0.0000 0.0000 0.0000 0.0000
0.1239 0.0000 0.0000 0.7190 0.1572 0.0000 0.0000 0.0000 0.0000 0.0000
0.1187 0.0000 0.0000 0.2264 0.3414 0.3134 0.0000 0.0000 0.0000 0.0000
0.4055 0.0000 0.0000 0.2017 0.0553 0.3375 0.0000 0.0000 0.0000 0.0000
0.6218 0.0000 0.0000 0.3782 0.0000 0.0000 0.0000 0.0000 0.0000 0.0000
0.4184 0.1951 0.3865 0.0000 0.0000 0.0000 0.0000 0.0000 0.0000 0.0000
1.0000 0.0000 0.0000 0.0000 0.0000 0.0000 0.0000 0.0000 0.0000 0.0000
0.4251 0.0000 0.0000 0.2830 0.2919 0.0000 0.0000 0.0000 0.0000 0.0000
0.5398 0.3701 0.0902 0.0000 0.0000 0.0000 0.0000 0.0000 0.0000 0.0000
0.8676 0.0000 0.0000 0.0000 0.0000 0.0000 0.1324 0.0000 0.0000 0.0000
0.2310 0.3199 0.3001 0.0000 0.0000 0.0000 0.0000 0.0000 0.1491 0.0000
0.5316 0.0000 0.0000 0.3256 0.1428 0.0000 0.0000 0.0000 0.0000 0.0000
0.2175 0.3189 0.1268 0.0000 0.0000 0.0000 0.0000 0.0000 0.3368 0.0000
0.5904 0.0798 0.1165 0.0000 0.0000 0.0000 0.0000 0.0000 0.2133 0.0000
0.8046 0.0000 0.0000 0.1954 0.0000 0.0000 0.0000 0.0000 0.0000 0.0000
0.0887 0.7513 0.1600 0.0000 0.0000 0.0000 0.0000 0.0000 0.0000 0.0000
0.1286 0.0000 0.0000 0.0759 0.7955 0.0000 0.0000 0.0000 0.0000 0.0000
0.1289 0.0000 0.0000 0.6806 0.1227 0.0679 0.0000 0.0000 0.0000 0.0000
0.7727 0.0000 0.0000 0.2273 0.0000 0.0000 0.0000 0.0000 0.0000 0.0000
0.1212 0.0000 0.0000 0.3872 0.4216 0.0700 0.0000 0.0000 0.0000 0.0000
0.3562 0.0000 0.0000 0.0000 0.0000 0.0000 0.6438 0.0000 0.0000 0.0000
1.0000 0.0000 0.0000 0.0000 0.0000 0.0000 0.0000 0.0000 0.0000 0.0000
0.4497 0.4268 0.1235 0.0000 0.0000 0.0000 0.0000 0.0000 0.0000 0.0000
0.0839 0.0000 0.0000 0.0754 0.8408 0.0000 0.0000 0.0000 0.0000 0.0000
0.3311 0.2686 0.2745 0.0000 0.0000 0.0000 0.0000 0.0000 0.1257 0.0000
1.0000 0.0000 0.0000 0.0000 0.0000 0.0000 0.0000 0.0000 0.0000 0.0000
0.5579 0.0000 0.0000 0.1078 0.0939 0.1173 0.0000 0.1231 0.0000 0.0000
0.1343 0.3036 0.5088 0.0000 0.0000 0.0000 0.0000 0.0000 0.0534 0.0000
0.0860 0.0890 0.1812 0.0000 0.0000 0.0000 0.0000 0.0000 0.6438 0.0000
0.2315 0.0000 0.0000 0.2914 0.4771 0.0000 0.0000 0.0000 0.0000 0.0000
0.8128 0.0000 0.0000 0.0000 0.0000 0.0000 0.1872 0.0000 0.0000 0.0000
0.2616 0.0000 0.0000 0.3136 0.4248 0.0000 0.0000 0.0000 0.0000 0.0000
0.1193 0.2662 0.6145 0.0000 0.0000 0.0000 0.0000 0.0000 0.0000 0.0000
0.1927 0.0000 0.0000 0.3872 0.4200 0.0000 0.0000 0.0000 0.0000 0.0000
0.0887 0.0000 0.0000 0.0820 0.0911 0.7383 0.0000 0.0000 0.0000 0.0000
0.0965 0.0000 0.0000 0.2518 0.0000 0.0000 0.0000 0.0000 0.0000 0.6517
0.5761 0.0000 0.0000 0.4239 0.0000 0.0000 0.0000 0.0000 0.0000 0.0000
0.1070 0.4495 0.4435 0.0000 0.0000 0.0000 0.0000 0.0000 0.0000 0.0000
0.7912 0.2088 0.0000 0.0000 0.0000 0.0000 0.0000 0.0000 0.0000 0.0000
0.1591 0.8409 0.0000 0.0000 0.0000 0.0000 0.0000 0.0000 0.0000 0.0000
0.4556 0.0000 0.0000 0.3179 0.0000 0.0000 0.0000 0.0000 0.0000 0.2265
0.4491 0.0000 0.0000 0.0000 0.0000 0.0000 0.5509 0.0000 0.0000 0.0000
0.6735 0.2585 0.0680 0.0000 0.0000 0.0000 0.0000 0.0000 0.0000 0.0000
0.3948 0.6052 0.0000 0.0000 0.0000 0.0000 0.0000 0.0000 0.0000 0.0000
0.8714 0.0000 0.0000 0.0000 0.0000 0.0000 0.1286 0.0000 0.0000 0.0000
0.2100 0.0000 0.0000 0.1555 0.6345 0.0000 0.0000 0.0000 0.0000 0.0000
0.3401 0.0000 0.0000 0.6599 0.0000 0.0000 0.0000 0.0000 0.0000 0.0000
0.4495 0.0000 0.0000 0.1988 0.0703 0.2813 0.0000 0.0000 0.0000 0.0000
0.4877 0.0000 0.0000 0.0000 0.0000 0.0000 0.5123 0.0000 0.0000 0.0000
0.6350 0.0000 0.0000 0.0000 0.0000 0.0000 0.3650 0.0000 0.0000 0.0000
0.1075 0.4348 0.3723 0.0000 0.0000 0.0000 0.0000 0.0000 0.0855 0.0000
0.0744 0.0000 0.0000 0.8618 0.0000 0.0000 0.0000 0.0000 0.0000 0.0638
0.5785 0.4215 0.0000 0.0000 0.0000 0.0000 0.0000 0.0000 0.0000 0.0000
1.0000 0.0000 0.0000 0.0000 0.0000 0.0000 0.0000 0.0000 0.0000 0.0000
0.5251 0.0000 0.0000 0.4749 0.0000 0.0000 0.0000 0.0000 0.0000 0.0000
0.0653 0.0000 0.0000 0.4580 0.1735 0.3032 0.0000 0.0000 0.0000 0.0000
0.5082 0.0000 0.0000 0.4119 0.0000 0.0000 0.0000 0.0000 0.0000 0.0799
1.0000 0.0000 0.0000 0.0000 0.0000 0.0000 0.0000 0.0000 0.0000 0.0000
0.8069 0.1931 0.0000 0.0000 0.0000 0.0000 0.0000 0.0000 0.0000 0.0000
0.3147 0.0000 0.0000 0.1577 0.0000 0.0000 0.0000 0.0000 0.0000 0.5276
0.2262 0.0000 0.0000 0.2239 0.2375 0.3123 0.0000 0.0000 0.0000 0.0000
0.4049 0.0000 0.0000 0.0000 0.0000 0.0000 0.5951 0.0000 0.0000 0.0000
0.0869 0.8204 0.0927 0.0000 0.0000 0.0000 0.0000 0.0000 0.0000 0.0000
0.3414 0.0000 0.0000 0.2341 0.3309 0.0937 0.0000 0.0000 0.0000 0.0000
0.1711 0.0000 0.0000 0.2941 0.0750 0.4597 0.0000 0.0000 0.0000 0.0000
0.1783 0.0000 0.0000 0.2891 0.3636 0.0912 0.0000 0.0778 0.0000 0.0000
0.1523 0.0935 0.1503 0.0000 0.0000 0.0000 0.0000 0.0000 0.6039 0.0000
0.7616 0.0000 0.0000 0.2384 0.0000 0.0000 0.0000 0.0000 0.0000 0.0000
0.6181 0.0000 0.0000 0.1300 0.1139 0.1381 0.0000 0.0000 0.0000 0.0000
0.4748 0.1901 0.3351 0.0000 0.0000 0.0000 0.0000 0.0000 0.0000 0.0000
0.0913 0.0000 0.0000 0.9087 0.0000 0.0000 0.0000 0.0000 0.0000 0.0000
1.0000 0.0000 0.0000 0.0000 0.0000 0.0000 0.0000 0.0000 0.0000 0.0000
0.3073 0.0000 0.0000 0.2641 0.2723 0.1563 0.0000 0.0000 0.0000 0.0000
0.1088 0.0000 0.0000 0.4106 0.0994 0.2491 0.0000 0.1321 0.0000 0.0000
0.3698 0.0000 0.0000 0.2963 0.0968 0.1063 0.0000 0.1308 0.0000 0.0000
0.0641 0.0000 0.0000 0.1560 0.5724 0.2075 0.0000 0.0000 0.0000 0.0000
0.1982 0.0000 0.0000 0.1889 0.0000 0.0000 0.0000 0.0000 0.0000 0.6130
0.3332 0.2491 0.3129 0.0000 0.0000 0.0000 0.0000 0.0000 0.1049 0.0000
0.1945 0.0000 0.0000 0.1680 0.4417 0.1103 0.0000 0.0855 0.0000 0.0000
0.3246 0.0903 0.2457 0.0000 0.0000 0.0000 0.0000 0.0000 0.3394 0.0000
0.1207 0.0000 0.0000 0.2211 0.0587 0.5155 0.0000 0.0839 0.0000 0.0000
0.4899 0.5101 0.0000 0.0000 0.0000 0.0000 0.0000 0.0000 0.0000 0.0000
0.1709 0.5178 0.3113 0.0000 0.0000 0.0000 0.0000 0.0000 0.0000 0.0000
0.1611 0.4550 0.3839 0.0000 0.0000 0.0000 0.0000 0.0000 0.0000 0.0000
1.0000 0.0000 0.0000 0.0000 0.0000 0.0000 0.0000 0.0000 0.0000 0.0000
1.0000 0.0000 0.0000 0.0000 0.0000 0.0000 0.0000 0.0000 0.0000 0.0000
0.1330 0.0000 0.0000 0.1071 0.7598 0.0000 0.0000 0.0000 0.0000 0.0000
0.1428 0.0000 0.0000 0.0892 0.4839 0.2841 0.0000 0.0000 0.0000 0.0000
1.0000 0.0000 0.0000 0.0000 0.0000 0.0000 0.0000 0.0000 0.0000 0.0000
0.7276 0.0000 0.0000 0.0000 0.0000 0.0000 0.2724 0.0000 0.0000 0.0000
0.2176 0.0000 0.0000 0.0000 0.0000 0.0000 0.7824 0.0000 0.0000 0.0000
0.5317 0.0692 0.0722 0.0000 0.0000 0.0000 0.0000 0.0000 0.3269 0.0000
0.2939 0.0000 0.0000 0.7061 0.0000 0.0000 0.0000 0.0000 0.0000 0.0000
0.1346 0.8654 0.0000 0.0000 0.0000 0.0000 0.0000 0.0000 0.0000 0.0000
0.1455 0.0000 0.0000 0.3074 0.0901 0.4570 0.0000 0.0000 0.0000 0.0000
0.7665 0.0000 0.0000 0.2335 0.0000 0.0000 0.0000 0.0000 0.0000 0.0000
0.4914 0.0000 0.0000 0.0000 0.0000 0.0000 0.5086 0.0000 0.0000 0.0000
0.1782 0.0000 0.0000 0.4614 0.3604 0.0000 0.0000 0.0000 0.0000 0.0000
0.1972 0.0000 0.0000 0.2383 0.0000 0.0000 0.0000 0.0000 0.0000 0.5644
0.2579 0.1851 0.2504 0.0000 0.0000 0.0000 0.0000 0.0000 0.3066 0.0000
0.4207 0.2624 0.3168 0.0000 0.0000 0.0000 0.0000 0.0000 0.0000 0.0000
0.1991 0.0000 0.0000 0.8009 0.0000 0.0000 0.0000 0.0000 0.0000 0.0000
1.0000 0.0000 0.0000 0.0000 0.0000 0.0000 0.0000 0.0000 0.0000 0.0000
0.1218 0.0000 0.0000 0.0884 0.3455 0.0523 0.0000 0.3920 0.0000 0.0000
0.1851 0.0000 0.0000 0.1977 0.2475 0.3697 0.0000 0.0000 0.0000 0.0000
0.3195 0.0000 0.0000 0.1162 0.3360 0.2283 0.0000 0.0000 0.0000 0.0000
0.3229 0.2676 0.4095 0.0000 0.0000 0.0000 0.0000 0.0000 0.0000 0.0000
0.7002 0.0000 0.0000 0.0000 0.0000 0.0000 0.2998 0.0000 0.0000 0.0000
0.5860 0.4140 0.0000 0.0000 0.0000 0.0000 0.0000 0.0000 0.0000 0.0000
0.3488 0.2251 0.4261 0.0000 0.0000 0.0000 0.0000 0.0000 0.0000 0.0000
0.2643 0.0000 0.0000 0.0733 0.1411 0.1634 0.0000 0.3578 0.0000 0.0000
0.2655 0.0000 0.0000 0.0000 0.0000 0.0000 0.7345 0.0000 0.0000 0.0000
0.5718 0.4282 0.0000 0.0000 0.0000 0.0000 0.0000 0.0000 0.0000 0.0000
0.2782 0.0000 0.0000 0.4539 0.0575 0.2103 0.0000 0.0000 0.0000 0.0000
0.4823 0.0000 0.0000 0.5177 0.0000 0.0000 0.0000 0.0000 0.0000 0.0000
0.0979 0.0000 0.0000 0.1388 0.6281 0.1353 0.0000 0.0000 0.0000 0.0000
0.0907 0.0000 0.0000 0.0000 0.0000 0.0000 0.9093 0.0000 0.0000 0.0000
0.4504 0.0000 0.0000 0.0955 0.4540 0.0000 0.0000 0.0000 0.0000 0.0000
0.3803 0.6197 0.0000 0.0000 0.0000 0.0000 0.0000 0.0000 0.0000 0.0000
0.6999 0.0000 0.0000 0.2319 0.0682 0.0000 0.0000 0.0000 0.0000 0.0000
0.4067 0.5933 0.0000 0.0000 0.0000 0.0000 0.0000 0.0000 0.0000 0.0000
0.1450 0.0000 0.0000 0.1871 0.6679 0.0000 0.0000 0.0000 0.0000 0.0000
1.0000 0.0000 0.0000 0.0000 0.0000 0.0000 0.0000 0.0000 0.0000 0.0000
0.3724 0.0000 0.0000 0.0000 0.0000 0.0000 0.6276 0.0000 0.0000 0.0000
0.1704 0.0000 0.0000 0.0906 0.1595 0.1232 0.0000 0.4563 0.0000 0.0000
0.1318 0.0000 0.0000 0.0000 0.0000 0.0000 0.8682 0.0000 0.0000 0.0000
0.5165 0.4835 0.0000 0.0000 0.0000 0.0000 0.0000 0.0000 0.0000 0.0000
0.0577 0.5031 0.0698 0.0000 0.0000 0.0000 0.0000 0.0000 0.3694 0.0000
0.0969 0.0000 0.0000 0.2688 0.0843 0.2720 0.0000 0.2780 0.0000 0.0000
0.1327 0.3611 0.1531 0.0000 0.0000 0.0000 0.0000 0.0000 0.3531 0.0000
0.1208 0.0819 0.7973 0.0000 0.0000 0.0000 0.0000 0.0000 0.0000 0.0000
0.1849 0.0000 0.0000 0.1218 0.0551 0.3735 0.0000 0.2646 0.0000 0.0000
0.4105 0.4255 0.1639 0.0000 0.0000 0.0000 0.0000 0.0000 0.0000 0.0000
0.5618 0.0000 0.0000 0.3252 0.1131 0.0000 0.0000 0.0000 0.0000 0.0000
0.5275 0.0000 0.0000 0.4725 0.0000 0.0000 0.0000 0.0000 0.0000 0.0000
0.2956 0.0000 0.0000 0.0000 0.0000 0.0000 0.7044 0.0000 0.0000 0.0000
0.9489 0.0000 0.0000 0.0511 0.0000 0.0000 0.0000 0.0000 0.0000 0.0000
0.1127 0.0000 0.0000 0.2498 0.2541 0.0804 0.0000 0.3030 0.0000 0.0000
0.2479 0.7521 0.0000 0.0000 0.0000 0.0000 0.0000 0.0000 0.0000 0.0000
0.7172 0.2828 0.0000 0.0000 0.0000 0.0000 0.0000 0.0000 0.0000 0.0000
0.2519 0.0000 0.0000 0.3488 0.3992 0.0000 0.0000 0.0000 0.0000 0.0000
0.8870 0.0000 0.0000 0.0000 0.0000 0.0000 0.1130 0.0000 0.0000 0.0000
0.2690 0.0000 0.0000 0.2726 0.0000 0.0000 0.0000 0.0000 0.0000 0.4584
1.0000 0.0000 0.0000 0.0000 0.0000 0.0000 0.0000 0.0000 0.0000 0.0000
0.8384 0.0000 0.0000 0.0000 0.0000 0.0000 0.1616 0.0000 0.0000 0.0000
0.3746 0.0000 0.0000 0.5648 0.0000 0.0000 0.0000 0.0000 0.0000 0.0606
0.7510 0.2490 0.0000 0.0000 0.0000 0.0000 0.0000 0.0000 0.0000 0.0000
0.3915 0.0000 0.0000 0.6085 0.0000 0.0000 0.0000 0.0000 0.0000 0.0000
0.6114 0.0000 0.0000 0.3112 0.0000 0.0000 0.0000 0.0000 0.0000 0.0774
1.0000 0.0000 0.0000 0.0000 0.0000 0.0000 0.0000 0.0000 0.0000 0.0000
0.1736 0.5209 0.3056 0.0000 0.0000 0.0000 0.0000 0.0000 0.0000 0.0000
0.2635 0.7365 0.0000 0.0000 0.0000 0.0000 0.0000 0.0000 0.0000 0.0000
1.0000 0.0000 0.0000 0.0000 0.0000 0.0000 0.0000 0.0000 0.0000 0.0000
0.0556 0.0000 0.0000 0.0000 0.0000 0.0000 0.9444 0.0000 0.0000 0.0000
1.0000 0.0000 0.0000 0.0000 0.0000 0.0000 0.0000 0.0000 0.0000 0.0000
0.3504 0.1822 0.4674 0.0000 0.0000 0.0000 0.0000 0.0000 0.0000 0.0000
0.6829 0.3171 0.0000 0.0000 0.0000 0.0000 0.0000 0.0000 0.0000 0.0000
1.0000 0.0000 0.0000 0.0000 0.0000 0.0000 0.0000 0.0000 0.0000 0.0000
0.2246 0.0000 0.0000 0.0000 0.0000 0.0000 0.7754 0.0000 0.0000 0.0000
0.7628 0.0000 0.0000 0.1520 0.0852 0.0000 0.0000 0.0000 0.0000 0.0000
0.0885 0.0000 0.0000 0.3664 0.5451 0.0000 0.0000 0.0000 0.0000 0.0000
0.4117 0.5883 0.0000 0.0000 0.0000 0.0000 0.0000 0.0000 0.0000 0.0000
0.1556 0.0000 0.0000 0.7141 0.1303 0.0000 0.0000 0.0000 0.0000 0.0000
0.1875 0.7452 0.0673 0.0000 0.0000 0.0000 0.0000 0.0000 0.0000 0.0000
1.0000 0.0000 0.0000 0.0000 0.0000 0.0000 0.0000 0.0000 0.0000 0.0000
0.4266 0.5734 0.0000 0.0000 0.0000 0.0000 0.0000 0.0000 0.0000 0.0000
0.6713 0.3287 0.0000 0.0000 0.0000 0.0000 0.0000 0.0000 0.0000 0.0000
0.5532 0.0000 0.0000 0.3938 0.0530 0.0000 0.0000 0.0000 0.0000 0.0000
0.2961 0.0000 0.0000 0.3865 0.3174 0.0000 0.0000 0.0000 0.0000 0.0000
0.1072 0.8928 0.0000 0.0000 0.0000 0.0000 0.0000 0.0000 0.0000 0.0000
0.2298 0.0000 0.0000 0.1494 0.3077 0.2024 0.0000 0.1107 0.0000 0.0000
1.0000 0.0000 0.0000 0.0000 0.0000 0.0000 0.0000 0.0000 0.0000 0.0000
0.1480 0.0000 0.0000 0.4161 0.2681 0.1679 0.0000 0.0000 0.0000 0.0000
1.0000 0.0000 0.0000 0.0000 0.0000 0.0000 0.0000 0.0000 0.0000 0.0000
0.5731 0.0000 0.0000 0.0000 0.0000 0.0000 0.4269 0.0000 0.0000 0.0000
0.2754 0.0705 0.6540 0.0000 0.0000 0.0000 0.0000 0.0000 0.0000 0.0000
0.1804 0.0000 0.0000 0.3158 0.0000 0.0000 0.0000 0.0000 0.0000 0.5038
0.0713 0.0000 0.0000 0.0668 0.0000 0.0000 0.0000 0.0000 0.0000 0.8620
0.8616 0.1384 0.0000 0.0000 0.0000 0.0000 0.0000 0.0000 0.0000 0.0000
0.3653 0.0000 0.0000 0.6347 0.0000 0.0000 0.0000 0.0000 0.0000 0.0000
0.7992 0.2008 0.0000 0.0000 0.0000 0.0000 0.0000 0.0000 0.0000 0.0000
0.4727 0.1401 0.3872 0.0000 0.0000 0.0000 0.0000 0.0000 0.0000 0.0000
0.5324 0.0000 0.0000 0.4117 0.0559 0.0000 0.0000 0.0000 0.0000 0.0000
0.0833 0.0000 0.0000 0.0000 0.0000 0.0000 0.9167 0.0000 0.0000 0.0000
0.1832 0.8168 0.0000 0.0000 0.0000 0.0000 0.0000 0.0000 0.0000 0.0000
0.2115 0.0000 0.0000 0.7224 0.0000 0.0000 0.0000 0.0000 0.0000 0.0662
0.5922 0.0000 0.0000 0.1079 0.0000 0.0000 0.0000 0.0000 0.0000 0.2998
0.7677 0.0000 0.0000 0.0790 0.1533 0.0000 0.0000 0.0000 0.0000 0.0000
0.1755 0.6768 0.0522 0.0000 0.0000 0.0000 0.0000 0.0000 0.0954 0.0000
0.1547 0.0000 0.0000 0.3401 0.0593 0.4458 0.0000 0.0000 0.0000 0.0000
0.2503 0.1328 0.1590 0.0000 0.0000 0.0000 0.0000 0.0000 0.4580 0.0000
0.3749 0.0000 0.0000 0.6251 0.0000 0.0000 0.0000 0.0000 0.0000 0.0000
1.0000 0.0000 0.0000 0.0000 0.0000 0.0000 0.0000 0.0000 0.0000 0.0000
0.6386 0.3614 0.0000 0.0000 0.0000 0.0000 0.0000 0.0000 0.0000 0.0000
0.0620 0.3747 0.5633 0.0000 0.0000 0.0000 0.0000 0.0000 0.0000 0.0000
0.1208 0.1648 0.3628 0.0000 0.0000 0.0000 0.0000 0.0000 0.3516 0.0000
0.6426 0.0000 0.0000 0.0804 0.2770 0.0000 0.0000 0.0000 0.0000 0.0000
0.2404 0.0000 0.0000 0.7596 0.0000 0.0000 0.0000 0.0000 0.0000 0.0000
0.3721 0.5311 0.0968 0.0000 0.0000 0.0000 0.0000 0.0000 0.0000 0.0000
0.4021 0.5979 0.0000 0.0000 0.0000 0.0000 0.0000 0.0000 0.0000 0.0000
0.1191 0.1603 0.1525 0.0000 0.0000 0.0000 0.0000 0.0000 0.5680 0.0000
0.5193 0.0000 0.0000 0.3075 0.1732 0.0000 0.0000 0.0000 0.0000 0.0000
0.3461 0.0000 0.0000 0.0000 0.0000 0.0000 0.6539 0.0000 0.0000 0.0000
0.3655 0.2682 0.2045 0.0000 0.0000 0.0000 0.0000 0.0000 0.1617 0.0000
0.4120 0.5880 0.0000 0.0000 0.0000 0.0000 0.0000 0.0000 0.0000 0.0000
0.0845 0.5558 0.2347 0.0000 0.0000 0.0000 0.0000 0.0000 0.1250 0.0000
0.7618 0.2382 0.0000 0.0000 0.0000 0.0000 0.0000 0.0000 0.0000 0.0000
0.7492 0.0000 0.0000 0.2508 0.0000 0.0000 0.0000 0.0000 0.0000 0.0000
0.0584 0.1259 0.5039 0.0000 0.0000 0.0000 0.0000 0.0000 0.3118 0.0000
1.0000 0.0000 0.0000 0.0000 0.0000 0.0000 0.0000 0.0000 0.0000 0.0000
0.2934 0.0000 0.0000 0.3703 0.3363 0.0000 0.0000 0.0000 0.0000 0.0000
0.5819 0.0000 0.0000 0.4181 0.0000 0.0000 0.0000 0.0000 0.0000 0.0000
0.1562 0.0000 0.0000 0.8438 0.0000 0.0000 0.0000 0.0000 0.0000 0.0000
0.1009 0.8991 0.0000 0.0000 0.0000 0.0000 0.0000 0.0000 0.0000 0.0000
0.3933 0.0000 0.0000 0.1333 0.4734 0.0000 0.0000 0.0000 0.0000 0.0000
0.4558 0.0000 0.0000 0.0000 0.0000 0.0000 0.5442 0.0000 0.0000 0.0000
0.3221 0.0000 0.0000 0.4759 0.2019 0.0000 0.0000 0.0000 0.0000 0.0000
0.6659 0.0000 0.0000 0.2208 0.1133 0.0000 0.0000 0.0000 0.0000 0.0000
0.1936 0.0000 0.0000 0.3136 0.3499 0.1429 0.0000 0.0000 0.0000 0.0000
0.2135 0.0000 0.0000 0.4327 0.0792 0.0523 0.0000 0.2223 0.0000 0.0000
0.2955 0.0000 0.0000 0.3250 0.3795 0.0000 0.0000 0.0000 0.0000 0.0000
0.6918 0.0000 0.0000 0.0680 0.2402 0.0000 0.0000 0.0000 0.0000 0.0000
0.9285 0.0715 0.0000 0.0000 0.0000 0.0000 0.0000 0.0000 0.0000 0.0000
0.4095 0.0807 0.5099 0.0000 0.0000 0.0000 0.0000 0.0000 0.0000 0.0000
0.0587 0.1322 0.4537 0.0000 0.0000 0.0000 0.0000 0.0000 0.3554 0.0000
0.2235 0.0000 0.0000 0.1808 0.2267 0.2469 0.0000 0.1221 0.0000 0.0000
0.3507 0.2986 0.3507 0.0000 0.0000 0.0000 0.0000 0.0000 0.0000 0.0000
0.0693 0.2152 0.1681 0.0000 0.0000 0.0000 0.0000 0.0000 0.5474 0.0000
0.1172 0.0960 0.5191 0.0000 0.0000 0.0000 0.0000 0.0000 0.2677 0.0000
0.3619 0.0000 0.0000 0.0684 0.2137 0.3060 0.0000 0.0500 0.0000 0.0000
0.6309 0.0000 0.0000 0.2185 0.1506 0.0000 0.0000 0.0000 0.0000 0.0000
0.6605 0.0000 0.0000 0.0804 0.0000 0.0000 0.0000 0.0000 0.0000 0.2591
0.6040 0.1474 0.0918 0.0000 0.0000 0.0000 0.0000 0.0000 0.1568 0.0000
