49 47 52 46 49 49 53 72 62 56 53 46 45 53 54 0
67 55 56 55 53 50 51 48 48 52 59 54 48 52 40 0
53 55 55 54 58 46 52 45 50 46 48 43 48 55 55 0
62 50 55 55 48 44 46 55 48 52 50 36 50 64 50 0
42 43 41 49 46 42 50 44 46 61 52 58 48 51 51 0
48 42 43 61 49 52 45 41 51 55 51 54 54 53 58 0
51 44 56 54 53 55 52 53 59 53 52 52 46 44 57 0
62 52 52 46 55 47 63 45 57 62 51 61 54 57 51 0
61 51 50 57 38 48 67 42 50 62 56 54 47 50 44 0
47 63 52 47 58 44 48 46 61 56 50 47 57 42 44 0
42 54 43 40 50 44 58 62 67 58 48 46 52 54 45 0
51 43 56 38 47 48 55 49 61 49 48 35 47 50 55 0
42 58 50 49 51 55 60 50 49 52 52 34 45 55 53 0
52 55 45 45 35 58 61 51 60 44 50 43 52 41 44 0
64 40 43 46 50 55 46 47 56 57 55 65 49 57 52 0
69 62 38 52 33 47 66 39 64 49 49 49 50 50 59 0
65 43 37 47 54 49 43 52 61 44 46 57 51 50 42 0
53 51 51 44 42 59 56 43 45 55 41 42 58 48 54 0
45 49 47 34 61 53 59 50 56 55 56 68 47 57 52 0
46 48 41 55 57 45 48 48 40 51 44 51 55 58 50 0
46 55 41 42 42 48 56 63 44 46 48 53 50 51 57 0
52 49 50 53 53 45 43 54 37 49 45 57 55 45 49 0
51 44 46 39 64 58 41 41 57 48 54 50 55 49 53 0
50 50 44 61 33 50 57 53 51 59 51 54 53 38 40 0
37 61 45 56 61 35 58 43 58 58 51 60 52 43 51 0
48 53 55 38 57 47 49 47 51 54 45 41 65 47 55 0
57 45 53 40 47 54 49 57 41 42 57 42 62 48 40 0
41 69 44 57 58 49 47 52 57 58 50 48 52 34 61 0
38 54 47 62 64 48 56 51 59 39 49 47 53 38 55 0
51 54 52 59 49 50 41 50 49 56 57 54 58 40 49 0
42 51 58 58 45 52 56 49 47 56 59 48 51 54 46 0
46 62 51 58 51 60 42 40 58 53 36 35 47 53 42 0
50 46 39 48 55 54 52 52 48 58 47 48 39 38 46 0
50 48 50 59 53 50 61 47 59 44 50 48 46 48 43 0
37 58 62 54 56 51 55 52 39 38 55 52 51 52 53 0
55 53 52 45 50 54 58 44 53 53 51 46 56 44 48 0
65 49 39 59 50 42 60 46 49 52 42 54 47 53 55 0
45 43 52 39 44 43 49 48 50 51 45 50 47 56 57 0
62 46 51 56 52 53 43 45 44 57 56 53 44 42 40 0
51 51 41 49 57 42 56 37 47 44 47 44 65 46 45 0
37 59 46 63 50 44 58 38 58 48 60 58 44 67 49 0
51 58 52 48 41 54 41 59 48 56 50 52 50 57 46 0
49 58 59 52 45 38 56 50 29 52 59 42 49 62 62 0
58 57 48 50 46 52 50 46 55 46 54 45 49 47 49 0
57 53 51 53 50 65 45 54 48 45 45 55 57 45 35 0
40 30 50 50 36 46 46 48 37 43 49 59 47 50 46 0
51 39 50 44 48 41 58 53 47 39 46 47 34 56 56 0
40 55 49 56 39 50 56 45 41 58 52 45 49 43 56 0
50 51 54 60 46 54 46 61 61 52 49 43 59 43 52 0
44 46 39 54 45 47 53 47 54 49 44 50 48 45 49 0
56 41 49 34 46 51 48 56 37 50 53 59 56 47 57 0
57 46 51 54 56 53 51 51 55 52 57 55 43 52 44 0
51 37 48 38 58 47 58 47 48 41 40 53 51 60 50 0
56 53 42 54 58 40 47 59 49 51 51 46 44 36 45 0
42 48 50 52 61 49 36 58 58 51 39 55 50 49 42 0
51 47 50 54 48 56 47 58 61 58 52 46 38 56 53 0
50 45 47 55 52 50 50 49 52 43 57 48 56 40 55 0
51 60 44 37 50 49 60 39 61 45 40 64 36 45 44 0
38 56 34 49 40 50 48 54 48 43 55 50 38 51 50 0
53 54 48 52 43 49 52 50 62 41 42 59 52 52 40 0
53 48 62 52 42 44 53 47 47 51 51 51 49 50 59 0
53 47 46 57 45 50 43 55 49 38 43 57 54 34 54 0
62 43 49 40 71 58 46 46 34 42 36 45 49 54 46 0
51 48 39 61 48 34 48 42 47 53 42 47 53 50 45 0
46 59 35 58 47 51 49 41 52 53 46 64 53 46 46 0
48 53 58 51 55 58 52 47 51 60 46 56 45 50 53 0
43 42 49 48 46 57 35 47 41 46 48 56 41 52 54 0
61 38 49 53 47 33 31 47 65 50 43 66 47 49 39 0
41 52 34 60 45 61 51 50 51 41 46 52 61 41 65 0
52 63 46 46 59 50 49 49 50 64 46 49 55 52 65 0
42 53 50 32 50 51 52 52 44 54 64 60 47 50 51 0
45 48 50 49 46 42 63 59 51 45 48 53 66 46 54 0
46 36 46 51 47 55 50 47 42 48 59 52 45 54 53 0
49 48 41 38 51 37 48 57 40 56 51 50 49 61 43 0
43 53 62 42 59 58 58 52 64 41 45 54 48 58 55 0
52 53 60 44 62 57 52 53 48 51 55 46 38 49 52 0
39 52 53 62 49 40 62 50 49 60 44 53 56 60 47 0
52 47 45 58 47 51 46 50 57 47 57 48 52 49 41 0
44 40 39 52 57 51 54 49 48 41 55 62 52 44 46 0
40 41 41 45 51 50 57 52 40 42 47 49 59 53 49 0
46 40 50 46 48 52 51 55 58 57 65 42 46 44 50 0
48 39 46 54 48 63 59 50 51 46 42 51 48 43 38 0
56 53 49 53 50 50 46 53 67 54 54 44 47 53 55 0
48 49 46 62 51 54 57 43 53 55 50 66 51 51 43 0
57 58 54 45 43 58 58 52 63 54 74 49 45 52 51 0
61 62 51 39 53 60 64 46 47 51 61 50 46 54 59 0
53 47 46 60 46 59 53 50 45 53 66 49 58 50 45 0
41 62 52 48 51 63 49 54 49 47 52 43 50 50 62 0
46 47 49 61 50 59 47 39 52 45 47 57 42 53 43 0
51 57 41 45 54 57 46 36 47 47 37 56 45 43 37 0
45 46 47 46 54 44 52 43 52 58 43 56 49 61 56 0
44 58 43 47 64 42 52 49 55 60 43 54 37 41 45 0
56 54 44 47 55 51 44 58 53 47 63 44 49 61 35 0
54 44 51 58 46 56 53 55 39 52 47 41 52 64 66 0
50 54 40 38 38 42 54 54 58 38 37 49 45 56 56 0
46 44 44 61 54 60 47 57 51 52 55 39 46 41 49 0
47 35 55 41 55 55 48 52 51 45 48 48 46 48 58 0
43 51 53 43 64 60 46 61 55 45 56 50 45 50 49 0
49 47 49 50 49 44 37 57 43 47 42 44 58 56 44 0
56 56 51 43 47 57 55 51 49 48 52 62 50 46 44 0
