1.0000 0.2766 0.0000 0.0000 0.0000 0.0000 0.0189 0.0833 0.0000 0.7321 0.0189 0.0000 0.0000 0.0000 0.0000 0.0000
1.0000 0.8364 0.0000 0.6364 0.0000 0.3600 0.0000 0.0000 0.0417 0.0000 0.0000 0.0000 0.0000 0.0000 0.1000 0.0000
1.0000 0.4909 0.3455 0.0741 0.0000 0.0000 0.0000 0.0444 0.0000 0.0217 0.0000 0.0000 0.0000 0.0000 0.0000 0.0000
1.0000 0.7400 0.0000 0.0000 0.1875 0.0000 0.0000 0.0909 0.0000 0.0000 0.0000 0.0000 0.0000 0.0000 0.0000 0.0000
1.0000 0.4884 0.5122 0.0000 0.0217 0.0000 0.0400 0.0000 0.0435 0.4098 0.0000 0.0000 0.1875 0.0000 0.0000 0.0000
1.0000 0.9524 0.0000 0.0328 0.6735 0.0000 0.0000 0.0000 0.8627 0.0000 0.1176 0.1481 0.0000 0.0000 0.0000 0.0000
0.9804 0.9773 0.0000 0.1852 0.0000 0.3091 0.0577 0.0000 0.0000 0.0000 0.0192 0.0000 0.0000 0.0227 0.0175 0.0000
1.0000 0.6346 0.0000 0.0000 0.6182 0.0000 0.0000 0.0000 0.5789 0.0000 0.2549 0.6393 0.0000 0.0000 0.0000 0.0000
0.9836 0.9412 0.0000 0.4912 0.1053 0.7083 0.0597 0.0000 0.0200 0.0000 0.0000 0.0000 0.0000 0.0000 0.2500 0.0000
1.0000 0.4444 0.1154 0.0213 0.0000 0.0000 0.0000 0.0000 0.0000 0.2679 0.0000 0.0000 0.0000 0.0000 0.0227 0.0000
1.0000 0.8889 0.0000 0.8000 0.0000 0.7045 0.0000 0.0323 0.0000 0.0000 0.0000 0.0217 0.0000 0.0000 0.4667 0.0000
1.0000 0.9535 0.0000 0.0000 0.6170 0.0208 0.0000 0.1224 0.2787 0.0000 0.0417 0.1143 0.0000 0.0000 0.0000 0.0000
1.0000 0.6207 0.0000 0.0000 0.3922 0.0000 0.0000 0.0000 0.0000 0.0000 0.0000 0.0000 0.0000 0.0000 0.0000 0.0000
1.0000 0.9455 0.0222 0.4000 0.0286 0.1724 0.2951 0.0000 0.0000 0.0682 0.0000 0.1163 0.0000 0.0000 0.0000 0.0000
1.0000 0.9750 0.0000 0.4783 0.0000 0.4909 0.0000 0.0000 0.0000 0.0175 0.0000 0.0000 0.0000 0.0351 0.0000 0.0000
1.0000 0.1129 0.0000 0.0000 0.0000 0.0000 0.0152 0.0000 0.0156 0.3265 0.1429 0.0408 0.0000 0.0000 0.0000 0.0000
1.0000 0.0000 0.0000 0.0000 0.0185 0.0000 0.0000 0.0000 0.0000 0.0000 0.0435 0.0000 0.0000 0.0000 0.0000 0.0000
0.9811 0.4510 0.0588 0.0455 0.0000 0.0847 0.0893 0.0000 0.1111 0.0000 0.0000 0.0000 0.0172 0.0000 0.0000 0.0000
1.0000 0.2449 0.0000 0.0000 0.0000 0.0000 0.0000 0.0000 0.0000 0.6364 0.0357 0.0000 0.0213 0.0175 0.0000 0.0000
1.0000 0.0000 0.0732 0.0000 0.0000 0.0444 0.0000 0.0000 0.0000 0.0000 0.0000 0.0000 0.0000 0.0000 0.0200 0.0000
1.0000 0.8545 0.0000 0.5238 0.0000 0.1458 0.1786 0.0000 0.0000 0.0870 0.0000 0.0000 0.0000 0.0000 0.0351 0.0000
0.9615 0.8367 0.0000 0.5472 0.0000 0.8000 0.1860 0.1667 0.0000 0.0000 0.0000 0.0000 0.0000 0.0222 0.0204 0.0000
1.0000 0.1818 0.0000 0.0000 0.0000 0.0000 0.0000 0.0000 0.0351 0.4167 0.0000 0.0000 0.1091 0.0000 0.0000 0.0000
1.0000 0.7800 0.0000 0.0000 0.0000 0.0000 0.0000 0.0189 0.0392 0.0339 0.0000 0.0000 0.0189 0.0263 0.0500 0.0000
1.0000 0.5246 0.0000 0.0000 0.0000 0.0000 0.0000 0.0000 0.0000 0.5345 0.0000 0.0000 0.0000 0.0000 0.0000 0.0000
1.0000 0.2642 0.1273 0.0000 0.0000 0.0426 0.0000 0.0000 0.0000 0.0185 0.0000 0.0000 0.0000 0.0213 0.0000 0.0000
1.0000 0.6889 0.0000 0.0000 0.0000 0.0000 0.0000 0.0351 0.0000 0.0238 0.0000 0.0000 0.0000 0.0208 0.0750 0.0000
1.0000 0.3768 0.0000 0.0175 0.4655 0.0000 0.0851 0.0000 0.4737 0.0000 0.4600 0.0417 0.0000 0.0294 0.0164 0.0000
1.0000 1.0000 0.0638 0.0000 0.6562 0.0000 0.0000 0.0000 0.3390 0.0256 0.2653 0.5106 0.0755 0.0000 0.0000 0.0000
1.0000 0.8889 0.0192 0.7288 0.0408 0.0000 0.0000 0.0000 0.0000 0.0000 0.0000 0.0000 0.0000 0.0000 0.0000 0.0000
1.0000 0.5294 0.0000 0.0345 0.6222 0.0000 0.0000 0.0000 0.0000 0.0000 0.0000 0.0000 0.0000 0.0000 0.0870 0.0000
1.0000 0.5000 0.0000 0.1724 0.0392 0.0000 0.0000 0.0000 0.0000 0.2075 0.0278 0.0000 0.0426 0.0000 0.0714 0.0000
1.0000 0.6957 0.0000 0.5208 0.0182 0.2407 0.4808 0.4615 0.0000 0.0000 0.0000 0.0000 0.0000 0.0000 0.0000 0.0000
1.0000 0.7708 0.0000 0.7458 0.0566 0.8000 0.0000 0.0000 0.0169 0.0000 0.0000 0.0417 0.0000 0.0000 0.0698 0.0000
1.0000 0.1207 0.0000 0.0000 0.0000 0.0000 0.0000 0.0769 0.0000 0.0000 0.0000 0.0000 0.0000 0.0192 0.0000 0.0000
1.0000 0.8868 0.0000 0.6667 0.0000 0.2222 0.3276 0.0000 0.1321 0.0000 0.0000 0.0000 0.0893 0.1364 0.0000 0.0000
0.9846 0.6939 0.4103 0.0000 0.0000 0.0000 0.1000 0.0000 0.0000 0.4808 0.0238 0.0370 0.1489 0.0000 0.0000 0.0000
0.9778 0.5581 0.0000 0.0000 0.6136 0.0000 0.0612 0.0000 0.1200 0.0000 0.3778 0.0000 0.0000 0.0714 0.0000 0.0000
1.0000 0.6957 0.6078 0.0000 0.0000 0.0000 0.0698 0.0000 0.0000 0.1053 0.0000 0.0000 0.0227 0.0000 0.0000 0.0000
1.0000 0.9020 0.0000 0.8163 0.0000 0.5952 0.3393 0.0811 0.1702 0.0000 0.0000 0.0000 0.0000 0.0870 0.0000 0.0000
1.0000 0.7458 0.0435 0.0000 0.6000 0.0000 0.0000 0.0000 0.0000 0.0000 0.0667 0.0172 0.0227 0.0000 0.0000 0.0000
1.0000 0.7931 0.0000 0.0208 0.7073 0.0000 0.0000 0.0847 0.7292 0.0000 0.2600 0.0000 0.0000 0.0877 0.0435 0.0000
1.0000 0.4138 0.0000 0.3077 0.0000 0.1053 0.0536 0.0000 0.0000 0.0000 0.0000 0.0000 0.0000 0.0323 0.0161 0.0000
1.0000 0.8596 0.0000 0.6000 0.0000 0.3269 0.1200 0.0217 0.0000 0.0000 0.0000 0.0000 0.0000 0.0000 0.0204 0.0000
1.0000 0.2830 0.0392 0.0000 0.0000 0.0000 0.0000 0.0000 0.0000 0.1778 0.0000 0.0000 0.0000 0.0667 0.0000 0.0000
1.0000 0.1333 0.0000 0.0000 0.0000 0.0652 0.0870 0.0000 0.0000 0.6047 0.0000 0.2034 0.0000 0.0000 0.0000 0.0000
1.0000 0.4103 0.3600 0.0227 0.0000 0.0488 0.0000 0.0000 0.0000 0.1538 0.0000 0.0213 0.0000 0.0714 0.0000 0.0000
1.0000 0.0000 0.0000 0.0179 0.0256 0.0000 0.0000 0.0889 0.0000 0.0000 0.0000 0.0000 0.0000 0.0000 0.0179 0.0000
1.0000 0.3137 0.0185 0.0000 0.0870 0.0000 0.0217 0.0000 0.0000 0.0192 0.0204 0.0000 0.0847 0.1163 0.0000 0.0000
1.0000 0.7174 0.0256 0.0000 0.0000 0.0000 0.0000 0.0000 0.0000 0.0000 0.0000 0.0000 0.0000 0.0000 0.0612 0.0000
1.0000 0.0000 0.0000 0.1765 0.0000 0.0000 0.0000 0.0000 0.0000 0.0000 0.1132 0.0000 0.0000 0.0000 0.0000 0.0000
1.0000 0.8478 0.0000 0.6667 0.0000 0.7547 0.1569 0.0000 0.0182 0.0000 0.0000 0.0000 0.0000 0.0000 0.0000 0.0000
1.0000 0.7297 0.0000 0.0000 0.9138 0.0000 0.0172 0.0000 0.4792 0.0244 0.4750 0.0189 0.0000 0.0833 0.0000 0.0000
1.0000 0.0566 0.0000 0.0185 0.0000 0.0000 0.0000 0.0169 0.0000 0.0000 0.0000 0.0000 0.0000 0.0278 0.0000 0.0000
1.0000 0.8125 0.1200 0.0000 0.4098 0.0000 0.0833 0.0172 0.3448 0.0000 0.0769 0.0000 0.0000 0.0816 0.0476 0.0000
1.0000 0.4043 0.0000 0.4259 0.0000 0.3571 0.0000 0.0000 0.0000 0.0000 0.0000 0.0000 0.0000 0.0000 0.2642 0.0000
1.0000 0.8667 0.0000 0.2909 0.0000 0.2800 0.0000 0.1429 0.0000 0.0000 0.0000 0.0000 0.0179 0.0000 0.0000 0.0000
1.0000 0.5667 0.0000 0.0000 0.6800 0.0000 0.0000 0.0000 0.5738 0.0889 0.8000 0.1406 0.0000 0.0000 0.0000 0.0000
0.8947 0.7321 0.0000 0.0000 0.1500 0.0000 0.0833 0.0000 0.1667 0.0000 0.0000 0.0000 0.0000 0.0000 0.0000 0.0000
1.0000 0.9444 0.0000 0.1923 0.0000 0.0000 0.0000 0.0000 0.0000 0.1951 0.0000 0.0339 0.0000 0.0000 0.0000 0.0000
1.0000 0.9167 0.0000 0.0000 0.3333 0.0000 0.0377 0.0000 0.1702 0.0588 0.0196 0.0000 0.0000 0.0000 0.0000 0.0000
0.9811 0.6383 0.0435 0.5439 0.0000 0.6200 0.1628 0.0000 0.0000 0.0000 0.0000 0.0000 0.0000 0.0000 0.0000 0.0000
1.0000 0.5116 0.1020 0.0000 0.0000 0.0000 0.0000 0.0000 0.0000 0.5952 0.0000 0.0000 0.0000 0.0000 0.0000 0.0000
1.0000 0.7500 0.0513 0.3770 0.0000 0.3824 0.0000 0.0238 0.0000 0.0000 0.0238 0.0638 0.0755 0.0000 0.0000 0.0000
0.9783 0.0169 0.0000 0.0345 0.0000 0.0000 0.0000 0.0000 0.0000 0.0000 0.0000 0.0156 0.0000 0.0000 0.0000 0.0000
1.0000 0.3585 0.0000 0.0588 0.0000 0.0345 0.0000 0.0000 0.0196 0.3667 0.0000 0.0000 0.0000 0.0000 0.0000 0.0000
0.9767 0.6667 0.0000 0.1250 0.1957 0.1930 0.0000 0.0000 0.0000 0.0435 0.0000 0.0000 0.0000 0.0192 0.1111 0.0000
1.0000 1.0000 0.0000 0.0000 0.3191 0.0000 0.0323 0.0000 0.0154 0.0000 0.0930 0.0000 0.0000 0.0000 0.0000 0.0000
1.0000 0.0577 0.2647 0.0000 0.0222 0.0164 0.0000 0.0000 0.0000 0.3902 0.0000 0.0000 0.0000 0.0000 0.0000 0.0000
1.0000 0.9841 0.0000 0.0000 0.8644 0.0000 0.0000 0.0000 0.2400 0.0000 0.6087 0.0000 0.0000 0.0000 0.0000 0.0000
1.0000 0.9434 0.0000 0.5000 0.0000 0.5882 0.2692 0.0962 0.0000 0.0370 0.0000 0.0000 0.0000 0.0200 0.0000 0.0000
1.0000 0.0000 0.0200 0.0000 0.0000 0.0000 0.0000 0.0000 0.0000 0.0000 0.0000 0.0000 0.0000 0.0000 0.0000 0.0000
1.0000 0.6111 0.0000 0.0000 0.5106 0.1091 0.0000 0.0000 0.3810 0.0000 0.1356 0.0000 0.0000 0.0926 0.0000 0.0000
1.0000 0.8958 0.0000 0.0000 0.9020 0.0000 0.0000 0.0000 0.6250 0.0000 0.5490 0.4200 0.0408 0.0492 0.0000 0.0000
1.0000 0.3585 0.0000 0.4524 0.0169 0.5517 0.1552 0.0000 0.0000 0.0732 0.0000 0.0000 0.0000 0.0000 0.3273 0.0000
1.0000 0.3208 0.1167 0.0000 0.0000 0.0000 0.0000 0.0000 0.0000 0.6275 0.0000 0.0000 0.6053 0.0000 0.0000 0.0000
1.0000 0.9615 0.0000 0.0000 0.2653 0.0000 0.0000 0.0000 0.5714 0.0000 0.2045 0.0189 0.0000 0.0000 0.0000 0.0000
1.0000 0.8085 0.0000 0.0172 0.5106 0.0000 0.0000 0.0000 0.1754 0.0000 0.0877 0.0000 0.0000 0.0000 0.0732 0.0000
1.0000 0.6750 0.0000 0.0192 0.0000 0.0000 0.0185 0.0000 0.0000 0.0000 0.0000 0.0323 0.0000 0.0000 0.0000 0.0000
0.9250 0.7805 0.0000 0.0000 0.0000 0.0000 0.0351 0.0000 0.0000 0.2143 0.0000 0.0000 0.0000 0.0189 0.0408 0.0000
1.0000 0.6750 0.0200 0.5870 0.0000 0.2308 0.2941 0.1818 0.0000 0.0000 0.0308 0.0000 0.0870 0.0000 0.0000 0.0000
1.0000 0.8462 0.0000 0.0000 0.7917 0.0000 0.0000 0.0000 0.8627 0.0000 0.5476 0.2157 0.0000 0.0465 0.0000 0.0000
1.0000 0.9434 0.0000 0.0000 0.9600 0.0000 0.0000 0.0000 0.0448 0.0000 0.0000 0.0000 0.0000 0.0000 0.0000 0.0000
1.0000 0.4286 0.0000 0.0645 0.2353 0.0000 0.0000 0.0000 0.3019 0.0000 0.3600 0.0455 0.0196 0.0588 0.0465 0.0000
1.0000 0.4483 0.1481 0.0000 0.0930 0.0000 0.0000 0.0962 0.0000 0.6667 0.0000 0.0000 0.2000 0.0000 0.0392 0.0000
1.0000 0.6613 0.0000 0.0513 0.8491 0.0000 0.0312 0.0217 0.2340 0.0000 0.6066 0.0800 0.0000 0.0000 0.0000 0.0000
0.9811 0.9362 0.0000 0.0000 0.6304 0.0000 0.0000 0.0000 0.1556 0.0000 0.0000 0.0408 0.0000 0.0000 0.0000 0.0000
1.0000 0.0000 0.0000 0.0000 0.0000 0.0000 0.0000 0.0000 0.0000 0.0638 0.0000 0.0233 0.0000 0.0000 0.0161 0.0000
1.0000 0.4681 0.0000 0.6393 0.0000 0.3559 0.0213 0.0000 0.0000 0.0000 0.0000 0.0000 0.0000 0.0566 0.0000 0.0000
1.0000 1.0000 0.0000 0.4222 0.0185 0.0000 0.0000 0.0000 0.0000 0.0213 0.0000 0.0000 0.0000 0.0000 0.0000 0.0000
0.9556 0.2174 0.0426 0.0000 0.0000 0.0455 0.0000 0.0698 0.0000 0.8966 0.0000 0.0000 0.1224 0.0000 0.0000 0.0000
1.0000 0.0000 0.0233 0.0000 0.0156 0.0000 0.0000 0.0000 0.0000 0.0000 0.0000 0.0000 0.0000 0.0000 0.0000 0.0000
0.9643 0.0000 0.0455 0.0213 0.0182 0.0000 0.0000 0.0000 0.0000 0.0000 0.1429 0.0000 0.0000 0.0000 0.0000 0.0000
1.0000 0.4091 0.0784 0.0000 0.0000 0.0000 0.0943 0.0000 0.0000 0.5769 0.0000 0.0732 0.3269 0.0000 0.0000 0.0000
1.0000 0.2222 0.0250 0.0000 0.2895 0.0000 0.0000 0.0000 0.0517 0.0789 0.0000 0.0000 0.0000 0.0000 0.0000 0.0000
1.0000 0.3409 0.5000 0.0328 0.0000 0.0000 0.0000 0.0000 0.1373 0.1731 0.0182 0.0000 0.1304 0.0000 0.0000 0.0000
1.0000 0.8000 0.0000 0.0000 0.7455 0.0000 0.0000 0.0000 0.4314 0.0000 0.3750 0.0208 0.0000 0.0000 0.0172 0.0000
1.0000 0.6863 0.0189 0.0000 0.0000 0.0000 0.0000 0.0000 0.0000 0.3111 0.0000 0.0000 0.0000 0.0200 0.0000 0.0000
1.0000 0.9362 0.0000 0.0000 0.5102 0.0000 0.0000 0.0000 0.0000 0.0000 0.0000 0.0000 0.0345 0.0000 0.0000 0.0000
1.0000 0.2679 0.0588 0.0000 0.0000 0.1754 0.0000 0.0000 0.0000 0.5417 0.0000 0.0323 0.2000 0.0652 0.0000 0.0000
