0.4896 0.1655 0.0000 0.0000 0.0000 0.0000 0.0000 0.0000 0.0000 0.3449 0.0000 0.0000 0.0000 0.0000 0.0000
0.1618 0.0815 0.0000 0.4915 0.0000 0.1126 0.0000 0.0000 0.0000 0.0000 0.0000 0.0000 0.0000 0.0000 0.1526
0.5017 0.1126 0.3121 0.0000 0.0000 0.0000 0.0000 0.0000 0.0000 0.0736 0.0000 0.0000 0.0000 0.0000 0.0000
0.1919 0.4329 0.0000 0.0000 0.3752 0.0000 0.0000 0.0000 0.0000 0.0000 0.0000 0.0000 0.0000 0.0000 0.0000
0.0830 0.2280 0.4574 0.0000 0.0000 0.0000 0.0000 0.0000 0.0000 0.0724 0.0000 0.0000 0.1592 0.0000 0.0000
0.1325 0.0727 0.0000 0.0000 0.2418 0.0000 0.0000 0.0000 0.4037 0.0000 0.0824 0.0668 0.0000 0.0000 0.0000
0.2537 0.4792 0.0000 0.1589 0.0000 0.1082 0.0000 0.0000 0.0000 0.0000 0.0000 0.0000 0.0000 0.0000 0.0000
0.1856 0.0771 0.0000 0.0000 0.0810 0.0000 0.0000 0.0000 0.0696 0.0000 0.0782 0.5085 0.0000 0.0000 0.0000
0.0989 0.2864 0.0000 0.0966 0.0000 0.2726 0.0000 0.0000 0.0000 0.0000 0.0000 0.0000 0.0000 0.0000 0.2455
0.1920 0.5798 0.0000 0.0000 0.0000 0.0000 0.0000 0.0000 0.0000 0.2282 0.0000 0.0000 0.0000 0.0000 0.0000
0.0796 0.1063 0.0000 0.1614 0.0000 0.1856 0.0000 0.0000 0.0000 0.0000 0.0000 0.0000 0.0000 0.0000 0.4671
0.0729 0.2583 0.0000 0.0000 0.2609 0.0000 0.0000 0.0000 0.4079 0.0000 0.0000 0.0000 0.0000 0.0000 0.0000
0.2402 0.3028 0.0000 0.0000 0.4570 0.0000 0.0000 0.0000 0.0000 0.0000 0.0000 0.0000 0.0000 0.0000 0.0000
0.2222 0.4460 0.0000 0.0602 0.0000 0.1667 0.1049 0.0000 0.0000 0.0000 0.0000 0.0000 0.0000 0.0000 0.0000
0.0687 0.1768 0.0000 0.1421 0.0000 0.5404 0.0000 0.0000 0.0000 0.0000 0.0000 0.0000 0.0000 0.0000 0.0720
0.5595 0.2224 0.0000 0.0000 0.0000 0.0000 0.0000 0.0000 0.0000 0.2181 0.0000 0.0000 0.0000 0.0000 0.0000
1.0000 0.0000 0.0000 0.0000 0.0000 0.0000 0.0000 0.0000 0.0000 0.0000 0.0000 0.0000 0.0000 0.0000 0.0000
0.3327 0.4629 0.0000 0.2043 0.0000 0.0000 0.0000 0.0000 0.0000 0.0000 0.0000 0.0000 0.0000 0.0000 0.0000
0.5974 0.0731 0.0000 0.0000 0.0000 0.0000 0.0000 0.0000 0.0000 0.3295 0.0000 0.0000 0.0000 0.0000 0.0000
1.0000 0.0000 0.0000 0.0000 0.0000 0.0000 0.0000 0.0000 0.0000 0.0000 0.0000 0.0000 0.0000 0.0000 0.0000
0.0586 0.1294 0.0000 0.4969 0.0000 0.2252 0.0899 0.0000 0.0000 0.0000 0.0000 0.0000 0.0000 0.0000 0.0000
0.1568 0.2182 0.0000 0.0884 0.0000 0.1038 0.2789 0.1538 0.0000 0.0000 0.0000 0.0000 0.0000 0.0000 0.0000
0.3885 0.4433 0.0000 0.0000 0.0000 0.0000 0.0000 0.0000 0.0000 0.1682 0.0000 0.0000 0.0000 0.0000 0.0000
0.1064 0.8936 0.0000 0.0000 0.0000 0.0000 0.0000 0.0000 0.0000 0.0000 0.0000 0.0000 0.0000 0.0000 0.0000
0.0989 0.5451 0.0000 0.0000 0.0000 0.0000 0.0000 0.0000 0.0000 0.3560 0.0000 0.0000 0.0000 0.0000 0.0000
0.6294 0.3706 0.0000 0.0000 0.0000 0.0000 0.0000 0.0000 0.0000 0.0000 0.0000 0.0000 0.0000 0.0000 0.0000
0.4053 0.5947 0.0000 0.0000 0.0000 0.0000 0.0000 0.0000 0.0000 0.0000 0.0000 0.0000 0.0000 0.0000 0.0000
0.3156 0.2335 0.0000 0.0000 0.0570 0.0000 0.0000 0.0000 0.1855 0.0000 0.0755 0.0000 0.0000 0.1329 0.0000
0.0529 0.3551 0.0000 0.0000 0.1071 0.0000 0.0000 0.0000 0.0767 0.0000 0.0565 0.3518 0.0000 0.0000 0.0000
0.1052 0.2645 0.0000 0.6303 0.0000 0.0000 0.0000 0.0000 0.0000 0.0000 0.0000 0.0000 0.0000 0.0000 0.0000
0.4096 0.2624 0.0000 0.0000 0.3280 0.0000 0.0000 0.0000 0.0000 0.0000 0.0000 0.0000 0.0000 0.0000 0.0000
0.4097 0.2951 0.0000 0.2952 0.0000 0.0000 0.0000 0.0000 0.0000 0.0000 0.0000 0.0000 0.0000 0.0000 0.0000
0.1773 0.1067 0.0000 0.2819 0.0000 0.1384 0.1423 0.1534 0.0000 0.0000 0.0000 0.0000 0.0000 0.0000 0.0000
0.2443 0.1046 0.0000 0.2968 0.0000 0.2770 0.0000 0.0000 0.0000 0.0000 0.0000 0.0000 0.0000 0.0000 0.0773
0.9381 0.0619 0.0000 0.0000 0.0000 0.0000 0.0000 0.0000 0.0000 0.0000 0.0000 0.0000 0.0000 0.0000 0.0000
0.1912 0.0967 0.0000 0.3578 0.0000 0.1177 0.2366 0.0000 0.0000 0.0000 0.0000 0.0000 0.0000 0.0000 0.0000
0.0670 0.1730 0.3483 0.0000 0.0000 0.0000 0.0000 0.0000 0.0000 0.1974 0.0000 0.0000 0.2144 0.0000 0.0000
0.4337 0.0816 0.0000 0.0000 0.1433 0.0000 0.0000 0.0000 0.0642 0.0000 0.1925 0.0000 0.0000 0.0847 0.0000
0.2182 0.1702 0.5329 0.0000 0.0000 0.0000 0.0000 0.0000 0.0000 0.0786 0.0000 0.0000 0.0000 0.0000 0.0000
0.0818 0.2479 0.0000 0.3138 0.0000 0.0637 0.2182 0.0746 0.0000 0.0000 0.0000 0.0000 0.0000 0.0000 0.0000
0.2984 0.0740 0.0000 0.0000 0.6276 0.0000 0.0000 0.0000 0.0000 0.0000 0.0000 0.0000 0.0000 0.0000 0.0000
0.1163 0.1105 0.0000 0.0000 0.1738 0.0000 0.0000 0.0000 0.3973 0.0000 0.1095 0.0000 0.0000 0.0926 0.0000
0.4302 0.2218 0.0000 0.2091 0.0000 0.1389 0.0000 0.0000 0.0000 0.0000 0.0000 0.0000 0.0000 0.0000 0.0000
0.1039 0.4031 0.0000 0.1188 0.0000 0.1946 0.1796 0.0000 0.0000 0.0000 0.0000 0.0000 0.0000 0.0000 0.0000
0.3193 0.5765 0.0000 0.0000 0.0000 0.0000 0.0000 0.0000 0.0000 0.1043 0.0000 0.0000 0.0000 0.0000 0.0000
0.1706 0.0682 0.0588 0.0000 0.0000 0.0000 0.0000 0.0000 0.0000 0.7025 0.0000 0.0000 0.0000 0.0000 0.0000
0.0606 0.0828 0.4937 0.0000 0.0000 0.0000 0.0000 0.0000 0.0000 0.3630 0.0000 0.0000 0.0000 0.0000 0.0000
1.0000 0.0000 0.0000 0.0000 0.0000 0.0000 0.0000 0.0000 0.0000 0.0000 0.0000 0.0000 0.0000 0.0000 0.0000
0.6051 0.1980 0.0000 0.0000 0.1970 0.0000 0.0000 0.0000 0.0000 0.0000 0.0000 0.0000 0.0000 0.0000 0.0000
0.1843 0.6404 0.0980 0.0000 0.0000 0.0000 0.0000 0.0000 0.0000 0.0773 0.0000 0.0000 0.0000 0.0000 0.0000
1.0000 0.0000 0.0000 0.0000 0.0000 0.0000 0.0000 0.0000 0.0000 0.0000 0.0000 0.0000 0.0000 0.0000 0.0000
0.1598 0.1733 0.0000 0.0710 0.0000 0.3844 0.2116 0.0000 0.0000 0.0000 0.0000 0.0000 0.0000 0.0000 0.0000
0.2680 0.1079 0.0000 0.0000 0.1498 0.0000 0.0000 0.0000 0.1105 0.0000 0.3090 0.0548 0.0000 0.0000 0.0000
0.8654 0.1346 0.0000 0.0000 0.0000 0.0000 0.0000 0.0000 0.0000 0.0000 0.0000 0.0000 0.0000 0.0000 0.0000
0.2559 0.1939 0.0000 0.0000 0.2182 0.0000 0.0000 0.0000 0.1286 0.0000 0.1165 0.0000 0.0000 0.0870 0.0000
0.3597 0.1782 0.0000 0.1205 0.0000 0.1762 0.0000 0.0000 0.0000 0.0000 0.0000 0.0000 0.0000 0.0000 0.1653
0.1458 0.5046 0.0000 0.0601 0.0000 0.2895 0.0000 0.0000 0.0000 0.0000 0.0000 0.0000 0.0000 0.0000 0.0000
0.2111 0.0706 0.0000 0.0000 0.1991 0.0000 0.0000 0.0000 0.1123 0.0000 0.1355 0.2715 0.0000 0.0000 0.0000
0.2684 0.1826 0.0000 0.0000 0.3371 0.0000 0.0000 0.0000 0.2119 0.0000 0.0000 0.0000 0.0000 0.0000 0.0000
0.0894 0.6486 0.0000 0.2620 0.0000 0.0000 0.0000 0.0000 0.0000 0.0000 0.0000 0.0000 0.0000 0.0000 0.0000
0.1224 0.6402 0.0000 0.0000 0.1754 0.0000 0.0000 0.0000 0.0620 0.0000 0.0000 0.0000 0.0000 0.0000 0.0000
0.3191 0.1215 0.0000 0.1570 0.0000 0.1827 0.2197 0.0000 0.0000 0.0000 0.0000 0.0000 0.0000 0.0000 0.0000
0.0749 0.2876 0.1228 0.0000 0.0000 0.0000 0.0000 0.0000 0.0000 0.5148 0.0000 0.0000 0.0000 0.0000 0.0000
0.3417 0.1747 0.0000 0.0944 0.0000 0.3892 0.0000 0.0000 0.0000 0.0000 0.0000 0.0000 0.0000 0.0000 0.0000
1.0000 0.0000 0.0000 0.0000 0.0000 0.0000 0.0000 0.0000 0.0000 0.0000 0.0000 0.0000 0.0000 0.0000 0.0000
0.2285 0.2224 0.0000 0.0000 0.0000 0.0000 0.0000 0.0000 0.0000 0.5491 0.0000 0.0000 0.0000 0.0000 0.0000
0.3052 0.3049 0.0000 0.0953 0.0000 0.1024 0.0000 0.0000 0.0000 0.0000 0.0000 0.0000 0.0000 0.0000 0.1922
0.1019 0.3198 0.0000 0.0000 0.5784 0.0000 0.0000 0.0000 0.0000 0.0000 0.0000 0.0000 0.0000 0.0000 0.0000
0.3053 0.1248 0.1883 0.0000 0.0000 0.0000 0.0000 0.0000 0.0000 0.3816 0.0000 0.0000 0.0000 0.0000 0.0000
0.0506 0.0516 0.0000 0.0000 0.3894 0.0000 0.0000 0.0000 0.0907 0.0000 0.3555 0.0623 0.0000 0.0000 0.0000
0.0844 0.1541 0.0000 0.1592 0.0000 0.1001 0.3546 0.1476 0.0000 0.0000 0.0000 0.0000 0.0000 0.0000 0.0000
1.0000 0.0000 0.0000 0.0000 0.0000 0.0000 0.0000 0.0000 0.0000 0.0000 0.0000 0.0000 0.0000 0.0000 0.0000
0.2014 0.3618 0.0000 0.0000 0.1126 0.0000 0.0000 0.0000 0.0918 0.0000 0.1287 0.0000 0.0000 0.1036 0.0000
0.1955 0.1156 0.0000 0.0000 0.0822 0.0000 0.0000 0.0000 0.1506 0.0000 0.0734 0.3826 0.0000 0.0000 0.0000
0.4629 0.0760 0.0000 0.1884 0.0000 0.1388 0.0000 0.0000 0.0000 0.0000 0.0000 0.0000 0.0000 0.0000 0.1340
0.1261 0.1258 0.1212 0.0000 0.0000 0.0000 0.0000 0.0000 0.0000 0.1081 0.0000 0.0000 0.5189 0.0000 0.0000
0.1754 0.3913 0.0000 0.0000 0.1652 0.0000 0.0000 0.0000 0.0961 0.0000 0.1080 0.0639 0.0000 0.0000 0.0000
0.0655 0.2789 0.0000 0.0000 0.3011 0.0000 0.0000 0.0000 0.1847 0.0000 0.0987 0.0000 0.0000 0.0711 0.0000
0.2836 0.7164 0.0000 0.0000 0.0000 0.0000 0.0000 0.0000 0.0000 0.0000 0.0000 0.0000 0.0000 0.0000 0.0000
0.1304 0.6981 0.0000 0.0000 0.0000 0.0000 0.0000 0.0000 0.0000 0.1715 0.0000 0.0000 0.0000 0.0000 0.0000
0.2468 0.0701 0.0000 0.3751 0.0000 0.1500 0.0968 0.0612 0.0000 0.0000 0.0000 0.0000 0.0000 0.0000 0.0000
0.1141 0.1053 0.0000 0.0000 0.1011 0.0000 0.0000 0.0000 0.0964 0.0000 0.2690 0.3141 0.0000 0.0000 0.0000
0.1024 0.1168 0.0000 0.0000 0.6833 0.0000 0.0000 0.0000 0.0975 0.0000 0.0000 0.0000 0.0000 0.0000 0.0000
0.4354 0.1347 0.0000 0.0000 0.1271 0.0000 0.0000 0.0000 0.0566 0.0000 0.1740 0.0000 0.0000 0.0722 0.0000
0.1195 0.2152 0.0621 0.0000 0.0000 0.0000 0.0000 0.0000 0.0000 0.3798 0.0000 0.0000 0.2233 0.0000 0.0000
0.2384 0.0522 0.0000 0.0000 0.0657 0.0000 0.0000 0.0000 0.2003 0.0000 0.2557 0.1878 0.0000 0.0000 0.0000
0.0728 0.3640 0.0000 0.0000 0.4466 0.0000 0.0000 0.0000 0.1166 0.0000 0.0000 0.0000 0.0000 0.0000 0.0000
1.0000 0.0000 0.0000 0.0000 0.0000 0.0000 0.0000 0.0000 0.0000 0.0000 0.0000 0.0000 0.0000 0.0000 0.0000
0.4572 0.0732 0.0000 0.2936 0.0000 0.0506 0.1255 0.0000 0.0000 0.0000 0.0000 0.0000 0.0000 0.0000 0.0000
0.0541 0.7535 0.0000 0.1924 0.0000 0.0000 0.0000 0.0000 0.0000 0.0000 0.0000 0.0000 0.0000 0.0000 0.0000
0.0677 0.0509 0.0806 0.0000 0.0000 0.0000 0.0000 0.0000 0.0000 0.5556 0.0000 0.0000 0.2452 0.0000 0.0000
1.0000 0.0000 0.0000 0.0000 0.0000 0.0000 0.0000 0.0000 0.0000 0.0000 0.0000 0.0000 0.0000 0.0000 0.0000
1.0000 0.0000 0.0000 0.0000 0.0000 0.0000 0.0000 0.0000 0.0000 0.0000 0.0000 0.0000 0.0000 0.0000 0.0000
0.1044 0.2847 0.0711 0.0000 0.0000 0.0000 0.0000 0.0000 0.0000 0.0869 0.0000 0.0000 0.4529 0.0000 0.0000
0.6212 0.1586 0.0000 0.0000 0.2202 0.0000 0.0000 0.0000 0.0000 0.0000 0.0000 0.0000 0.0000 0.0000 0.0000
0.2353 0.1462 0.3787 0.0000 0.0000 0.0000 0.0000 0.0000 0.0000 0.2398 0.0000 0.0000 0.0000 0.0000 0.0000
0.2402 0.1229 0.0000 0.0000 0.2055 0.0000 0.0000 0.0000 0.0548 0.0000 0.1926 0.1840 0.0000 0.0000 0.0000
0.2271 0.4639 0.0000 0.0000 0.0000 0.0000 0.0000 0.0000 0.0000 0.3090 0.0000 0.0000 0.0000 0.0000 0.0000
0.1695 0.5308 0.0000 0.0000 0.2997 0.0000 0.0000 0.0000 0.0000 0.0000 0.0000 0.0000 0.0000 0.0000 0.0000
0.0880 0.0774 0.3189 0.0000 0.0000 0.0000 0.0000 0.0000 0.0000 0.2802 0.0000 0.0000 0.2355 0.0000 0.0000
