	mut10	mut10	mut1	mut1	mut2	mut2	mut3	mut3	mut4	mut4	mut5	mut5	mut6	mut6	mut7	mut7	mut8	mut8	mut9	mut9
cell1	0	42	40	0	53	0	74	0	63	0	51	0	49	0	41	0	52	3	53	1
cell2	0	55	8	50	53	0	23	33	52	0	48	0	53	0	46	7	42	1	75	0
cell3	0	51	4	48	43	1	46	2	19	46	42	0	48	0	38	0	46	0	49	1
cell4	8	37	35	21	47	0	36	7	43	2	46	6	51	0	53	0	40	0	56	0
cell5	0	41	19	20	47	0	47	0	42	1	59	0	52	0	50	0	55	0	55	0
cell6	0	51	39	1	28	24	53	0	42	1	44	11	64	0	56	0	51	0	57	9
cell7	0	48	40	0	51	1	57	0	52	0	43	0	54	1	54	0	53	0	49	0
cell8	0	50	48	0	39	13	46	0	53	0	23	31	36	0	54	0	55	0	53	0
cell9	0	48	51	0	53	0	49	0	44	4	40	0	63	0	47	0	10	41	63	0
cell10	0	56	10	39	55	0	43	10	32	9	46	0	46	6	48	2	65	0	58	0
cell11	0	44	41	0	44	0	39	0	50	0	45	0	39	2	47	0	51	0	57	0
cell12	0	39	55	0	40	0	49	0	71	0	57	0	50	0	47	0	50	0	50	0
cell13	0	47	42	2	40	2	51	0	56	0	26	29	43	1	36	9	62	1	60	0
cell14	0	52	52	0	51	0	50	0	57	0	43	0	46	0	45	0	27	26	51	0
cell15	0	48	14	29	51	0	52	1	47	0	49	0	45	0	57	1	55	0	51	0
cell16	0	44	25	24	48	0	45	3	36	12	54	2	44	0	46	1	54	0	55	0
cell17	0	57	8	42	53	0	29	21	44	0	47	0	55	0	50	0	58	0	50	0
cell18	1	29	46	0	52	8	50	1	61	0	24	33	48	1	42	12	50	0	53	0
cell19	3	62	6	43	56	0	28	13	34	7	40	0	63	0	47	0	45	0	49	1
cell20	0	48	60	0	52	6	47	0	54	0	19	16	46	2	47	0	50	0	61	0
cell21	0	39	14	41	46	0	31	13	53	0	53	0	51	0	37	0	55	0	59	0
cell22	0	42	49	0	35	11	49	0	44	0	4	48	39	1	27	20	35	2	48	0
cell23	0	42	15	37	41	0	26	23	48	1	46	0	56	0	49	2	38	0	32	0
cell24	0	41	14	47	55	0	27	14	52	0	57	0	59	0	47	0	47	0	59	0
cell25	0	43	57	0	15	17	49	0	37	0	49	3	57	1	55	0	50	0	54	1
cell26	0	43	8	42	57	3	7	42	38	5	57	0	50	7	55	0	61	0	41	0
cell27	0	48	39	1	33	15	58	0	49	0	17	26	48	0	42	0	49	0	44	0
cell28	0	56	41	0	14	37	41	0	49	0	45	0	53	0	55	0	58	0	54	0
cell29	1	55	61	0	48	0	48	2	49	0	44	0	54	1	51	0	44	0	51	0
cell30	1	44	63	0	35	13	58	0	59	0	23	36	47	0	38	11	52	0	42	0
cell31	6	48	13	37	50	0	28	17	24	25	49	2	44	0	55	0	60	3	52	0
cell32	8	51	19	24	53	2	32	24	40	27	48	2	46	0	46	0	45	0	48	0
cell33	0	56	2	40	50	0	56	3	42	2	46	0	35	9	49	0	54	0	54	0
cell34	2	57	49	0	27	24	52	0	56	0	47	7	51	1	39	0	48	0	46	1
cell35	0	51	4	41	52	2	8	40	53	0	39	0	41	0	55	0	45	0	60	0
cell36	0	57	39	4	26	15	44	0	55	0	29	17	48	0	42	14	54	1	45	0
cell37	1	45	15	38	65	0	19	31	52	0	30	2	43	0	64	0	43	0	64	0
cell38	0	51	9	38	44	0	43	8	34	4	61	0	51	0	51	2	65	0	52	0
cell39	0	46	11	31	52	0	45	0	51	0	51	0	58	0	50	0	53	1	52	2
cell40	0	46	0	43	31	0	36	1	42	18	49	0	51	0	52	0	50	0	62	1
cell41	0	42	3	42	48	1	57	0	41	0	53	0	50	0	45	1	50	2	51	0
cell42	3	48	18	34	60	0	56	0	65	0	51	0	46	0	64	0	57	0	47	1
cell43	1	39	6	40	43	0	29	27	34	15	39	0	53	0	50	0	44	0	52	0
cell44	0	49	21	43	39	0	49	3	47	0	55	0	18	18	46	1	41	1	48	0
cell45	4	43	8	40	57	0	41	10	14	25	47	1	52	1	54	0	47	0	51	0
cell46	0	59	15	46	57	0	45	9	40	6	53	0	46	0	48	0	49	0	53	0
cell47	4	39	50	0	47	0	68	0	45	0	57	0	43	6	54	0	48	0	47	0
cell48	0	49	46	7	55	2	44	0	59	0	8	42	49	0	41	1	43	0	54	0
cell49	0	53	21	30	53	0	37	13	54	0	53	3	39	9	51	0	45	0	47	2
cell50	0	35	55	0	38	0	54	0	47	1	12	28	48	0	53	0	44	0	37	9
cell51	0	44	4	42	53	1	26	28	40	16	53	1	53	3	52	0	49	6	63	0
cell52	0	50	9	43	55	0	49	0	41	0	48	4	59	0	46	1	64	2	44	0
cell53	0	41	8	48	57	0	42	0	38	10	45	0	49	0	63	0	53	0	44	0
cell54	0	51	47	1	45	4	48	0	58	0	34	18	56	0	59	0	49	0	57	0
cell55	0	61	49	0	44	0	54	1	63	0	56	0	51	0	50	0	60	0	58	0
cell56	0	47	45	7	27	25	45	0	36	0	32	18	61	0	49	0	57	0	44	12
cell57	0	52	17	28	42	1	36	0	53	0	46	0	58	0	56	2	47	0	52	0
cell58	0	57	51	0	30	19	45	0	40	0	40	9	40	0	53	0	43	0	48	0
cell59	0	53	46	0	30	28	57	5	31	7	26	24	56	0	38	12	45	0	55	0
cell60	0	49	55	3	42	2	54	0	53	0	45	12	46	0	43	0	59	0	40	1
cell61	0	50	43	0	36	23	57	0	52	0	28	19	55	0	44	1	54	0	47	0
cell62	0	45	38	0	10	40	46	0	54	0	47	0	50	0	40	2	46	0	45	1
cell63	0	56	53	1	43	0	48	0	31	6	50	0	57	0	51	0	20	31	44	0
cell64	0	46	10	32	50	3	54	5	53	0	55	1	15	31	45	0	45	0	69	0
cell65	0	50	39	0	15	31	50	0	49	0	60	0	55	0	51	0	59	0	45	2
cell66	1	62	2	55	48	0	41	12	39	15	53	0	58	0	52	0	53	1	53	2
cell67	0	45	45	0	9	35	46	0	47	0	56	1	48	1	40	0	45	0	40	0
cell68	0	41	0	55	51	0	58	4	25	37	56	1	52	0	52	0	38	1	50	0
cell69	0	54	39	0	43	0	46	0	53	1	64	0	54	4	32	0	51	1	55	0
cell70	0	45	42	12	42	0	61	0	35	1	59	7	52	0	48	8	69	0	44	0
cell71	0	47	42	5	47	3	39	0	50	0	42	0	52	0	49	0	45	0	40	6
cell72	0	57	49	0	43	0	53	1	51	0	41	0	40	1	58	0	56	0	52	0
cell73	0	59	57	0	34	16	42	0	42	0	39	10	60	0	48	0	49	0	61	1
cell74	0	45	63	0	51	1	46	0	45	0	38	6	54	0	47	0	64	0	50	4
cell75	0	62	11	39	46	0	31	13	50	2	48	0	47	4	55	1	46	0	51	0
cell76	0	56	1	51	58	0	47	8	45	0	59	0	54	8	37	0	57	0	64	0
cell77	0	46	40	1	26	26	60	0	38	1	51	0	56	0	41	0	41	1	60	0
cell78	0	63	4	52	51	0	17	27	62	0	56	0	63	0	57	0	46	0	41	0
cell79	0	41	8	42	58	0	43	8	30	14	51	0	44	0	34	0	35	0	42	0
cell80	4	50	30	11	56	0	46	6	51	0	37	2	52	0	46	0	52	0	55	4
cell81	0	59	45	2	35	0	42	0	49	0	38	2	47	0	52	0	37	0	47	0
cell82	0	56	50	0	48	3	48	0	68	0	13	33	45	0	49	5	67	1	45	0
cell83	0	44	66	0	56	0	39	4	62	0	41	4	53	0	48	0	11	35	58	0
cell84	0	35	67	0	41	3	49	4	53	0	52	0	48	0	51	0	1	39	45	0
cell85	0	45	45	0	44	8	56	0	49	0	28	22	52	0	45	0	38	0	45	0
cell86	0	45	51	0	49	8	39	1	50	0	26	23	44	0	44	0	53	0	37	0
cell87	1	55	57	0	55	5	56	0	46	0	6	46	46	0	10	27	54	0	47	1
cell88	1	48	36	20	54	0	58	11	52	4	48	0	41	0	42	4	48	0	54	0
cell89	0	36	38	0	17	43	49	0	53	0	32	16	73	0	58	1	55	0	56	0
cell90	0	56	55	0	39	13	58	0	43	0	12	32	47	0	14	21	52	2	58	0
cell91	0	43	42	0	53	5	51	0	48	0	57	0	37	0	59	1	48	0	41	0
cell92	0	46	44	0	20	39	53	0	43	0	46	0	45	2	48	0	59	0	38	1
cell93	2	47	44	0	45	6	45	2	52	0	16	30	41	8	63	0	51	0	33	13
cell94	5	39	54	0	63	0	53	0	63	1	62	0	39	0	68	0	50	11	55	0
cell95	0	49	55	0	38	5	69	0	61	1	33	30	58	0	57	0	40	0	20	23
cell96	1	57	56	0	22	22	46	0	59	2	25	26	42	0	44	0	34	0	51	11
cell97	0	59	39	12	61	0	47	0	48	0	34	0	34	0	31	5	47	0	44	0
cell98	0	58	37	0	48	4	59	0	43	0	11	25	57	0	44	9	39	2	61	0
cell99	0	46	24	29	47	0	38	24	37	17	56	0	42	0	62	0	43	0	43	0
cell100	0	48	45	0	41	5	46	0	44	0	27	15	52	0	49	0	48	0	34	5
cell101	0	41	16	26	31	0	42	4	47	1	41	0	10	33	52	7	60	0	61	1
cell102	0	42	6	50	52	0	27	22	45	7	57	0	36	13	40	2	53	0	45	0
cell103	0	54	2	54	50	1	27	22	43	0	54	0	41	8	40	0	52	0	48	1
cell104	0	61	41	0	60	1	50	0	47	0	54	0	47	0	55	0	61	0	51	0
cell105	0	43	77	0	20	33	44	0	51	4	56	0	60	0	56	0	45	0	50	3
cell106	1	51	54	0	53	0	63	0	67	0	46	0	35	0	58	5	42	0	41	0
cell107	0	58	53	0	12	20	55	2	46	0	45	1	57	0	40	0	64	0	44	0
cell108	0	30	55	0	26	16	52	0	53	0	52	0	51	0	45	0	45	0	53	0
cell109	1	50	10	40	58	0	28	25	51	0	50	0	64	1	42	0	60	0	49	0
cell110	0	54	61	0	50	6	51	0	55	0	42	9	40	0	52	4	59	0	54	0
cell111	0	48	31	29	34	0	47	2	49	0	45	0	53	10	58	0	45	1	56	0
cell112	2	52	48	2	53	0	43	7	50	0	49	0	54	0	44	2	47	1	48	3
cell113	0	47	5	45	45	0	59	0	47	0	55	0	45	0	49	0	43	0	53	0
cell114	0	46	39	22	53	0	48	0	37	1	66	0	54	9	48	0	47	0	51	0
cell115	0	53	35	19	42	0	36	12	52	0	40	0	49	0	44	0	46	0	52	0
cell116	0	59	44	0	19	47	43	0	52	0	29	14	54	0	31	19	40	0	47	0
cell117	0	46	60	0	27	17	37	4	53	0	35	17	50	0	60	0	38	6	62	3
cell118	1	57	60	0	55	0	66	0	53	0	51	0	56	0	47	0	20	32	58	0
cell119	0	54	17	38	33	0	37	5	44	0	53	0	60	0	42	0	48	0	50	0
cell120	0	46	47	0	39	14	47	4	41	0	33	12	59	0	55	0	39	0	48	1
cell121	0	41	11	40	61	0	42	7	39	4	37	0	16	25	42	0	50	5	57	0
cell122	0	51	24	23	47	0	37	20	47	0	56	0	41	0	61	0	51	0	52	0
cell123	0	44	63	0	25	20	37	0	53	3	29	19	38	0	38	8	51	0	55	7
cell124	0	58	18	22	50	0	30	12	47	0	58	0	52	0	51	1	58	2	45	0
cell125	0	69	44	0	60	1	40	0	52	3	9	33	57	0	46	0	46	0	32	3
cell126	1	42	8	52	52	0	37	11	45	3	44	3	45	0	58	1	42	0	59	0
cell127	0	54	8	44	53	0	59	0	53	0	43	0	43	0	48	2	43	0	48	0
cell128	0	54	50	0	40	12	50	0	48	0	36	11	52	0	46	4	49	0	43	0
cell129	0	52	46	0	26	26	48	0	43	0	43	0	44	0	49	0	55	0	50	0
cell130	3	50	49	0	43	10	58	0	44	0	15	29	47	0	40	16	42	0	57	0
cell131	0	37	54	0	39	1	58	0	47	2	27	35	46	0	52	0	41	0	40	8
cell132	0	57	7	33	43	0	42	0	38	7	52	0	39	0	58	0	48	3	53	0
cell133	1	57	42	0	42	0	64	0	50	0	53	0	50	0	56	0	19	33	41	0
cell134	0	52	52	1	31	20	62	0	49	0	21	15	48	1	31	21	52	0	43	0
cell135	0	53	41	0	36	11	47	3	37	3	9	43	42	0	42	3	48	0	55	2
cell136	0	51	50	0	20	24	52	1	47	0	64	0	50	0	39	0	53	0	56	0
cell137	0	32	16	37	42	0	47	0	48	2	47	0	46	1	53	0	34	6	64	0
cell138	0	57	48	0	13	34	48	0	49	0	53	0	45	0	48	0	32	0	46	1
cell139	0	51	6	38	49	0	40	3	45	0	46	0	45	3	60	0	53	0	52	4
cell140	0	47	41	0	22	23	36	9	54	2	28	22	52	0	50	13	53	0	50	0
cell141	0	48	29	37	60	1	45	12	48	0	45	0	40	10	49	0	55	0	56	0
cell142	0	55	17	37	50	0	51	4	51	0	42	0	43	14	42	0	58	0	52	0
cell143	0	51	17	36	47	0	30	25	57	0	51	0	63	0	59	0	47	0	48	3
cell144	0	52	27	23	58	0	53	0	61	1	62	0	57	0	52	1	52	0	52	0
cell145	0	39	48	0	55	5	54	0	48	0	38	0	59	0	50	1	54	0	49	0
cell146	2	39	53	0	17	36	47	0	41	2	39	7	43	0	57	0	50	0	47	0
cell147	0	52	42	11	42	0	43	3	51	0	54	0	47	3	52	0	47	0	53	0
cell148	0	48	13	41	43	3	9	34	57	0	60	0	53	0	40	1	53	0	50	0
cell149	0	59	30	27	44	0	54	1	46	0	43	4	43	0	55	0	61	0	48	1
cell150	0	46	47	0	61	0	50	0	67	0	24	35	48	0	36	7	53	0	46	0
cell151	0	55	50	0	48	3	60	2	59	0	25	29	37	0	59	3	55	2	40	18
cell152	4	48	47	0	22	30	47	0	57	1	66	0	53	4	54	0	57	0	58	3
cell153	0	62	59	0	42	4	53	1	54	0	52	9	52	0	53	0	62	0	42	0
cell154	0	45	13	38	56	0	35	7	48	0	37	0	25	11	41	1	37	0	51	0
cell155	0	37	8	46	45	1	30	18	36	6	60	0	37	0	45	0	45	0	61	0
cell156	0	56	46	1	41	4	55	0	46	1	38	5	43	0	43	0	39	0	48	0
cell157	0	45	38	3	33	14	50	0	51	0	24	34	54	0	46	11	45	2	58	0
cell158	0	46	13	39	45	0	25	29	41	1	44	2	17	31	52	0	62	0	38	2
cell159	1	49	26	17	47	0	51	4	47	0	42	0	34	10	47	0	47	0	46	0
cell160	2	40	50	0	48	2	66	0	60	0	18	28	50	0	57	1	55	0	31	19
cell161	0	50	11	36	63	0	50	0	54	0	59	0	35	0	47	0	33	0	47	6
cell162	0	49	49	0	27	18	51	0	45	10	47	3	51	1	39	3	47	0	48	0
cell163	5	42	54	0	62	1	45	0	47	0	52	0	47	0	58	0	48	6	60	0
cell164	0	46	57	1	56	0	59	0	52	4	63	1	54	0	55	0	51	8	52	2
cell165	0	40	47	0	33	8	69	0	55	0	54	0	53	0	56	0	51	4	60	1
cell166	0	52	42	0	33	10	59	1	46	0	25	25	47	0	45	1	52	0	34	3
cell167	0	49	46	0	49	6	59	1	61	2	56	0	44	1	54	0	10	28	52	0
cell168	0	48	23	23	34	2	38	8	44	0	55	1	39	19	46	0	57	0	48	0
cell169	2	33	44	1	51	11	46	0	44	0	20	33	51	0	45	10	52	0	41	0
cell170	2	53	10	46	35	0	48	8	54	0	53	0	21	27	48	2	43	0	65	3
cell171	0	32	41	0	32	15	53	0	49	0	8	37	53	0	36	20	55	2	50	0
cell172	0	44	59	0	49	4	48	0	62	0	51	0	40	0	62	0	52	0	57	0
cell173	0	46	49	0	45	0	47	0	41	0	50	0	37	0	38	0	35	0	54	0
cell174	1	48	23	20	44	0	36	19	45	1	55	0	28	11	48	0	53	0	52	0
cell175	0	59	46	0	33	8	34	0	57	0	50	16	48	0	60	0	43	7	49	0
cell176	0	58	45	2	43	4	56	2	48	0	38	8	57	0	53	0	44	0	36	13
cell177	0	45	26	29	46	0	42	0	41	0	59	0	52	0	51	0	52	0	48	0
cell178	0	45	66	0	19	37	60	0	57	0	33	13	52	0	50	0	38	4	41	8
cell179	4	48	5	41	45	0	31	17	39	0	48	0	45	2	46	0	42	0	55	0
cell180	0	43	1	56	44	0	55	4	42	0	55	1	49	0	53	0	58	0	55	0
cell181	0	51	43	0	31	11	40	0	51	0	28	25	50	0	47	4	46	0	54	0
cell182	0	48	37	0	38	0	51	0	51	0	50	0	55	1	47	0	53	6	49	0
cell183	0	40	13	35	46	0	13	47	57	0	50	0	57	0	37	1	54	0	55	0
cell184	2	44	36	18	49	0	33	4	33	3	45	0	54	0	62	2	43	0	41	3
cell185	0	51	45	1	57	0	44	0	44	7	47	0	42	1	46	0	51	0	38	0
cell186	0	58	8	43	47	0	34	19	49	0	53	0	42	9	48	0	48	0	44	0
cell187	1	54	55	0	62	0	64	0	45	1	34	0	47	0	39	0	29	18	51	0
cell188	0	46	53	0	64	0	53	0	44	0	45	5	58	0	47	1	35	9	45	0
cell189	2	49	44	1	45	0	53	0	64	0	67	0	54	0	56	0	57	0	51	0
cell190	5	47	41	1	52	2	44	0	60	0	33	24	46	0	48	1	55	1	57	0
cell191	0	47	48	0	44	21	44	0	56	4	60	0	54	0	66	0	64	6	45	2
cell192	0	47	52	1	37	17	64	0	48	0	56	0	50	1	44	0	50	0	54	1
cell193	0	47	6	51	55	0	29	21	59	0	42	0	39	15	49	2	51	0	51	1
cell194	0	52	12	28	43	1	56	0	54	0	58	0	43	1	55	5	52	0	44	0
cell195	0	41	5	44	54	0	37	15	64	0	37	0	25	16	56	0	59	0	40	4
cell196	0	46	46	0	38	17	45	1	59	0	38	19	41	5	43	10	55	9	46	0
cell197	0	61	45	0	47	12	56	0	30	6	52	0	60	0	45	0	59	0	58	0
cell198	0	34	59	0	46	0	41	0	53	0	57	0	49	0	44	1	44	0	41	0
cell199	0	49	50	0	31	22	44	0	42	0	50	8	58	0	63	2	52	0	32	0
cell200	2	43	44	2	61	0	47	0	49	0	53	0	60	0	50	0	29	20	43	0
cell201	0	54	23	28	50	0	54	0	45	0	40	1	52	0	39	0	50	0	47	0
cell202	0	50	24	36	62	1	36	15	68	0	59	0	28	18	45	0	53	0	42	0
cell203	0	41	52	0	51	0	47	0	51	1	42	3	43	0	44	1	32	12	41	0
cell204	0	62	0	53	48	1	29	16	44	10	48	6	53	2	51	0	63	0	58	0
cell205	0	46	45	1	26	33	61	0	46	0	40	17	46	2	46	0	48	0	41	1
cell206	0	50	40	2	38	9	42	0	46	6	42	6	47	0	54	3	56	0	51	2
cell207	0	47	51	0	48	0	46	0	54	0	38	4	48	0	51	1	23	24	51	1
cell208	0	65	50	1	34	6	49	0	40	1	30	22	49	0	73	0	53	3	35	25
cell209	1	43	61	0	15	33	51	1	41	0	44	14	47	0	41	0	53	4	37	11
cell210	4	55	55	2	48	0	57	0	60	0	43	5	48	0	53	0	53	2	49	0
cell211	0	49	59	0	56	0	43	0	53	0	52	0	50	0	51	2	56	0	43	2
cell212	0	46	54	0	47	0	51	1	48	0	43	0	49	0	44	0	49	0	44	5
cell213	0	44	52	0	31	16	47	0	52	0	30	39	54	1	54	5	42	0	60	0
cell214	0	39	52	0	51	0	59	0	61	0	49	0	52	0	41	0	58	8	60	0
cell215	0	33	47	0	52	6	56	0	34	2	52	1	46	0	44	1	32	11	49	0
cell216	0	44	44	0	50	8	48	0	35	0	25	24	53	2	32	16	52	0	55	1
cell217	1	51	4	49	54	0	40	13	41	3	53	0	47	0	48	0	39	1	46	0
cell218	1	39	49	8	51	0	38	0	48	0	50	0	48	2	53	0	53	0	49	0
cell219	4	60	41	0	37	10	57	0	44	0	33	14	42	0	44	1	45	3	47	0
cell220	2	43	3	58	47	0	41	6	50	2	46	0	41	0	53	0	60	0	43	1
cell221	0	53	52	0	49	1	52	0	44	7	61	1	43	0	50	0	35	24	38	0
cell222	1	52	21	31	52	0	52	0	45	0	56	0	43	3	60	0	48	3	49	0
cell223	0	42	18	32	53	0	40	0	51	1	50	0	52	0	53	0	34	5	55	0
cell224	4	46	12	39	39	0	43	16	43	2	50	0	49	0	55	0	43	0	51	0
cell225	0	52	45	5	48	1	62	0	39	1	50	0	46	0	45	0	12	39	50	0
cell226	0	52	41	0	32	0	50	1	53	0	33	32	43	1	47	0	47	0	46	0
cell227	0	45	17	31	44	1	36	9	52	3	52	0	52	0	47	6	43	0	59	0
cell228	0	52	61	0	42	0	46	2	33	2	52	0	57	0	60	0	65	0	38	0
cell229	0	47	46	0	24	36	41	0	57	2	22	26	49	0	53	0	36	2	42	12
cell230	0	43	33	1	41	8	64	0	49	0	45	8	55	0	51	0	62	0	39	3
cell231	0	44	42	3	7	49	46	0	44	0	25	20	52	0	32	6	54	0	46	1
cell232	0	53	30	28	39	1	40	0	41	0	50	0	50	0	55	0	43	4	43	0
cell233	0	37	46	0	43	12	40	0	42	0	46	1	46	0	49	0	43	3	57	0
cell234	0	46	28	5	11	39	46	0	46	0	40	3	49	0	42	0	45	0	52	4
cell235	0	51	6	43	43	0	11	37	39	1	40	0	37	3	55	0	50	0	57	0
cell236	0	59	28	18	48	8	44	3	37	12	44	0	48	0	46	0	52	0	55	0
cell237	0	43	18	32	57	0	35	13	64	1	46	0	39	7	47	0	42	0	41	1
cell238	0	41	58	3	40	9	60	0	45	0	38	18	51	0	38	9	47	0	52	0
cell239	1	41	59	0	51	1	54	0	51	0	10	40	47	1	50	5	53	0	34	7
cell240	0	46	29	25	52	0	42	1	63	0	55	0	46	3	50	0	43	0	44	0
cell241	1	51	50	1	21	21	54	0	41	0	18	42	57	0	44	0	64	0	30	14
cell242	0	47	57	0	56	0	47	0	49	3	57	0	49	0	36	0	9	40	51	0
cell243	1	41	48	2	17	29	42	0	42	2	56	12	50	0	47	0	35	0	43	11
cell244	0	49	50	0	14	38	55	0	52	1	60	2	50	0	52	2	44	0	52	0
cell245	0	58	54	0	45	0	38	0	59	0	47	0	36	0	56	0	49	0	50	0
cell246	0	50	52	0	47	0	49	0	49	1	52	0	51	0	52	0	47	0	45	0
cell247	0	52	60	0	57	1	46	3	36	1	54	0	47	0	50	0	20	28	48	0
cell248	0	51	2	45	56	0	32	24	50	0	43	0	46	0	51	1	50	0	57	0
cell249	0	41	44	7	36	10	45	0	51	1	35	16	59	0	50	0	46	0	49	1
cell250	0	59	49	0	45	0	62	0	61	2	50	0	44	1	39	0	46	0	53	0
cell251	0	41	57	2	32	15	44	0	49	0	48	0	44	6	57	0	69	0	51	0
cell252	1	47	42	0	50	0	36	7	41	0	50	0	46	0	52	2	0	60	56	0
cell253	0	48	11	23	38	0	45	4	56	0	46	0	29	26	58	0	58	0	52	0
cell254	0	42	35	14	58	0	15	33	39	0	59	0	49	2	52	0	36	7	47	0
cell255	0	54	60	2	43	19	42	0	46	0	37	14	32	0	66	0	52	0	17	21
cell256	0	47	11	51	48	0	57	0	49	0	52	0	43	4	41	1	51	0	62	0
cell257	0	53	37	18	52	0	41	7	43	1	50	0	44	0	44	0	42	0	52	0
cell258	0	52	50	1	54	0	40	3	56	0	58	0	58	0	43	0	55	2	56	2
cell259	0	58	15	48	49	0	51	0	55	1	55	0	30	0	52	1	55	0	56	1
cell260	0	53	65	3	51	0	55	0	43	0	49	3	45	0	58	0	5	48	41	0
cell261	0	52	55	0	23	27	51	0	56	0	39	2	40	0	41	0	34	3	51	0
cell262	0	42	38	7	49	0	66	0	63	0	59	0	51	0	43	0	42	6	61	0
cell263	0	43	59	0	16	50	45	1	47	0	47	0	36	7	43	7	48	0	48	0
cell264	0	58	58	0	48	2	49	0	41	0	20	28	51	1	61	0	53	0	55	0
cell265	0	57	45	0	33	14	42	0	49	0	53	0	51	0	45	0	47	0	39	0
cell266	0	48	9	36	42	0	60	0	44	0	61	0	46	0	55	0	57	0	53	0
cell267	4	50	55	0	46	2	58	0	44	0	48	0	40	0	58	0	27	21	45	0
cell268	0	48	47	0	53	0	43	1	52	1	48	0	34	0	51	0	32	24	38	0
cell269	0	43	18	29	49	0	49	0	44	1	54	0	43	0	48	0	59	1	50	0
cell270	0	40	3	51	68	0	23	13	27	24	45	0	56	0	65	0	52	1	59	0
cell271	0	48	47	2	50	0	47	4	44	0	48	0	58	0	46	0	50	0	55	1
cell272	0	49	52	0	34	7	56	1	56	0	63	0	54	0	54	6	38	0	52	0
cell273	0	54	53	0	42	0	50	0	49	1	38	0	58	0	41	1	52	0	45	1
cell274	0	51	49	0	39	14	44	0	49	0	18	31	47	0	36	5	64	0	45	0
cell275	1	54	52	1	18	28	53	0	54	0	33	11	56	1	48	0	53	0	49	3
cell276	0	47	47	1	23	26	39	0	52	0	49	11	54	0	44	0	59	0	48	1
cell277	0	50	32	7	39	0	57	0	41	0	57	6	45	0	54	0	50	0	52	0
cell278	2	52	7	60	58	0	27	20	42	6	51	0	42	0	35	0	55	0	40	2
cell279	0	59	20	32	40	0	24	24	46	0	41	0	64	0	47	0	45	0	48	0
cell280	0	65	48	0	53	0	52	4	56	0	49	0	42	0	50	0	43	0	54	6
cell281	0	46	20	34	61	0	35	8	34	0	58	0	39	15	52	0	51	2	50	0
cell282	0	54	42	0	43	0	52	0	51	0	17	36	59	0	55	0	67	0	24	21
cell283	0	47	48	4	42	0	54	0	33	0	51	0	41	0	45	1	41	0	67	0
cell284	0	40	46	0	39	13	43	0	42	0	26	22	52	0	46	0	48	0	47	0
cell285	0	56	53	0	40	0	52	0	34	8	34	0	58	0	44	0	48	12	60	0
cell286	0	51	44	0	60	0	49	0	58	0	47	0	54	0	41	0	4	47	60	0
cell287	0	48	41	0	55	0	47	0	55	0	49	0	47	0	59	0	42	1	48	3
cell288	0	48	48	0	37	10	59	0	54	0	15	29	51	0	30	18	49	4	46	0
cell289	0	46	9	45	48	0	33	18	37	0	46	0	40	7	49	0	47	0	64	0
cell290	0	39	42	0	62	0	52	0	49	2	46	0	60	0	54	0	10	22	53	0
cell291	0	57	45	0	53	0	47	0	62	0	41	0	39	0	48	5	4	54	50	1
cell292	0	46	46	0	38	9	50	0	46	0	56	0	41	0	59	0	39	0	47	0
cell293	0	47	45	0	63	0	46	0	53	0	57	0	62	0	47	0	42	0	48	0
cell294	0	51	3	56	51	0	21	33	56	4	66	0	51	2	48	4	54	0	40	0
cell295	0	48	43	0	43	2	56	0	40	0	47	0	61	0	54	0	56	7	48	0
cell296	0	49	41	0	46	8	45	0	47	1	47	4	51	0	50	1	45	0	41	0
cell297	0	45	13	37	39	1	34	18	55	8	57	1	55	0	34	0	46	4	52	0
cell298	0	58	17	37	45	0	25	22	53	0	60	1	35	16	56	0	52	0	51	0
cell299	0	55	40	0	17	28	52	0	51	0	57	0	50	0	42	0	58	0	54	0
cell300	0	44	65	0	43	15	45	1	58	0	18	34	43	0	47	3	50	1	40	17
cell301	0	50	47	0	60	0	51	0	43	0	52	0	51	0	57	0	36	27	46	2
cell302	0	43	47	0	50	0	63	0	55	0	40	0	54	0	55	0	61	0	56	0
cell303	2	52	57	6	58	0	52	1	42	0	56	0	51	0	51	0	27	32	56	0
cell304	0	41	15	27	55	0	36	2	49	0	57	0	62	0	53	0	39	0	57	0
cell305	4	49	48	1	33	8	42	0	48	0	27	18	43	1	50	0	45	0	39	10
cell306	0	55	14	42	50	6	26	19	52	0	57	0	26	16	71	0	59	0	53	0
cell307	0	54	49	0	39	0	40	0	49	2	48	2	42	0	56	0	55	0	45	1
cell308	0	48	41	0	33	25	55	0	58	2	45	0	47	0	46	0	53	0	61	0
cell309	0	39	43	0	5	49	42	0	60	0	50	0	42	0	51	2	37	0	50	0
cell310	0	65	6	40	53	0	30	16	55	7	51	0	44	0	53	0	54	0	52	0
cell311	0	51	59	0	46	0	41	0	40	0	56	0	52	1	56	0	37	0	36	5
cell312	0	55	18	20	52	1	30	9	48	0	49	0	49	0	60	0	47	0	44	0
cell313	6	48	42	14	55	0	49	0	51	0	44	1	46	0	48	0	47	0	55	0
cell314	2	57	47	0	58	6	52	0	37	2	21	27	54	0	41	4	46	0	60	0
cell315	0	53	35	17	42	0	55	0	58	0	48	0	53	1	65	0	47	0	65	0
cell316	0	42	47	0	39	11	55	0	45	0	56	0	52	0	51	0	53	0	56	0
cell317	0	63	52	2	40	10	50	0	41	0	20	17	50	0	64	0	58	0	22	20
cell318	1	58	63	0	49	0	49	0	47	0	45	0	53	0	60	0	57	0	50	0
cell319	0	48	27	28	43	4	53	0	37	2	49	0	45	8	49	0	50	0	58	0
cell320	0	61	49	0	19	33	51	0	52	0	60	0	45	1	61	0	54	0	38	0
cell321	1	52	47	0	33	5	40	0	43	0	22	18	46	0	28	27	52	0	38	0
cell322	1	56	8	32	40	0	28	12	36	10	46	0	52	0	49	0	55	0	48	0
cell323	0	46	17	33	41	0	41	3	27	26	61	0	61	0	38	2	50	0	36	0
cell324	0	54	43	0	56	0	55	0	46	0	49	3	45	0	48	3	45	6	53	0
cell325	0	52	53	0	52	0	50	0	43	1	31	0	57	0	52	0	31	20	40	0
cell326	0	54	15	38	52	0	34	12	48	0	56	0	29	18	48	0	39	0	36	0
cell327	0	61	47	0	62	0	48	0	47	0	53	0	43	0	45	0	48	0	50	1
cell328	1	45	64	0	41	6	54	0	61	0	28	34	50	0	42	3	51	0	41	0
cell329	1	34	56	1	52	1	54	0	52	0	29	10	57	0	55	0	41	0	36	0
cell330	0	38	46	0	46	5	59	0	50	0	43	4	55	0	54	0	56	0	69	0
cell331	5	59	48	0	0	46	45	0	41	0	48	0	47	0	60	0	46	0	43	1
cell332	0	57	47	0	36	0	41	1	50	0	52	0	49	3	58	0	45	0	49	0
cell333	0	58	6	34	48	0	54	0	60	0	48	0	51	0	38	0	59	0	50	1
cell334	0	38	11	34	54	0	41	0	22	27	51	1	55	0	58	0	55	0	54	1
cell335	0	52	7	57	58	0	30	22	55	4	55	0	39	9	46	0	54	0	41	0
cell336	1	55	58	0	43	12	47	0	57	0	25	17	55	0	55	1	55	0	35	11
cell337	0	36	58	0	54	0	42	1	45	0	48	1	66	0	50	0	8	40	43	0
cell338	0	55	15	47	50	2	53	0	51	3	47	0	39	3	55	0	42	0	50	0
cell339	0	42	51	0	32	17	50	0	53	0	25	24	64	2	37	18	45	0	39	0
cell340	0	49	34	24	54	0	37	0	47	0	43	0	48	0	48	0	48	0	49	0
cell341	0	54	48	0	60	0	41	0	46	0	42	0	49	0	56	0	43	0	47	0
cell342	0	52	44	0	59	1	51	1	41	0	52	0	53	0	53	0	69	0	52	4
cell343	0	40	50	0	45	5	42	0	46	0	40	1	53	0	46	0	51	0	42	0
cell344	2	50	44	0	27	14	50	7	61	1	44	0	51	0	50	1	53	0	55	0
cell345	0	41	21	35	33	0	56	4	32	15	49	0	69	0	41	0	48	0	35	0
cell346	0	51	54	0	40	5	47	0	49	0	31	9	56	0	54	0	42	2	49	2
cell347	0	62	51	0	49	0	32	0	47	0	60	0	36	1	50	0	39	0	54	0
cell348	0	51	19	24	59	0	33	23	48	1	46	0	43	1	54	0	48	0	42	0
cell349	0	58	42	0	38	5	61	0	48	0	24	28	40	2	42	0	48	0	57	8
cell350	0	30	60	0	18	30	46	0	48	2	23	20	53	0	31	8	55	0	52	0
cell351	0	39	17	33	43	1	70	0	37	1	44	0	48	0	59	0	57	0	54	3
cell352	0	56	2	49	39	0	36	10	23	35	57	0	51	0	51	0	42	0	49	0
cell353	0	48	55	0	33	20	32	0	52	0	44	0	54	2	43	0	55	0	49	0
cell354	0	51	57	3	63	0	55	0	66	0	45	0	42	0	53	5	52	0	50	0
cell355	0	51	13	42	44	3	37	12	46	0	45	0	58	0	46	0	52	0	37	0
cell356	0	56	37	0	54	0	58	1	48	0	53	0	42	0	67	0	37	6	64	0
cell357	0	55	38	0	31	12	44	0	54	0	39	10	50	0	60	0	44	0	34	4
cell358	0	54	44	0	28	32	54	0	44	0	38	17	57	3	18	9	48	0	56	0
cell359	0	52	11	28	45	0	40	2	59	1	62	0	53	3	55	0	67	0	37	1
cell360	0	56	8	44	54	0	34	21	47	14	34	0	48	0	38	0	48	0	54	0
cell361	5	40	61	0	53	1	43	0	47	0	52	0	36	0	43	0	41	0	50	1
cell362	1	45	50	0	45	1	55	0	41	0	13	49	51	1	27	13	53	0	56	0
cell363	1	41	30	13	53	0	47	3	47	2	56	0	40	10	44	0	46	0	46	0
cell364	0	53	18	30	48	0	31	1	48	0	43	0	52	0	40	0	46	0	55	0
cell365	0	37	50	0	7	30	50	0	54	0	42	2	51	0	32	0	46	0	58	0
cell366	0	56	54	0	40	0	51	0	59	0	41	0	58	0	44	0	32	13	45	0
cell367	0	34	57	0	39	0	51	0	58	0	41	0	49	0	49	0	16	29	57	0
cell368	0	45	45	0	55	2	62	0	44	0	52	0	28	3	44	0	26	33	40	0
cell369	1	49	48	0	39	0	59	2	48	0	53	0	61	0	53	0	60	0	50	0
cell370	0	55	51	0	44	0	46	0	49	0	51	1	57	0	46	0	49	0	46	0
cell371	0	45	40	0	15	31	39	0	47	0	47	11	47	1	41	0	58	1	41	0
cell372	0	44	17	26	52	0	40	4	46	0	51	0	48	0	52	0	51	2	52	0
cell373	0	37	66	2	21	30	42	1	43	0	14	40	64	0	47	0	46	0	21	21
cell374	0	49	18	22	43	2	54	0	48	0	52	0	46	0	56	0	47	0	49	0
cell375	2	55	46	2	59	0	49	0	35	0	50	1	58	3	44	0	65	1	33	1
cell376	1	50	13	42	35	0	52	5	57	0	48	0	53	0	48	0	48	0	41	1
cell377	0	37	56	1	60	1	62	0	52	0	42	2	50	4	56	1	47	0	53	0
cell378	0	55	43	0	47	0	43	0	41	0	46	1	36	0	51	0	29	1	49	0
cell379	0	48	10	46	43	0	26	22	58	0	48	0	67	0	56	0	56	0	48	0
cell380	1	47	9	38	45	0	26	20	50	0	38	2	35	14	46	0	59	0	56	0
cell381	1	53	29	32	44	1	25	26	55	0	40	0	45	2	46	0	67	0	57	1
cell382	2	63	51	0	61	0	56	1	49	3	51	3	46	0	58	0	52	0	49	0
cell383	0	45	51	0	36	32	47	0	59	0	24	12	49	0	38	11	38	2	61	0
cell384	0	51	2	42	46	0	39	3	47	0	55	0	49	0	58	0	51	0	52	0
cell385	0	49	16	28	47	0	25	9	47	1	48	0	46	1	44	0	38	0	48	0
cell386	0	57	51	0	44	1	50	0	43	0	52	0	53	0	50	0	33	7	37	5
cell387	0	45	44	0	47	0	44	2	59	3	37	0	60	1	45	0	31	7	52	0
cell388	0	49	33	23	35	1	48	0	55	0	61	0	58	0	55	0	47	0	46	0
cell389	0	45	47	3	18	11	55	0	43	0	46	16	54	0	48	6	44	0	44	0
cell390	0	58	17	28	52	1	62	0	55	0	51	0	43	0	73	0	45	0	57	0
cell391	0	52	48	0	45	0	48	0	57	0	44	0	47	0	49	0	52	0	42	0
cell392	0	59	55	0	30	8	53	0	49	0	34	23	36	0	42	0	43	0	31	25
cell393	0	48	15	42	44	0	13	39	34	12	50	0	44	0	50	0	44	0	51	0
cell394	3	58	36	1	58	3	42	0	60	0	38	17	48	0	27	22	56	0	41	0
cell395	0	41	34	13	57	0	41	4	48	5	56	0	48	2	47	0	44	0	58	0
cell396	0	51	34	0	33	30	47	1	48	0	31	18	61	0	46	0	50	3	32	12
cell397	0	48	17	32	51	0	31	5	59	0	48	0	49	0	48	0	60	0	72	0
cell398	0	39	50	1	57	0	44	0	52	0	43	0	38	6	67	2	1	39	40	0
cell399	10	37	54	0	33	7	46	3	53	0	36	21	40	2	48	1	45	0	33	15
cell400	0	41	1	40	45	0	14	30	56	0	56	0	43	0	49	0	43	0	41	0
cell401	0	61	46	0	68	2	52	0	39	0	42	0	44	0	49	0	42	0	39	0
cell402	1	72	56	5	9	36	59	0	52	0	27	11	48	0	57	5	57	0	60	0
cell403	0	61	53	0	37	0	64	0	43	0	51	0	59	0	41	0	35	12	46	0
cell404	0	50	3	48	55	0	41	5	67	0	51	0	50	7	41	0	54	0	48	2
cell405	0	57	57	0	44	14	48	0	33	0	32	25	47	0	49	0	59	0	45	0
cell406	1	38	45	0	30	21	59	0	55	0	23	30	48	0	54	1	61	5	59	0
cell407	0	53	50	1	57	2	35	0	52	0	61	0	44	0	51	0	11	35	53	0
cell408	1	51	56	0	47	1	39	0	55	0	59	0	53	0	62	0	46	3	58	0
cell409	0	54	8	45	40	0	36	23	48	0	45	1	55	0	50	0	50	0	45	0
cell410	0	49	6	42	39	0	55	9	12	19	53	0	50	0	53	0	58	0	31	3
cell411	0	48	51	0	48	0	51	0	50	0	52	0	50	0	52	0	42	0	47	0
cell412	0	53	5	48	53	0	33	17	22	18	61	1	51	0	59	0	55	0	49	0
cell413	0	47	40	0	54	0	53	0	47	0	47	0	47	0	46	0	8	44	49	0
cell414	2	45	27	17	45	1	39	7	48	0	59	0	51	0	46	0	50	0	36	0
cell415	0	52	58	0	5	48	46	1	60	0	54	0	45	0	57	0	54	0	41	3
cell416	0	51	19	30	62	0	37	29	37	0	49	0	35	0	54	0	45	4	44	2
cell417	0	47	50	0	51	0	46	6	56	1	67	3	58	0	43	0	24	23	57	0
cell418	0	57	15	26	51	0	31	12	33	10	51	0	44	0	56	0	49	0	26	12
cell419	0	46	54	0	36	14	43	0	65	1	44	3	48	0	47	0	42	0	45	0
cell420	0	49	6	40	32	0	28	27	42	0	45	0	52	0	53	0	62	0	44	0
cell421	1	45	41	0	50	7	60	0	53	0	39	6	45	0	56	0	47	0	54	5
cell422	1	51	19	43	33	0	50	10	58	3	49	0	51	0	45	4	44	0	61	2
cell423	0	62	52	0	45	0	36	0	50	1	34	6	35	5	55	0	75	1	52	0
cell424	1	56	47	0	29	15	44	0	47	0	37	8	40	0	42	0	37	7	51	0
cell425	0	44	1	53	51	0	36	16	52	0	45	7	40	20	56	0	63	0	49	0
cell426	0	50	22	22	44	6	55	1	29	15	53	0	40	1	57	0	56	2	33	0
cell427	0	61	49	0	46	0	45	0	48	0	48	0	48	0	39	1	51	0	50	0
cell428	0	51	31	17	52	0	48	0	58	0	59	0	34	2	44	0	51	0	41	8
cell429	0	57	45	0	26	24	50	0	54	0	35	23	45	0	45	0	54	0	37	8
cell430	3	56	39	17	57	0	29	15	50	0	53	3	52	0	38	6	51	1	58	0
cell431	3	59	55	0	44	0	56	0	57	1	50	0	42	0	56	1	12	31	46	0
cell432	0	45	2	51	48	0	31	14	43	0	39	7	54	0	52	0	53	0	49	0
cell433	0	58	37	0	38	9	61	1	49	2	53	3	56	0	51	0	52	0	55	0
cell434	0	52	0	45	62	0	51	0	45	4	57	0	40	2	50	0	40	13	49	0
cell435	0	48	3	61	50	1	43	2	26	18	51	0	45	0	61	0	39	1	45	0
cell436	4	36	24	31	46	0	32	17	45	0	54	0	51	0	41	0	41	0	54	0
cell437	0	48	3	41	49	1	38	23	57	0	57	0	51	0	47	3	43	0	54	0
cell438	0	43	40	1	37	22	45	1	39	0	35	15	44	0	40	6	45	0	47	0
cell439	0	51	36	0	7	49	39	2	53	1	61	0	48	0	38	10	52	1	44	0
cell440	0	50	47	0	71	2	44	0	63	1	45	0	43	0	54	0	44	0	40	0
cell441	0	40	41	1	33	1	54	0	57	0	56	0	42	0	44	0	63	0	50	0
cell442	0	49	48	9	56	10	53	0	51	3	40	0	61	0	43	0	62	0	53	0
cell443	8	36	16	33	42	0	34	0	46	0	58	0	32	15	47	0	60	0	46	2
cell444	0	60	53	0	44	3	49	4	37	0	9	25	44	0	63	0	37	3	49	4
cell445	0	41	13	36	53	0	45	0	53	0	34	2	55	0	47	0	44	0	44	0
cell446	0	50	53	2	8	31	41	0	43	0	54	0	59	0	49	0	44	0	36	0
cell447	1	49	61	0	53	0	45	4	51	0	45	1	58	0	63	0	2	48	54	0
cell448	0	69	9	38	52	0	47	3	33	0	46	0	43	0	46	0	48	3	43	0
cell449	0	57	45	0	41	7	42	0	54	2	48	4	60	0	48	0	49	0	53	0
cell450	1	40	50	0	32	9	51	0	41	0	23	31	54	0	60	0	57	0	61	0
cell451	1	38	47	0	24	23	53	0	55	0	50	0	54	0	53	2	70	0	47	0
cell452	4	35	14	33	49	6	17	36	58	0	59	0	58	0	43	0	49	0	43	0
cell453	0	49	48	2	41	18	52	0	49	1	39	11	41	2	38	0	59	0	44	3
cell454	0	56	53	0	52	0	44	0	35	2	52	0	43	0	62	0	52	0	45	0
cell455	2	46	40	8	53	0	47	0	36	8	47	1	57	0	47	1	57	0	43	2
cell456	1	51	20	31	51	0	29	17	47	2	49	0	48	0	35	0	45	0	47	0
cell457	0	45	50	0	61	5	44	1	48	5	55	0	45	0	42	0	44	7	60	2
cell458	0	56	35	17	51	7	57	1	44	0	55	0	57	1	47	0	50	4	45	0
cell459	0	41	44	1	54	2	58	0	44	0	48	5	64	0	44	0	50	0	48	0
cell460	0	29	8	44	46	0	47	5	64	0	56	0	45	0	48	3	44	0	49	0
cell461	0	52	9	32	43	0	38	17	49	0	41	0	30	23	47	0	49	0	48	0
cell462	0	57	54	0	12	41	45	0	47	0	46	5	61	0	47	1	47	0	51	0
cell463	0	48	27	22	47	0	38	8	38	0	50	0	48	7	54	3	40	0	44	0
cell464	0	47	47	5	44	2	58	0	46	0	56	0	46	0	41	0	54	0	38	0
cell465	0	47	46	0	50	0	51	0	52	0	36	0	50	1	49	0	53	0	53	0
cell466	0	45	47	0	47	0	62	0	38	0	47	0	54	0	51	0	47	0	44	0
cell467	0	50	6	43	48	0	46	13	50	4	49	1	45	10	56	0	54	0	44	0
cell468	5	60	6	41	36	0	34	11	47	0	51	0	51	1	55	0	44	3	45	3
cell469	0	51	48	0	52	0	48	1	58	0	57	0	59	0	51	0	41	0	53	0
cell470	0	44	41	0	51	0	67	0	52	0	51	2	42	0	53	1	43	0	45	0
cell471	5	42	53	0	34	11	41	0	46	0	26	27	53	0	49	8	46	0	37	1
cell472	0	34	45	0	41	1	57	0	57	0	53	0	49	0	47	0	53	1	51	0
cell473	0	39	52	0	42	12	48	0	44	0	15	30	37	0	47	0	58	0	17	38
cell474	0	40	45	3	45	0	39	0	49	0	40	0	43	0	58	0	19	39	50	1
cell475	0	49	37	1	19	22	53	1	59	2	39	0	51	0	52	1	62	1	57	1
cell476	0	61	55	1	52	5	45	0	46	0	3	47	47	0	47	0	47	0	13	37
cell477	2	39	51	2	32	19	47	0	51	0	29	23	57	0	52	2	47	0	57	0
cell478	0	51	58	0	28	21	45	0	62	1	36	22	46	0	45	9	45	0	56	0
cell479	0	61	45	0	16	45	45	3	39	1	45	3	55	0	48	0	49	0	48	0
cell480	0	56	53	0	22	23	59	0	50	5	42	10	53	0	45	0	44	1	35	0
cell481	0	48	3	39	58	0	45	3	56	0	56	0	38	0	41	0	46	0	37	0
cell482	0	59	50	0	41	0	64	2	51	0	46	0	47	0	45	1	50	0	40	2
cell483	0	39	42	0	47	5	57	0	43	0	48	0	50	0	52	0	54	0	65	0
cell484	0	44	42	0	58	4	46	0	45	0	29	24	34	0	49	1	58	0	38	16
cell485	0	52	44	0	19	23	55	0	52	0	59	0	49	0	49	2	48	0	37	11
cell486	0	61	54	0	29	9	57	0	51	0	34	17	56	0	54	0	43	1	11	36
cell487	0	51	49	0	54	0	49	3	48	2	54	0	50	0	65	1	37	23	51	0
cell488	0	58	41	2	56	1	50	1	52	0	52	0	46	0	45	0	49	1	49	0
cell489	0	51	49	0	7	38	49	0	57	0	43	0	45	4	53	0	42	0	52	0
cell490	0	62	45	0	57	0	53	0	47	0	48	0	40	1	42	2	32	20	63	0
cell491	0	56	9	41	49	0	36	11	51	0	55	0	33	15	50	0	42	8	57	0
cell492	0	51	18	29	41	0	55	0	49	0	51	0	54	2	59	1	44	0	52	0
cell493	0	36	49	0	49	0	53	0	54	0	47	0	54	0	42	0	17	20	41	0
cell494	0	48	41	0	41	0	45	0	44	0	51	3	45	0	55	0	38	13	36	1
cell495	0	53	51	0	47	0	49	4	61	0	39	0	49	0	50	0	53	0	53	0
cell496	0	39	24	21	53	0	48	4	58	1	42	0	44	9	47	1	48	0	59	0
cell497	0	55	46	6	49	0	43	0	51	0	50	0	38	0	44	0	2	50	58	0
cell498	4	36	54	0	33	14	34	10	47	0	37	9	58	0	37	1	51	0	44	10
cell499	0	51	50	0	47	0	49	0	49	0	45	0	47	0	48	0	1	52	50	0
cell500	0	49	52	0	38	8	48	0	66	0	28	24	53	2	41	0	50	0	47	0
