42 0 0 0 0 0 0 0 3 1 0
55 50 0 33 0 0 0 7 1 0 0
51 48 1 2 46 0 0 0 0 1 0
37 21 0 7 2 6 0 0 0 0 0
41 20 0 0 1 0 0 0 0 0 0
51 1 24 0 1 11 0 0 0 9 0
48 0 1 0 0 0 1 0 0 0 0
50 0 13 0 0 31 0 0 0 0 0
48 0 0 0 4 0 0 0 41 0 0
56 39 0 10 9 0 6 2 0 0 0
44 0 0 0 0 0 2 0 0 0 0
39 0 0 0 0 0 0 0 0 0 0
47 2 2 0 0 29 1 9 1 0 0
52 0 0 0 0 0 0 0 26 0 0
48 29 0 1 0 0 0 1 0 0 0
44 24 0 3 12 2 0 1 0 0 0
57 42 0 21 0 0 0 0 0 0 0
29 0 8 1 0 33 1 12 0 0 0
62 43 0 13 7 0 0 0 0 1 0
48 0 6 0 0 16 2 0 0 0 0
39 41 0 13 0 0 0 0 0 0 0
42 0 11 0 0 48 1 20 2 0 0
42 37 0 23 1 0 0 2 0 0 0
41 47 0 14 0 0 0 0 0 0 0
43 0 17 0 0 3 1 0 0 1 0
43 42 3 42 5 0 7 0 0 0 0
48 1 15 0 0 26 0 0 0 0 0
56 0 37 0 0 0 0 0 0 0 0
55 0 0 2 0 0 1 0 0 0 0
44 0 13 0 0 36 0 11 0 0 0
48 37 0 17 25 2 0 0 3 0 0
51 24 2 24 27 2 0 0 0 0 0
56 40 0 3 2 0 9 0 0 0 0
57 0 24 0 0 7 1 0 0 1 0
51 41 2 40 0 0 0 0 0 0 0
57 4 15 0 0 17 0 14 1 0 0
45 38 0 31 0 2 0 0 0 0 0
51 38 0 8 4 0 0 2 0 0 0
46 31 0 0 0 0 0 0 1 2 0
46 43 0 1 18 0 0 0 0 1 0
42 42 1 0 0 0 0 1 2 0 0
48 34 0 0 0 0 0 0 0 1 0
39 40 0 27 15 0 0 0 0 0 0
49 43 0 3 0 0 18 1 1 0 0
43 40 0 10 25 1 1 0 0 0 0
59 46 0 9 6 0 0 0 0 0 0
39 0 0 0 0 0 6 0 0 0 0
49 7 2 0 0 42 0 1 0 0 0
53 30 0 13 0 3 9 0 0 2 0
35 0 0 0 1 28 0 0 0 9 0
44 42 1 28 16 1 3 0 6 0 0
50 43 0 0 0 4 0 1 2 0 0
41 48 0 0 10 0 0 0 0 0 0
51 1 4 0 0 18 0 0 0 0 0
61 0 0 1 0 0 0 0 0 0 0
47 7 25 0 0 18 0 0 0 12 0
52 28 1 0 0 0 0 2 0 0 0
57 0 19 0 0 9 0 0 0 0 0
53 0 28 5 7 24 0 12 0 0 0
49 3 2 0 0 12 0 0 0 1 0
50 0 23 0 0 19 0 1 0 0 0
45 0 40 0 0 0 0 2 0 1 0
56 1 0 0 6 0 0 0 31 0 0
46 32 3 5 0 1 31 0 0 0 0
50 0 31 0 0 0 0 0 0 2 0
62 55 0 12 15 0 0 0 1 2 0
45 0 35 0 0 1 1 0 0 0 0
41 55 0 4 37 1 0 0 1 0 0
54 0 0 0 1 0 4 0 1 0 0
45 12 0 0 1 7 0 8 0 0 0
47 5 3 0 0 0 0 0 0 6 0
57 0 0 1 0 0 1 0 0 0 0
59 0 16 0 0 10 0 0 0 1 0
45 0 1 0 0 6 0 0 0 4 0
62 39 0 13 2 0 4 1 0 0 0
56 51 0 8 0 0 8 0 0 0 0
46 1 26 0 1 0 0 0 1 0 0
63 52 0 27 0 0 0 0 0 0 0
41 42 0 8 14 0 0 0 0 0 0
50 11 0 6 0 2 0 0 0 4 0
59 2 0 0 0 2 0 0 0 0 0
56 0 3 0 0 33 0 5 1 0 0
44 0 0 4 0 4 0 0 35 0 0
35 0 3 4 0 0 0 0 39 0 0
45 0 8 0 0 22 0 0 0 0 0
45 0 8 1 0 23 0 0 0 0 0
55 0 5 0 0 46 0 27 0 1 0
48 20 0 11 4 0 0 4 0 0 0
36 0 43 0 0 16 0 1 0 0 0
56 0 13 0 0 32 0 21 2 0 0
43 0 5 0 0 0 0 1 0 0 0
46 0 39 0 0 0 2 0 0 1 0
47 0 6 2 0 30 8 0 0 13 0
39 0 0 0 1 0 0 0 11 0 0
49 0 5 0 1 30 0 0 0 23 0
57 0 22 0 2 26 0 0 0 11 0
59 12 0 0 0 0 0 5 0 0 0
58 0 4 0 0 25 0 9 2 0 0
46 29 0 24 17 0 0 0 0 0 0
48 0 5 0 0 15 0 0 0 5 0
41 26 0 4 1 0 33 7 0 1 0
42 50 0 22 7 0 13 2 0 0 0
54 54 1 22 0 0 8 0 0 1 0
61 0 1 0 0 0 0 0 0 0 0
43 0 33 0 4 0 0 0 0 3 0
51 0 0 0 0 0 0 5 0 0 0
58 0 20 2 0 1 0 0 0 0 0
30 0 16 0 0 0 0 0 0 0 0
50 40 0 25 0 0 1 0 0 0 0
54 0 6 0 0 9 0 4 0 0 0
48 29 0 2 0 0 10 0 1 0 0
52 2 0 7 0 0 0 2 1 3 0
47 45 0 0 0 0 0 0 0 0 0
46 22 0 0 1 0 9 0 0 0 0
53 19 0 12 0 0 0 0 0 0 0
59 0 47 0 0 14 0 19 0 0 0
46 0 17 4 0 17 0 0 6 3 0
57 0 0 0 0 0 0 0 32 0 0
54 38 0 5 0 0 0 0 0 0 0
46 0 14 4 0 12 0 0 0 1 0
41 40 0 7 4 0 25 0 5 0 0
51 23 0 20 0 0 0 0 0 0 0
44 0 20 0 3 19 0 8 0 7 0
58 22 0 12 0 0 0 1 2 0 0
69 0 1 0 3 33 0 0 0 3 0
42 52 0 11 3 3 0 1 0 0 0
54 44 0 0 0 0 0 2 0 0 0
54 0 12 0 0 11 0 4 0 0 0
52 0 26 0 0 0 0 0 0 0 0
50 0 10 0 0 29 0 16 0 0 0
37 0 1 0 2 35 0 0 0 8 0
57 33 0 0 7 0 0 0 3 0 0
57 0 0 0 0 0 0 0 33 0 0
52 1 20 0 0 15 1 21 0 0 0
53 0 11 3 3 43 0 3 0 2 0
51 0 24 1 0 0 0 0 0 0 0
32 37 0 0 2 0 1 0 6 0 0
57 0 34 0 0 0 0 0 0 1 0
51 38 0 3 0 0 3 0 0 4 0
47 0 23 9 2 22 0 13 0 0 0
48 37 1 12 0 0 10 0 0 0 0
55 37 0 4 0 0 14 0 0 0 0
51 36 0 25 0 0 0 0 0 3 0
52 23 0 0 1 0 0 1 0 0 0
39 0 5 0 0 0 0 1 0 0 0
39 0 36 0 2 7 0 0 0 0 0
52 11 0 3 0 0 3 0 0 0 0
48 41 3 34 0 0 0 1 0 0 0
59 27 0 1 0 4 0 0 0 1 0
46 0 0 0 0 35 0 7 0 0 0
55 0 3 2 0 29 0 3 2 18 0
48 0 30 0 1 0 4 0 0 3 0
62 0 4 1 0 9 0 0 0 0 0
45 38 0 7 0 0 11 1 0 0 0
37 46 1 18 6 0 0 0 0 0 0
56 1 4 0 1 5 0 0 0 0 0
45 3 14 0 0 34 0 11 2 0 0
46 39 0 29 1 2 31 0 0 2 0
49 17 0 4 0 0 10 0 0 0 0
40 0 2 0 0 28 0 1 0 19 0
50 36 0 0 0 0 0 0 0 6 0
49 0 18 0 10 3 1 3 0 0 0
42 0 1 0 0 0 0 0 6 0 0
46 1 0 0 4 1 0 0 8 2 0
40 0 8 0 0 0 0 0 4 1 0
52 0 10 1 0 25 0 1 0 3 0
49 0 6 1 2 0 1 0 28 0 0
48 23 2 8 0 1 19 0 0 0 0
33 1 11 0 0 33 0 10 0 0 0
53 46 0 8 0 0 27 2 0 3 0
32 0 15 0 0 37 0 20 2 0 0
44 0 4 0 0 0 0 0 0 0 0
46 0 0 0 0 0 0 0 0 0 0
48 20 0 19 1 0 11 0 0 0 0
59 0 8 0 0 16 0 0 7 0 0
58 2 4 2 0 8 0 0 0 13 0
45 29 0 0 0 0 0 0 0 0 0
45 0 37 0 0 13 0 0 4 8 0
48 41 0 17 0 0 2 0 0 0 0
43 56 0 4 0 1 0 0 0 0 0
51 0 11 0 0 25 0 4 0 0 0
48 0 0 0 0 0 1 0 6 0 0
40 35 0 47 0 0 0 1 0 0 0
44 18 0 4 3 0 0 2 0 3 0
51 1 0 0 7 0 1 0 0 0 0
58 43 0 19 0 0 9 0 0 0 0
54 0 0 0 1 0 0 0 18 0 0
46 0 0 0 0 5 0 1 9 0 0
49 1 0 0 0 0 0 0 0 0 0
47 1 2 0 0 24 0 1 1 0 0
47 0 21 0 4 0 0 0 6 2 0
47 1 17 0 0 0 1 0 0 1 0
47 51 0 21 0 0 15 2 0 1 0
52 28 1 0 0 0 1 5 0 0 0
41 44 0 15 0 0 16 0 0 4 0
46 0 17 1 0 19 5 10 9 0 0
61 0 12 0 6 0 0 0 0 0 0
34 0 0 0 0 0 0 1 0 0 0
49 0 22 0 0 8 0 2 0 0 0
43 2 0 0 0 0 0 0 20 0 0
54 28 0 0 0 1 0 0 0 0 0
50 36 1 15 0 0 18 0 0 0 0
41 0 0 0 1 3 0 1 12 0 0
62 53 1 16 10 6 2 0 0 0 0
46 1 33 0 0 17 2 0 0 1 0
50 2 9 0 6 6 0 3 0 2 0
47 0 0 0 0 4 0 1 24 1 0
65 1 6 0 1 22 0 0 3 25 0
43 0 33 1 0 14 0 0 4 11 0
55 2 0 0 0 5 0 0 2 0 0
49 0 0 0 0 0 0 2 0 2 0
46 0 0 1 0 0 0 0 0 5 0
44 0 16 0 0 39 1 5 0 0 0
39 0 0 0 0 0 0 0 8 0 0
33 0 6 0 2 1 0 1 11 0 0
44 0 8 0 0 24 2 16 0 1 0
51 49 0 13 3 0 0 0 1 0 0
39 8 0 0 0 0 2 0 0 0 0
60 0 10 0 0 14 0 1 3 0 0
43 58 0 6 2 0 0 0 0 1 0
53 0 1 0 7 1 0 0 24 0 0
52 31 0 0 0 0 3 0 3 0 0
42 32 0 0 1 0 0 0 5 0 0
46 39 0 16 2 0 0 0 0 0 0
52 5 1 0 1 0 0 0 39 0 0
52 0 0 1 0 32 1 0 0 0 0
45 31 1 9 3 0 0 6 0 0 0
52 0 0 2 2 0 0 0 0 0 0
47 0 36 0 2 26 0 0 2 12 0
43 1 8 0 0 8 0 0 0 3 0
44 3 49 0 0 20 0 6 0 1 0
53 28 1 0 0 0 0 0 4 0 0
37 0 12 0 0 1 0 0 3 0 0
46 5 39 0 0 3 0 0 0 4 0
51 43 0 37 1 0 3 0 0 0 0
59 18 8 3 12 0 0 0 0 0 0
43 32 0 13 1 0 7 0 0 1 0
41 3 9 0 0 18 0 9 0 0 0
41 0 1 0 0 40 1 5 0 7 0
46 25 0 1 0 0 3 0 0 0 0
51 1 21 0 0 42 0 0 0 14 0
47 0 0 0 3 0 0 0 40 0 0
41 2 29 0 2 12 0 0 0 11 0
49 0 38 0 1 2 0 2 0 0 0
58 0 0 0 0 0 0 0 0 0 0
50 0 0 0 1 0 0 0 0 0 0
52 0 1 3 1 0 0 0 28 0 0
51 45 0 24 0 0 0 1 0 0 0
41 7 10 0 1 16 0 0 0 1 0
59 0 0 0 2 0 1 0 0 0 0
41 2 15 0 0 0 6 0 0 0 0
47 0 0 7 0 0 0 2 60 0 0
48 23 0 4 0 0 26 0 0 0 0
42 14 0 33 0 0 2 0 7 0 0
54 2 19 0 0 14 0 0 0 21 0
47 51 0 0 0 0 4 1 0 0 0
53 18 0 7 1 0 0 0 0 0 0
52 1 0 3 0 0 0 0 2 2 0
58 48 0 0 1 0 0 1 0 1 0
53 3 0 0 0 3 0 0 48 0 0
52 0 27 0 0 2 0 0 3 0 0
42 7 0 0 0 0 0 0 6 0 0
43 0 50 1 0 0 7 7 0 0 0
58 0 2 0 0 28 1 0 0 0 0
57 0 14 0 0 0 0 0 0 0 0
48 36 0 0 0 0 0 0 0 0 0
50 0 2 0 0 0 0 0 21 0 0
48 0 0 1 1 0 0 0 24 0 0
43 29 0 0 1 0 0 0 1 0 0
40 51 0 13 24 0 0 0 1 0 0
48 2 0 4 0 0 0 0 0 1 0
49 0 7 1 0 0 0 6 0 0 0
54 0 0 0 1 0 0 1 0 1 0
51 0 14 0 0 31 0 5 0 0 0
54 1 28 0 0 11 1 0 0 3 0
47 1 26 0 0 11 0 0 0 1 0
50 7 0 0 0 6 0 0 0 0 0
52 60 0 20 6 0 0 0 0 2 0
59 32 0 24 0 0 0 0 0 0 0
65 0 0 4 0 0 0 0 0 6 0
46 34 0 8 0 0 15 0 2 0 0
54 0 0 0 0 36 0 0 0 21 0
47 4 0 0 0 0 0 1 0 0 0
40 0 13 0 0 22 0 0 0 0 0
56 0 0 0 8 0 0 0 12 0 0
51 0 0 0 0 0 0 0 47 0 0
48 0 0 0 0 0 0 0 1 3 0
48 0 10 0 0 29 0 18 4 0 0
46 45 0 18 0 0 7 0 0 0 0
39 0 0 0 2 0 0 0 22 0 0
57 0 0 0 0 0 0 5 54 1 0
46 0 9 0 0 0 0 0 0 0 0
47 0 0 0 0 0 0 0 0 0 0
51 56 0 33 4 0 2 4 0 0 0
48 0 2 0 0 0 0 0 7 0 0
49 0 8 0 1 4 0 1 0 0 0
45 37 1 18 8 1 0 0 4 0 0
58 37 0 22 0 1 16 0 0 0 0
55 0 28 0 0 0 0 0 0 0 0
44 0 15 1 0 34 0 3 1 17 0
50 0 0 0 0 0 0 0 27 2 0
43 0 0 0 0 0 0 0 0 0 0
52 6 0 1 0 0 0 0 32 0 0
41 27 0 2 0 0 0 0 0 0 0
49 1 8 0 0 18 1 0 0 10 0
55 42 6 19 0 0 16 0 0 0 0
54 0 0 0 2 2 0 0 0 1 0
48 0 25 0 2 0 0 0 0 0 0
39 0 49 0 0 0 0 2 0 0 0
65 40 0 16 7 0 0 0 0 0 0
51 0 0 0 0 0 1 0 0 5 0
55 20 1 9 0 0 0 0 0 0 0
48 14 0 0 0 1 0 0 0 0 0
57 0 6 0 2 27 0 4 0 0 0
53 17 0 0 0 0 1 0 0 0 0
42 0 11 0 0 0 0 0 0 0 0
63 2 10 0 0 17 0 0 0 20 0
58 0 0 0 0 0 0 0 0 0 0
48 28 4 0 2 0 8 0 0 0 0
61 0 33 0 0 0 1 0 0 0 0
52 0 5 0 0 18 0 27 0 0 0
56 32 0 12 10 0 0 0 0 0 0
46 33 0 3 26 0 0 2 0 0 0
54 0 0 0 0 3 0 3 6 0 0
52 0 0 0 1 0 0 0 20 0 0
54 38 0 12 0 0 18 0 0 0 0
61 0 0 0 0 0 0 0 0 1 0
45 0 6 0 0 34 0 3 0 0 0
34 1 1 0 0 10 0 0 0 0 0
38 0 5 0 0 4 0 0 0 0 0
59 0 46 0 0 0 0 0 0 1 0
57 0 0 1 0 0 3 0 0 0 0
58 34 0 0 0 0 0 0 0 1 0
38 34 0 0 27 1 0 0 0 1 0
52 57 0 22 4 0 9 0 0 0 0
55 0 12 0 0 17 0 1 0 11 0
36 0 0 1 0 1 0 0 40 0 0
55 47 2 0 3 0 3 0 0 0 0
42 0 17 0 0 24 2 18 0 0 0
49 24 0 0 0 0 0 0 0 0 0
54 0 0 0 0 0 0 0 0 0 0
52 0 1 1 0 0 0 0 0 4 0
40 0 5 0 0 1 0 0 0 0 0
50 0 14 7 1 0 0 1 0 0 0
41 35 0 4 15 0 0 0 0 0 0
51 0 5 0 0 9 0 0 2 2 0
62 0 0 0 0 0 1 0 0 0 0
51 24 0 23 1 0 1 0 0 0 0
58 0 5 0 0 28 2 0 0 8 0
30 0 30 0 2 20 0 8 0 0 0
39 33 1 0 1 0 0 0 0 3 0
56 49 0 10 35 0 0 0 0 0 0
48 0 20 0 0 0 2 0 0 0 0
51 3 0 0 0 0 0 5 0 0 0
51 42 3 12 0 0 0 0 0 0 0
56 0 0 1 0 0 0 0 6 0 0
55 0 12 0 0 10 0 0 0 4 0
54 0 32 0 0 17 3 9 0 0 0
52 28 0 2 1 0 3 0 0 1 0
56 44 0 21 14 0 0 0 0 0 0
40 0 1 0 0 0 0 0 0 1 0
45 0 1 0 0 49 1 13 0 0 0
41 13 0 3 2 0 10 0 0 0 0
53 30 0 1 0 0 0 0 0 0 0
37 0 30 0 0 2 0 0 0 0 0
56 0 0 0 0 0 0 0 13 0 0
34 0 0 0 0 0 0 0 29 0 0
45 0 2 0 0 0 3 0 33 0 0
49 0 0 2 0 0 0 0 0 0 0
55 0 0 0 0 1 0 0 0 0 0
45 0 31 0 0 11 1 0 1 0 0
44 26 0 4 0 0 0 0 2 0 0
37 2 30 1 0 40 0 0 0 21 0
49 22 2 0 0 0 0 0 0 0 0
55 2 0 0 0 1 3 0 1 1 0
50 42 0 5 0 0 0 0 0 1 0
37 1 1 0 0 2 4 1 0 0 0
55 0 0 0 0 1 0 0 1 0 0
48 46 0 22 0 0 0 0 0 0 0
47 38 0 20 0 2 14 0 0 0 0
53 32 1 26 0 0 2 0 0 1 0
63 0 0 1 3 3 0 0 0 0 0
45 0 32 0 0 12 0 11 2 0 0
51 42 0 3 0 0 0 0 0 0 0
49 28 0 9 1 0 1 0 0 0 0
57 0 1 0 0 0 0 0 7 5 0
45 0 0 2 3 0 1 0 7 0 0
49 23 1 0 0 0 0 0 0 0 0
45 3 11 0 0 16 0 6 0 0 0
58 28 1 0 0 0 0 0 0 0 0
52 0 0 0 0 0 0 0 0 0 0
59 0 8 0 0 23 0 0 0 25 0
48 42 0 39 12 0 0 0 0 0 0
58 1 3 0 0 17 0 22 0 0 0
41 13 0 4 5 0 2 0 0 0 0
51 0 30 1 0 18 0 0 3 12 0
48 32 0 5 0 0 0 0 0 0 0
39 1 0 0 0 0 6 2 39 0 0
37 0 7 3 0 21 2 1 0 15 0
41 40 0 30 0 0 0 0 0 0 0
61 0 2 0 0 0 0 0 0 0 0
72 5 36 0 0 11 0 5 0 0 0
61 0 0 0 0 0 0 0 12 0 0
50 48 0 5 0 0 7 0 0 2 0
57 0 14 0 0 25 0 0 0 0 0
38 0 21 0 0 30 0 1 5 0 0
53 1 2 0 0 0 0 0 35 0 0
51 0 1 0 0 0 0 0 3 0 0
54 45 0 23 0 1 0 0 0 0 0
49 42 0 9 19 0 0 0 0 3 0
48 0 0 0 0 0 0 0 0 0 0
53 48 0 17 18 1 0 0 0 0 0
47 0 0 0 0 0 0 0 44 0 0
45 17 1 7 0 0 0 0 0 0 0
52 0 48 1 0 0 0 0 0 3 0
51 30 0 29 0 0 0 0 4 2 0
47 0 0 6 1 3 0 0 23 0 0
57 26 0 12 10 0 0 0 0 12 0
46 0 14 0 1 3 0 0 0 0 0
49 40 0 27 0 0 0 0 0 0 0
45 0 7 0 0 6 0 0 0 5 0
51 43 0 10 3 0 0 4 0 2 0
62 0 0 0 1 6 5 0 1 0 0
56 0 15 0 0 8 0 0 7 0 0
44 53 0 16 0 7 20 0 0 0 0
50 22 6 1 15 0 1 0 2 0 0
61 0 0 0 0 0 0 1 0 0 0
51 17 0 0 0 0 2 0 0 8 0
57 0 24 0 0 23 0 0 0 8 0
56 17 0 15 0 3 0 6 1 0 0
59 0 0 0 1 0 0 1 31 0 0
45 51 0 14 0 7 0 0 0 0 0
58 0 9 1 2 3 0 0 0 0 0
52 45 0 0 4 0 2 0 13 0 0
48 61 1 2 18 0 0 0 1 0 0
36 31 0 17 0 0 0 0 0 0 0
48 41 1 23 0 0 0 3 0 0 0
43 1 22 1 0 15 0 6 0 0 0
51 0 49 2 1 0 0 10 1 0 0
50 0 2 0 1 0 0 0 0 0 0
40 1 1 0 0 0 0 0 0 0 0
49 9 10 0 3 0 0 0 0 0 0
36 33 0 0 0 0 15 0 0 2 0
60 0 3 4 0 25 0 0 3 4 0
41 36 0 0 0 2 0 0 0 0 0
50 2 31 0 0 0 0 0 0 0 0
49 0 0 4 0 1 0 0 48 0 0
69 38 0 3 0 0 0 0 3 0 0
57 0 7 0 2 4 0 0 0 0 0
40 0 9 0 0 31 0 0 0 0 0
38 0 23 0 0 0 0 2 0 0 0
35 33 6 36 0 0 0 0 0 0 0
49 2 18 0 1 11 2 0 0 3 0
56 0 0 0 2 0 0 0 0 0 0
46 8 0 0 8 1 0 1 0 2 0
51 31 0 17 2 0 0 0 0 0 0
45 0 5 1 5 0 0 0 7 2 0
56 17 7 1 0 0 1 0 4 0 0
41 1 2 0 0 5 0 0 0 0 0
29 44 0 5 0 0 0 3 0 0 0
52 32 0 17 0 0 23 0 0 0 0
57 0 41 0 0 5 0 1 0 0 0
48 22 0 8 0 0 7 3 0 0 0
47 5 2 0 0 0 0 0 0 0 0
47 0 0 0 0 0 1 0 0 0 0
45 0 0 0 0 0 0 0 0 0 0
50 43 0 13 4 1 10 0 0 0 0
60 41 0 11 0 0 1 0 3 3 0
51 0 0 1 0 0 0 0 0 0 0
44 0 0 0 0 2 0 1 0 0 0
42 0 11 0 0 27 0 8 0 1 0
34 0 1 0 0 0 0 0 1 0 0
39 0 12 0 0 30 0 0 0 38 0
40 3 0 0 0 0 0 0 39 1 0
49 1 22 1 2 0 0 1 1 1 0
61 1 5 0 0 47 0 0 0 37 0
39 2 19 0 0 23 0 2 0 0 0
51 0 21 0 1 22 0 9 0 0 0
61 0 45 3 1 3 0 0 0 0 0
56 0 23 0 5 10 0 0 1 0 0
48 39 0 3 0 0 0 0 0 0 0
59 0 0 2 0 0 0 1 0 2 0
39 0 5 0 0 0 0 0 0 0 0
44 0 4 0 0 24 0 1 0 16 0
52 0 23 0 0 0 0 2 0 11 0
61 0 9 0 0 17 0 0 1 36 0
51 0 0 3 2 0 0 1 23 0 0
58 2 1 1 0 0 0 0 1 0 0
51 0 38 0 0 0 4 0 0 0 0
62 0 0 0 0 0 1 2 20 0 0
56 41 0 11 0 0 15 0 8 0 0
51 29 0 0 0 0 2 1 0 0 0
36 0 0 0 0 0 0 0 20 0 0
48 0 0 0 0 3 0 0 13 1 0
53 0 0 4 0 0 0 0 0 0 0
39 21 0 4 1 0 9 1 0 0 0
55 6 0 0 0 0 0 0 50 0 0
36 0 14 10 0 9 0 1 0 10 0
51 0 0 0 0 0 0 0 52 0 0
49 0 8 0 0 24 2 0 0 0 0
