42 40 53 74 63 51 49 41 55 54 0
55 58 53 56 52 48 53 53 43 75 0
51 52 44 48 65 42 48 38 46 50 0
45 56 47 43 45 52 51 53 40 56 0
41 39 47 47 43 59 52 50 55 55 0
51 40 52 53 43 55 64 56 51 66 0
48 40 52 57 52 43 55 54 53 49 0
50 48 52 46 53 54 36 54 55 53 0
48 51 53 49 48 40 63 47 51 63 0
56 49 55 53 41 46 52 50 65 58 0
44 41 44 39 50 45 41 47 51 57 0
39 55 40 49 71 57 50 47 50 50 0
47 44 42 51 56 55 44 45 63 60 0
52 52 51 50 57 43 46 45 53 51 0
48 43 51 53 47 49 45 58 55 51 0
44 49 48 48 48 56 44 47 54 55 0
57 50 53 50 44 47 55 50 58 50 0
30 46 60 51 61 57 49 54 50 53 0
65 49 56 41 41 40 63 47 45 50 0
48 60 58 47 54 35 48 47 50 61 0
39 55 46 44 53 53 51 37 55 59 0
42 49 46 49 44 52 40 47 37 48 0
42 52 41 49 49 46 56 51 38 32 0
41 61 55 41 52 57 59 47 47 59 0
43 57 32 49 37 52 58 55 50 55 0
43 50 60 49 43 57 57 55 61 41 0
48 40 48 58 49 43 48 42 49 44 0
56 41 51 41 49 45 53 55 58 54 0
56 61 48 50 49 44 55 51 44 51 0
45 63 48 58 59 59 47 49 52 42 0
54 50 50 45 49 51 44 55 63 52 0
59 43 55 56 67 50 46 46 45 48 0
56 42 50 59 44 46 44 49 54 54 0
59 49 51 52 56 54 52 39 48 47 0
51 45 54 48 53 39 41 55 45 60 0
57 43 41 44 55 46 48 56 55 45 0
46 53 65 50 52 32 43 64 43 64 0
51 47 44 51 38 61 51 53 65 52 0
46 42 52 45 51 51 58 50 54 54 0
46 43 31 37 60 49 51 52 50 63 0
42 45 49 57 41 53 50 46 52 51 0
51 52 60 56 65 51 46 64 57 48 0
40 46 43 56 49 39 53 50 44 52 0
49 64 39 52 47 55 36 47 42 48 0
47 48 57 51 39 48 53 54 47 51 0
59 61 57 54 46 53 46 48 49 53 0
43 50 47 68 45 57 49 54 48 47 0
49 53 57 44 59 50 49 42 43 54 0
53 51 53 50 54 56 48 51 45 49 0
35 55 38 54 48 40 48 53 44 46 0
44 46 54 54 56 54 56 52 55 63 0
50 52 55 49 41 52 59 47 66 44 0
41 56 57 42 48 45 49 63 53 44 0
51 48 49 48 58 52 56 59 49 57 0
61 49 44 55 63 56 51 50 60 58 0
47 52 52 45 36 50 61 49 57 56 0
52 45 43 36 53 46 58 58 47 52 0
57 51 49 45 40 49 40 53 43 48 0
53 46 58 62 38 50 56 50 45 55 0
49 58 44 54 53 57 46 43 59 41 0
50 43 59 57 52 47 55 45 54 47 0
45 38 50 46 54 47 50 42 46 46 0
56 54 43 48 37 50 57 51 51 44 0
46 42 53 59 53 56 46 45 45 69 0
50 39 46 50 49 60 55 51 59 47 0
63 57 48 53 54 53 58 52 54 55 0
45 45 44 46 47 57 49 40 45 40 0
41 55 51 62 62 57 52 52 39 50 0
54 39 43 46 54 64 58 32 52 55 0
45 54 42 61 36 66 52 56 69 44 0
47 47 50 39 50 42 52 49 45 46 0
57 49 43 54 51 41 41 58 56 52 0
59 57 50 42 42 49 60 48 49 62 0
45 63 52 46 45 44 54 47 64 54 0
62 50 46 44 52 48 51 56 46 51 0
56 52 58 55 45 59 62 37 57 64 0
46 41 52 60 39 51 56 41 42 60 0
63 56 51 44 62 56 63 57 46 41 0
41 50 58 51 44 51 44 34 35 42 0
54 41 56 52 51 39 52 46 52 59 0
59 47 35 42 49 40 47 52 37 47 0
56 50 51 48 68 46 45 54 68 45 0
44 66 56 43 62 45 53 48 46 58 0
35 67 44 53 53 52 48 51 40 45 0
45 45 52 56 49 50 52 45 38 45 0
45 51 57 40 50 49 44 44 53 37 0
56 57 60 56 46 52 46 37 54 48 0
49 56 54 69 56 48 41 46 48 54 0
36 38 60 49 53 48 73 59 55 56 0
56 55 52 58 43 44 47 35 54 58 0
43 42 58 51 48 57 37 60 48 41 0
46 44 59 53 43 46 47 48 59 39 0
49 44 51 47 52 46 49 63 51 46 0
44 54 63 53 64 62 39 68 61 55 0
49 55 43 69 62 63 58 57 40 43 0
58 56 44 46 61 51 42 44 34 62 0
59 51 61 47 48 34 34 36 47 44 0
58 37 52 59 43 36 57 53 41 61 0
46 53 47 62 54 56 42 62 43 43 0
48 45 46 46 44 42 52 49 48 39 0
41 42 31 46 48 41 43 59 60 62 0
42 56 52 49 52 57 49 42 53 45 0
54 56 51 49 43 54 49 40 52 49 0
61 41 61 50 47 54 47 55 61 51 0
43 77 53 44 55 56 60 56 45 53 0
52 54 53 63 67 46 35 63 42 41 0
58 53 32 57 46 46 57 40 64 44 0
30 55 42 52 53 52 51 45 45 53 0
51 50 58 53 51 50 65 42 60 49 0
54 61 56 51 55 51 40 56 59 54 0
48 60 34 49 49 45 63 58 46 56 0
54 50 53 50 50 49 54 46 48 51 0
47 50 45 59 47 55 45 49 43 53 0
46 61 53 48 38 66 63 48 47 51 0
53 54 42 48 52 40 49 44 46 52 0
59 44 66 43 52 43 54 50 40 47 0
46 60 44 41 53 52 50 60 44 65 0
58 60 55 66 53 51 56 47 52 58 0
54 55 33 42 44 53 60 42 48 50 0
46 47 53 51 41 45 59 55 39 49 0
41 51 61 49 43 37 41 42 55 57 0
51 47 47 57 47 56 41 61 51 52 0
44 63 45 37 56 48 38 46 51 62 0
58 40 50 42 47 58 52 52 60 45 0
69 44 61 40 55 42 57 46 46 35 0
43 60 52 48 48 47 45 59 42 59 0
54 52 53 59 53 43 43 50 43 48 0
54 50 52 50 48 47 52 50 49 43 0
52 46 52 48 43 43 44 49 55 50 0
53 49 53 58 44 44 47 56 42 57 0
37 54 40 58 49 62 46 52 41 48 0
57 40 43 42 45 52 39 58 51 53 0
58 42 42 64 50 53 50 56 52 41 0
52 53 51 62 49 36 49 52 52 43 0
53 41 47 50 40 52 42 45 48 57 0
51 50 44 53 47 64 50 39 53 56 0
32 53 42 47 50 47 47 53 40 64 0
57 48 47 48 49 53 45 48 32 47 0
51 44 49 43 45 46 48 60 53 56 0
47 41 45 45 56 50 52 63 53 50 0
48 66 61 57 48 45 50 49 55 56 0
55 54 50 55 51 42 57 42 58 52 0
51 53 47 55 57 51 63 59 47 51 0
52 50 58 53 62 62 57 53 52 52 0
39 48 60 54 48 38 59 51 54 49 0
41 53 53 47 43 46 43 57 50 47 0
52 53 42 46 51 54 50 52 47 53 0
48 54 46 43 57 60 53 41 53 50 0
59 57 44 55 46 47 43 55 61 49 0
46 47 61 50 67 59 48 43 53 46 0
55 50 51 62 59 54 37 62 57 58 0
52 47 52 47 58 66 57 54 57 61 0
62 59 46 54 54 61 52 53 62 42 0
45 51 56 42 48 37 36 42 37 51 0
37 54 46 48 42 60 37 45 45 61 0
56 47 45 55 47 43 43 43 39 48 0
45 41 47 50 51 58 54 57 47 58 0
46 52 45 54 42 46 48 52 62 40 0
50 43 47 55 47 42 44 47 47 46 0
42 50 50 66 60 46 50 58 55 50 0
50 47 63 50 54 59 35 47 33 53 0
49 49 45 51 55 50 52 42 47 48 0
47 54 63 45 47 52 47 58 54 60 0
46 58 56 59 56 64 54 55 59 54 0
40 47 41 69 55 54 53 56 55 61 0
52 42 43 60 46 50 47 46 52 37 0
49 46 55 60 63 56 45 54 38 52 0
48 46 36 46 44 56 58 46 57 48 0
35 45 62 46 44 53 51 55 52 41 0
55 56 35 56 54 53 48 50 43 68 0
32 41 47 53 49 45 53 56 57 50 0
44 59 53 48 62 51 40 62 52 57 0
46 49 45 47 41 50 37 38 35 54 0
49 43 44 55 46 55 39 48 53 52 0
59 46 41 34 57 66 48 60 50 49 0
58 47 47 58 48 46 57 53 44 49 0
45 55 46 42 41 59 52 51 52 48 0
45 66 56 60 57 46 52 50 42 49 0
52 46 45 48 39 48 47 46 42 55 0
43 57 44 59 42 56 49 53 58 55 0
51 43 42 40 51 53 50 51 46 54 0
48 37 38 51 51 50 56 47 59 49 0
40 48 46 60 57 50 57 38 54 55 0
46 54 49 37 36 45 54 64 43 44 0
51 46 57 44 51 47 43 46 51 38 0
58 51 47 53 49 53 51 48 48 44 0
55 55 62 64 46 34 47 39 47 51 0
46 53 64 53 44 50 58 48 44 45 0
51 45 45 53 64 67 54 56 57 51 0
52 42 54 44 60 57 46 49 56 57 0
47 48 65 44 60 60 54 66 70 47 0
47 53 54 64 48 56 51 44 50 55 0
47 57 55 50 59 42 54 51 51 52 0
52 40 44 56 54 58 44 60 52 44 0
41 49 54 52 64 37 41 56 59 44 0
46 46 55 46 59 57 46 53 64 46 0
61 45 59 56 36 52 60 45 59 58 0
34 59 46 41 53 57 49 45 44 41 0
49 50 53 44 42 58 58 65 52 32 0
45 46 61 47 49 53 60 50 49 43 0
54 51 50 54 45 41 52 39 50 47 0
50 60 63 51 68 59 46 45 53 42 0
41 52 51 47 52 45 43 45 44 41 0
62 53 49 45 54 54 55 51 63 58 0
46 46 59 61 46 57 48 46 48 42 0
50 42 47 42 52 48 47 57 56 53 0
47 51 48 46 54 42 48 52 47 52 0
65 51 40 49 41 52 49 73 56 60 0
44 61 48 52 41 58 47 41 57 48 0
59 57 48 57 60 48 48 53 55 49 0
49 59 56 43 53 52 50 53 56 45 0
46 54 47 52 48 43 49 44 49 49 0
44 52 47 47 52 69 55 59 42 60 0
39 52 51 59 61 49 52 41 66 60 0
33 47 58 56 36 53 46 45 43 49 0
44 44 58 48 35 49 55 48 52 56 0
52 53 54 53 44 53 47 48 40 46 0
40 57 51 38 48 50 50 53 53 49 0
64 41 47 57 44 47 42 45 48 47 0
45 61 47 47 52 46 41 53 60 44 0
53 52 50 52 51 62 43 50 59 38 0
53 52 52 52 45 56 46 60 51 49 0
42 50 53 40 52 50 52 53 39 55 0
50 51 39 59 45 50 49 55 43 51 0
52 50 49 62 40 50 46 45 51 50 0
52 41 32 51 53 65 44 47 47 46 0
45 48 45 45 55 52 52 53 43 59 0
52 61 42 48 35 52 57 60 65 38 0
47 46 60 41 59 48 49 53 38 54 0
43 34 49 64 49 53 55 51 62 42 0
44 45 56 46 44 45 52 38 54 47 0
53 58 40 40 41 50 50 55 47 43 0
37 46 55 40 42 47 46 49 46 57 0
46 33 50 46 46 43 49 42 45 56 0
51 49 43 48 40 40 40 55 50 57 0
59 46 56 47 49 44 48 46 52 55 0
43 50 57 48 65 46 46 47 42 42 0
41 61 49 60 45 56 51 47 47 52 0
42 59 52 54 51 50 48 55 53 41 0
46 54 52 43 63 55 49 50 43 44 0
52 51 42 54 41 60 57 44 64 44 0
47 57 56 47 52 57 49 36 49 51 0
42 50 46 42 44 68 50 47 35 54 0
49 50 52 55 53 62 50 54 44 52 0
58 54 45 38 59 47 36 56 49 50 0
50 52 47 49 50 52 51 52 47 45 0
52 60 58 49 37 54 47 50 48 48 0
51 47 56 56 50 43 46 52 50 57 0
41 51 46 45 52 51 59 50 46 50 0
59 49 45 62 63 50 45 39 46 53 0
41 59 47 44 49 48 50 57 69 51 0
48 42 50 43 41 50 46 54 60 56 0
48 34 38 49 56 46 55 58 58 52 0
42 49 58 48 39 59 51 52 43 47 0
54 62 62 42 46 51 32 66 52 38 0
47 62 48 57 49 52 47 42 51 62 0
53 55 52 48 44 50 44 44 42 52 0
52 51 54 43 56 58 58 43 57 58 0
58 63 49 51 56 55 30 53 55 57 0
53 68 51 55 43 52 45 58 53 41 0
52 55 50 51 56 41 40 41 37 51 0
42 45 49 66 63 59 51 43 48 61 0
43 59 66 46 47 47 43 50 48 48 0
58 58 50 49 41 48 52 61 53 55 0
57 45 47 42 49 53 51 45 47 39 0
48 45 42 60 44 61 46 55 57 53 0
54 55 48 58 44 48 40 58 48 45 0
48 47 53 44 53 48 34 51 56 38 0
43 47 49 49 45 54 43 48 60 50 0
40 54 68 36 51 45 56 65 53 59 0
48 49 50 51 44 48 58 46 50 56 0
49 52 41 57 56 63 54 60 38 52 0
54 53 42 50 50 38 58 42 52 46 0
51 49 53 44 49 49 47 41 64 45 0
55 53 46 53 54 44 57 48 53 52 0
47 48 49 39 52 60 54 44 59 49 0
50 39 39 57 41 63 45 54 50 52 0
54 67 58 47 48 51 42 35 55 42 0
59 52 40 48 46 41 64 47 45 48 0
65 48 53 56 56 49 42 50 43 60 0
46 54 61 43 34 58 54 52 53 50 0
54 42 43 52 51 53 59 55 67 45 0
47 52 42 54 33 51 41 46 41 67 0
40 46 52 43 42 48 52 46 48 47 0
56 53 40 52 42 34 58 44 60 60 0
51 44 60 49 58 47 54 41 51 60 0
48 41 55 47 55 49 47 59 43 51 0
48 48 47 59 54 44 51 48 53 46 0
46 54 48 51 37 46 47 49 47 64 0
39 42 62 52 51 46 60 54 32 53 0
57 45 53 47 62 41 39 53 58 51 0
46 46 47 50 46 56 41 59 39 47 0
47 45 63 46 53 57 62 47 42 48 0
51 59 51 54 60 66 53 52 54 40 0
48 43 45 56 40 47 61 54 63 48 0
49 41 54 45 48 51 51 51 45 41 0
45 50 40 52 63 58 55 34 50 52 0
58 54 45 47 53 61 51 56 52 51 0
55 40 45 52 51 57 50 42 58 54 0
44 65 58 46 58 52 43 50 51 57 0
50 47 60 51 43 52 51 57 63 48 0
43 47 50 63 55 40 54 55 61 56 0
54 63 58 53 42 56 51 51 59 56 0
41 42 55 38 49 57 62 53 39 57 0
53 49 41 42 48 45 44 50 45 49 0
55 56 56 45 52 57 42 71 59 53 0
54 49 39 40 51 50 42 56 55 46 0
48 41 58 55 60 45 47 46 53 61 0
39 43 54 42 60 50 42 53 37 50 0
65 46 53 46 62 51 44 53 54 52 0
51 59 46 41 40 56 53 56 37 41 0
55 38 53 39 48 49 49 60 47 44 0
54 56 55 49 51 45 46 48 47 55 0
59 47 64 52 39 48 54 45 46 60 0
53 52 42 55 58 48 54 65 47 65 0
42 47 50 55 45 56 52 51 53 56 0
63 54 50 50 41 37 50 64 58 42 0
59 63 49 49 47 45 53 60 57 50 0
48 55 47 53 39 49 53 49 50 58 0
61 49 52 51 52 60 46 61 54 38 0
53 47 38 40 43 40 46 55 52 38 0
57 40 40 40 46 46 52 49 55 48 0
46 50 41 44 53 61 61 40 50 36 0
54 43 56 55 46 52 45 51 51 53 0
52 53 52 50 44 31 57 52 51 40 0
54 53 52 46 48 56 47 48 39 36 0
61 47 62 48 47 53 43 45 48 51 0
46 64 47 54 61 62 50 45 51 41 0
35 57 53 54 52 39 57 55 41 36 0
38 46 51 59 50 47 55 54 56 69 0
64 48 46 45 41 48 47 60 46 44 0
57 47 36 42 50 52 52 58 45 49 0
58 40 48 54 60 48 51 38 59 51 0
38 45 54 41 49 52 55 58 55 55 0
52 64 58 52 59 55 48 46 54 41 0
56 58 55 47 57 42 55 56 55 46 0
36 58 54 43 45 49 66 50 48 43 0
55 62 52 53 54 47 42 55 42 50 0
42 51 49 50 53 49 66 55 45 39 0
49 58 54 37 47 43 48 48 48 49 0
54 48 60 41 46 42 49 56 43 47 0
52 44 60 52 41 52 53 53 69 56 0
40 50 50 42 46 41 53 46 51 42 0
52 44 41 57 62 44 51 51 53 55 0
41 56 33 60 47 49 69 41 48 35 0
51 54 45 47 49 40 56 54 44 51 0
62 51 49 32 47 60 37 50 39 54 0
51 43 59 56 49 46 44 54 48 42 0
58 42 43 61 48 52 42 42 48 65 0
30 60 48 46 50 43 53 39 55 52 0
39 50 44 70 38 44 48 59 57 57 0
56 51 39 46 58 57 51 51 42 49 0
48 55 53 32 52 44 56 43 55 49 0
51 60 63 55 66 45 42 58 52 50 0
51 55 47 49 46 45 58 46 52 37 0
56 37 54 59 48 53 42 67 43 64 0
55 38 43 44 54 49 50 60 44 38 0
54 44 60 54 44 55 60 27 48 56 0
52 39 45 42 60 62 56 55 67 38 0
56 52 54 55 61 34 48 38 48 54 0
45 61 54 43 47 52 36 43 41 51 0
46 50 46 55 41 62 52 40 53 56 0
42 43 53 50 49 56 50 44 46 46 0
53 48 48 32 48 43 52 40 46 55 0
37 50 37 50 54 44 51 32 46 58 0
56 54 40 51 59 41 58 44 45 45 0
34 57 39 51 58 41 49 49 45 57 0
45 45 57 62 44 52 31 44 59 40 0
50 48 39 61 48 53 61 53 60 50 0
55 51 44 46 49 52 57 46 49 46 0
45 40 46 39 47 58 48 41 59 41 0
44 43 52 44 46 51 48 52 53 52 0
37 68 51 43 43 54 64 47 46 42 0
49 40 45 54 48 52 46 56 47 49 0
57 48 59 49 35 51 61 44 66 34 0
51 55 35 57 57 48 53 48 48 42 0
37 57 61 62 52 44 54 57 47 53 0
55 43 47 43 41 47 36 51 30 49 0
48 56 43 48 58 48 67 56 56 48 0
48 47 45 46 50 40 49 46 59 56 0
54 61 45 51 55 40 47 46 67 58 0
65 51 61 57 52 54 46 58 52 49 0
45 51 68 47 59 36 49 49 40 61 0
51 44 46 42 47 55 49 58 51 52 0
49 44 47 34 48 48 47 44 38 48 0
57 51 45 50 43 52 53 50 40 42 0
45 44 47 46 62 37 61 45 38 52 0
49 56 36 48 55 61 58 55 47 46 0
45 50 29 55 43 62 54 54 44 44 0
58 45 53 62 55 51 43 73 45 57 0
52 48 45 48 57 44 47 49 52 42 0
59 55 38 53 49 57 36 42 43 56 0
48 57 44 52 46 50 44 50 44 51 0
61 37 61 42 60 55 48 49 56 41 0
41 47 57 45 53 56 50 47 44 58 0
51 34 63 48 48 49 61 46 53 44 0
48 49 51 36 59 48 49 48 60 72 0
39 51 57 44 52 43 44 69 40 40 0
47 54 40 49 53 57 42 49 45 48 0
41 41 45 44 56 56 43 49 43 41 0
61 46 70 52 39 42 44 49 42 39 0
73 61 45 59 52 38 48 62 57 60 0
61 53 37 64 43 51 59 41 47 46 0
50 51 55 46 67 51 57 41 54 50 0
57 57 58 48 33 57 47 49 59 45 0
39 45 51 59 55 53 48 55 66 59 0
53 51 59 35 52 61 44 51 46 53 0
52 56 48 39 55 59 53 62 49 58 0
54 53 40 59 48 46 55 50 50 45 0
49 48 39 64 31 53 50 53 58 34 0
48 51 48 51 50 52 50 52 42 47 0
53 53 53 50 40 62 51 59 55 49 0
47 40 54 53 47 47 47 46 52 49 0
47 44 46 46 48 59 51 46 50 36 0
52 58 53 47 60 54 45 57 54 44 0
51 49 62 66 37 49 35 54 49 46 0
47 50 51 52 57 70 58 43 47 57 0
57 41 51 43 43 51 44 56 49 38 0
46 54 50 43 66 47 48 47 42 45 0
49 46 32 55 42 45 52 53 62 44 0
46 41 57 60 53 45 45 56 47 59 0
52 62 33 60 61 49 51 49 44 63 0
62 52 45 36 51 40 40 55 76 52 0
57 47 44 44 47 45 40 42 44 51 0
44 54 51 52 52 52 60 56 63 49 0
50 44 50 56 44 53 41 57 58 33 0
61 49 46 45 48 48 48 40 51 50 0
51 48 52 48 58 59 36 44 51 49 0
57 45 50 50 54 58 45 45 54 45 0
59 56 57 44 50 56 52 44 52 58 0
62 55 44 56 58 50 42 57 43 46 0
45 53 48 45 43 46 54 52 53 49 0
58 37 47 62 51 56 56 51 52 55 0
52 45 62 51 49 57 42 50 53 49 0
48 64 51 45 44 51 45 61 40 45 0
40 55 46 49 45 54 51 41 41 54 0
48 44 50 61 57 57 51 50 43 54 0
43 41 59 46 39 50 44 46 45 47 0
51 36 56 41 54 61 48 48 53 44 0
50 47 73 44 64 45 43 54 44 40 0
40 42 34 54 57 56 42 44 63 50 0
49 57 66 53 54 40 61 43 62 53 0
44 49 42 34 46 58 47 47 60 48 0
60 53 47 53 37 34 44 63 40 53 0
41 49 53 45 53 36 55 47 44 44 0
50 55 39 41 43 54 59 49 44 36 0
50 61 53 49 51 46 58 63 50 54 0
69 47 52 50 33 46 43 46 51 43 0
57 45 48 42 56 52 60 48 49 53 0
41 50 41 51 41 54 54 60 57 61 0
39 47 47 53 55 50 54 55 70 47 0
39 47 55 53 58 59 58 43 49 43 0
49 50 59 52 50 50 43 38 59 47 0
56 53 52 44 37 52 43 62 52 45 0
48 48 53 47 44 48 57 48 57 45 0
52 51 51 46 49 49 48 35 45 47 0
45 50 66 45 53 55 45 42 51 62 0
56 52 58 58 44 55 58 47 54 45 0
41 45 56 58 44 53 64 44 50 48 0
29 52 46 52 64 56 45 51 44 49 0
52 41 43 55 49 41 53 47 49 48 0
57 54 53 45 47 51 61 48 47 51 0
48 49 47 46 38 50 55 57 40 44 0
47 52 46 58 46 56 46 41 54 38 0
47 46 50 51 52 36 51 49 53 53 0
45 47 47 62 38 47 54 51 47 44 0
50 49 48 59 54 50 55 56 54 44 0
65 47 36 45 47 51 52 55 47 48 0
51 48 52 49 58 57 59 51 41 53 0
44 41 51 67 52 53 42 54 43 45 0
47 53 45 41 46 53 53 57 46 38 0
34 45 42 57 57 53 49 47 54 51 0
39 52 54 48 44 45 37 47 58 55 0
40 48 45 39 49 40 43 58 58 51 0
49 38 41 54 61 39 51 53 63 58 0
61 56 57 45 46 50 47 47 47 50 0
41 53 51 47 51 52 57 54 47 57 0
51 58 49 45 63 58 46 54 45 56 0
61 45 61 48 40 48 55 48 49 48 0
56 53 45 59 55 52 53 45 45 35 0
48 42 58 48 56 56 38 41 46 37 0
59 50 41 66 51 46 47 46 50 42 0
39 42 52 57 43 48 50 52 54 65 0
44 42 62 46 45 53 34 50 58 54 0
52 44 42 55 52 59 49 51 48 48 0
61 54 38 57 51 51 56 54 44 47 0
51 49 54 52 50 54 50 66 60 51 0
58 43 57 51 52 52 46 45 50 49 0
51 49 45 49 57 43 49 53 42 52 0
62 45 57 53 47 48 41 44 52 63 0
56 50 49 47 51 55 48 50 50 57 0
51 47 41 55 49 51 56 60 44 52 0
36 49 49 53 54 47 54 42 37 41 0
48 41 41 45 44 54 45 55 51 37 0
53 51 47 53 61 39 49 50 53 53 0
39 45 53 52 59 42 53 48 48 59 0
55 52 49 43 51 50 38 44 52 58 0
40 54 47 44 47 46 58 38 51 54 0
51 50 47 49 49 45 47 48 53 50 0
49 52 46 48 66 52 55 41 50 47 0
