1.0000 0.0000 0.0000 0.0000 0.0000 0.0000 0.0000 0.0000 0.0545 0.0185 0.0000
1.0000 0.8621 0.0000 0.5893 0.0000 0.0000 0.0000 0.1321 0.0233 0.0000 0.0000
1.0000 0.9231 0.0227 0.0417 0.7077 0.0000 0.0000 0.0000 0.0000 0.0200 0.0000
0.8222 0.3750 0.0000 0.1628 0.0444 0.1154 0.0000 0.0000 0.0000 0.0000 0.0000
1.0000 0.5128 0.0000 0.0000 0.0233 0.0000 0.0000 0.0000 0.0000 0.0000 0.0000
1.0000 0.0250 0.4615 0.0000 0.0233 0.2000 0.0000 0.0000 0.0000 0.1364 0.0000
1.0000 0.0000 0.0192 0.0000 0.0000 0.0000 0.0182 0.0000 0.0000 0.0000 0.0000
1.0000 0.0000 0.2500 0.0000 0.0000 0.5741 0.0000 0.0000 0.0000 0.0000 0.0000
1.0000 0.0000 0.0000 0.0000 0.0833 0.0000 0.0000 0.0000 0.8039 0.0000 0.0000
1.0000 0.7959 0.0000 0.1887 0.2195 0.0000 0.1154 0.0400 0.0000 0.0000 0.0000
1.0000 0.0000 0.0000 0.0000 0.0000 0.0000 0.0488 0.0000 0.0000 0.0000 0.0000
1.0000 0.0000 0.0000 0.0000 0.0000 0.0000 0.0000 0.0000 0.0000 0.0000 0.0000
1.0000 0.0455 0.0476 0.0000 0.0000 0.5273 0.0227 0.2000 0.0159 0.0000 0.0000
1.0000 0.0000 0.0000 0.0000 0.0000 0.0000 0.0000 0.0000 0.4906 0.0000 0.0000
1.0000 0.6744 0.0000 0.0189 0.0000 0.0000 0.0000 0.0172 0.0000 0.0000 0.0000
1.0000 0.4898 0.0000 0.0625 0.2500 0.0357 0.0000 0.0213 0.0000 0.0000 0.0000
1.0000 0.8400 0.0000 0.4200 0.0000 0.0000 0.0000 0.0000 0.0000 0.0000 0.0000
0.9667 0.0000 0.1333 0.0196 0.0000 0.5789 0.0204 0.2222 0.0000 0.0000 0.0000
0.9538 0.8776 0.0000 0.3171 0.1707 0.0000 0.0000 0.0000 0.0000 0.0200 0.0000
1.0000 0.0000 0.1034 0.0000 0.0000 0.4571 0.0417 0.0000 0.0000 0.0000 0.0000
1.0000 0.7455 0.0000 0.2955 0.0000 0.0000 0.0000 0.0000 0.0000 0.0000 0.0000
1.0000 0.0000 0.2391 0.0000 0.0000 0.9231 0.0250 0.4255 0.0541 0.0000 0.0000
1.0000 0.7115 0.0000 0.4694 0.0204 0.0000 0.0000 0.0392 0.0000 0.0000 0.0000
1.0000 0.7705 0.0000 0.3415 0.0000 0.0000 0.0000 0.0000 0.0000 0.0000 0.0000
1.0000 0.0000 0.5312 0.0000 0.0000 0.0577 0.0172 0.0000 0.0000 0.0182 0.0000
1.0000 0.8400 0.0500 0.8571 0.1163 0.0000 0.1228 0.0000 0.0000 0.0000 0.0000
1.0000 0.0250 0.3125 0.0000 0.0000 0.6047 0.0000 0.0000 0.0000 0.0000 0.0000
1.0000 0.0000 0.7255 0.0000 0.0000 0.0000 0.0000 0.0000 0.0000 0.0000 0.0000
0.9821 0.0000 0.0000 0.0400 0.0000 0.0000 0.0182 0.0000 0.0000 0.0000 0.0000
0.9778 0.0000 0.2708 0.0000 0.0000 0.6102 0.0000 0.2245 0.0000 0.0000 0.0000
0.8889 0.7400 0.0000 0.3778 0.5102 0.0392 0.0000 0.0000 0.0476 0.0000 0.0000
0.8644 0.5581 0.0364 0.4286 0.4030 0.0400 0.0000 0.0000 0.0000 0.0000 0.0000
1.0000 0.9524 0.0000 0.0508 0.0455 0.0000 0.2045 0.0000 0.0000 0.0000 0.0000
0.9661 0.0000 0.4706 0.0000 0.0000 0.1296 0.0192 0.0000 0.0000 0.0213 0.0000
1.0000 0.9111 0.0370 0.8333 0.0000 0.0000 0.0000 0.0000 0.0000 0.0000 0.0000
1.0000 0.0930 0.3659 0.0000 0.0000 0.3696 0.0000 0.2500 0.0182 0.0000 0.0000
0.9783 0.7170 0.0000 0.6200 0.0000 0.0625 0.0000 0.0000 0.0000 0.0000 0.0000
1.0000 0.8085 0.0000 0.1569 0.1053 0.0000 0.0000 0.0377 0.0000 0.0000 0.0000
1.0000 0.7381 0.0000 0.0000 0.0000 0.0000 0.0000 0.0000 0.0185 0.0370 0.0000
1.0000 1.0000 0.0000 0.0270 0.3000 0.0000 0.0000 0.0000 0.0000 0.0159 0.0000
1.0000 0.9333 0.0204 0.0000 0.0000 0.0000 0.0000 0.0217 0.0385 0.0000 0.0000
0.9412 0.6538 0.0000 0.0000 0.0000 0.0000 0.0000 0.0000 0.0000 0.0208 0.0000
0.9750 0.8696 0.0000 0.4821 0.3061 0.0000 0.0000 0.0000 0.0000 0.0000 0.0000
1.0000 0.6719 0.0000 0.0577 0.0000 0.0000 0.5000 0.0213 0.0238 0.0000 0.0000
0.9149 0.8333 0.0000 0.1961 0.6410 0.0208 0.0189 0.0000 0.0000 0.0000 0.0000
1.0000 0.7541 0.0000 0.1667 0.1304 0.0000 0.0000 0.0000 0.0000 0.0000 0.0000
0.9070 0.0000 0.0000 0.0000 0.0000 0.0000 0.1224 0.0000 0.0000 0.0000 0.0000
1.0000 0.1321 0.0351 0.0000 0.0000 0.8400 0.0000 0.0238 0.0000 0.0000 0.0000
1.0000 0.5882 0.0000 0.2600 0.0000 0.0536 0.1875 0.0000 0.0000 0.0408 0.0000
1.0000 0.0000 0.0000 0.0000 0.0208 0.7000 0.0000 0.0000 0.0000 0.1957 0.0000
1.0000 0.9130 0.0185 0.5185 0.2857 0.0185 0.0536 0.0000 0.1091 0.0000 0.0000
1.0000 0.8269 0.0000 0.0000 0.0000 0.0769 0.0000 0.0213 0.0303 0.0000 0.0000
1.0000 0.8571 0.0000 0.0000 0.2083 0.0000 0.0000 0.0000 0.0000 0.0000 0.0000
1.0000 0.0208 0.0816 0.0000 0.0000 0.3462 0.0000 0.0000 0.0000 0.0000 0.0000
1.0000 0.0000 0.0000 0.0182 0.0000 0.0000 0.0000 0.0000 0.0000 0.0000 0.0000
1.0000 0.1346 0.4808 0.0000 0.0000 0.3600 0.0000 0.0000 0.0000 0.2143 0.0000
1.0000 0.6222 0.0233 0.0000 0.0000 0.0000 0.0000 0.0345 0.0000 0.0000 0.0000
1.0000 0.0000 0.3878 0.0000 0.0000 0.1837 0.0000 0.0000 0.0000 0.0000 0.0000
1.0000 0.0000 0.4828 0.0806 0.1842 0.4800 0.0000 0.2400 0.0000 0.0000 0.0000
1.0000 0.0517 0.0455 0.0000 0.0000 0.2105 0.0000 0.0000 0.0000 0.0244 0.0000
1.0000 0.0000 0.3898 0.0000 0.0000 0.4043 0.0000 0.0222 0.0000 0.0000 0.0000
1.0000 0.0000 0.8000 0.0000 0.0000 0.0000 0.0000 0.0476 0.0000 0.0217 0.0000
1.0000 0.0185 0.0000 0.0000 0.1622 0.0000 0.0000 0.0000 0.6078 0.0000 0.0000
1.0000 0.7619 0.0566 0.0847 0.0000 0.0179 0.6739 0.0000 0.0000 0.0000 0.0000
1.0000 0.0000 0.6739 0.0000 0.0000 0.0000 0.0000 0.0000 0.0000 0.0426 0.0000
0.9841 0.9649 0.0000 0.2264 0.2778 0.0000 0.0000 0.0000 0.0185 0.0364 0.0000
1.0000 0.0000 0.7955 0.0000 0.0000 0.0175 0.0204 0.0000 0.0000 0.0000 0.0000
1.0000 1.0000 0.0000 0.0645 0.5968 0.0175 0.0000 0.0000 0.0256 0.0000 0.0000
1.0000 0.0000 0.0000 0.0000 0.0185 0.0000 0.0690 0.0000 0.0192 0.0000 0.0000
1.0000 0.2222 0.0000 0.0000 0.0278 0.1061 0.0000 0.1429 0.0000 0.0000 0.0000
1.0000 0.1064 0.0600 0.0000 0.0000 0.0000 0.0000 0.0000 0.0000 0.1304 0.0000
1.0000 0.0000 0.0000 0.0185 0.0000 0.0000 0.0244 0.0000 0.0000 0.0000 0.0000
1.0000 0.0000 0.3200 0.0000 0.0000 0.2041 0.0000 0.0000 0.0000 0.0161 0.0000
1.0000 0.0000 0.0192 0.0000 0.0000 0.1364 0.0000 0.0000 0.0000 0.0741 0.0000
1.0000 0.7800 0.0000 0.2955 0.0385 0.0000 0.0784 0.0179 0.0000 0.0000 0.0000
1.0000 0.9808 0.0000 0.1455 0.0000 0.0000 0.1290 0.0000 0.0000 0.0000 0.0000
1.0000 0.0244 0.5000 0.0000 0.0256 0.0000 0.0000 0.0000 0.0238 0.0000 0.0000
1.0000 0.9286 0.0000 0.6136 0.0000 0.0000 0.0000 0.0000 0.0000 0.0000 0.0000
1.0000 0.8400 0.0000 0.1569 0.3182 0.0000 0.0000 0.0000 0.0000 0.0000 0.0000
0.9259 0.2683 0.0000 0.1154 0.0000 0.0513 0.0000 0.0000 0.0000 0.0678 0.0000
1.0000 0.0426 0.0000 0.0000 0.0000 0.0500 0.0000 0.0000 0.0000 0.0000 0.0000
1.0000 0.0000 0.0588 0.0000 0.0000 0.7174 0.0000 0.0926 0.0147 0.0000 0.0000
1.0000 0.0000 0.0000 0.0930 0.0000 0.0889 0.0000 0.0000 0.7609 0.0000 0.0000
1.0000 0.0000 0.0682 0.0755 0.0000 0.0000 0.0000 0.0000 0.9750 0.0000 0.0000
1.0000 0.0000 0.1538 0.0000 0.0000 0.4400 0.0000 0.0000 0.0000 0.0000 0.0000
1.0000 0.0000 0.1404 0.0250 0.0000 0.4694 0.0000 0.0000 0.0000 0.0000 0.0000
0.9821 0.0000 0.0833 0.0000 0.0000 0.8846 0.0000 0.7297 0.0000 0.0208 0.0000
0.9796 0.3571 0.0000 0.1594 0.0714 0.0000 0.0000 0.0870 0.0000 0.0000 0.0000
1.0000 0.0000 0.7167 0.0000 0.0000 0.3333 0.0000 0.0169 0.0000 0.0000 0.0000
1.0000 0.0000 0.2500 0.0000 0.0000 0.7273 0.0000 0.6000 0.0370 0.0000 0.0000
1.0000 0.0000 0.0862 0.0000 0.0000 0.0000 0.0000 0.0167 0.0000 0.0000 0.0000
1.0000 0.0000 0.6610 0.0000 0.0000 0.0000 0.0426 0.0000 0.0000 0.0256 0.0000
0.9592 0.0000 0.1176 0.0426 0.0000 0.6522 0.1633 0.0000 0.0000 0.2826 0.0000
0.8864 0.0000 0.0000 0.0000 0.0156 0.0000 0.0000 0.0000 0.1803 0.0000 0.0000
1.0000 0.0000 0.1163 0.0000 0.0161 0.4762 0.0000 0.0000 0.0000 0.5349 0.0000
0.9828 0.0000 0.5000 0.0000 0.0328 0.5098 0.0000 0.0000 0.0000 0.1774 0.0000
1.0000 0.2353 0.0000 0.0000 0.0000 0.0000 0.0000 0.1389 0.0000 0.0000 0.0000
1.0000 0.0000 0.0769 0.0000 0.0000 0.6944 0.0000 0.1698 0.0488 0.0000 0.0000
1.0000 0.5472 0.0000 0.3871 0.3148 0.0000 0.0000 0.0000 0.0000 0.0000 0.0000
1.0000 0.0000 0.1087 0.0000 0.0000 0.3571 0.0000 0.0000 0.0000 0.1282 0.0000
1.0000 0.6190 0.0000 0.0870 0.0208 0.0000 0.7674 0.1186 0.0000 0.0161 0.0000
1.0000 0.8929 0.0000 0.4490 0.1346 0.0000 0.2653 0.0476 0.0000 0.0000 0.0000
1.0000 0.9643 0.0196 0.4490 0.0000 0.0000 0.1633 0.0000 0.0000 0.0204 0.0000
1.0000 0.0000 0.0164 0.0000 0.0000 0.0000 0.0000 0.0000 0.0000 0.0000 0.0000
1.0000 0.0000 0.6226 0.0000 0.0727 0.0000 0.0000 0.0000 0.0000 0.0566 0.0000
0.9808 0.0000 0.0000 0.0000 0.0000 0.0000 0.0000 0.0794 0.0000 0.0000 0.0000
1.0000 0.0000 0.6250 0.0351 0.0000 0.0217 0.0000 0.0000 0.0000 0.0000 0.0000
1.0000 0.0000 0.3810 0.0000 0.0000 0.0000 0.0000 0.0000 0.0000 0.0000 0.0000
0.9804 0.8000 0.0000 0.4717 0.0000 0.0000 0.0154 0.0000 0.0000 0.0000 0.0000
1.0000 0.0000 0.1071 0.0000 0.0000 0.1765 0.0000 0.0714 0.0000 0.0000 0.0000
1.0000 0.4833 0.0000 0.0408 0.0000 0.0000 0.1587 0.0000 0.0217 0.0000 0.0000
0.9630 0.0400 0.0000 0.1400 0.0000 0.0000 0.0000 0.0435 0.0208 0.0588 0.0000
1.0000 0.9000 0.0000 0.0000 0.0000 0.0000 0.0000 0.0000 0.0000 0.0000 0.0000
1.0000 0.3607 0.0000 0.0000 0.0263 0.0000 0.1429 0.0000 0.0000 0.0000 0.0000
1.0000 0.3519 0.0000 0.2500 0.0000 0.0000 0.0000 0.0000 0.0000 0.0000 0.0000
1.0000 0.0000 0.7121 0.0000 0.0000 0.3256 0.0000 0.3800 0.0000 0.0000 0.0000
1.0000 0.0000 0.3864 0.0976 0.0000 0.3269 0.0000 0.0000 0.1364 0.0462 0.0000
0.9828 0.0000 0.0000 0.0000 0.0000 0.0000 0.0000 0.0000 0.6154 0.0000 0.0000
1.0000 0.6909 0.0000 0.1190 0.0000 0.0000 0.0000 0.0000 0.0000 0.0000 0.0000
1.0000 0.0000 0.2642 0.0784 0.0000 0.2667 0.0000 0.0000 0.0000 0.0204 0.0000
1.0000 0.7843 0.0000 0.1429 0.0930 0.0000 0.6098 0.0000 0.0909 0.0000 0.0000
1.0000 0.4894 0.0000 0.3509 0.0000 0.0000 0.0000 0.0000 0.0000 0.0000 0.0000
1.0000 0.0000 0.4444 0.0000 0.0536 0.3958 0.0000 0.1739 0.0000 0.1129 0.0000
1.0000 0.5500 0.0000 0.2857 0.0000 0.0000 0.0000 0.0192 0.0333 0.0000 0.0000
1.0000 0.0000 0.0164 0.0000 0.0545 0.7857 0.0000 0.0000 0.0000 0.0857 0.0000
0.9767 0.8667 0.0000 0.2292 0.0625 0.0638 0.0000 0.0169 0.0000 0.0000 0.0000
1.0000 0.8462 0.0000 0.0000 0.0000 0.0000 0.0000 0.0400 0.0000 0.0000 0.0000
1.0000 0.0000 0.2308 0.0000 0.0000 0.2340 0.0000 0.0800 0.0000 0.0000 0.0000
1.0000 0.0000 0.5000 0.0000 0.0000 0.0000 0.0000 0.0000 0.0000 0.0000 0.0000
0.9434 0.0000 0.1887 0.0000 0.0000 0.6591 0.0000 0.2857 0.0000 0.0000 0.0000
1.0000 0.0000 0.0250 0.0000 0.0408 0.5645 0.0000 0.0000 0.0000 0.1667 0.0000
1.0000 0.8250 0.0000 0.0000 0.1556 0.0000 0.0000 0.0000 0.0588 0.0000 0.0000
0.9828 0.0000 0.0000 0.0000 0.0000 0.0000 0.0000 0.0000 0.6346 0.0000 0.0000
1.0000 0.0189 0.3922 0.0000 0.0000 0.4167 0.0204 0.4038 0.0000 0.0000 0.0000
1.0000 0.0000 0.2340 0.0600 0.0750 0.8269 0.0000 0.0667 0.0000 0.0351 0.0000
1.0000 0.0000 0.5455 0.0189 0.0000 0.0000 0.0000 0.0000 0.0000 0.0000 0.0000
1.0000 0.6981 0.0000 0.0000 0.0400 0.0000 0.0213 0.0000 0.1500 0.0000 0.0000
1.0000 0.0000 0.7234 0.0000 0.0000 0.0000 0.0000 0.0000 0.0000 0.0213 0.0000
1.0000 0.8636 0.0000 0.0698 0.0000 0.0000 0.0625 0.0000 0.0000 0.0714 0.0000
1.0000 0.0000 0.5111 0.2000 0.0357 0.4400 0.0000 0.2063 0.0000 0.0000 0.0000
1.0000 0.5606 0.0164 0.2105 0.0000 0.0000 0.2000 0.0000 0.0000 0.0000 0.0000
1.0000 0.6852 0.0000 0.0727 0.0000 0.0000 0.2456 0.0000 0.0000 0.0000 0.0000
1.0000 0.6792 0.0000 0.4545 0.0000 0.0000 0.0000 0.0000 0.0000 0.0588 0.0000
1.0000 0.4600 0.0000 0.0000 0.0161 0.0000 0.0000 0.0189 0.0000 0.0000 0.0000
1.0000 0.0000 0.0833 0.0000 0.0000 0.0000 0.0000 0.0196 0.0000 0.0000 0.0000
0.9512 0.0000 0.6792 0.0000 0.0465 0.1522 0.0000 0.0000 0.0000 0.0000 0.0000
1.0000 0.2075 0.0000 0.0652 0.0000 0.0000 0.0600 0.0000 0.0000 0.0000 0.0000
1.0000 0.7593 0.0652 0.7907 0.0000 0.0000 0.0000 0.0244 0.0000 0.0000 0.0000
1.0000 0.4737 0.0000 0.0182 0.0000 0.0851 0.0000 0.0000 0.0000 0.0204 0.0000
1.0000 0.0000 0.0000 0.0000 0.0000 0.5932 0.0000 0.1628 0.0000 0.0000 0.0000
1.0000 0.0000 0.0588 0.0323 0.0000 0.5370 0.0000 0.0484 0.0351 0.3103 0.0000
0.9231 0.0000 0.5769 0.0000 0.0172 0.0000 0.0702 0.0000 0.0000 0.0492 0.0000
1.0000 0.0000 0.0870 0.0185 0.0000 0.1475 0.0000 0.0000 0.0000 0.0000 0.0000
1.0000 0.7451 0.0000 0.1667 0.0000 0.0000 0.3056 0.0238 0.0000 0.0000 0.0000
1.0000 0.8519 0.0217 0.3750 0.1429 0.0000 0.0000 0.0000 0.0000 0.0000 0.0000
1.0000 0.0213 0.0889 0.0000 0.0213 0.1163 0.0000 0.0000 0.0000 0.0000 0.0000
1.0000 0.0732 0.2979 0.0000 0.0000 0.5862 0.0000 0.1930 0.0426 0.0000 0.0000
1.0000 0.7500 0.0000 0.5370 0.0238 0.0435 0.6458 0.0000 0.0000 0.0500 0.0000
0.9800 0.3953 0.0000 0.0727 0.0000 0.0000 0.2273 0.0000 0.0000 0.0000 0.0000
0.9524 0.0000 0.0400 0.0000 0.0000 0.6087 0.0000 0.0172 0.0000 0.3800 0.0000
1.0000 0.7660 0.0000 0.0000 0.0000 0.0000 0.0000 0.0000 0.0000 0.1132 0.0000
1.0000 0.0000 0.4000 0.0000 0.1818 0.0600 0.0192 0.0714 0.0000 0.0000 0.0000
0.8936 0.0000 0.0159 0.0000 0.0000 0.0000 0.0000 0.0000 0.1111 0.0000 0.0000
1.0000 0.0172 0.0000 0.0000 0.0714 0.0156 0.0000 0.0000 0.1356 0.0370 0.0000
1.0000 0.0000 0.1951 0.0000 0.0000 0.0000 0.0000 0.0000 0.0727 0.0164 0.0000
1.0000 0.0000 0.2326 0.0167 0.0000 0.5000 0.0000 0.0217 0.0000 0.0811 0.0000
1.0000 0.0000 0.1091 0.0167 0.0317 0.0000 0.0222 0.0000 0.7368 0.0000 0.0000
1.0000 0.5000 0.0556 0.1739 0.0000 0.0179 0.3276 0.0000 0.0000 0.0000 0.0000
0.9429 0.0222 0.1774 0.0000 0.0000 0.6226 0.0000 0.1818 0.0000 0.0000 0.0000
0.9636 0.8214 0.0000 0.1429 0.0000 0.0000 0.5625 0.0400 0.0000 0.0441 0.0000
1.0000 0.0000 0.3191 0.0000 0.0000 0.8222 0.0000 0.3571 0.0351 0.0000 0.0000
1.0000 0.0000 0.0755 0.0000 0.0000 0.0000 0.0000 0.0000 0.0000 0.0000 0.0000
1.0000 0.0000 0.0000 0.0000 0.0000 0.0000 0.0000 0.0000 0.0000 0.0000 0.0000
0.9796 0.4651 0.0000 0.3455 0.0217 0.0000 0.2821 0.0000 0.0000 0.0000 0.0000
1.0000 0.0000 0.1951 0.0000 0.0000 0.2424 0.0000 0.0000 0.1400 0.0000 0.0000
1.0000 0.0426 0.0851 0.0345 0.0000 0.1739 0.0000 0.0000 0.0000 0.2653 0.0000
1.0000 0.5273 0.0000 0.0000 0.0000 0.0000 0.0000 0.0000 0.0000 0.0000 0.0000
1.0000 0.0000 0.6607 0.0000 0.0000 0.2826 0.0000 0.0000 0.0952 0.1633 0.0000
0.9231 0.8913 0.0000 0.3542 0.0000 0.0000 0.0426 0.0000 0.0000 0.0000 0.0000
1.0000 0.9825 0.0000 0.0678 0.0000 0.0179 0.0000 0.0000 0.0000 0.0000 0.0000
1.0000 0.0000 0.2619 0.0000 0.0000 0.4717 0.0000 0.0784 0.0000 0.0000 0.0000
1.0000 0.0000 0.0000 0.0000 0.0000 0.0000 0.0179 0.0000 0.1017 0.0000 0.0000
1.0000 0.7292 0.0000 0.7833 0.0000 0.0000 0.0000 0.0263 0.0000 0.0000 0.0000
0.9565 0.3333 0.0000 0.1081 0.0833 0.0000 0.0000 0.0312 0.0000 0.0682 0.0000
1.0000 0.0217 0.0000 0.0000 0.1373 0.0000 0.0233 0.0000 0.0000 0.0000 0.0000
1.0000 0.8431 0.0000 0.3585 0.0000 0.0000 0.1765 0.0000 0.0000 0.0000 0.0000
0.9818 0.0000 0.0000 0.0000 0.0217 0.0000 0.0000 0.0000 0.3830 0.0000 0.0000
1.0000 0.0000 0.0000 0.0000 0.0000 0.1000 0.0000 0.0208 0.2045 0.0000 0.0000
0.9608 0.0222 0.0000 0.0000 0.0000 0.0000 0.0000 0.0000 0.0000 0.0000 0.0000
0.9038 0.0238 0.0370 0.0000 0.0000 0.4211 0.0000 0.0204 0.0179 0.0000 0.0000
1.0000 0.0000 0.3231 0.0000 0.0667 0.0000 0.0000 0.0000 0.0857 0.0426 0.0000
1.0000 0.0189 0.3148 0.0000 0.0000 0.0000 0.0196 0.0000 0.0000 0.0182 0.0000
1.0000 0.8947 0.0000 0.4200 0.0000 0.0000 0.2778 0.0392 0.0000 0.0192 0.0000
1.0000 0.7000 0.0227 0.0000 0.0000 0.0000 0.0227 0.0833 0.0000 0.0000 0.0000
1.0000 0.8980 0.0000 0.2885 0.0000 0.0000 0.3902 0.0000 0.0000 0.0909 0.0000
1.0000 0.0000 0.3091 0.0217 0.0000 0.3333 0.1087 0.1887 0.1406 0.0000 0.0000
1.0000 0.0000 0.2034 0.0000 0.1667 0.0000 0.0000 0.0000 0.0000 0.0000 0.0000
1.0000 0.0000 0.0000 0.0000 0.0000 0.0000 0.0000 0.0222 0.0000 0.0000 0.0000
1.0000 0.0000 0.4151 0.0000 0.0000 0.1379 0.0000 0.0308 0.0000 0.0000 0.0000
0.9556 0.0435 0.0000 0.0000 0.0000 0.0000 0.0000 0.0000 0.4082 0.0000 0.0000
1.0000 0.5490 0.0000 0.0000 0.0000 0.0244 0.0000 0.0000 0.0000 0.0000 0.0000
1.0000 0.6000 0.0159 0.2941 0.0000 0.0000 0.3913 0.0000 0.0000 0.0000 0.0000
1.0000 0.0000 0.0000 0.0000 0.0192 0.0667 0.0000 0.0222 0.2727 0.0000 0.0000
1.0000 1.0000 0.0204 0.3556 0.1852 0.1111 0.0364 0.0000 0.0000 0.0000 0.0000
1.0000 0.0217 0.5593 0.0000 0.0000 0.2982 0.0417 0.0000 0.0000 0.0238 0.0000
1.0000 0.0476 0.1915 0.0000 0.1154 0.1250 0.0000 0.0526 0.0000 0.0377 0.0000
1.0000 0.0000 0.0000 0.0000 0.0000 0.0952 0.0000 0.0192 0.5106 0.0192 0.0000
1.0000 0.0196 0.1500 0.0000 0.0244 0.4231 0.0000 0.0000 0.0536 0.4167 0.0000
0.9773 0.0000 0.6875 0.0192 0.0000 0.2414 0.0000 0.0000 0.0702 0.2292 0.0000
0.9322 0.0351 0.0000 0.0000 0.0000 0.1042 0.0000 0.0000 0.0364 0.0000 0.0000
1.0000 0.0000 0.0000 0.0000 0.0000 0.0000 0.0000 0.0377 0.0000 0.0444 0.0000
1.0000 0.0000 0.0000 0.0192 0.0000 0.0000 0.0000 0.0000 0.0000 0.1020 0.0000
1.0000 0.0000 0.3404 0.0000 0.0000 0.5652 0.0182 0.0847 0.0000 0.0000 0.0000
1.0000 0.0000 0.0000 0.0000 0.0000 0.0000 0.0000 0.0000 0.1212 0.0000 0.0000
1.0000 0.0000 0.1034 0.0000 0.0556 0.0189 0.0000 0.0222 0.2558 0.0000 0.0000
1.0000 0.0000 0.1379 0.0000 0.0000 0.4898 0.0364 0.3333 0.0000 0.0179 0.0000
0.9808 0.9245 0.0000 0.2453 0.0682 0.0000 0.0000 0.0000 0.0250 0.0000 0.0000
0.9750 0.1404 0.0000 0.0000 0.0000 0.0000 0.0400 0.0000 0.0000 0.0000 0.0000
0.9375 0.0000 0.2128 0.0000 0.0000 0.2979 0.0000 0.0222 0.0625 0.0000 0.0000
0.9556 0.9508 0.0000 0.1277 0.0385 0.0000 0.0000 0.0000 0.0000 0.0227 0.0000
1.0000 0.0000 0.0200 0.0000 0.1373 0.0161 0.0000 0.0000 0.4068 0.0000 0.0000
0.9811 0.5962 0.0000 0.0000 0.0000 0.0000 0.0652 0.0000 0.0588 0.0000 0.0000
1.0000 0.6400 0.0000 0.0000 0.0192 0.0000 0.0000 0.0000 0.1282 0.0000 0.0000
0.9200 0.7647 0.0000 0.2712 0.0444 0.0000 0.0000 0.0000 0.0000 0.0000 0.0000
1.0000 0.1000 0.0204 0.0000 0.0250 0.0000 0.0000 0.0000 0.7647 0.0000 0.0000
1.0000 0.0000 0.0000 0.0196 0.0000 0.4923 0.0227 0.0000 0.0000 0.0000 0.0000
1.0000 0.6458 0.0222 0.2000 0.0545 0.0000 0.0000 0.1132 0.0000 0.0000 0.0000
1.0000 0.0000 0.0000 0.0417 0.0571 0.0000 0.0000 0.0000 0.0000 0.0000 0.0000
1.0000 0.0000 0.6000 0.0000 0.0339 0.5417 0.0000 0.0000 0.0526 0.2222 0.0000
1.0000 0.0294 0.1633 0.0000 0.0000 0.1509 0.0000 0.0000 0.0000 0.0714 0.0000
1.0000 0.0667 0.8750 0.0000 0.0000 0.4444 0.0000 0.1579 0.0000 0.0213 0.0000
1.0000 0.4828 0.0250 0.0000 0.0000 0.0000 0.0000 0.0000 0.0851 0.0000 0.0000
1.0000 0.0000 0.2182 0.0000 0.0000 0.0213 0.0000 0.0000 0.0652 0.0000 0.0000
1.0000 0.1515 0.7800 0.0000 0.0000 0.0698 0.0000 0.0000 0.0000 0.0714 0.0000
1.0000 0.8776 0.0000 0.7708 0.0250 0.0000 0.0750 0.0000 0.0000 0.0000 0.0000
1.0000 0.3913 0.1429 0.0638 0.2449 0.0000 0.0000 0.0000 0.0000 0.0000 0.0000
1.0000 0.6400 0.0000 0.2708 0.0154 0.0000 0.1522 0.0000 0.0000 0.0238 0.0000
1.0000 0.0492 0.1837 0.0000 0.0000 0.3214 0.0000 0.1915 0.0000 0.0000 0.0000
0.9762 0.0000 0.0192 0.0000 0.0000 0.8000 0.0208 0.0909 0.0000 0.1707 0.0000
1.0000 0.4630 0.0000 0.0233 0.0000 0.0000 0.0612 0.0000 0.0000 0.0000 0.0000
0.9808 0.0196 0.5000 0.0000 0.0000 0.7000 0.0000 0.0000 0.0000 0.3182 0.0000
1.0000 0.0000 0.0000 0.0000 0.0577 0.0000 0.0000 0.0000 0.8163 0.0000 0.0000
0.9762 0.0400 0.6304 0.0000 0.0455 0.1765 0.0000 0.0000 0.0000 0.2037 0.0000
1.0000 0.0000 0.7308 0.0000 0.0189 0.0323 0.0000 0.0370 0.0000 0.0000 0.0000
1.0000 0.0000 0.0000 0.0000 0.0000 0.0000 0.0000 0.0000 0.0000 0.0000 0.0000
1.0000 0.0000 0.0000 0.0000 0.0200 0.0000 0.0000 0.0000 0.0000 0.0000 0.0000
1.0000 0.0000 0.0172 0.0612 0.0270 0.0000 0.0000 0.0000 0.5833 0.0000 0.0000
1.0000 0.9574 0.0000 0.4286 0.0000 0.0000 0.0000 0.0192 0.0000 0.0000 0.0000
1.0000 0.1373 0.2174 0.0000 0.0192 0.3137 0.0000 0.0000 0.0000 0.0200 0.0000
1.0000 0.0000 0.0000 0.0000 0.0317 0.0000 0.0222 0.0000 0.0000 0.0000 0.0000
1.0000 0.0339 0.3191 0.0000 0.0000 0.0000 0.1200 0.0000 0.0000 0.0000 0.0000
0.9792 0.0000 0.0000 0.1628 0.0000 0.0000 0.0000 0.0370 1.0000 0.0000 0.0000
1.0000 0.6765 0.0000 0.0816 0.0000 0.0000 0.4727 0.0000 0.0000 0.0000 0.0000
1.0000 0.2857 0.0000 0.6875 0.0000 0.0000 0.0392 0.0000 0.1628 0.0000 0.0000
1.0000 0.0323 0.3065 0.0000 0.0000 0.2745 0.0000 0.0000 0.0000 0.5526 0.0000
1.0000 0.8226 0.0000 0.0000 0.0000 0.0000 0.0851 0.0238 0.0000 0.0000 0.0000
1.0000 0.3273 0.0000 0.1458 0.0227 0.0000 0.0000 0.0000 0.0000 0.0000 0.0000
1.0000 0.0196 0.0000 0.0698 0.0000 0.0000 0.0000 0.0000 0.0351 0.0345 0.0000
1.0000 0.7619 0.0000 0.0000 0.0179 0.0000 0.0000 0.0189 0.0000 0.0175 0.0000
1.0000 0.0441 0.0000 0.0000 0.0000 0.0577 0.0000 0.0000 0.9057 0.0000 0.0000
1.0000 0.0000 0.5400 0.0000 0.0000 0.0488 0.0000 0.0000 0.0811 0.0000 0.0000
1.0000 0.1556 0.0000 0.0000 0.0000 0.0000 0.0000 0.0000 0.1250 0.0000 0.0000
1.0000 0.0000 0.7576 0.0217 0.0000 0.0000 0.1628 0.1400 0.0000 0.0000 0.0000
1.0000 0.0000 0.0400 0.0000 0.0000 0.5833 0.0192 0.0000 0.0000 0.0000 0.0000
1.0000 0.0000 0.2979 0.0000 0.0000 0.0000 0.0000 0.0000 0.0000 0.0000 0.0000
1.0000 0.8000 0.0000 0.0000 0.0000 0.0000 0.0000 0.0000 0.0000 0.0000 0.0000
0.9259 0.0000 0.0417 0.0000 0.0000 0.0000 0.0000 0.0000 0.4375 0.0000 0.0000
1.0000 0.0000 0.0000 0.0227 0.0189 0.0000 0.0000 0.0000 0.4286 0.0000 0.0000
1.0000 0.6170 0.0000 0.0000 0.0222 0.0000 0.0000 0.0000 0.0167 0.0000 0.0000
1.0000 0.9444 0.0000 0.3611 0.4706 0.0000 0.0000 0.0000 0.0189 0.0000 0.0000
1.0000 0.0408 0.0000 0.0784 0.0000 0.0000 0.0000 0.0000 0.0000 0.0179 0.0000
1.0000 0.0000 0.1707 0.0175 0.0000 0.0000 0.0000 0.1000 0.0000 0.0000 0.0000
1.0000 0.0000 0.0000 0.0000 0.0200 0.0000 0.0000 0.0238 0.0000 0.0217 0.0000
1.0000 0.0000 0.2642 0.0000 0.0000 0.6327 0.0000 0.1220 0.0000 0.0000 0.0000
0.9818 0.0189 0.6087 0.0000 0.0000 0.2500 0.0175 0.0000 0.0000 0.0577 0.0000
1.0000 0.0208 0.5306 0.0000 0.0000 0.1833 0.0000 0.0000 0.0000 0.0204 0.0000
1.0000 0.1795 0.0000 0.0000 0.0000 0.0952 0.0000 0.0000 0.0000 0.0000 0.0000
0.9630 0.8955 0.0000 0.4255 0.1250 0.0000 0.0000 0.0000 0.0000 0.0476 0.0000
1.0000 0.6154 0.0000 0.5000 0.0000 0.0000 0.0000 0.0000 0.0000 0.0000 0.0000
1.0000 0.0000 0.0000 0.0714 0.0000 0.0000 0.0000 0.0000 0.0000 0.1000 0.0000
1.0000 0.6296 0.0000 0.1860 0.0000 0.0000 0.2778 0.0000 0.0377 0.0000 0.0000
1.0000 0.0000 0.0000 0.0000 0.0000 0.6792 0.0000 0.0000 0.0000 0.4667 0.0000
1.0000 0.0769 0.0000 0.0000 0.0000 0.0000 0.0000 0.0217 0.0000 0.0000 0.0000
1.0000 0.0000 0.2500 0.0000 0.0000 0.4583 0.0000 0.0000 0.0000 0.0000 0.0000
1.0000 0.0000 0.0000 0.0000 0.1905 0.0000 0.0000 0.0000 0.2000 0.0000 0.0000
1.0000 0.0000 0.0000 0.0000 0.0000 0.0000 0.0000 0.0000 0.9216 0.0000 0.0000
1.0000 0.0000 0.0000 0.0000 0.0000 0.0000 0.0000 0.0000 0.0233 0.0588 0.0000
1.0000 0.0000 0.2128 0.0000 0.0000 0.6591 0.0000 0.3750 0.0755 0.0000 0.0000
1.0000 0.8333 0.0000 0.3529 0.0000 0.0000 0.1489 0.0000 0.0000 0.0000 0.0000
1.0000 0.0000 0.0000 0.0000 0.0392 0.0000 0.0000 0.0000 0.6875 0.0000 0.0000
1.0000 0.0000 0.0000 0.0000 0.0000 0.0000 0.0000 0.0943 0.9310 0.0196 0.0000
1.0000 0.0000 0.1915 0.0000 0.0000 0.0000 0.0000 0.0000 0.0000 0.0000 0.0000
1.0000 0.0000 0.0000 0.0000 0.0000 0.0000 0.0000 0.0000 0.0000 0.0000 0.0000
1.0000 0.9492 0.0000 0.6111 0.0667 0.0000 0.0377 0.0769 0.0000 0.0000 0.0000
1.0000 0.0000 0.0444 0.0000 0.0000 0.0000 0.0000 0.0000 0.1111 0.0000 0.0000
1.0000 0.0000 0.1481 0.0000 0.0208 0.0784 0.0000 0.0196 0.0000 0.0000 0.0000
1.0000 0.7400 0.0250 0.3462 0.1270 0.0172 0.0000 0.0000 0.0800 0.0000 0.0000
1.0000 0.6852 0.0000 0.4681 0.0000 0.0164 0.3137 0.0000 0.0000 0.0000 0.0000
1.0000 0.0000 0.6222 0.0000 0.0000 0.0000 0.0000 0.0000 0.0000 0.0000 0.0000
1.0000 0.0000 0.2586 0.0217 0.0000 0.6538 0.0000 0.0600 0.0196 0.2982 0.0000
1.0000 0.0000 0.0000 0.0000 0.0000 0.0000 0.0000 0.0000 0.4286 0.0417 0.0000
1.0000 0.0000 0.0000 0.0000 0.0000 0.0000 0.0000 0.0000 0.0000 0.0000 0.0000
0.9630 0.0952 0.0000 0.0189 0.0000 0.0000 0.0000 0.0000 0.5424 0.0000 0.0000
1.0000 0.6429 0.0000 0.0526 0.0000 0.0000 0.0000 0.0000 0.0000 0.0000 0.0000
0.9245 0.0204 0.1951 0.0000 0.0000 0.4000 0.0227 0.0000 0.0000 0.2041 0.0000
1.0000 0.7500 0.1071 0.4222 0.0000 0.0000 0.3810 0.0000 0.0000 0.0000 0.0000
1.0000 0.0000 0.0000 0.0000 0.0392 0.0400 0.0000 0.0000 0.0000 0.0217 0.0000
1.0000 0.0000 0.4310 0.0000 0.0333 0.0000 0.0000 0.0000 0.0000 0.0000 0.0000
1.0000 0.0000 0.9074 0.0000 0.0000 0.0000 0.0000 0.0377 0.0000 0.0000 0.0000
1.0000 0.8696 0.0000 0.3478 0.1129 0.0000 0.0000 0.0000 0.0000 0.0000 0.0000
1.0000 0.0000 0.0000 0.0000 0.0000 0.0000 0.0189 0.0000 0.0000 0.1220 0.0000
1.0000 0.5263 0.0189 0.2308 0.0000 0.0000 0.0000 0.0000 0.0000 0.0000 0.0000
0.8889 0.2500 0.0000 0.0000 0.0000 0.0222 0.0000 0.0000 0.0000 0.0000 0.0000
0.9661 0.0000 0.0938 0.0000 0.0513 0.5625 0.0000 0.0889 0.0000 0.0000 0.0000
1.0000 0.3269 0.0000 0.0000 0.0000 0.0000 0.0185 0.0000 0.0000 0.0000 0.0000
1.0000 0.0000 0.2200 0.0000 0.0000 0.0000 0.0000 0.0000 0.0000 0.0000 0.0000
1.0000 0.0370 0.2000 0.0000 0.0000 0.4595 0.0000 0.0000 0.0000 0.4762 0.0000
0.9831 0.0000 0.0000 0.0000 0.0000 0.0000 0.0000 0.0000 0.0000 0.0000 0.0000
1.0000 0.5091 0.0851 0.0000 0.0513 0.0000 0.1509 0.0000 0.0000 0.0000 0.0000
1.0000 0.0000 0.6346 0.0000 0.0000 0.0000 0.0217 0.0000 0.0000 0.0000 0.0000
0.9811 0.0000 0.1316 0.0000 0.0000 0.4500 0.0000 0.4909 0.0000 0.0000 0.0000
0.9825 0.8000 0.0000 0.3000 0.2174 0.0000 0.0000 0.0000 0.0000 0.0000 0.0000
1.0000 0.6600 0.0000 0.0682 0.4906 0.0000 0.0000 0.0500 0.0000 0.0000 0.0000
1.0000 0.0000 0.0000 0.0000 0.0000 0.0577 0.0000 0.0588 0.1176 0.0000 0.0000
1.0000 0.0000 0.0000 0.0000 0.0227 0.0000 0.0000 0.0000 0.3922 0.0000 0.0000
1.0000 0.7170 0.0000 0.2609 0.0000 0.0000 0.3830 0.0000 0.0000 0.0000 0.0000
1.0000 0.0000 0.0000 0.0000 0.0000 0.0000 0.0000 0.0000 0.0000 0.0196 0.0000
0.9783 0.0000 0.1277 0.0000 0.0000 0.5484 0.0000 0.0667 0.0000 0.0000 0.0000
0.9714 0.0175 0.0189 0.0000 0.0000 0.2564 0.0000 0.0000 0.0000 0.0000 0.0000
1.0000 0.0000 0.0980 0.0000 0.0000 0.0851 0.0000 0.0000 0.0000 0.0000 0.0000
0.9219 0.0000 1.0000 0.0000 0.0000 0.0000 0.0000 0.0000 0.0000 0.0227 0.0000
1.0000 0.0000 0.0000 0.0238 0.0000 0.0000 0.0577 0.0000 0.0000 0.0000 0.0000
1.0000 0.8500 0.0000 0.0000 0.0000 0.0000 0.0000 0.0000 0.0000 0.0196 0.0000
1.0000 0.7556 0.0000 0.0000 0.5510 0.0192 0.0000 0.0000 0.0000 0.0182 0.0000
1.0000 0.8906 0.0000 0.4231 0.0678 0.0000 0.1875 0.0000 0.0000 0.0000 0.0000
0.9821 0.0000 0.2182 0.0000 0.0000 0.4048 0.0000 0.0179 0.0000 0.2391 0.0000
1.0000 0.0000 0.0000 0.0233 0.0000 0.0204 0.0000 0.0000 0.8333 0.0000 0.0000
1.0000 0.7581 0.0385 0.0000 0.0556 0.0000 0.0714 0.0000 0.0000 0.0000 0.0000
1.0000 0.0000 0.3469 0.0000 0.0000 0.4898 0.0303 0.3273 0.0000 0.0000 0.0000
1.0000 0.4138 0.0000 0.0000 0.0000 0.0000 0.0000 0.0000 0.0000 0.0000 0.0000
1.0000 0.0000 0.0000 0.0000 0.0000 0.0000 0.0000 0.0000 0.0000 0.0000 0.0000
1.0000 0.0000 0.0167 0.0192 0.0000 0.0000 0.0000 0.0000 0.0000 0.0714 0.0000
1.0000 0.0000 0.1000 0.0000 0.0000 0.0244 0.0000 0.0000 0.0000 0.0000 0.0000
0.9615 0.0000 0.3415 0.1228 0.0161 0.0000 0.0000 0.0196 0.0000 0.0000 0.0000
1.0000 0.6250 0.0000 0.0667 0.3191 0.0000 0.0000 0.0000 0.0000 0.0000 0.0000
1.0000 0.0000 0.1111 0.0000 0.0000 0.2250 0.0000 0.0000 0.0455 0.0392 0.0000
1.0000 0.0000 0.0000 0.0000 0.0000 0.0000 0.0270 0.0000 0.0000 0.0000 0.0000
1.0000 0.5581 0.0000 0.4107 0.0204 0.0000 0.0227 0.0000 0.0000 0.0000 0.0000
1.0000 0.0000 0.1163 0.0000 0.0000 0.5385 0.0476 0.0000 0.0000 0.1231 0.0000
1.0000 0.0000 0.6250 0.0000 0.0400 0.4651 0.0000 0.2051 0.0000 0.0000 0.0000
1.0000 0.6600 0.0227 0.0000 0.0263 0.0000 0.0000 0.0000 0.0000 0.0526 0.0000
1.0000 0.9608 0.0000 0.2174 0.6034 0.0000 0.0000 0.0000 0.0000 0.0000 0.0000
1.0000 0.0000 0.3774 0.0000 0.0000 0.0000 0.0357 0.0000 0.0000 0.0000 0.0000
1.0000 0.0500 0.0000 0.0000 0.0000 0.0000 0.0000 0.0862 0.0000 0.0000 0.0000
1.0000 0.7636 0.0638 0.2449 0.0000 0.0000 0.0000 0.0000 0.0000 0.0000 0.0000
1.0000 0.0000 0.0000 0.0169 0.0000 0.0000 0.0000 0.0000 0.1395 0.0000 0.0000
1.0000 0.0000 0.2791 0.0000 0.0000 0.2041 0.0000 0.0000 0.0000 0.1053 0.0000
1.0000 0.0000 0.5333 0.0000 0.0000 0.3091 0.0500 0.3333 0.0000 0.0000 0.0000
1.0000 0.7179 0.0000 0.0476 0.0167 0.0000 0.0536 0.0000 0.0000 0.0263 0.0000
1.0000 0.8462 0.0000 0.3818 0.2295 0.0000 0.0000 0.0000 0.0000 0.0000 0.0000
0.8889 0.0000 0.0185 0.0000 0.0000 0.0000 0.0000 0.0000 0.0000 0.0196 0.0000
0.9783 0.0000 0.0217 0.0000 0.0000 0.7903 0.0192 0.3250 0.0000 0.0000 0.0000
0.9762 0.3023 0.0000 0.0600 0.0408 0.0000 0.2000 0.0000 0.0000 0.0000 0.0000
1.0000 0.6250 0.0000 0.0312 0.0000 0.0000 0.0000 0.0000 0.0000 0.0000 0.0000
1.0000 0.0000 0.8108 0.0000 0.0000 0.0455 0.0000 0.0000 0.0000 0.0000 0.0000
1.0000 0.0000 0.0000 0.0000 0.0000 0.0000 0.0000 0.0000 0.2889 0.0000 0.0000
1.0000 0.0000 0.0000 0.0000 0.0000 0.0000 0.0000 0.0000 0.6444 0.0000 0.0000
1.0000 0.0000 0.0351 0.0000 0.0000 0.0000 0.0968 0.0000 0.5593 0.0000 0.0000
0.9800 0.0000 0.0000 0.0328 0.0000 0.0000 0.0000 0.0000 0.0000 0.0000 0.0000
1.0000 0.0000 0.0000 0.0000 0.0000 0.0192 0.0000 0.0000 0.0000 0.0000 0.0000
1.0000 0.0000 0.6739 0.0000 0.0000 0.1897 0.0208 0.0000 0.0169 0.0000 0.0000
1.0000 0.6047 0.0000 0.0909 0.0000 0.0000 0.0000 0.0000 0.0377 0.0000 0.0000
1.0000 0.0294 0.5882 0.0233 0.0000 0.7407 0.0000 0.0000 0.0000 0.5000 0.0000
1.0000 0.5500 0.0444 0.0000 0.0000 0.0000 0.0000 0.0000 0.0000 0.0000 0.0000
0.9649 0.0417 0.0000 0.0000 0.0000 0.0196 0.0492 0.0000 0.0152 0.0294 0.0000
0.9804 0.7636 0.0000 0.0877 0.0000 0.0000 0.0000 0.0000 0.0000 0.0238 0.0000
1.0000 0.0175 0.0164 0.0000 0.0000 0.0455 0.0741 0.0175 0.0000 0.0000 0.0000
1.0000 0.0000 0.0000 0.0000 0.0000 0.0213 0.0000 0.0000 0.0333 0.0000 0.0000
1.0000 0.8214 0.0000 0.4583 0.0000 0.0000 0.0000 0.0000 0.0000 0.0000 0.0000
0.9792 0.8085 0.0000 0.4348 0.0000 0.0500 0.2857 0.0000 0.0000 0.0000 0.0000
0.9815 0.5246 0.0222 0.5098 0.0000 0.0000 0.0426 0.0000 0.0000 0.0172 0.0000
0.9692 0.0000 0.0000 0.0175 0.0577 0.0556 0.0000 0.0000 0.0000 0.0000 0.0000
1.0000 0.0000 0.4706 0.0000 0.0000 0.3333 0.0000 0.2245 0.0500 0.0000 0.0000
1.0000 0.9545 0.0000 0.0714 0.0000 0.0000 0.0000 0.0000 0.0000 0.0000 0.0000
1.0000 0.6364 0.0000 0.2647 0.0208 0.0000 0.0213 0.0000 0.0000 0.0000 0.0000
1.0000 0.0000 0.0222 0.0000 0.0000 0.0000 0.0000 0.0000 0.1750 0.1190 0.0000
1.0000 0.0000 0.0000 0.0435 0.0484 0.0000 0.0164 0.0000 0.1842 0.0000 0.0000
1.0000 0.4107 0.0278 0.0000 0.0000 0.0000 0.0000 0.0000 0.0000 0.0000 0.0000
1.0000 0.0600 0.3793 0.0000 0.0000 0.2581 0.0000 0.1111 0.0000 0.0000 0.0000
1.0000 0.6222 0.0189 0.0000 0.0000 0.0000 0.0000 0.0000 0.0000 0.0000 0.0000
1.0000 0.0000 0.0000 0.0000 0.0000 0.0000 0.0000 0.0000 0.0000 0.0000 0.0000
1.0000 0.0000 0.2105 0.0000 0.0000 0.4035 0.0000 0.0000 0.0000 0.4464 0.0000
1.0000 0.7368 0.0000 0.7500 0.2609 0.0000 0.0000 0.0000 0.0000 0.0000 0.0000
0.9508 0.0270 0.0492 0.0000 0.0000 0.3091 0.0000 0.4490 0.0000 0.0000 0.0000
1.0000 0.2766 0.0000 0.0889 0.0943 0.0000 0.0400 0.0000 0.0000 0.0000 0.0000
1.0000 0.0000 0.4762 0.0208 0.0000 0.3673 0.0000 0.0000 0.0566 0.2727 0.0000
1.0000 0.6531 0.0000 0.1389 0.0000 0.0000 0.0000 0.0000 0.0000 0.0000 0.0000
1.0000 0.0196 0.0000 0.0000 0.0000 0.0000 0.1364 0.0290 0.9750 0.0000 0.0000
0.7872 0.0000 0.1750 0.0612 0.0000 0.3684 0.0476 0.0204 0.0000 0.3125 0.0000
1.0000 0.9756 0.0000 0.6818 0.0000 0.0000 0.0000 0.0000 0.0000 0.0000 0.0000
1.0000 0.0000 0.0286 0.0000 0.0000 0.0000 0.0000 0.0000 0.0000 0.0000 0.0000
0.9863 0.0820 0.8000 0.0000 0.0000 0.2895 0.0000 0.0806 0.0000 0.0000 0.0000
1.0000 0.0000 0.0000 0.0000 0.0000 0.0000 0.0000 0.0000 0.2553 0.0000 0.0000
1.0000 0.9412 0.0000 0.1087 0.0000 0.0000 0.1228 0.0000 0.0000 0.0400 0.0000
1.0000 0.0000 0.2414 0.0000 0.0000 0.4386 0.0000 0.0000 0.0000 0.0000 0.0000
0.9744 0.0000 0.4118 0.0000 0.0000 0.5660 0.0000 0.0182 0.0758 0.0000 0.0000
1.0000 0.0196 0.0339 0.0000 0.0000 0.0000 0.0000 0.0000 0.7609 0.0000 0.0000
0.9808 0.0000 0.0208 0.0000 0.0000 0.0000 0.0000 0.0000 0.0612 0.0000 0.0000
1.0000 0.8491 0.0000 0.3898 0.0000 0.0217 0.0000 0.0000 0.0000 0.0000 0.0000
1.0000 0.8750 0.0000 0.1406 0.6129 0.0000 0.0000 0.0000 0.0000 0.0882 0.0000
1.0000 0.0000 0.0000 0.0000 0.0000 0.0000 0.0000 0.0000 0.0000 0.0000 0.0000
1.0000 0.9057 0.0000 0.3400 0.4500 0.0161 0.0000 0.0000 0.0000 0.0000 0.0000
1.0000 0.0000 0.0000 0.0000 0.0000 0.0000 0.0000 0.0000 0.8462 0.0000 0.0000
0.9574 0.3864 0.0217 0.1522 0.0000 0.0000 0.0000 0.0000 0.0000 0.0000 0.0000
1.0000 0.0000 0.9057 0.0213 0.0000 0.0000 0.0000 0.0000 0.0000 0.0682 0.0000
1.0000 0.6122 0.0000 0.4394 0.0000 0.0000 0.0000 0.0000 0.0816 0.0435 0.0000
1.0000 0.0000 0.0000 0.1154 0.0175 0.0429 0.0000 0.0000 0.4894 0.0000 0.0000
1.0000 0.6341 0.0000 0.2791 0.2326 0.0000 0.0000 0.0000 0.0000 0.3158 0.0000
1.0000 0.0000 0.2800 0.0000 0.0152 0.0638 0.0000 0.0000 0.0000 0.0000 0.0000
1.0000 0.8696 0.0000 0.4909 0.0000 0.0000 0.0000 0.0000 0.0000 0.0000 0.0000
0.9783 0.0000 0.1228 0.0000 0.0000 0.1333 0.0000 0.0000 0.0000 0.0847 0.0000
0.9808 0.6935 0.0000 0.1667 0.0492 0.0000 0.0000 0.0816 0.0000 0.0317 0.0000
1.0000 0.0000 0.0000 0.0000 0.0196 0.1500 0.1250 0.0000 0.0132 0.0000 0.0000
0.9825 0.0000 0.3409 0.0000 0.0000 0.1778 0.0000 0.0000 0.1591 0.0000 0.0000
1.0000 0.9815 0.0000 0.3077 0.0000 0.1346 0.3333 0.0000 0.0000 0.0000 0.0000
1.0000 0.5000 0.1200 0.0179 0.3409 0.0000 0.0244 0.0000 0.0345 0.0000 0.0000
1.0000 0.0000 0.0000 0.0000 0.0000 0.0000 0.0000 0.0250 0.0000 0.0000 0.0000
1.0000 0.3542 0.0000 0.0000 0.0000 0.0000 0.0556 0.0000 0.0000 0.1633 0.0000
1.0000 0.0000 0.4800 0.0000 0.0000 0.3966 0.0000 0.0000 0.0000 0.1778 0.0000
0.9492 0.3036 0.0000 0.3409 0.0000 0.0536 0.0000 0.1364 0.0192 0.0000 0.0000
0.9516 0.0000 0.0000 0.0000 0.0172 0.0000 0.0000 0.0175 0.7209 0.0000 0.0000
1.0000 0.9623 0.0000 0.3111 0.0000 0.1522 0.0000 0.0000 0.0000 0.0000 0.0000
1.0000 0.0000 0.1915 0.0161 0.0392 0.0536 0.0000 0.0000 0.0000 0.0000 0.0000
1.0000 1.0000 0.0000 0.0000 0.0816 0.0000 0.0476 0.0000 0.2453 0.0000 0.0000
1.0000 0.9531 0.0196 0.0444 0.4091 0.0000 0.0000 0.0000 0.0250 0.0000 0.0000
0.9000 0.5636 0.0000 0.3469 0.0000 0.0000 0.0000 0.0000 0.0000 0.0000 0.0000
1.0000 0.9318 0.0200 0.3770 0.0000 0.0000 0.0000 0.0600 0.0000 0.0000 0.0000
1.0000 0.0244 0.3729 0.0217 0.0000 0.3000 0.0000 0.1304 0.0000 0.0000 0.0000
1.0000 0.0000 0.8750 0.0488 0.0185 0.0000 0.0000 0.2083 0.0189 0.0000 0.0000
1.0000 0.0000 0.0274 0.0000 0.0156 0.0000 0.0000 0.0000 0.0000 0.0000 0.0000
1.0000 0.0238 0.0294 0.0000 0.0000 0.0000 0.0000 0.0000 0.0000 0.0000 0.0000
1.0000 0.1579 0.1515 0.0000 0.0556 0.0000 0.0000 0.0000 0.0000 0.0000 0.0000
0.8182 0.6735 0.0000 0.0000 0.0000 0.0000 0.3191 0.0000 0.0000 0.0417 0.0000
1.0000 0.0000 0.0638 0.0755 0.0000 0.7353 0.0000 0.0000 0.0750 0.0755 0.0000
1.0000 0.7347 0.0000 0.0000 0.0000 0.0556 0.0000 0.0000 0.0000 0.0000 0.0000
1.0000 0.0364 0.7949 0.0000 0.0000 0.0000 0.0000 0.0000 0.0000 0.0000 0.0000
0.9800 0.0000 0.0000 0.0816 0.0000 0.0217 0.0000 0.0000 0.9600 0.0000 0.0000
1.0000 0.8085 0.0000 0.0600 0.0000 0.0000 0.0000 0.0000 0.0588 0.0000 0.0000
1.0000 0.0000 0.1458 0.0000 0.0357 0.0769 0.0000 0.0000 0.0000 0.0000 0.0000
0.9756 0.0000 0.2195 0.0000 0.0000 0.5741 0.0000 0.0000 0.0000 0.0000 0.0000
0.9744 0.0000 0.4894 0.0000 0.0000 0.0000 0.0000 0.0364 0.0000 0.0000 0.0000
0.8974 0.7021 0.1091 0.6792 0.0000 0.0000 0.0000 0.0000 0.0000 0.0000 0.0000
1.0000 0.0400 0.3051 0.0000 0.0200 0.2200 0.0465 0.0000 0.0000 0.0638 0.0000
1.0000 0.0000 0.0000 0.0000 0.0541 0.0000 0.0000 0.0000 0.0000 0.0000 0.0000
0.9583 0.1667 0.0000 0.0000 0.1818 0.0208 0.0000 0.0208 0.0000 0.0444 0.0000
0.9808 0.6078 0.0000 0.3696 0.0408 0.0000 0.0000 0.0000 0.0000 0.0000 0.0000
1.0000 0.0000 0.0758 0.0222 0.0943 0.0000 0.0000 0.0000 0.1373 0.0323 0.0000
1.0000 0.3269 0.1207 0.0172 0.0000 0.0000 0.0172 0.0000 0.0741 0.0000 0.0000
1.0000 0.0222 0.0357 0.0000 0.0000 0.0943 0.0000 0.0000 0.0000 0.0000 0.0000
1.0000 0.8462 0.0000 0.0962 0.0000 0.0000 0.0000 0.0588 0.0000 0.0000 0.0000
1.0000 0.7805 0.0000 0.3091 0.0000 0.0000 0.4340 0.0000 0.0000 0.0000 0.0000
1.0000 0.0000 0.7736 0.0000 0.0000 0.0980 0.0000 0.0208 0.0000 0.0000 0.0000
1.0000 0.4490 0.0000 0.1739 0.0000 0.0000 0.1273 0.0526 0.0000 0.0000 0.0000
1.0000 0.0962 0.0435 0.0000 0.0000 0.0000 0.0000 0.0000 0.0000 0.0000 0.0000
1.0000 0.0000 0.0000 0.0000 0.0000 0.0000 0.0196 0.0000 0.0000 0.0000 0.0000
1.0000 0.0000 0.0000 0.0000 0.0000 0.0000 0.0000 0.0000 0.0000 0.0000 0.0000
1.0000 0.8776 0.0000 0.2203 0.0741 0.0200 0.1818 0.0000 0.0000 0.0000 0.0000
0.9231 0.8723 0.0000 0.2444 0.0000 0.0000 0.0192 0.0000 0.0638 0.0625 0.0000
1.0000 0.0000 0.0000 0.0204 0.0000 0.0000 0.0000 0.0000 0.0000 0.0000 0.0000
1.0000 0.0000 0.0000 0.0000 0.0000 0.0377 0.0000 0.0185 0.0000 0.0000 0.0000
0.8936 0.0000 0.2444 0.0000 0.0000 0.5094 0.0000 0.1404 0.0000 0.0263 0.0000
1.0000 0.0000 0.0238 0.0000 0.0000 0.0000 0.0000 0.0000 0.0185 0.0000 0.0000
1.0000 0.0000 0.2222 0.0000 0.0000 0.6667 0.0000 0.0000 0.0000 0.6909 0.0000
1.0000 0.0625 0.0000 0.0000 0.0000 0.0000 0.0000 0.0000 0.6724 0.0196 0.0000
1.0000 0.0263 0.5366 0.0185 0.0328 0.0000 0.0000 0.0189 0.0159 0.0172 0.0000
1.0000 0.0179 0.0877 0.0000 0.0000 0.9400 0.0000 0.0000 0.0000 0.7400 0.0000
0.9512 0.0377 0.3725 0.0000 0.0000 0.4423 0.0000 0.0370 0.0000 0.0000 0.0000
1.0000 0.0000 0.4286 0.0000 0.0159 0.3793 0.0000 0.1667 0.0000 0.0000 0.0000
1.0000 0.0000 0.7377 0.0625 0.0250 0.0625 0.0000 0.0000 0.0000 0.0000 0.0000
1.0000 0.0000 0.5111 0.0000 0.0909 0.1923 0.0000 0.0000 0.0222 0.0000 0.0000
1.0000 0.9286 0.0000 0.0625 0.0000 0.0000 0.0000 0.0000 0.0000 0.0000 0.0000
1.0000 0.0000 0.0000 0.0303 0.0000 0.0000 0.0000 0.0217 0.0000 0.0476 0.0000
1.0000 0.0000 0.0962 0.0000 0.0000 0.0000 0.0000 0.0000 0.0000 0.0000 0.0000
1.0000 0.0000 0.0645 0.0000 0.0000 0.4528 0.0000 0.0200 0.0000 0.2963 0.0000
1.0000 0.0000 0.5476 0.0000 0.0000 0.0000 0.0000 0.0392 0.0000 0.2292 0.0000
1.0000 0.0000 0.2368 0.0000 0.0000 0.3333 0.0000 0.0000 0.0227 0.7660 0.0000
1.0000 0.0000 0.0000 0.0577 0.0400 0.0000 0.0000 0.0152 0.3833 0.0000 0.0000
1.0000 0.0465 0.0175 0.0196 0.0000 0.0000 0.0000 0.0000 0.0200 0.0000 0.0000
1.0000 0.0000 0.8444 0.0000 0.0000 0.0000 0.0816 0.0000 0.0000 0.0000 0.0000
1.0000 0.0000 0.0000 0.0000 0.0000 0.0000 0.0244 0.0455 0.3846 0.0000 0.0000
1.0000 0.8200 0.0000 0.2340 0.0000 0.0000 0.3125 0.0000 0.1600 0.0000 0.0000
1.0000 0.6170 0.0000 0.0000 0.0000 0.0000 0.0357 0.0167 0.0000 0.0000 0.0000
1.0000 0.0000 0.0000 0.0000 0.0000 0.0000 0.0000 0.0000 0.5405 0.0000 0.0000
1.0000 0.0000 0.0000 0.0000 0.0000 0.0556 0.0000 0.0000 0.2549 0.0270 0.0000
1.0000 0.0000 0.0000 0.0755 0.0000 0.0000 0.0000 0.0000 0.0000 0.0000 0.0000
1.0000 0.4667 0.0000 0.0769 0.0169 0.0000 0.1698 0.0208 0.0000 0.0000 0.0000
1.0000 0.1154 0.0000 0.0000 0.0000 0.0000 0.0000 0.0000 0.9615 0.0000 0.0000
0.9000 0.0000 0.2979 0.2273 0.0000 0.1957 0.0000 0.0263 0.0000 0.1852 0.0000
1.0000 0.0000 0.0000 0.0000 0.0000 0.0000 0.0000 0.0000 0.9811 0.0000 0.0000
1.0000 0.0000 0.1739 0.0000 0.0000 0.4615 0.0364 0.0000 0.0000 0.0000 0.0000
