0.9456 0.0000 0.0000 0.0000 0.0000 0.0000 0.0000 0.0000 0.0544 0.0000
0.1875 0.3754 0.0000 0.4371 0.0000 0.0000 0.0000 0.0000 0.0000 0.0000
0.0927 0.1129 0.0000 0.0996 0.6947 0.0000 0.0000 0.0000 0.0000 0.0000
0.4822 0.2857 0.0000 0.2321 0.0000 0.0000 0.0000 0.0000 0.0000 0.0000
0.6654 0.3346 0.0000 0.0000 0.0000 0.0000 0.0000 0.0000 0.0000 0.0000
0.1291 0.0000 0.5020 0.0000 0.0000 0.1212 0.0000 0.0000 0.0000 0.2477
1.0000 0.0000 0.0000 0.0000 0.0000 0.0000 0.0000 0.0000 0.0000 0.0000
0.1342 0.0000 0.3804 0.0000 0.0000 0.4854 0.0000 0.0000 0.0000 0.0000
0.3129 0.0000 0.0000 0.0000 0.0000 0.0000 0.0000 0.0000 0.6871 0.0000
0.1097 0.5356 0.0000 0.1434 0.0000 0.0000 0.2114 0.0000 0.0000 0.0000
1.0000 0.0000 0.0000 0.0000 0.0000 0.0000 0.0000 0.0000 0.0000 0.0000
0.9097 0.0000 0.0000 0.0000 0.0000 0.0000 0.0000 0.0000 0.0903 0.0000
0.3177 0.0000 0.0644 0.0000 0.0000 0.2904 0.0000 0.3275 0.0000 0.0000
0.5695 0.0000 0.0000 0.0000 0.0000 0.0000 0.0000 0.0000 0.4305 0.0000
0.0958 0.9042 0.0000 0.0000 0.0000 0.0000 0.0000 0.0000 0.0000 0.0000
0.3608 0.3924 0.0000 0.0715 0.1754 0.0000 0.0000 0.0000 0.0000 0.0000
0.1050 0.4583 0.0000 0.4367 0.0000 0.0000 0.0000 0.0000 0.0000 0.0000
0.1503 0.0000 0.1459 0.0000 0.0000 0.3422 0.0000 0.3615 0.0000 0.0000
0.3032 0.0788 0.0000 0.3379 0.2801 0.0000 0.0000 0.0000 0.0000 0.0000
0.1775 0.0000 0.1155 0.0000 0.0000 0.7070 0.0000 0.0000 0.0000 0.0000
0.2414 0.4707 0.0000 0.2879 0.0000 0.0000 0.0000 0.0000 0.0000 0.0000
0.0747 0.0000 0.2065 0.0000 0.0000 0.2910 0.0000 0.4279 0.0000 0.0000
0.4022 0.2842 0.0000 0.3136 0.0000 0.0000 0.0000 0.0000 0.0000 0.0000
0.2880 0.2693 0.0000 0.4428 0.0000 0.0000 0.0000 0.0000 0.0000 0.0000
0.6124 0.0000 0.2474 0.0000 0.0000 0.0717 0.0000 0.0000 0.0000 0.0684
0.1890 0.0961 0.0000 0.7149 0.0000 0.0000 0.0000 0.0000 0.0000 0.0000
0.1315 0.0000 0.4570 0.0000 0.0000 0.4115 0.0000 0.0000 0.0000 0.0000
0.4556 0.0000 0.5444 0.0000 0.0000 0.0000 0.0000 0.0000 0.0000 0.0000
1.0000 0.0000 0.0000 0.0000 0.0000 0.0000 0.0000 0.0000 0.0000 0.0000
0.3470 0.0000 0.1524 0.0000 0.0000 0.1235 0.0000 0.3771 0.0000 0.0000
0.1566 0.2889 0.0000 0.3234 0.2311 0.0000 0.0000 0.0000 0.0000 0.0000
0.3025 0.1440 0.0000 0.2217 0.3318 0.0000 0.0000 0.0000 0.0000 0.0000
0.1307 0.3183 0.0000 0.1818 0.0000 0.0000 0.3692 0.0000 0.0000 0.0000
0.3167 0.0000 0.5014 0.0000 0.0000 0.1819 0.0000 0.0000 0.0000 0.0000
0.1587 0.0722 0.0000 0.7691 0.0000 0.0000 0.0000 0.0000 0.0000 0.0000
0.1761 0.0000 0.5005 0.0000 0.0000 0.0614 0.0000 0.2621 0.0000 0.0000
0.2232 0.3530 0.0000 0.4238 0.0000 0.0000 0.0000 0.0000 0.0000 0.0000
0.2141 0.5589 0.0000 0.1722 0.0548 0.0000 0.0000 0.0000 0.0000 0.0000
0.1481 0.8519 0.0000 0.0000 0.0000 0.0000 0.0000 0.0000 0.0000 0.0000
0.0643 0.4575 0.0000 0.1098 0.3683 0.0000 0.0000 0.0000 0.0000 0.0000
0.1148 0.8852 0.0000 0.0000 0.0000 0.0000 0.0000 0.0000 0.0000 0.0000
0.4829 0.5171 0.0000 0.0000 0.0000 0.0000 0.0000 0.0000 0.0000 0.0000
0.1055 0.3225 0.0000 0.4540 0.1180 0.0000 0.0000 0.0000 0.0000 0.0000
0.4363 0.1491 0.0000 0.0742 0.0000 0.0000 0.3404 0.0000 0.0000 0.0000
0.2068 0.1480 0.0000 0.1364 0.5088 0.0000 0.0000 0.0000 0.0000 0.0000
0.3587 0.1545 0.0000 0.3071 0.1797 0.0000 0.0000 0.0000 0.0000 0.0000
1.0000 0.0000 0.0000 0.0000 0.0000 0.0000 0.0000 0.0000 0.0000 0.0000
0.2238 0.0000 0.0691 0.0000 0.0000 0.5952 0.0000 0.1120 0.0000 0.0000
0.4850 0.2280 0.0000 0.1087 0.0000 0.0000 0.1782 0.0000 0.0000 0.0000
0.2297 0.0000 0.0694 0.0000 0.0000 0.6326 0.0000 0.0000 0.0000 0.0684
0.2029 0.1656 0.0000 0.2939 0.3376 0.0000 0.0000 0.0000 0.0000 0.0000
0.4252 0.5748 0.0000 0.0000 0.0000 0.0000 0.0000 0.0000 0.0000 0.0000
0.3083 0.1607 0.0000 0.0980 0.4330 0.0000 0.0000 0.0000 0.0000 0.0000
0.7084 0.0000 0.1360 0.0000 0.0000 0.1557 0.0000 0.0000 0.0000 0.0000
1.0000 0.0000 0.0000 0.0000 0.0000 0.0000 0.0000 0.0000 0.0000 0.0000
0.2043 0.0000 0.3607 0.0000 0.0000 0.1058 0.0000 0.0000 0.0000 0.3291
0.1634 0.8366 0.0000 0.0000 0.0000 0.0000 0.0000 0.0000 0.0000 0.0000
0.4608 0.0000 0.2825 0.0000 0.0000 0.2566 0.0000 0.0000 0.0000 0.0000
0.1748 0.0000 0.4826 0.0000 0.0000 0.0654 0.0000 0.2771 0.0000 0.0000
0.7124 0.0000 0.0540 0.0000 0.0000 0.2335 0.0000 0.0000 0.0000 0.0000
0.5133 0.0000 0.1972 0.0000 0.0000 0.1766 0.0000 0.1129 0.0000 0.0000
0.2225 0.0000 0.7775 0.0000 0.0000 0.0000 0.0000 0.0000 0.0000 0.0000
0.5529 0.0000 0.0000 0.0000 0.0000 0.0000 0.0000 0.0000 0.4471 0.0000
0.1312 0.0819 0.0000 0.1666 0.0000 0.0000 0.6203 0.0000 0.0000 0.0000
0.2416 0.0000 0.7584 0.0000 0.0000 0.0000 0.0000 0.0000 0.0000 0.0000
0.0797 0.2114 0.0000 0.2173 0.4916 0.0000 0.0000 0.0000 0.0000 0.0000
0.3014 0.0000 0.6986 0.0000 0.0000 0.0000 0.0000 0.0000 0.0000 0.0000
0.0697 0.2015 0.0000 0.0949 0.6339 0.0000 0.0000 0.0000 0.0000 0.0000
1.0000 0.0000 0.0000 0.0000 0.0000 0.0000 0.0000 0.0000 0.0000 0.0000
0.9033 0.0967 0.0000 0.0000 0.0000 0.0000 0.0000 0.0000 0.0000 0.0000
0.8613 0.0000 0.1387 0.0000 0.0000 0.0000 0.0000 0.0000 0.0000 0.0000
1.0000 0.0000 0.0000 0.0000 0.0000 0.0000 0.0000 0.0000 0.0000 0.0000
0.5195 0.0000 0.2929 0.0000 0.0000 0.1876 0.0000 0.0000 0.0000 0.0000
0.7195 0.0000 0.0980 0.0000 0.0000 0.1825 0.0000 0.0000 0.0000 0.0000
0.1987 0.3558 0.0000 0.3671 0.0000 0.0000 0.0784 0.0000 0.0000 0.0000
0.1172 0.3071 0.0000 0.2609 0.0000 0.0000 0.3148 0.0000 0.0000 0.0000
0.3690 0.0000 0.6310 0.0000 0.0000 0.0000 0.0000 0.0000 0.0000 0.0000
0.1720 0.0896 0.0000 0.7384 0.0000 0.0000 0.0000 0.0000 0.0000 0.0000
0.0979 0.1887 0.0000 0.2262 0.4872 0.0000 0.0000 0.0000 0.0000 0.0000
0.6810 0.0908 0.0000 0.1445 0.0837 0.0000 0.0000 0.0000 0.0000 0.0000
0.9183 0.0817 0.0000 0.0000 0.0000 0.0000 0.0000 0.0000 0.0000 0.0000
0.0892 0.0000 0.1198 0.0000 0.0000 0.5269 0.0000 0.2641 0.0000 0.0000
0.3947 0.0000 0.0000 0.0000 0.0000 0.0000 0.0000 0.0000 0.6053 0.0000
0.1380 0.0000 0.0000 0.0000 0.0000 0.0000 0.0000 0.0000 0.8620 0.0000
0.4563 0.0000 0.1453 0.0000 0.0000 0.3984 0.0000 0.0000 0.0000 0.0000
0.4572 0.0000 0.1659 0.0000 0.0000 0.3769 0.0000 0.0000 0.0000 0.0000
0.0541 0.0000 0.1328 0.0000 0.0000 0.3195 0.0000 0.4936 0.0000 0.0000
0.5235 0.2173 0.0000 0.1116 0.1477 0.0000 0.0000 0.0000 0.0000 0.0000
0.2192 0.0000 0.5450 0.0000 0.0000 0.1388 0.0000 0.0969 0.0000 0.0000
0.1201 0.0000 0.2105 0.0000 0.0000 0.0984 0.0000 0.5709 0.0000 0.0000
1.0000 0.0000 0.0000 0.0000 0.0000 0.0000 0.0000 0.0000 0.0000 0.0000
0.4214 0.0000 0.5786 0.0000 0.0000 0.0000 0.0000 0.0000 0.0000 0.0000
0.0547 0.0000 0.2701 0.0000 0.0000 0.4377 0.0000 0.0000 0.0000 0.2375
0.8794 0.0000 0.0000 0.0000 0.0000 0.0000 0.0000 0.0000 0.1206 0.0000
0.3332 0.0000 0.1179 0.0000 0.0000 0.1995 0.0000 0.0000 0.0000 0.3494
0.2128 0.0000 0.3031 0.0000 0.0000 0.3783 0.0000 0.0000 0.0000 0.1058
0.7154 0.2846 0.0000 0.0000 0.0000 0.0000 0.0000 0.0000 0.0000 0.0000
0.3271 0.0000 0.2473 0.0000 0.0000 0.2143 0.0000 0.2113 0.0000 0.0000
0.4259 0.0767 0.0000 0.3627 0.1347 0.0000 0.0000 0.0000 0.0000 0.0000
0.5918 0.0000 0.1173 0.0000 0.0000 0.1203 0.0000 0.0000 0.0000 0.1706
0.1536 0.2039 0.0000 0.0876 0.0000 0.0000 0.5549 0.0000 0.0000 0.0000
0.1259 0.2227 0.0000 0.3188 0.0000 0.0000 0.3326 0.0000 0.0000 0.0000
0.1209 0.5620 0.0000 0.1981 0.0000 0.0000 0.1191 0.0000 0.0000 0.0000
1.0000 0.0000 0.0000 0.0000 0.0000 0.0000 0.0000 0.0000 0.0000 0.0000
0.3690 0.0000 0.6310 0.0000 0.0000 0.0000 0.0000 0.0000 0.0000 0.0000
1.0000 0.0000 0.0000 0.0000 0.0000 0.0000 0.0000 0.0000 0.0000 0.0000
0.1795 0.0000 0.7144 0.0000 0.0000 0.1060 0.0000 0.0000 0.0000 0.0000
0.5741 0.0000 0.4259 0.0000 0.0000 0.0000 0.0000 0.0000 0.0000 0.0000
0.2469 0.0584 0.0000 0.6398 0.0000 0.0000 0.0549 0.0000 0.0000 0.0000
0.5208 0.0000 0.2198 0.0000 0.0000 0.2595 0.0000 0.0000 0.0000 0.0000
0.3377 0.3267 0.0000 0.0840 0.0000 0.0000 0.2516 0.0000 0.0000 0.0000
0.9064 0.0936 0.0000 0.0000 0.0000 0.0000 0.0000 0.0000 0.0000 0.0000
0.3261 0.6739 0.0000 0.0000 0.0000 0.0000 0.0000 0.0000 0.0000 0.0000
1.0000 0.0000 0.0000 0.0000 0.0000 0.0000 0.0000 0.0000 0.0000 0.0000
0.5401 0.2319 0.0000 0.2280 0.0000 0.0000 0.0000 0.0000 0.0000 0.0000
0.0806 0.0000 0.6289 0.0000 0.0000 0.0976 0.0000 0.1930 0.0000 0.0000
0.4596 0.0000 0.2226 0.0000 0.0000 0.1776 0.0000 0.0000 0.0000 0.1402
0.5513 0.0000 0.0000 0.0000 0.0000 0.0000 0.0000 0.0000 0.4487 0.0000
0.2204 0.7796 0.0000 0.0000 0.0000 0.0000 0.0000 0.0000 0.0000 0.0000
0.5323 0.0000 0.1564 0.0000 0.0000 0.3113 0.0000 0.0000 0.0000 0.0000
0.1851 0.2044 0.0000 0.1314 0.0000 0.0000 0.4791 0.0000 0.0000 0.0000
0.3893 0.1762 0.0000 0.4346 0.0000 0.0000 0.0000 0.0000 0.0000 0.0000
0.0864 0.0000 0.4810 0.0000 0.0000 0.3108 0.0000 0.1219 0.0000 0.0000
0.7353 0.0557 0.0000 0.2091 0.0000 0.0000 0.0000 0.0000 0.0000 0.0000
0.3585 0.0000 0.0721 0.0000 0.0000 0.2931 0.0000 0.0000 0.0000 0.2763
0.2085 0.4531 0.0000 0.1489 0.1895 0.0000 0.0000 0.0000 0.0000 0.0000
0.1541 0.8459 0.0000 0.0000 0.0000 0.0000 0.0000 0.0000 0.0000 0.0000
0.4310 0.0000 0.2018 0.0000 0.0000 0.1969 0.0000 0.1702 0.0000 0.0000
0.5525 0.0000 0.4475 0.0000 0.0000 0.0000 0.0000 0.0000 0.0000 0.0000
0.4209 0.0000 0.1037 0.0000 0.0000 0.1583 0.0000 0.3171 0.0000 0.0000
0.5295 0.0000 0.1033 0.0000 0.0000 0.1968 0.0000 0.0000 0.0000 0.1704
0.0985 0.6324 0.0000 0.1238 0.1453 0.0000 0.0000 0.0000 0.0000 0.0000
0.3449 0.0000 0.0000 0.0000 0.0000 0.0000 0.0000 0.0000 0.6551 0.0000
0.0512 0.0000 0.3424 0.0000 0.0000 0.2201 0.0000 0.3862 0.0000 0.0000
0.1621 0.0000 0.2004 0.0000 0.0000 0.4301 0.0000 0.2074 0.0000 0.0000
0.6168 0.0000 0.3832 0.0000 0.0000 0.0000 0.0000 0.0000 0.0000 0.0000
0.4063 0.4925 0.0000 0.1012 0.0000 0.0000 0.0000 0.0000 0.0000 0.0000
0.1521 0.0000 0.8479 0.0000 0.0000 0.0000 0.0000 0.0000 0.0000 0.0000
0.2474 0.3120 0.0000 0.1607 0.0000 0.0000 0.2799 0.0000 0.0000 0.0000
0.1936 0.0000 0.4793 0.0000 0.0000 0.1077 0.0000 0.2194 0.0000 0.0000
0.3869 0.2317 0.0000 0.2359 0.0000 0.0000 0.1455 0.0000 0.0000 0.0000
0.1874 0.5260 0.0000 0.0717 0.0000 0.0000 0.2150 0.0000 0.0000 0.0000
0.3650 0.1970 0.0000 0.4380 0.0000 0.0000 0.0000 0.0000 0.0000 0.0000
0.7324 0.2676 0.0000 0.0000 0.0000 0.0000 0.0000 0.0000 0.0000 0.0000
1.0000 0.0000 0.0000 0.0000 0.0000 0.0000 0.0000 0.0000 0.0000 0.0000
0.1233 0.0000 0.7625 0.0000 0.0000 0.1143 0.0000 0.0000 0.0000 0.0000
0.8115 0.1885 0.0000 0.0000 0.0000 0.0000 0.0000 0.0000 0.0000 0.0000
0.2395 0.0981 0.0000 0.6624 0.0000 0.0000 0.0000 0.0000 0.0000 0.0000
0.6124 0.3191 0.0000 0.0685 0.0000 0.0000 0.0000 0.0000 0.0000 0.0000
0.1463 0.0000 0.2352 0.0000 0.0000 0.3232 0.0000 0.2952 0.0000 0.0000
0.2334 0.0000 0.2455 0.0000 0.0000 0.1873 0.0000 0.0000 0.0000 0.3339
0.5052 0.0000 0.4948 0.0000 0.0000 0.0000 0.0000 0.0000 0.0000 0.0000
0.6125 0.0000 0.1266 0.0000 0.0000 0.2609 0.0000 0.0000 0.0000 0.0000
0.1827 0.1592 0.0000 0.3192 0.0000 0.0000 0.3389 0.0000 0.0000 0.0000
0.1944 0.2969 0.0000 0.3772 0.1315 0.0000 0.0000 0.0000 0.0000 0.0000
0.6166 0.0000 0.2264 0.0000 0.0000 0.1570 0.0000 0.0000 0.0000 0.0000
0.2656 0.0000 0.2952 0.0000 0.0000 0.1530 0.0000 0.2861 0.0000 0.0000
0.2290 0.1816 0.0000 0.2818 0.0000 0.0000 0.3076 0.0000 0.0000 0.0000
0.5158 0.2647 0.0000 0.1258 0.0000 0.0000 0.0937 0.0000 0.0000 0.0000
0.4890 0.0000 0.0692 0.0000 0.0000 0.2103 0.0000 0.0000 0.0000 0.2315
0.1346 0.8654 0.0000 0.0000 0.0000 0.0000 0.0000 0.0000 0.0000 0.0000
0.2061 0.0000 0.5378 0.0000 0.0000 0.2561 0.0000 0.0000 0.0000 0.0000
0.7281 0.0000 0.0000 0.0000 0.0000 0.0000 0.0000 0.0000 0.2719 0.0000
0.8351 0.0000 0.0000 0.0000 0.0000 0.0000 0.0000 0.0000 0.1649 0.0000
0.8671 0.0000 0.0000 0.0000 0.0000 0.0000 0.0000 0.0000 0.1329 0.0000
0.2140 0.0000 0.2143 0.0000 0.0000 0.4922 0.0000 0.0000 0.0000 0.0795
0.3473 0.0000 0.0000 0.0000 0.0000 0.0000 0.0000 0.0000 0.6527 0.0000
0.4613 0.1588 0.0000 0.1736 0.0000 0.0000 0.2063 0.0000 0.0000 0.0000
0.4998 0.0000 0.1713 0.0000 0.0000 0.1088 0.0000 0.2202 0.0000 0.0000
0.2105 0.0797 0.0000 0.1625 0.0000 0.0000 0.5472 0.0000 0.0000 0.0000
0.0537 0.0000 0.4193 0.0000 0.0000 0.0836 0.0000 0.4435 0.0000 0.0000
0.8473 0.0000 0.1527 0.0000 0.0000 0.0000 0.0000 0.0000 0.0000 0.0000
1.0000 0.0000 0.0000 0.0000 0.0000 0.0000 0.0000 0.0000 0.0000 0.0000
0.3743 0.2155 0.0000 0.2335 0.0000 0.0000 0.1767 0.0000 0.0000 0.0000
0.6006 0.0000 0.3031 0.0000 0.0000 0.0963 0.0000 0.0000 0.0000 0.0000
0.5630 0.0000 0.1908 0.0000 0.0000 0.2462 0.0000 0.0000 0.0000 0.0000
0.4675 0.4741 0.0000 0.0584 0.0000 0.0000 0.0000 0.0000 0.0000 0.0000
0.3197 0.0000 0.5034 0.0000 0.0000 0.0551 0.0000 0.0000 0.0000 0.1219
0.1350 0.3596 0.0000 0.5053 0.0000 0.0000 0.0000 0.0000 0.0000 0.0000
0.0665 0.9335 0.0000 0.0000 0.0000 0.0000 0.0000 0.0000 0.0000 0.0000
0.5900 0.0000 0.1885 0.0000 0.0000 0.2215 0.0000 0.0000 0.0000 0.0000
0.7700 0.0000 0.0000 0.0000 0.0000 0.0000 0.0000 0.0000 0.2300 0.0000
0.1696 0.2392 0.0000 0.5911 0.0000 0.0000 0.0000 0.0000 0.0000 0.0000
0.5108 0.1162 0.0000 0.1799 0.1931 0.0000 0.0000 0.0000 0.0000 0.0000
1.0000 0.0000 0.0000 0.0000 0.0000 0.0000 0.0000 0.0000 0.0000 0.0000
0.1846 0.0943 0.0000 0.3603 0.0000 0.0000 0.3608 0.0000 0.0000 0.0000
0.3870 0.0000 0.0000 0.0000 0.0000 0.0000 0.0000 0.0000 0.6130 0.0000
0.9495 0.0000 0.0000 0.0000 0.0000 0.0000 0.0000 0.0000 0.0505 0.0000
1.0000 0.0000 0.0000 0.0000 0.0000 0.0000 0.0000 0.0000 0.0000 0.0000
0.5119 0.0000 0.0952 0.0000 0.0000 0.3928 0.0000 0.0000 0.0000 0.0000
0.6385 0.0000 0.3615 0.0000 0.0000 0.0000 0.0000 0.0000 0.0000 0.0000
0.6464 0.0000 0.3536 0.0000 0.0000 0.0000 0.0000 0.0000 0.0000 0.0000
0.0511 0.0916 0.0000 0.2476 0.0000 0.0000 0.6096 0.0000 0.0000 0.0000
0.5232 0.4768 0.0000 0.0000 0.0000 0.0000 0.0000 0.0000 0.0000 0.0000
0.0909 0.2676 0.0000 0.2775 0.0000 0.0000 0.3640 0.0000 0.0000 0.0000
0.4344 0.0000 0.2281 0.0000 0.0000 0.1753 0.0000 0.1623 0.0000 0.0000
0.7527 0.0000 0.2473 0.0000 0.0000 0.0000 0.0000 0.0000 0.0000 0.0000
1.0000 0.0000 0.0000 0.0000 0.0000 0.0000 0.0000 0.0000 0.0000 0.0000
0.6003 0.0000 0.2483 0.0000 0.0000 0.0536 0.0000 0.0978 0.0000 0.0000
0.2997 0.0000 0.0000 0.0000 0.0000 0.0000 0.0000 0.0000 0.7003 0.0000
0.4064 0.5936 0.0000 0.0000 0.0000 0.0000 0.0000 0.0000 0.0000 0.0000
0.3037 0.1697 0.0000 0.1709 0.0000 0.0000 0.3558 0.0000 0.0000 0.0000
0.8479 0.0000 0.0000 0.0000 0.0000 0.0000 0.0000 0.0000 0.1521 0.0000
0.0515 0.2284 0.0000 0.3193 0.4007 0.0000 0.0000 0.0000 0.0000 0.0000
0.1166 0.0000 0.4611 0.0000 0.0000 0.4223 0.0000 0.0000 0.0000 0.0000
0.4451 0.0000 0.2266 0.0000 0.0000 0.2111 0.0000 0.0000 0.0000 0.1172
0.5646 0.0000 0.0000 0.0000 0.0000 0.0000 0.0000 0.0000 0.4354 0.0000
0.2721 0.0000 0.2241 0.0000 0.0000 0.2273 0.0000 0.0000 0.0000 0.2765
0.0831 0.0000 0.5884 0.0000 0.0000 0.1773 0.0000 0.0000 0.0000 0.1512
0.8502 0.0000 0.0000 0.0000 0.0000 0.0000 0.0000 0.0000 0.1498 0.0000
1.0000 0.0000 0.0000 0.0000 0.0000 0.0000 0.0000 0.0000 0.0000 0.0000
1.0000 0.0000 0.0000 0.0000 0.0000 0.0000 0.0000 0.0000 0.0000 0.0000
0.0767 0.0000 0.3569 0.0000 0.0000 0.4538 0.0000 0.1126 0.0000 0.0000
1.0000 0.0000 0.0000 0.0000 0.0000 0.0000 0.0000 0.0000 0.0000 0.0000
0.7787 0.0000 0.0000 0.0000 0.0000 0.0000 0.0000 0.0000 0.2213 0.0000
0.1910 0.0000 0.2404 0.0000 0.0000 0.1055 0.0000 0.4631 0.0000 0.0000
0.2673 0.4517 0.0000 0.2016 0.0794 0.0000 0.0000 0.0000 0.0000 0.0000
0.8735 0.1265 0.0000 0.0000 0.0000 0.0000 0.0000 0.0000 0.0000 0.0000
0.3082 0.0000 0.4395 0.0000 0.0000 0.2523 0.0000 0.0000 0.0000 0.0000
0.2735 0.4083 0.0000 0.2499 0.0683 0.0000 0.0000 0.0000 0.0000 0.0000
0.3796 0.0000 0.0000 0.0000 0.0000 0.0000 0.0000 0.0000 0.6204 0.0000
0.3348 0.6652 0.0000 0.0000 0.0000 0.0000 0.0000 0.0000 0.0000 0.0000
0.3880 0.6120 0.0000 0.0000 0.0000 0.0000 0.0000 0.0000 0.0000 0.0000
0.1242 0.5013 0.0000 0.3239 0.0506 0.0000 0.0000 0.0000 0.0000 0.0000
0.4086 0.0000 0.0000 0.0000 0.0000 0.0000 0.0000 0.0000 0.5914 0.0000
0.2897 0.0000 0.0573 0.0000 0.0000 0.6530 0.0000 0.0000 0.0000 0.0000
0.2568 0.2906 0.0000 0.2558 0.1968 0.0000 0.0000 0.0000 0.0000 0.0000
1.0000 0.0000 0.0000 0.0000 0.0000 0.0000 0.0000 0.0000 0.0000 0.0000
0.1037 0.0000 0.5759 0.0000 0.0000 0.0851 0.0000 0.0000 0.0000 0.2353
0.7784 0.0000 0.0805 0.0000 0.0000 0.1411 0.0000 0.0000 0.0000 0.0000
0.0581 0.0000 0.7627 0.0000 0.0000 0.1154 0.0000 0.0637 0.0000 0.0000
0.5803 0.3650 0.0000 0.0547 0.0000 0.0000 0.0000 0.0000 0.0000 0.0000
0.7375 0.0000 0.1463 0.0000 0.0000 0.1161 0.0000 0.0000 0.0000 0.0000
0.1244 0.0000 0.7199 0.0000 0.0000 0.0921 0.0000 0.0000 0.0000 0.0636
0.0664 0.1382 0.0000 0.7036 0.0000 0.0000 0.0918 0.0000 0.0000 0.0000
0.4753 0.2379 0.0000 0.1041 0.1826 0.0000 0.0000 0.0000 0.0000 0.0000
0.0907 0.3049 0.0000 0.3054 0.0000 0.0000 0.2991 0.0000 0.0000 0.0000
0.2799 0.0000 0.3039 0.0000 0.0000 0.1096 0.0000 0.3065 0.0000 0.0000
0.1816 0.0000 0.0874 0.0000 0.0000 0.6060 0.0000 0.0000 0.0000 0.1250
0.4880 0.5120 0.0000 0.0000 0.0000 0.0000 0.0000 0.0000 0.0000 0.0000
0.1543 0.0000 0.4387 0.0000 0.0000 0.1804 0.0000 0.0000 0.0000 0.2266
0.1715 0.0000 0.0000 0.0000 0.0000 0.0000 0.0000 0.0000 0.8285 0.0000
0.2855 0.0000 0.5667 0.0000 0.0000 0.0768 0.0000 0.0000 0.0000 0.0710
0.1103 0.0000 0.8897 0.0000 0.0000 0.0000 0.0000 0.0000 0.0000 0.0000
1.0000 0.0000 0.0000 0.0000 0.0000 0.0000 0.0000 0.0000 0.0000 0.0000
1.0000 0.0000 0.0000 0.0000 0.0000 0.0000 0.0000 0.0000 0.0000 0.0000
0.3454 0.0000 0.0000 0.0000 0.0000 0.0000 0.0000 0.0000 0.6546 0.0000
0.0592 0.4256 0.0000 0.5152 0.0000 0.0000 0.0000 0.0000 0.0000 0.0000
0.4807 0.0000 0.2960 0.0000 0.0000 0.2233 0.0000 0.0000 0.0000 0.0000
1.0000 0.0000 0.0000 0.0000 0.0000 0.0000 0.0000 0.0000 0.0000 0.0000
0.7486 0.0000 0.2514 0.0000 0.0000 0.0000 0.0000 0.0000 0.0000 0.0000
0.0701 0.0000 0.0000 0.0000 0.0000 0.0000 0.0000 0.0000 0.9299 0.0000
0.4104 0.0664 0.0000 0.1335 0.0000 0.0000 0.3898 0.0000 0.0000 0.0000
0.7679 0.0509 0.0000 0.1812 0.0000 0.0000 0.0000 0.0000 0.0000 0.0000
0.1301 0.0000 0.4996 0.0000 0.0000 0.1117 0.0000 0.0000 0.0000 0.2586
0.2677 0.5405 0.0000 0.0788 0.0000 0.0000 0.1129 0.0000 0.0000 0.0000
0.6416 0.2978 0.0000 0.0606 0.0000 0.0000 0.0000 0.0000 0.0000 0.0000
1.0000 0.0000 0.0000 0.0000 0.0000 0.0000 0.0000 0.0000 0.0000 0.0000
0.4192 0.5808 0.0000 0.0000 0.0000 0.0000 0.0000 0.0000 0.0000 0.0000
0.1080 0.0000 0.0000 0.0000 0.0000 0.0000 0.0000 0.0000 0.8920 0.0000
0.5834 0.0000 0.4166 0.0000 0.0000 0.0000 0.0000 0.0000 0.0000 0.0000
0.8386 0.1614 0.0000 0.0000 0.0000 0.0000 0.0000 0.0000 0.0000 0.0000
0.1070 0.0000 0.8930 0.0000 0.0000 0.0000 0.0000 0.0000 0.0000 0.0000
0.3955 0.0000 0.0571 0.0000 0.0000 0.5474 0.0000 0.0000 0.0000 0.0000
0.7963 0.0000 0.2037 0.0000 0.0000 0.0000 0.0000 0.0000 0.0000 0.0000
0.1147 0.8853 0.0000 0.0000 0.0000 0.0000 0.0000 0.0000 0.0000 0.0000
0.5381 0.0000 0.0000 0.0000 0.0000 0.0000 0.0000 0.0000 0.4619 0.0000
0.6981 0.0000 0.0000 0.0000 0.0000 0.0000 0.0000 0.0000 0.3019 0.0000
0.3206 0.6794 0.0000 0.0000 0.0000 0.0000 0.0000 0.0000 0.0000 0.0000
0.1227 0.2759 0.0000 0.3180 0.2834 0.0000 0.0000 0.0000 0.0000 0.0000
1.0000 0.0000 0.0000 0.0000 0.0000 0.0000 0.0000 0.0000 0.0000 0.0000
0.7337 0.0000 0.2663 0.0000 0.0000 0.0000 0.0000 0.0000 0.0000 0.0000
1.0000 0.0000 0.0000 0.0000 0.0000 0.0000 0.0000 0.0000 0.0000 0.0000
0.0754 0.0000 0.3474 0.0000 0.0000 0.4841 0.0000 0.0932 0.0000 0.0000
0.2289 0.0000 0.5488 0.0000 0.0000 0.0694 0.0000 0.0000 0.0000 0.1530
0.4696 0.0000 0.3982 0.0000 0.0000 0.1322 0.0000 0.0000 0.0000 0.0000
0.8290 0.1710 0.0000 0.0000 0.0000 0.0000 0.0000 0.0000 0.0000 0.0000
0.1488 0.2875 0.0000 0.4735 0.0902 0.0000 0.0000 0.0000 0.0000 0.0000
0.4038 0.1286 0.0000 0.4676 0.0000 0.0000 0.0000 0.0000 0.0000 0.0000
1.0000 0.0000 0.0000 0.0000 0.0000 0.0000 0.0000 0.0000 0.0000 0.0000
0.2625 0.1709 0.0000 0.1839 0.0000 0.0000 0.3826 0.0000 0.0000 0.0000
0.2245 0.0000 0.0669 0.0000 0.0000 0.2563 0.0000 0.0000 0.0000 0.4522
1.0000 0.0000 0.0000 0.0000 0.0000 0.0000 0.0000 0.0000 0.0000 0.0000
0.2816 0.0000 0.2835 0.0000 0.0000 0.4348 0.0000 0.0000 0.0000 0.0000
0.6959 0.0000 0.0000 0.0000 0.0000 0.0000 0.0000 0.0000 0.3041 0.0000
0.0848 0.0000 0.0000 0.0000 0.0000 0.0000 0.0000 0.0000 0.9152 0.0000
1.0000 0.0000 0.0000 0.0000 0.0000 0.0000 0.0000 0.0000 0.0000 0.0000
0.3504 0.0000 0.1188 0.0000 0.0000 0.2916 0.0000 0.2392 0.0000 0.0000
0.2170 0.1536 0.0000 0.4704 0.0000 0.0000 0.1590 0.0000 0.0000 0.0000
0.3155 0.0000 0.0000 0.0000 0.0000 0.0000 0.0000 0.0000 0.6845 0.0000
0.0730 0.0000 0.0000 0.0000 0.0000 0.0000 0.0000 0.0000 0.9270 0.0000
0.7412 0.0000 0.2588 0.0000 0.0000 0.0000 0.0000 0.0000 0.0000 0.0000
1.0000 0.0000 0.0000 0.0000 0.0000 0.0000 0.0000 0.0000 0.0000 0.0000
0.2471 0.2691 0.0000 0.4089 0.0749 0.0000 0.0000 0.0000 0.0000 0.0000
0.9444 0.0000 0.0000 0.0000 0.0000 0.0000 0.0000 0.0000 0.0556 0.0000
0.6195 0.0000 0.1938 0.0000 0.0000 0.1056 0.0000 0.0812 0.0000 0.0000
0.2047 0.2994 0.0000 0.2098 0.2861 0.0000 0.0000 0.0000 0.0000 0.0000
0.3746 0.0638 0.0000 0.2748 0.0000 0.0000 0.2868 0.0000 0.0000 0.0000
0.6315 0.0000 0.3685 0.0000 0.0000 0.0000 0.0000 0.0000 0.0000 0.0000
0.1293 0.0000 0.1528 0.0000 0.0000 0.2651 0.0000 0.0000 0.0000 0.4528
0.5659 0.0000 0.0000 0.0000 0.0000 0.0000 0.0000 0.0000 0.4341 0.0000
1.0000 0.0000 0.0000 0.0000 0.0000 0.0000 0.0000 0.0000 0.0000 0.0000
0.1945 0.0000 0.0000 0.0000 0.0000 0.0000 0.0000 0.0000 0.8055 0.0000
0.6033 0.3967 0.0000 0.0000 0.0000 0.0000 0.0000 0.0000 0.0000 0.0000
0.3958 0.0000 0.2800 0.0000 0.0000 0.1976 0.0000 0.0000 0.0000 0.1266
0.2040 0.1554 0.0000 0.4507 0.0000 0.0000 0.1898 0.0000 0.0000 0.0000
1.0000 0.0000 0.0000 0.0000 0.0000 0.0000 0.0000 0.0000 0.0000 0.0000
0.6752 0.0000 0.3248 0.0000 0.0000 0.0000 0.0000 0.0000 0.0000 0.0000
0.1843 0.0000 0.8157 0.0000 0.0000 0.0000 0.0000 0.0000 0.0000 0.0000
0.2901 0.2367 0.0000 0.2849 0.1883 0.0000 0.0000 0.0000 0.0000 0.0000
1.0000 0.0000 0.0000 0.0000 0.0000 0.0000 0.0000 0.0000 0.0000 0.0000
0.5202 0.2457 0.0000 0.2341 0.0000 0.0000 0.0000 0.0000 0.0000 0.0000
0.4765 0.5235 0.0000 0.0000 0.0000 0.0000 0.0000 0.0000 0.0000 0.0000
0.3075 0.0000 0.2652 0.0000 0.0000 0.2505 0.0000 0.1768 0.0000 0.0000
0.4886 0.5114 0.0000 0.0000 0.0000 0.0000 0.0000 0.0000 0.0000 0.0000
0.8240 0.0000 0.1760 0.0000 0.0000 0.0000 0.0000 0.0000 0.0000 0.0000
0.1076 0.0000 0.1244 0.0000 0.0000 0.3684 0.0000 0.0000 0.0000 0.3996
1.0000 0.0000 0.0000 0.0000 0.0000 0.0000 0.0000 0.0000 0.0000 0.0000
0.6156 0.3260 0.0000 0.0583 0.0000 0.0000 0.0000 0.0000 0.0000 0.0000
0.4931 0.0000 0.5069 0.0000 0.0000 0.0000 0.0000 0.0000 0.0000 0.0000
0.3687 0.0000 0.2268 0.0000 0.0000 0.0737 0.0000 0.3307 0.0000 0.0000
0.2526 0.0761 0.0000 0.3702 0.3011 0.0000 0.0000 0.0000 0.0000 0.0000
0.2524 0.1053 0.0000 0.2173 0.4250 0.0000 0.0000 0.0000 0.0000 0.0000
0.6873 0.0000 0.0000 0.0000 0.0000 0.0000 0.0000 0.0000 0.3127 0.0000
0.7300 0.0000 0.0000 0.0000 0.0000 0.0000 0.0000 0.0000 0.2700 0.0000
0.1996 0.3622 0.0000 0.2134 0.0000 0.0000 0.2249 0.0000 0.0000 0.0000
0.9020 0.0000 0.0980 0.0000 0.0000 0.0000 0.0000 0.0000 0.0000 0.0000
0.1417 0.0000 0.1489 0.0000 0.0000 0.5969 0.0000 0.1125 0.0000 0.0000
0.5555 0.0000 0.1793 0.0000 0.0000 0.2652 0.0000 0.0000 0.0000 0.0000
1.0000 0.0000 0.0000 0.0000 0.0000 0.0000 0.0000 0.0000 0.0000 0.0000
0.0848 0.0000 0.9152 0.0000 0.0000 0.0000 0.0000 0.0000 0.0000 0.0000
0.8747 0.0000 0.0000 0.0000 0.0000 0.0000 0.0000 0.0000 0.1253 0.0000
0.1662 0.8338 0.0000 0.0000 0.0000 0.0000 0.0000 0.0000 0.0000 0.0000
0.4474 0.0786 0.0000 0.0693 0.4047 0.0000 0.0000 0.0000 0.0000 0.0000
0.0867 0.2628 0.0000 0.3119 0.0000 0.0000 0.3385 0.0000 0.0000 0.0000
0.3690 0.0000 0.1368 0.0000 0.0000 0.1738 0.0000 0.0000 0.0000 0.3204
0.2083 0.0000 0.0000 0.0000 0.0000 0.0000 0.0000 0.0000 0.7917 0.0000
0.3353 0.6647 0.0000 0.0000 0.0000 0.0000 0.0000 0.0000 0.0000 0.0000
0.0520 0.0000 0.3526 0.0000 0.0000 0.2837 0.0000 0.3117 0.0000 0.0000
0.6771 0.3229 0.0000 0.0000 0.0000 0.0000 0.0000 0.0000 0.0000 0.0000
1.0000 0.0000 0.0000 0.0000 0.0000 0.0000 0.0000 0.0000 0.0000 0.0000
1.0000 0.0000 0.0000 0.0000 0.0000 0.0000 0.0000 0.0000 0.0000 0.0000
0.8178 0.0000 0.1293 0.0000 0.0000 0.0530 0.0000 0.0000 0.0000 0.0000
0.6898 0.0000 0.3102 0.0000 0.0000 0.0000 0.0000 0.0000 0.0000 0.0000
0.3571 0.2615 0.0000 0.0617 0.3196 0.0000 0.0000 0.0000 0.0000 0.0000
0.4234 0.0000 0.1188 0.0000 0.0000 0.1874 0.0000 0.0000 0.0000 0.2705
1.0000 0.0000 0.0000 0.0000 0.0000 0.0000 0.0000 0.0000 0.0000 0.0000
0.5151 0.1454 0.0000 0.3395 0.0000 0.0000 0.0000 0.0000 0.0000 0.0000
0.3193 0.0000 0.1048 0.0000 0.0000 0.3689 0.0000 0.0000 0.0000 0.2070
0.0702 0.0000 0.4991 0.0000 0.0000 0.2700 0.0000 0.1607 0.0000 0.0000
0.2682 0.7318 0.0000 0.0000 0.0000 0.0000 0.0000 0.0000 0.0000 0.0000
0.1489 0.2073 0.0000 0.3211 0.3227 0.0000 0.0000 0.0000 0.0000 0.0000
0.6702 0.0000 0.3298 0.0000 0.0000 0.0000 0.0000 0.0000 0.0000 0.0000
1.0000 0.0000 0.0000 0.0000 0.0000 0.0000 0.0000 0.0000 0.0000 0.0000
0.2733 0.5254 0.0000 0.2013 0.0000 0.0000 0.0000 0.0000 0.0000 0.0000
0.6976 0.0000 0.0000 0.0000 0.0000 0.0000 0.0000 0.0000 0.3024 0.0000
0.3735 0.0000 0.3933 0.0000 0.0000 0.1482 0.0000 0.0000 0.0000 0.0850
0.1549 0.0000 0.4664 0.0000 0.0000 0.0906 0.0000 0.2881 0.0000 0.0000
0.3461 0.6539 0.0000 0.0000 0.0000 0.0000 0.0000 0.0000 0.0000 0.0000
0.2327 0.1865 0.0000 0.4041 0.1767 0.0000 0.0000 0.0000 0.0000 0.0000
1.0000 0.0000 0.0000 0.0000 0.0000 0.0000 0.0000 0.0000 0.0000 0.0000
0.1198 0.0000 0.2157 0.0000 0.0000 0.3847 0.0000 0.2798 0.0000 0.0000
0.5363 0.1571 0.0000 0.1824 0.0000 0.0000 0.1242 0.0000 0.0000 0.0000
0.2715 0.6197 0.0000 0.1088 0.0000 0.0000 0.0000 0.0000 0.0000 0.0000
0.1420 0.0000 0.7697 0.0000 0.0000 0.0883 0.0000 0.0000 0.0000 0.0000
0.5750 0.0000 0.0000 0.0000 0.0000 0.0000 0.0000 0.0000 0.4250 0.0000
0.5446 0.0000 0.0000 0.0000 0.0000 0.0000 0.0000 0.0000 0.4554 0.0000
0.4813 0.0000 0.0000 0.0000 0.0000 0.0000 0.0000 0.0000 0.5187 0.0000
1.0000 0.0000 0.0000 0.0000 0.0000 0.0000 0.0000 0.0000 0.0000 0.0000
1.0000 0.0000 0.0000 0.0000 0.0000 0.0000 0.0000 0.0000 0.0000 0.0000
0.2297 0.0000 0.4430 0.0000 0.0000 0.3274 0.0000 0.0000 0.0000 0.0000
0.4872 0.4530 0.0000 0.0597 0.0000 0.0000 0.0000 0.0000 0.0000 0.0000
0.1745 0.0000 0.2112 0.0000 0.0000 0.1442 0.0000 0.0000 0.0000 0.4700
0.4431 0.5569 0.0000 0.0000 0.0000 0.0000 0.0000 0.0000 0.0000 0.0000
1.0000 0.0000 0.0000 0.0000 0.0000 0.0000 0.0000 0.0000 0.0000 0.0000
0.2111 0.7085 0.0000 0.0805 0.0000 0.0000 0.0000 0.0000 0.0000 0.0000
1.0000 0.0000 0.0000 0.0000 0.0000 0.0000 0.0000 0.0000 0.0000 0.0000
1.0000 0.0000 0.0000 0.0000 0.0000 0.0000 0.0000 0.0000 0.0000 0.0000
0.1429 0.2805 0.0000 0.5766 0.0000 0.0000 0.0000 0.0000 0.0000 0.0000
0.2396 0.2134 0.0000 0.3860 0.0000 0.0000 0.1610 0.0000 0.0000 0.0000
0.4410 0.1043 0.0000 0.4547 0.0000 0.0000 0.0000 0.0000 0.0000 0.0000
1.0000 0.0000 0.0000 0.0000 0.0000 0.0000 0.0000 0.0000 0.0000 0.0000
0.1588 0.0000 0.3889 0.0000 0.0000 0.1437 0.0000 0.3085 0.0000 0.0000
0.0941 0.7980 0.0000 0.1079 0.0000 0.0000 0.0000 0.0000 0.0000 0.0000
0.2549 0.3746 0.0000 0.2911 0.0794 0.0000 0.0000 0.0000 0.0000 0.0000
0.7182 0.0000 0.0000 0.0000 0.0000 0.0000 0.0000 0.0000 0.2818 0.0000
0.7436 0.0000 0.0000 0.0000 0.0000 0.0000 0.0000 0.0000 0.2564 0.0000
0.7937 0.2063 0.0000 0.0000 0.0000 0.0000 0.0000 0.0000 0.0000 0.0000
0.3638 0.0000 0.2794 0.0000 0.0000 0.1761 0.0000 0.1807 0.0000 0.0000
0.3301 0.6699 0.0000 0.0000 0.0000 0.0000 0.0000 0.0000 0.0000 0.0000
1.0000 0.0000 0.0000 0.0000 0.0000 0.0000 0.0000 0.0000 0.0000 0.0000
0.1195 0.0000 0.2831 0.0000 0.0000 0.2891 0.0000 0.0000 0.0000 0.3083
0.2933 0.0967 0.0000 0.5060 0.1040 0.0000 0.0000 0.0000 0.0000 0.0000
0.6289 0.0000 0.0812 0.0000 0.0000 0.0753 0.0000 0.2146 0.0000 0.0000
0.5639 0.1852 0.0000 0.1382 0.1126 0.0000 0.0000 0.0000 0.0000 0.0000
0.1112 0.0000 0.4216 0.0000 0.0000 0.0870 0.0000 0.0000 0.0000 0.3802
0.4218 0.4107 0.0000 0.1675 0.0000 0.0000 0.0000 0.0000 0.0000 0.0000
0.0826 0.0000 0.0000 0.0000 0.0000 0.0000 0.0000 0.0000 0.9174 0.0000
0.3412 0.0000 0.1656 0.0000 0.0000 0.4120 0.0000 0.0000 0.0000 0.0813
0.1608 0.0639 0.0000 0.7753 0.0000 0.0000 0.0000 0.0000 0.0000 0.0000
0.8886 0.0000 0.1114 0.0000 0.0000 0.0000 0.0000 0.0000 0.0000 0.0000
0.0720 0.0000 0.6296 0.0000 0.0000 0.1295 0.0000 0.1689 0.0000 0.0000
0.4144 0.0000 0.0000 0.0000 0.0000 0.0000 0.0000 0.0000 0.5856 0.0000
0.2297 0.6546 0.0000 0.1157 0.0000 0.0000 0.0000 0.0000 0.0000 0.0000
0.4249 0.0000 0.3165 0.0000 0.0000 0.2587 0.0000 0.0000 0.0000 0.0000
0.1885 0.0000 0.3212 0.0000 0.0000 0.3998 0.0000 0.0904 0.0000 0.0000
0.4617 0.0000 0.0000 0.0000 0.0000 0.0000 0.0000 0.0000 0.5383 0.0000
0.8327 0.0000 0.0000 0.0000 0.0000 0.0000 0.0000 0.0000 0.1673 0.0000
0.2331 0.4247 0.0000 0.3421 0.0000 0.0000 0.0000 0.0000 0.0000 0.0000
0.1343 0.3003 0.0000 0.0737 0.4917 0.0000 0.0000 0.0000 0.0000 0.0000
1.0000 0.0000 0.0000 0.0000 0.0000 0.0000 0.0000 0.0000 0.0000 0.0000
0.2984 0.0513 0.0000 0.3688 0.2814 0.0000 0.0000 0.0000 0.0000 0.0000
0.1781 0.0000 0.0000 0.0000 0.0000 0.0000 0.0000 0.0000 0.8219 0.0000
0.5122 0.1058 0.0000 0.3820 0.0000 0.0000 0.0000 0.0000 0.0000 0.0000
0.1526 0.0000 0.8474 0.0000 0.0000 0.0000 0.0000 0.0000 0.0000 0.0000
0.4874 0.1135 0.0000 0.3992 0.0000 0.0000 0.0000 0.0000 0.0000 0.0000
0.4632 0.0000 0.0000 0.0000 0.0000 0.0000 0.0000 0.0000 0.5368 0.0000
0.2989 0.0783 0.0000 0.3404 0.2824 0.0000 0.0000 0.0000 0.0000 0.0000
0.5716 0.0000 0.3019 0.0000 0.0000 0.0585 0.0000 0.0000 0.0000 0.0681
0.2569 0.3245 0.0000 0.4186 0.0000 0.0000 0.0000 0.0000 0.0000 0.0000
0.5904 0.0000 0.2023 0.0000 0.0000 0.1027 0.0000 0.0000 0.0000 0.1047
0.2353 0.6398 0.0000 0.1249 0.0000 0.0000 0.0000 0.0000 0.0000 0.0000
1.0000 0.0000 0.0000 0.0000 0.0000 0.0000 0.0000 0.0000 0.0000 0.0000
0.4707 0.0000 0.3074 0.0000 0.0000 0.2219 0.0000 0.0000 0.0000 0.0000
0.0881 0.1948 0.0000 0.3924 0.0000 0.0000 0.3247 0.0000 0.0000 0.0000
0.4253 0.1155 0.0000 0.2473 0.2118 0.0000 0.0000 0.0000 0.0000 0.0000
1.0000 0.0000 0.0000 0.0000 0.0000 0.0000 0.0000 0.0000 0.0000 0.0000
0.5182 0.2560 0.0000 0.1367 0.0000 0.0000 0.0891 0.0000 0.0000 0.0000
0.0879 0.0000 0.3677 0.0000 0.0000 0.4308 0.0000 0.0000 0.0000 0.1137
0.7144 0.0523 0.0000 0.2333 0.0000 0.0000 0.0000 0.0000 0.0000 0.0000
0.2132 0.0000 0.0000 0.0000 0.0000 0.0000 0.0000 0.0000 0.7868 0.0000
0.0825 0.4913 0.0000 0.4262 0.0000 0.0000 0.0000 0.0000 0.0000 0.0000
0.8600 0.0000 0.1400 0.0000 0.0000 0.0000 0.0000 0.0000 0.0000 0.0000
0.0796 0.9204 0.0000 0.0000 0.0000 0.0000 0.0000 0.0000 0.0000 0.0000
0.0993 0.0887 0.0000 0.2405 0.5716 0.0000 0.0000 0.0000 0.0000 0.0000
0.3213 0.3214 0.0000 0.3573 0.0000 0.0000 0.0000 0.0000 0.0000 0.0000
0.1105 0.4140 0.0000 0.4107 0.0649 0.0000 0.0000 0.0000 0.0000 0.0000
0.4029 0.0000 0.3293 0.0000 0.0000 0.1082 0.0000 0.1596 0.0000 0.0000
0.1881 0.0000 0.8119 0.0000 0.0000 0.0000 0.0000 0.0000 0.0000 0.0000
0.8686 0.0000 0.1314 0.0000 0.0000 0.0000 0.0000 0.0000 0.0000 0.0000
1.0000 0.0000 0.0000 0.0000 0.0000 0.0000 0.0000 0.0000 0.0000 0.0000
0.8493 0.1507 0.0000 0.0000 0.0000 0.0000 0.0000 0.0000 0.0000 0.0000
0.2224 0.2592 0.0000 0.0884 0.0000 0.0000 0.4299 0.0000 0.0000 0.0000
0.2484 0.0000 0.1227 0.0000 0.0000 0.5295 0.0000 0.0000 0.0000 0.0993
0.3894 0.6106 0.0000 0.0000 0.0000 0.0000 0.0000 0.0000 0.0000 0.0000
0.2697 0.0000 0.7303 0.0000 0.0000 0.0000 0.0000 0.0000 0.0000 0.0000
0.1854 0.0000 0.0000 0.0000 0.0000 0.0000 0.0000 0.0000 0.8146 0.0000
0.2650 0.4801 0.0000 0.2549 0.0000 0.0000 0.0000 0.0000 0.0000 0.0000
0.7825 0.0000 0.2175 0.0000 0.0000 0.0000 0.0000 0.0000 0.0000 0.0000
0.5680 0.0000 0.1343 0.0000 0.0000 0.2977 0.0000 0.0000 0.0000 0.0000
0.4778 0.0000 0.5222 0.0000 0.0000 0.0000 0.0000 0.0000 0.0000 0.0000
0.3000 0.0647 0.0000 0.6353 0.0000 0.0000 0.0000 0.0000 0.0000 0.0000
0.5822 0.0000 0.1285 0.0000 0.0000 0.2057 0.0000 0.0000 0.0000 0.0836
0.8783 0.0000 0.1217 0.0000 0.0000 0.0000 0.0000 0.0000 0.0000 0.0000
0.6150 0.0684 0.0000 0.1238 0.1928 0.0000 0.0000 0.0000 0.0000 0.0000
0.4212 0.0956 0.0000 0.3442 0.1390 0.0000 0.0000 0.0000 0.0000 0.0000
0.7893 0.0000 0.2107 0.0000 0.0000 0.0000 0.0000 0.0000 0.0000 0.0000
0.5905 0.4095 0.0000 0.0000 0.0000 0.0000 0.0000 0.0000 0.0000 0.0000
0.8886 0.0000 0.0000 0.0000 0.0000 0.0000 0.0000 0.0000 0.1114 0.0000
0.0684 0.8150 0.0000 0.1166 0.0000 0.0000 0.0000 0.0000 0.0000 0.0000
0.1613 0.3898 0.0000 0.2302 0.0000 0.0000 0.2187 0.0000 0.0000 0.0000
0.1118 0.0000 0.7334 0.0000 0.0000 0.1548 0.0000 0.0000 0.0000 0.0000
0.5437 0.2082 0.0000 0.0782 0.0000 0.0000 0.1699 0.0000 0.0000 0.0000
0.7955 0.2045 0.0000 0.0000 0.0000 0.0000 0.0000 0.0000 0.0000 0.0000
1.0000 0.0000 0.0000 0.0000 0.0000 0.0000 0.0000 0.0000 0.0000 0.0000
1.0000 0.0000 0.0000 0.0000 0.0000 0.0000 0.0000 0.0000 0.0000 0.0000
0.0771 0.6599 0.0000 0.2630 0.0000 0.0000 0.0000 0.0000 0.0000 0.0000
0.1992 0.5154 0.0000 0.2854 0.0000 0.0000 0.0000 0.0000 0.0000 0.0000
1.0000 0.0000 0.0000 0.0000 0.0000 0.0000 0.0000 0.0000 0.0000 0.0000
1.0000 0.0000 0.0000 0.0000 0.0000 0.0000 0.0000 0.0000 0.0000 0.0000
0.4239 0.0000 0.1872 0.0000 0.0000 0.3065 0.0000 0.0824 0.0000 0.0000
0.9315 0.0000 0.0000 0.0000 0.0000 0.0000 0.0000 0.0000 0.0685 0.0000
0.1497 0.0000 0.1109 0.0000 0.0000 0.2465 0.0000 0.0000 0.0000 0.4929
0.3858 0.0000 0.0000 0.0000 0.0000 0.0000 0.0000 0.0000 0.6142 0.0000
0.4180 0.0000 0.5820 0.0000 0.0000 0.0000 0.0000 0.0000 0.0000 0.0000
0.0914 0.0000 0.0637 0.0000 0.0000 0.1796 0.0000 0.0000 0.0000 0.6653
0.1363 0.0000 0.4083 0.0000 0.0000 0.3378 0.0000 0.1175 0.0000 0.0000
0.3063 0.0000 0.5492 0.0000 0.0000 0.0768 0.0000 0.0677 0.0000 0.0000
0.1559 0.0000 0.7744 0.0000 0.0000 0.0696 0.0000 0.0000 0.0000 0.0000
0.2285 0.0000 0.4876 0.0000 0.0000 0.2840 0.0000 0.0000 0.0000 0.0000
0.0871 0.8485 0.0000 0.0644 0.0000 0.0000 0.0000 0.0000 0.0000 0.0000
1.0000 0.0000 0.0000 0.0000 0.0000 0.0000 0.0000 0.0000 0.0000 0.0000
0.8969 0.0000 0.1031 0.0000 0.0000 0.0000 0.0000 0.0000 0.0000 0.0000
0.5139 0.0000 0.1372 0.0000 0.0000 0.0508 0.0000 0.0000 0.0000 0.2981
0.4256 0.0000 0.5744 0.0000 0.0000 0.0000 0.0000 0.0000 0.0000 0.0000
0.1820 0.0000 0.3070 0.0000 0.0000 0.0772 0.0000 0.0000 0.0000 0.4338
0.7651 0.0000 0.0000 0.0000 0.0000 0.0000 0.0000 0.0000 0.2349 0.0000
0.9243 0.0757 0.0000 0.0000 0.0000 0.0000 0.0000 0.0000 0.0000 0.0000
0.1942 0.0000 0.8058 0.0000 0.0000 0.0000 0.0000 0.0000 0.0000 0.0000
0.6216 0.0000 0.0000 0.0000 0.0000 0.0000 0.0000 0.0000 0.3784 0.0000
0.4031 0.0701 0.0000 0.2129 0.0000 0.0000 0.3139 0.0000 0.0000 0.0000
0.5352 0.4648 0.0000 0.0000 0.0000 0.0000 0.0000 0.0000 0.0000 0.0000
0.2675 0.0000 0.0000 0.0000 0.0000 0.0000 0.0000 0.0000 0.7325 0.0000
0.8981 0.0000 0.0000 0.0000 0.0000 0.0000 0.0000 0.0000 0.1019 0.0000
1.0000 0.0000 0.0000 0.0000 0.0000 0.0000 0.0000 0.0000 0.0000 0.0000
0.3527 0.3490 0.0000 0.1104 0.0000 0.0000 0.1879 0.0000 0.0000 0.0000
0.0587 0.0000 0.0000 0.0000 0.0000 0.0000 0.0000 0.0000 0.9413 0.0000
0.4485 0.0000 0.2185 0.0000 0.0000 0.1424 0.0000 0.0000 0.0000 0.1906
0.1961 0.0000 0.0000 0.0000 0.0000 0.0000 0.0000 0.0000 0.8039 0.0000
0.1621 0.0000 0.3422 0.0000 0.0000 0.4957 0.0000 0.0000 0.0000 0.0000
