	mut5	mut5	mut1	mut1	mut2	mut2	mut3	mut3	mut4	mut4
cell1	0	44	10	49	40	5	41	8	44	0
cell2	0	51	23	26	42	9	46	4	37	7
cell3	0	51	19	31	41	8	39	3	48	1
cell4	0	40	58	0	42	0	49	0	49	0
cell5	0	55	31	29	54	0	48	3	50	0
cell6	0	51	50	0	51	0	45	1	56	0
cell7	0	54	16	29	55	5	51	0	52	0
cell8	0	44	3	52	43	3	43	6	59	1
cell9	0	48	0	53	47	8	35	12	44	0
cell10	0	63	45	16	50	0	57	0	44	0
cell11	0	44	46	0	51	0	47	0	50	4
cell12	6	51	15	25	26	27	53	0	31	21
cell13	1	61	0	49	17	32	52	1	28	16
cell14	0	43	13	42	29	18	54	4	43	1
cell15	0	52	17	33	49	0	56	0	53	0
cell16	4	43	35	22	43	0	48	1	40	9
cell17	0	51	3	39	48	11	48	0	50	0
cell18	0	47	34	16	48	2	53	0	47	2
cell19	0	51	41	12	43	0	51	0	57	0
cell20	0	42	20	31	48	1	66	0	42	0
cell21	0	53	31	24	42	15	59	0	58	0
cell22	0	50	46	3	52	1	45	0	50	0
cell23	0	54	9	21	34	13	49	0	43	2
cell24	1	56	14	35	53	0	50	0	37	0
cell25	0	45	46	0	59	0	53	0	48	0
cell26	1	41	11	35	50	0	35	22	53	0
cell27	1	44	0	46	14	32	47	6	40	0
cell28	0	49	0	53	24	26	48	0	49	0
cell29	0	60	5	48	54	0	46	6	47	1
cell30	0	49	0	54	50	4	43	11	54	0
cell31	0	60	17	38	26	18	51	0	46	3
cell32	5	57	4	40	53	0	50	1	46	0
cell33	1	52	13	32	32	25	47	0	42	0
cell34	0	32	14	43	52	2	51	4	47	0
cell35	0	47	60	0	60	0	52	0	49	0
cell36	0	53	53	0	52	0	62	0	44	0
cell37	1	44	12	22	48	1	59	1	36	17
cell38	8	48	1	46	34	4	50	0	44	0
cell39	0	51	17	29	19	25	59	1	44	12
cell40	0	42	30	24	38	12	49	5	56	0
cell41	0	46	34	17	57	0	51	0	64	0
cell42	0	64	11	50	43	15	37	1	56	2
cell43	0	48	7	44	49	0	42	4	61	0
cell44	0	53	3	47	24	18	40	0	45	0
cell45	0	43	28	19	43	0	43	0	56	2
cell46	0	60	20	23	59	0	56	3	42	0
cell47	0	46	5	50	41	0	51	0	50	0
cell48	1	45	32	25	36	15	45	8	39	0
cell49	0	56	15	29	45	0	47	0	57	0
cell50	0	56	8	36	42	0	49	1	44	0
cell51	0	55	30	12	53	0	54	1	42	0
cell52	0	62	22	33	46	0	43	7	53	0
cell53	0	54	6	42	54	0	42	0	40	1
cell54	2	65	4	49	45	0	43	0	49	2
cell55	0	60	35	14	43	8	40	0	41	7
cell56	0	54	13	25	41	14	51	0	33	14
cell57	0	40	45	0	56	0	45	2	40	0
cell58	0	47	47	13	59	0	48	0	30	0
cell59	0	55	9	41	21	47	66	0	43	7
cell60	0	47	42	2	40	0	55	0	52	0
cell61	2	37	19	21	34	11	45	0	53	0
cell62	14	34	43	0	46	0	57	0	43	0
cell63	2	48	15	40	41	6	35	6	51	0
cell64	0	52	3	57	8	33	54	1	54	0
cell65	0	53	18	29	13	23	36	4	43	0
cell66	4	59	4	55	30	29	47	4	45	12
cell67	0	65	37	4	41	0	54	0	55	0
cell68	0	46	39	14	54	0	53	0	42	0
cell69	0	42	46	0	31	0	45	0	34	0
cell70	0	51	13	54	12	57	40	5	58	0
cell71	0	46	1	33	19	20	66	0	43	0
cell72	0	53	8	26	30	32	47	7	53	0
cell73	0	39	36	23	33	12	66	0	43	0
cell74	0	50	18	40	39	0	46	2	40	0
cell75	0	44	3	47	41	0	51	0	49	0
cell76	0	48	48	0	52	0	55	0	50	0
cell77	0	41	9	34	28	32	51	2	48	0
cell78	3	37	6	46	21	25	48	0	45	8
cell79	4	56	10	36	32	7	45	7	56	0
cell80	0	62	49	1	42	0	53	0	51	2
cell81	1	47	2	43	49	8	43	0	24	16
cell82	0	38	4	34	44	4	53	0	29	18
cell83	0	42	3	50	37	11	52	0	9	42
cell84	1	54	37	18	57	1	37	5	38	0
cell85	0	54	2	39	30	24	44	6	46	0
cell86	0	48	11	20	40	0	50	0	45	6
cell87	0	40	53	0	42	0	50	0	52	0
cell88	0	54	47	0	37	0	49	2	56	0
cell89	2	49	52	0	51	0	56	0	56	0
cell90	0	50	21	31	50	0	51	0	49	0
cell91	0	43	40	9	52	0	49	0	41	0
cell92	0	60	25	32	50	0	59	0	49	1
cell93	0	40	20	29	29	16	46	0	40	0
cell94	0	58	39	0	51	6	52	0	47	0
cell95	2	61	1	43	42	13	50	0	33	14
cell96	0	44	58	0	44	0	51	0	43	4
cell97	0	58	57	0	50	0	58	0	49	0
cell98	0	56	25	26	45	3	43	0	37	8
cell99	12	47	3	43	44	15	32	22	51	0
cell100	0	47	52	0	38	0	42	0	46	0
