44 49 5 8 0 0
51 26 9 4 7 0
51 31 8 3 1 0
40 0 0 0 0 0
55 29 0 3 0 0
51 0 0 1 0 0
54 29 5 0 0 0
44 52 3 6 1 0
48 53 8 12 0 0
63 16 0 0 0 0
44 0 0 0 4 0
51 25 27 0 21 0
61 49 32 1 16 0
43 42 18 4 1 0
52 33 0 0 0 0
43 22 0 1 9 0
51 39 11 0 0 0
47 16 2 0 2 0
51 12 0 0 0 0
42 31 1 0 0 0
53 24 15 0 0 0
50 3 1 0 0 0
54 21 13 0 2 0
56 35 0 0 0 0
45 0 0 0 0 0
41 35 0 22 0 0
44 46 32 6 0 0
49 53 26 0 0 0
60 48 0 6 1 0
49 54 4 11 0 0
60 38 18 0 3 0
57 40 0 1 0 0
52 32 25 0 0 0
32 43 2 4 0 0
47 0 0 0 0 0
53 0 0 0 0 0
44 22 1 1 17 0
48 46 4 0 0 0
51 29 25 1 12 0
42 24 12 5 0 0
46 17 0 0 0 0
64 50 15 1 2 0
48 44 0 4 0 0
53 47 18 0 0 0
43 19 0 0 2 0
60 23 0 3 0 0
46 50 0 0 0 0
45 25 15 8 0 0
56 29 0 0 0 0
56 36 0 1 0 0
55 12 0 1 0 0
62 33 0 7 0 0
54 42 0 0 1 0
65 49 0 0 2 0
60 14 8 0 7 0
54 25 14 0 14 0
40 0 0 2 0 0
47 13 0 0 0 0
55 41 47 0 7 0
47 2 0 0 0 0
37 21 11 0 0 0
34 0 0 0 0 0
48 40 6 6 0 0
52 57 33 1 0 0
53 29 23 4 0 0
59 55 29 4 12 0
65 4 0 0 0 0
46 14 0 0 0 0
42 0 0 0 0 0
51 54 57 5 0 0
46 33 20 0 0 0
53 26 32 7 0 0
39 23 12 0 0 0
50 40 0 2 0 0
44 47 0 0 0 0
48 0 0 0 0 0
41 34 32 2 0 0
37 46 25 0 8 0
56 36 7 7 0 0
62 1 0 0 2 0
47 43 8 0 16 0
38 34 4 0 18 0
42 50 11 0 42 0
54 18 1 5 0 0
54 39 24 6 0 0
48 20 0 0 6 0
40 0 0 0 0 0
54 0 0 2 0 0
49 0 0 0 0 0
50 31 0 0 0 0
43 9 0 0 0 0
60 32 0 0 1 0
40 29 16 0 0 0
58 0 6 0 0 0
61 43 13 0 14 0
44 0 0 0 4 0
58 0 0 0 0 0
56 26 3 0 8 0
47 43 15 22 0 0
47 0 0 0 0 0
