44 59 45 49 44 0
51 49 51 50 44 0
51 50 49 42 49 0
40 58 42 49 49 0
55 60 54 51 50 0
51 50 51 46 56 0
54 45 60 51 52 0
44 55 46 49 60 0
48 53 55 47 44 0
63 61 50 57 44 0
44 46 51 47 54 0
57 40 53 53 52 0
62 49 49 53 44 0
43 55 47 58 44 0
52 50 49 56 53 0
47 57 43 49 49 0
51 42 59 48 50 0
47 50 50 53 49 0
51 53 43 51 57 0
42 51 49 66 42 0
53 55 57 59 58 0
50 49 53 45 50 0
54 30 47 49 45 0
57 49 53 50 37 0
45 46 59 53 48 0
42 46 50 57 53 0
45 46 46 53 40 0
49 53 50 48 49 0
60 53 54 52 48 0
49 54 54 54 54 0
60 55 44 51 49 0
62 44 53 51 46 0
53 45 57 47 42 0
32 57 54 55 47 0
47 60 60 52 49 0
53 53 52 62 44 0
45 34 49 60 53 0
56 47 38 50 44 0
51 46 44 60 56 0
42 54 50 54 56 0
46 51 57 51 64 0
64 61 58 38 58 0
48 51 49 46 61 0
53 50 42 40 45 0
43 47 43 43 58 0
60 43 59 59 42 0
46 55 41 51 50 0
46 57 51 53 39 0
56 44 45 47 57 0
56 44 42 50 44 0
55 42 53 55 42 0
62 55 46 50 53 0
54 48 54 42 41 0
67 53 45 43 51 0
60 49 51 40 48 0
54 38 55 51 47 0
40 45 56 47 40 0
47 60 59 48 30 0
55 50 68 66 50 0
47 44 40 55 52 0
39 40 45 45 53 0
48 43 46 57 43 0
50 55 47 41 51 0
52 60 41 55 54 0
53 47 36 40 43 0
63 59 59 51 57 0
65 41 41 54 55 0
46 53 54 53 42 0
42 46 31 45 34 0
51 67 69 45 58 0
46 34 39 66 43 0
53 34 62 54 53 0
39 59 45 66 43 0
50 58 39 48 40 0
44 50 41 51 49 0
48 48 52 55 50 0
41 43 60 53 48 0
40 52 46 48 53 0
60 46 39 52 56 0
62 50 42 53 53 0
48 45 57 43 40 0
38 38 48 53 47 0
42 53 48 52 51 0
55 55 58 42 38 0
54 41 54 50 46 0
48 31 40 50 51 0
40 53 42 50 52 0
54 47 37 51 56 0
51 52 51 56 56 0
50 52 50 51 49 0
43 49 52 49 41 0
60 57 50 59 50 0
40 49 45 46 40 0
58 39 57 52 47 0
63 44 55 50 47 0
44 58 44 51 47 0
58 57 50 58 49 0
56 51 48 43 45 0
59 46 59 54 51 0
47 52 38 42 46 0
