1.0000 0.8305 0.1111 0.1633 0.0000 0.0000
1.0000 0.5306 0.1765 0.0800 0.1591 0.0000
1.0000 0.6200 0.1633 0.0714 0.0204 0.0000
1.0000 0.0000 0.0000 0.0000 0.0000 0.0000
1.0000 0.4833 0.0000 0.0588 0.0000 0.0000
1.0000 0.0000 0.0000 0.0217 0.0000 0.0000
1.0000 0.6444 0.0833 0.0000 0.0000 0.0000
1.0000 0.9455 0.0652 0.1224 0.0167 0.0000
1.0000 1.0000 0.1455 0.2553 0.0000 0.0000
1.0000 0.2623 0.0000 0.0000 0.0000 0.0000
1.0000 0.0000 0.0000 0.0000 0.0741 0.0000
0.8947 0.6250 0.5094 0.0000 0.4038 0.0000
0.9839 1.0000 0.6531 0.0189 0.3636 0.0000
1.0000 0.7636 0.3830 0.0690 0.0227 0.0000
1.0000 0.6600 0.0000 0.0000 0.0000 0.0000
0.9149 0.3860 0.0000 0.0204 0.1837 0.0000
1.0000 0.9286 0.1864 0.0000 0.0000 0.0000
1.0000 0.3200 0.0400 0.0000 0.0408 0.0000
1.0000 0.2264 0.0000 0.0000 0.0000 0.0000
1.0000 0.6078 0.0204 0.0000 0.0000 0.0000
1.0000 0.4364 0.2632 0.0000 0.0000 0.0000
1.0000 0.0612 0.0189 0.0000 0.0000 0.0000
1.0000 0.7000 0.2766 0.0000 0.0444 0.0000
0.9825 0.7143 0.0000 0.0000 0.0000 0.0000
1.0000 0.0000 0.0000 0.0000 0.0000 0.0000
0.9762 0.7609 0.0000 0.3860 0.0000 0.0000
0.9778 1.0000 0.6957 0.1132 0.0000 0.0000
1.0000 1.0000 0.5200 0.0000 0.0000 0.0000
1.0000 0.9057 0.0000 0.1154 0.0208 0.0000
1.0000 1.0000 0.0741 0.2037 0.0000 0.0000
1.0000 0.6909 0.4091 0.0000 0.0612 0.0000
0.9194 0.9091 0.0000 0.0196 0.0000 0.0000
0.9811 0.7111 0.4386 0.0000 0.0000 0.0000
1.0000 0.7544 0.0370 0.0727 0.0000 0.0000
1.0000 0.0000 0.0000 0.0000 0.0000 0.0000
1.0000 0.0000 0.0000 0.0000 0.0000 0.0000
0.9778 0.6471 0.0204 0.0167 0.3208 0.0000
0.8571 0.9787 0.1053 0.0000 0.0000 0.0000
1.0000 0.6304 0.5682 0.0167 0.2143 0.0000
1.0000 0.4444 0.2400 0.0926 0.0000 0.0000
1.0000 0.3333 0.0000 0.0000 0.0000 0.0000
1.0000 0.8197 0.2586 0.0263 0.0345 0.0000
1.0000 0.8627 0.0000 0.0870 0.0000 0.0000
1.0000 0.9400 0.4286 0.0000 0.0000 0.0000
1.0000 0.4043 0.0000 0.0000 0.0345 0.0000
1.0000 0.5349 0.0000 0.0508 0.0000 0.0000
1.0000 0.9091 0.0000 0.0000 0.0000 0.0000
0.9783 0.4386 0.2941 0.1509 0.0000 0.0000
1.0000 0.6591 0.0000 0.0000 0.0000 0.0000
1.0000 0.8182 0.0000 0.0200 0.0000 0.0000
1.0000 0.2857 0.0000 0.0182 0.0000 0.0000
1.0000 0.6000 0.0000 0.1400 0.0000 0.0000
1.0000 0.8750 0.0000 0.0000 0.0244 0.0000
0.9701 0.9245 0.0000 0.0000 0.0392 0.0000
1.0000 0.2857 0.1569 0.0000 0.1458 0.0000
1.0000 0.6579 0.2545 0.0000 0.2979 0.0000
1.0000 0.0000 0.0000 0.0426 0.0000 0.0000
1.0000 0.2167 0.0000 0.0000 0.0000 0.0000
1.0000 0.8200 0.6912 0.0000 0.1400 0.0000
1.0000 0.0455 0.0000 0.0000 0.0000 0.0000
0.9487 0.5250 0.2444 0.0000 0.0000 0.0000
0.7083 0.0000 0.0000 0.0000 0.0000 0.0000
0.9600 0.7273 0.1277 0.1463 0.0000 0.0000
1.0000 0.9500 0.8049 0.0182 0.0000 0.0000
1.0000 0.6170 0.6389 0.1000 0.0000 0.0000
0.9365 0.9322 0.4915 0.0784 0.2105 0.0000
1.0000 0.0976 0.0000 0.0000 0.0000 0.0000
1.0000 0.2642 0.0000 0.0000 0.0000 0.0000
1.0000 0.0000 0.0000 0.0000 0.0000 0.0000
1.0000 0.8060 0.8261 0.1111 0.0000 0.0000
1.0000 0.9706 0.5128 0.0000 0.0000 0.0000
1.0000 0.7647 0.5161 0.1296 0.0000 0.0000
1.0000 0.3898 0.2667 0.0000 0.0000 0.0000
1.0000 0.6897 0.0000 0.0417 0.0000 0.0000
1.0000 0.9400 0.0000 0.0000 0.0000 0.0000
1.0000 0.0000 0.0000 0.0000 0.0000 0.0000
1.0000 0.7907 0.5333 0.0377 0.0000 0.0000
0.9250 0.8846 0.5435 0.0000 0.1509 0.0000
0.9333 0.7826 0.1795 0.1346 0.0000 0.0000
1.0000 0.0200 0.0000 0.0000 0.0377 0.0000
0.9792 0.9556 0.1404 0.0000 0.4000 0.0000
1.0000 0.8947 0.0833 0.0000 0.3830 0.0000
1.0000 0.9434 0.2292 0.0000 0.8235 0.0000
0.9818 0.3273 0.0172 0.1190 0.0000 0.0000
1.0000 0.9512 0.4444 0.1200 0.0000 0.0000
1.0000 0.6452 0.0000 0.0000 0.1176 0.0000
1.0000 0.0000 0.0000 0.0000 0.0000 0.0000
1.0000 0.0000 0.0000 0.0392 0.0000 0.0000
0.9608 0.0000 0.0000 0.0000 0.0000 0.0000
1.0000 0.5962 0.0000 0.0000 0.0000 0.0000
1.0000 0.1837 0.0000 0.0000 0.0000 0.0000
1.0000 0.5614 0.0000 0.0000 0.0200 0.0000
1.0000 0.5918 0.3556 0.0000 0.0000 0.0000
1.0000 0.0000 0.1053 0.0000 0.0000 0.0000
0.9683 0.9773 0.2364 0.0000 0.2979 0.0000
1.0000 0.0000 0.0000 0.0000 0.0851 0.0000
1.0000 0.0000 0.0000 0.0000 0.0000 0.0000
1.0000 0.5098 0.0625 0.0000 0.1778 0.0000
0.7966 0.9348 0.2542 0.4074 0.0000 0.0000
1.0000 0.0000 0.0000 0.0000 0.0000 0.0000
