56 27 0 0 13 0 0 0 0 0 4 1 0 0 0 0
51 0 33 0 1 3 0 0 8 0 0 7 6 0 0 0
45 0 1 0 1 17 0 13 1 0 0 1 0 0 0 0
53 36 0 27 0 0 0 7 0 0 0 0 0 0 0 0
53 1 7 1 0 20 0 2 7 0 2 1 0 0 0 0
47 0 3 0 0 22 0 0 1 3 0 2 0 0 0 0
36 0 0 0 0 0 0 0 0 0 0 2 0 1 0 0
55 20 0 0 0 0 0 0 0 0 0 0 0 0 0 0
62 44 0 2 35 0 0 0 0 0 5 1 2 0 0 0
57 33 0 2 3 0 0 0 0 0 0 0 0 0 0 0
44 48 0 49 0 0 0 0 0 0 2 0 0 0 0 0
46 13 0 1 1 4 1 0 0 0 0 0 0 2 0 0
56 0 13 0 0 4 0 6 16 1 0 0 2 0 4 0
45 27 0 1 0 0 0 0 0 0 0 1 0 0 0 0
48 0 5 0 0 13 0 2 5 0 0 0 0 1 0 0
49 26 0 3 1 0 3 0 0 2 0 0 0 0 0 0
55 30 0 1 7 0 0 0 0 0 0 0 0 0 0 0
39 0 8 4 0 19 0 3 1 0 0 2 0 0 38 0
45 21 0 0 3 0 0 0 0 0 0 2 0 0 0 0
64 0 6 0 0 40 2 0 0 0 1 1 0 0 0 0
49 0 2 1 0 21 0 0 6 22 0 5 0 0 0 0
47 0 0 2 0 0 1 0 0 0 1 0 1 0 0 0
45 3 7 0 2 22 1 0 20 0 2 2 0 0 12 0
58 34 0 0 17 0 0 0 0 0 1 2 0 0 0 0
47 10 0 15 1 0 0 0 0 0 0 0 0 0 0 0
51 0 2 0 0 22 0 0 17 23 0 5 0 0 0 0
35 19 1 0 0 0 0 0 0 0 2 0 0 0 5 0
50 19 0 0 20 0 10 0 0 0 19 0 1 4 0 0
47 0 27 0 2 0 0 0 0 0 0 1 0 0 1 0
61 7 0 0 7 0 1 0 0 0 0 0 0 0 0 0
53 30 0 27 1 0 0 1 0 0 0 0 1 0 0 0
52 0 1 0 0 28 0 0 1 40 0 0 0 0 2 0
46 0 8 0 0 19 0 0 1 0 1 0 0 0 1 0
48 49 0 1 16 0 0 0 0 0 0 0 0 1 3 0
45 30 0 3 0 0 0 0 2 0 3 0 0 0 0 0
54 2 0 0 0 0 0 0 1 0 0 0 0 0 0 0
45 22 0 0 22 0 0 0 0 0 3 2 1 3 12 0
43 0 0 0 2 0 0 0 0 0 0 0 0 0 0 0
47 0 12 0 0 10 7 8 11 0 0 0 0 0 0 0
63 0 13 0 0 28 0 1 0 0 0 0 0 0 1 0
47 1 1 0 0 41 0 31 1 3 0 1 0 0 0 0
49 0 32 0 0 0 1 4 0 0 0 0 1 0 0 0
49 0 4 0 0 33 0 0 0 16 0 12 0 0 0 0
43 0 43 0 1 1 0 1 0 0 0 0 0 0 0 0
44 30 0 0 0 2 22 1 0 0 0 0 4 0 0 0
43 0 0 0 0 0 0 0 0 2 0 0 2 0 0 0
44 31 0 1 7 1 0 5 0 0 1 0 4 0 0 0
49 0 0 0 0 0 2 0 0 1 0 0 0 0 0 0
60 42 0 5 0 0 0 0 2 0 0 0 0 0 0 0
44 9 0 2 0 0 0 0 0 0 1 0 0 0 0 0
48 0 28 0 0 18 0 0 12 4 0 0 4 0 5 0
45 0 37 0 0 26 0 1 8 0 0 5 0 4 3 0
44 0 39 0 0 21 0 0 3 0 1 3 0 0 12 0
45 34 0 1 31 0 0 0 2 0 0 0 0 3 0 0
58 0 0 1 3 0 0 0 0 0 0 0 0 0 0 0
51 28 0 0 27 0 0 0 0 0 25 0 0 11 0 0
49 0 7 2 0 17 0 4 2 0 0 0 0 0 0 0
36 0 1 0 0 41 0 2 14 0 0 0 0 0 20 0
51 14 0 0 0 0 0 1 1 0 1 0 1 0 1 0
46 0 24 0 0 12 1 0 0 0 0 0 0 0 0 0
56 0 0 0 0 26 0 0 3 0 0 0 0 0 0 0
53 0 11 0 0 0 8 0 0 1 6 1 0 0 0 0
46 35 0 1 1 0 0 0 0 0 0 0 1 0 2 0
49 33 0 0 21 0 0 0 0 0 22 1 2 0 0 0
52 31 1 0 34 1 3 0 1 8 12 0 2 0 0 0
52 40 1 9 5 0 0 0 0 0 0 0 0 0 0 0
57 0 2 3 0 41 0 0 31 18 1 10 0 0 0 0
43 0 47 0 0 0 0 0 1 0 3 0 0 0 0 0
43 0 0 0 0 0 0 0 0 0 1 0 0 0 0 0
44 3 10 0 0 30 0 0 4 0 0 3 29 0 0 0
36 2 12 0 1 33 0 0 3 7 0 1 0 0 13 0
41 0 29 0 2 4 0 1 1 0 0 0 0 1 0 0
44 45 1 0 38 8 0 0 0 0 21 3 0 0 0 0
54 0 40 0 0 0 8 0 0 0 1 0 1 0 0 0
58 0 33 0 1 9 0 5 17 0 0 4 4 0 1 0
51 9 0 0 1 4 8 0 0 0 0 0 0 0 0 0
44 28 5 0 0 0 0 3 0 0 0 2 0 0 0 0
46 51 0 0 36 0 0 4 0 0 24 0 0 10 0 0
56 0 26 1 0 0 0 0 0 0 0 0 0 0 0 0
53 50 0 0 8 3 0 0 0 1 3 0 1 0 0 0
53 0 4 0 0 0 0 0 0 1 2 0 0 0 0 0
51 46 0 0 0 2 42 0 0 0 0 0 1 0 0 0
55 36 4 2 18 0 0 0 0 0 0 0 0 0 0 0
38 2 26 0 0 24 0 0 0 0 0 0 0 0 0 0
58 1 27 3 1 7 1 0 0 0 2 0 1 0 0 0
49 9 0 0 0 1 0 0 4 0 0 3 0 4 0 0
52 0 1 0 0 23 0 2 9 22 0 7 2 0 0 0
44 1 17 0 1 0 0 1 2 0 0 0 0 0 0 0
42 0 6 0 0 59 0 0 2 37 1 8 0 1 0 0
54 0 7 0 0 38 0 0 15 0 2 0 1 0 7 0
51 0 1 0 1 2 1 0 26 11 0 3 0 0 0 0
57 0 23 3 0 1 0 0 0 0 0 1 0 0 0 0
45 22 1 1 0 2 2 0 1 0 0 0 0 1 0 0
47 0 42 0 0 0 0 1 1 0 0 0 0 0 0 0
40 0 5 0 0 38 0 0 11 0 0 1 5 0 15 0
37 11 2 1 0 0 1 0 0 0 0 0 2 0 0 0
50 0 6 2 0 16 0 6 20 1 0 0 0 0 0 0
53 0 4 0 0 20 0 0 20 6 0 5 0 0 0 0
52 42 0 0 25 0 0 0 0 0 15 0 0 0 1 0
57 0 8 0 0 35 0 1 18 0 0 0 0 1 0 0
