56 52 56 57 45 59 63 57 54 48 43 51 46 53 44 0
51 55 52 57 65 47 62 45 49 39 56 47 47 57 54 0
46 37 43 54 49 42 46 56 39 53 46 42 55 48 52 0
53 38 43 54 51 50 48 46 41 47 55 54 52 62 47 0
53 47 57 49 62 49 55 45 52 41 61 48 51 54 47 0
47 50 40 45 64 53 55 38 38 37 57 61 56 51 56 0
36 40 47 47 64 47 55 44 59 55 49 46 49 55 42 0
55 40 54 50 47 52 36 44 42 42 44 55 60 33 42 0
62 44 35 46 48 55 57 52 50 42 54 53 48 46 59 0
59 45 55 36 45 51 54 53 52 57 35 50 50 48 47 0
44 48 53 63 47 44 58 44 52 51 48 49 45 51 51 0
46 47 51 43 48 69 47 53 52 60 46 41 50 46 53 0
56 45 58 49 31 44 55 59 44 54 39 54 39 49 43 0
48 46 49 43 57 47 59 50 48 35 44 50 60 65 53 0
48 42 62 60 49 43 39 43 45 54 50 44 49 50 47 0
49 51 50 62 61 42 52 46 52 45 54 44 50 38 53 0
55 43 61 46 49 46 49 57 33 58 64 49 67 53 49 0
40 42 52 49 52 43 48 53 56 42 47 54 40 52 53 0
46 40 48 45 48 47 70 52 44 52 41 55 52 62 44 0
64 46 52 47 51 50 48 47 53 52 53 43 54 48 60 0
49 45 52 40 45 54 39 58 53 54 56 47 57 42 55 0
47 60 45 64 47 46 55 44 53 52 45 50 47 52 45 0
45 52 49 46 48 44 55 51 47 61 48 43 64 46 50 0
58 56 52 59 44 51 46 50 48 52 51 52 41 46 53 0
47 30 41 50 49 56 43 29 47 53 51 45 56 44 50 0
51 57 39 43 38 49 48 51 45 48 62 52 51 49 49 0
36 58 52 50 46 62 53 52 54 55 46 48 54 65 53 0
50 39 48 39 37 52 44 49 40 50 53 44 45 53 48 0
47 53 41 38 53 40 44 49 42 64 48 47 54 37 40 0
61 59 51 36 46 44 49 52 53 50 60 56 45 52 44 0
53 43 56 49 60 44 53 49 54 48 43 61 52 58 53 0
52 54 47 36 48 43 44 56 46 55 55 49 64 50 55 0
46 51 52 58 48 62 51 46 49 57 45 52 65 44 59 0
48 62 41 51 47 48 53 56 65 65 66 60 50 44 50 0
46 47 58 47 60 50 34 56 56 41 39 52 55 48 55 0
54 51 48 45 41 54 47 45 39 52 54 57 45 54 43 0
45 38 52 55 47 58 57 47 40 61 57 51 55 64 52 0
45 58 41 44 47 50 39 54 60 57 42 58 54 40 60 0
47 52 55 42 55 46 50 50 58 51 49 42 55 52 41 0
64 46 47 37 55 41 41 42 45 47 53 49 51 52 46 0
47 50 72 47 44 67 52 50 42 42 58 32 56 52 50 0
49 45 42 44 36 60 42 41 58 55 43 43 49 57 61 0
50 55 52 48 49 48 45 45 43 50 45 47 38 62 47 0
43 37 50 57 41 50 48 46 49 42 66 47 50 57 47 0
44 44 50 35 57 62 45 41 48 60 51 46 52 38 57 0
43 42 50 60 47 47 60 47 51 59 56 47 50 46 55 0
44 49 46 53 43 43 51 50 55 42 52 62 49 48 58 0
49 50 59 56 66 32 49 56 53 61 50 52 57 41 42 0
60 50 49 30 58 60 56 46 54 45 43 39 63 45 41 0
44 40 49 44 51 42 48 46 51 45 48 43 51 51 58 0
49 49 69 45 40 45 54 45 52 49 52 37 58 46 55 0
45 29 50 62 54 55 49 52 33 43 49 42 62 45 40 0
46 66 49 62 46 41 47 46 45 42 43 48 65 57 56 0
45 46 44 43 47 52 53 50 52 63 46 47 38 52 44 0
58 46 46 44 38 53 54 56 50 53 53 59 41 44 58 0
51 47 48 57 45 68 45 45 52 57 52 56 55 43 53 0
49 44 50 50 33 61 59 59 56 54 50 53 51 50 33 0
36 42 46 47 55 64 64 44 51 47 52 41 46 53 45 0
53 49 49 50 55 51 46 53 66 56 48 60 53 59 47 0
46 51 57 55 45 38 55 52 46 55 52 51 60 54 50 0
56 56 41 48 39 47 58 38 60 49 61 51 43 53 47 0
53 51 57 52 51 60 44 38 43 58 57 47 50 49 39 0
48 54 47 57 58 53 47 48 54 41 48 56 61 50 44 0
49 37 57 45 38 46 46 60 46 37 62 47 55 53 53 0
53 34 39 49 58 48 54 44 46 54 38 45 41 69 61 0
52 43 44 41 49 42 46 43 38 45 50 48 45 52 45 0
57 44 60 51 39 52 39 54 54 43 55 53 61 37 53 0
44 50 47 55 36 45 53 47 61 56 43 39 54 56 58 0
45 52 51 44 52 50 51 46 52 51 43 46 40 43 66 0
49 48 44 48 47 52 40 47 52 55 56 38 58 44 62 0
36 47 58 51 54 49 53 50 56 52 56 57 52 54 58 0
41 59 43 49 45 46 37 47 48 53 46 58 41 42 51 0
44 61 50 47 56 52 78 42 56 53 54 64 47 50 59 0
57 50 54 45 41 49 49 47 47 48 48 61 42 40 53 0
58 41 46 38 48 51 44 64 50 55 59 42 44 49 38 0
51 46 51 56 54 53 47 62 44 68 49 45 51 56 60 0
47 46 54 45 37 45 55 51 34 44 47 52 51 61 47 0
46 56 52 44 42 61 41 48 42 44 49 35 23 53 44 0
56 46 45 58 51 42 46 48 45 49 58 47 59 59 46 0
54 60 48 59 44 52 39 54 42 46 43 58 53 51 46 0
53 44 50 60 47 60 55 52 47 59 47 48 52 40 43 0
52 60 45 61 41 54 47 44 56 55 51 37 47 46 39 0
56 45 45 49 36 58 49 61 50 45 49 56 51 52 56 0
39 47 54 53 61 52 45 44 50 56 58 47 46 52 65 0
58 51 46 61 45 44 48 56 52 64 65 50 56 45 41 0
49 62 45 38 55 50 54 53 59 34 44 57 54 52 42 0
52 45 54 49 50 43 50 46 48 51 59 50 41 68 41 0
44 44 58 42 53 60 43 50 56 42 44 50 51 50 44 0
42 62 50 49 61 61 51 58 46 47 41 39 51 44 52 0
54 47 49 47 68 51 54 59 56 61 49 53 60 45 63 0
51 57 34 51 55 46 47 47 49 59 54 53 51 46 42 0
57 53 53 39 55 52 54 40 40 48 48 50 47 44 61 0
45 58 49 64 47 50 51 39 50 63 52 54 39 47 52 0
48 35 45 53 47 55 68 46 52 56 45 52 61 43 51 0
40 49 49 52 56 60 42 62 50 45 56 48 40 55 52 0
37 47 50 60 47 61 56 50 50 55 65 44 44 41 39 0
50 61 45 41 59 50 51 47 48 53 55 60 47 43 57 0
53 34 38 44 41 55 45 51 41 54 54 58 55 51 44 0
53 51 51 44 31 46 47 55 55 64 43 37 44 51 47 0
57 56 55 47 51 50 26 52 52 50 52 39 37 47 46 0
