1.0000 0.5192 0.0000 0.0000 0.2889 0.0000 0.0000 0.0000 0.0000 0.0000 0.0930 0.0196 0.0000 0.0000 0.0000 0.0000
1.0000 0.0000 0.6346 0.0000 0.0154 0.0638 0.0000 0.0000 0.1633 0.0000 0.0000 0.1489 0.1277 0.0000 0.0000 0.0000
0.9783 0.0000 0.0233 0.0000 0.0204 0.4048 0.0000 0.2321 0.0256 0.0000 0.0000 0.0238 0.0000 0.0000 0.0000 0.0000
1.0000 0.9474 0.0000 0.5000 0.0000 0.0000 0.0000 0.1522 0.0000 0.0000 0.0000 0.0000 0.0000 0.0000 0.0000 0.0000
1.0000 0.0213 0.1228 0.0204 0.0000 0.4082 0.0000 0.0444 0.1346 0.0000 0.0328 0.0208 0.0000 0.0000 0.0000 0.0000
1.0000 0.0000 0.0750 0.0000 0.0000 0.4151 0.0000 0.0000 0.0263 0.0811 0.0000 0.0328 0.0000 0.0000 0.0000 0.0000
1.0000 0.0000 0.0000 0.0000 0.0000 0.0000 0.0000 0.0000 0.0000 0.0000 0.0000 0.0435 0.0000 0.0182 0.0000 0.0000
1.0000 0.5000 0.0000 0.0000 0.0000 0.0000 0.0000 0.0000 0.0000 0.0000 0.0000 0.0000 0.0000 0.0000 0.0000 0.0000
1.0000 1.0000 0.0000 0.0435 0.7292 0.0000 0.0000 0.0000 0.0000 0.0000 0.0926 0.0189 0.0417 0.0000 0.0000 0.0000
0.9661 0.7333 0.0000 0.0556 0.0667 0.0000 0.0000 0.0000 0.0000 0.0000 0.0000 0.0000 0.0000 0.0000 0.0000 0.0000
1.0000 1.0000 0.0000 0.7778 0.0000 0.0000 0.0000 0.0000 0.0000 0.0000 0.0417 0.0000 0.0000 0.0000 0.0000 0.0000
1.0000 0.2766 0.0000 0.0233 0.0208 0.0580 0.0213 0.0000 0.0000 0.0000 0.0000 0.0000 0.0000 0.0435 0.0000 0.0000
1.0000 0.0000 0.2241 0.0000 0.0000 0.0909 0.0000 0.1017 0.3636 0.0185 0.0000 0.0000 0.0513 0.0000 0.0930 0.0000
0.9375 0.5870 0.0000 0.0233 0.0000 0.0000 0.0000 0.0000 0.0000 0.0000 0.0000 0.0200 0.0000 0.0000 0.0000 0.0000
1.0000 0.0000 0.0806 0.0000 0.0000 0.3023 0.0000 0.0465 0.1111 0.0000 0.0000 0.0000 0.0000 0.0200 0.0000 0.0000
1.0000 0.5098 0.0000 0.0484 0.0164 0.0000 0.0577 0.0000 0.0000 0.0444 0.0000 0.0000 0.0000 0.0000 0.0000 0.0000
1.0000 0.6977 0.0000 0.0217 0.1429 0.0000 0.0000 0.0000 0.0000 0.0000 0.0000 0.0000 0.0000 0.0000 0.0000 0.0000
0.9750 0.0000 0.1538 0.0816 0.0000 0.4419 0.0000 0.0566 0.0179 0.0000 0.0000 0.0370 0.0000 0.0000 0.7170 0.0000
0.9783 0.5250 0.0000 0.0000 0.0625 0.0000 0.0000 0.0000 0.0000 0.0000 0.0000 0.0364 0.0000 0.0000 0.0000 0.0000
1.0000 0.0000 0.1154 0.0000 0.0000 0.8000 0.0417 0.0000 0.0000 0.0000 0.0189 0.0233 0.0000 0.0000 0.0000 0.0000
1.0000 0.0000 0.0385 0.0250 0.0000 0.3889 0.0000 0.0000 0.1132 0.4074 0.0000 0.1064 0.0000 0.0000 0.0000 0.0000
1.0000 0.0000 0.0000 0.0312 0.0000 0.0000 0.0182 0.0000 0.0000 0.0000 0.0222 0.0000 0.0213 0.0000 0.0000 0.0000
1.0000 0.0577 0.1429 0.0000 0.0417 0.5000 0.0182 0.0000 0.4255 0.0000 0.0417 0.0465 0.0000 0.0000 0.2400 0.0000
1.0000 0.6071 0.0000 0.0000 0.3864 0.0000 0.0000 0.0000 0.0000 0.0000 0.0196 0.0385 0.0000 0.0000 0.0000 0.0000
1.0000 0.3333 0.0000 0.3000 0.0204 0.0000 0.0000 0.0000 0.0000 0.0000 0.0000 0.0000 0.0000 0.0000 0.0000 0.0000
1.0000 0.0000 0.0513 0.0000 0.0000 0.4490 0.0000 0.0000 0.3778 0.4792 0.0000 0.0962 0.0000 0.0000 0.0000 0.0000
0.9722 0.3276 0.0192 0.0000 0.0000 0.0000 0.0000 0.0000 0.0000 0.0000 0.0435 0.0000 0.0000 0.0000 0.0943 0.0000
1.0000 0.4872 0.0000 0.0000 0.5405 0.0000 0.2273 0.0000 0.0000 0.0000 0.3585 0.0000 0.0222 0.0755 0.0000 0.0000
1.0000 0.0000 0.6585 0.0000 0.0377 0.0000 0.0000 0.0000 0.0000 0.0000 0.0000 0.0213 0.0000 0.0000 0.0250 0.0000
1.0000 0.1186 0.0000 0.0000 0.1522 0.0000 0.0204 0.0000 0.0000 0.0000 0.0000 0.0000 0.0000 0.0000 0.0000 0.0000
1.0000 0.6977 0.0000 0.5510 0.0167 0.0000 0.0000 0.0204 0.0000 0.0000 0.0000 0.0000 0.0192 0.0000 0.0000 0.0000
1.0000 0.0000 0.0213 0.0000 0.0000 0.6512 0.0000 0.0000 0.0217 0.7273 0.0000 0.0000 0.0000 0.0000 0.0364 0.0000
1.0000 0.0000 0.1538 0.0000 0.0000 0.3065 0.0000 0.0000 0.0204 0.0000 0.0222 0.0000 0.0000 0.0000 0.0169 0.0000
1.0000 0.7903 0.0000 0.0196 0.3404 0.0000 0.0000 0.0000 0.0000 0.0000 0.0000 0.0000 0.0000 0.0227 0.0600 0.0000
0.9783 0.6383 0.0000 0.0638 0.0000 0.0000 0.0000 0.0000 0.0357 0.0000 0.0769 0.0000 0.0000 0.0000 0.0000 0.0000
1.0000 0.0392 0.0000 0.0000 0.0000 0.0000 0.0000 0.0000 0.0256 0.0000 0.0000 0.0000 0.0000 0.0000 0.0000 0.0000
1.0000 0.5789 0.0000 0.0000 0.4681 0.0000 0.0000 0.0000 0.0000 0.0000 0.0526 0.0392 0.0182 0.0469 0.2308 0.0000
0.9556 0.0000 0.0000 0.0000 0.0426 0.0000 0.0000 0.0000 0.0000 0.0000 0.0000 0.0000 0.0000 0.0000 0.0000 0.0000
1.0000 0.0000 0.2182 0.0000 0.0000 0.2174 0.1400 0.1600 0.1897 0.0000 0.0000 0.0000 0.0000 0.0000 0.0000 0.0000
0.9844 0.0000 0.2766 0.0000 0.0000 0.6829 0.0000 0.0238 0.0000 0.0000 0.0000 0.0000 0.0000 0.0000 0.0217 0.0000
1.0000 0.0200 0.0139 0.0000 0.0000 0.6119 0.0000 0.6200 0.0238 0.0714 0.0000 0.0312 0.0000 0.0000 0.0000 0.0000
1.0000 0.0000 0.7619 0.0000 0.0000 0.0000 0.0238 0.0976 0.0000 0.0000 0.0000 0.0000 0.0204 0.0000 0.0000 0.0000
0.9800 0.0000 0.0769 0.0000 0.0000 0.6875 0.0000 0.0000 0.0000 0.3200 0.0000 0.2553 0.0000 0.0000 0.0000 0.0000
1.0000 0.0000 0.8600 0.0000 0.0244 0.0200 0.0000 0.0217 0.0000 0.0000 0.0000 0.0000 0.0000 0.0000 0.0000 0.0000
1.0000 0.6818 0.0000 0.0000 0.0000 0.0323 0.4889 0.0244 0.0000 0.0000 0.0000 0.0000 0.0769 0.0000 0.0000 0.0000
1.0000 0.0000 0.0000 0.0000 0.0000 0.0000 0.0000 0.0000 0.0000 0.0339 0.0000 0.0000 0.0400 0.0000 0.0000 0.0000
1.0000 0.6327 0.0000 0.0189 0.1628 0.0233 0.0000 0.1000 0.0000 0.0000 0.0192 0.0000 0.0816 0.0000 0.0000 0.0000
1.0000 0.0000 0.0000 0.0000 0.0000 0.0000 0.0408 0.0000 0.0000 0.0164 0.0000 0.0000 0.0000 0.0000 0.0000 0.0000
1.0000 0.8400 0.0000 0.1667 0.0000 0.0000 0.0000 0.0000 0.0370 0.0000 0.0000 0.0000 0.0000 0.0000 0.0000 0.0000
1.0000 0.2250 0.0000 0.0455 0.0000 0.0000 0.0000 0.0000 0.0000 0.0000 0.0208 0.0000 0.0000 0.0000 0.0000 0.0000
0.9796 0.0000 0.4058 0.0000 0.0000 0.4000 0.0000 0.0000 0.2308 0.0816 0.0000 0.0000 0.0690 0.0000 0.0909 0.0000
1.0000 0.0000 0.7400 0.0000 0.0000 0.4727 0.0000 0.0192 0.2424 0.0000 0.0000 0.1190 0.0000 0.0889 0.0750 0.0000
0.9565 0.0000 0.7959 0.0000 0.0000 0.5122 0.0000 0.0000 0.0667 0.0000 0.0233 0.0625 0.0000 0.0000 0.2143 0.0000
1.0000 0.7391 0.0000 0.0233 0.6596 0.0000 0.0000 0.0000 0.0385 0.0000 0.0000 0.0000 0.0000 0.0577 0.0000 0.0000
1.0000 0.0000 0.0000 0.0227 0.0789 0.0000 0.0000 0.0000 0.0000 0.0000 0.0000 0.0000 0.0000 0.0000 0.0000 0.0000
1.0000 0.5957 0.0000 0.0000 0.6000 0.0000 0.0000 0.0000 0.0000 0.0000 0.4808 0.0000 0.0000 0.2558 0.0000 0.0000
1.0000 0.0000 0.1400 0.0400 0.0000 0.2787 0.0000 0.0678 0.0357 0.0000 0.0000 0.0000 0.0000 0.0000 0.0000 0.0000
1.0000 0.0000 0.0217 0.0000 0.0000 0.6406 0.0000 0.0455 0.2745 0.0000 0.0000 0.0000 0.0000 0.0000 0.4444 0.0000
0.9623 0.2857 0.0000 0.0000 0.0000 0.0000 0.0000 0.0189 0.0152 0.0000 0.0208 0.0000 0.0189 0.0000 0.0213 0.0000
1.0000 0.0000 0.4211 0.0000 0.0000 0.3158 0.0182 0.0000 0.0000 0.0000 0.0000 0.0000 0.0000 0.0000 0.0000 0.0000
1.0000 0.0000 0.0000 0.0000 0.0000 0.5532 0.0000 0.0000 0.0500 0.0000 0.0000 0.0000 0.0000 0.0000 0.0000 0.0000
1.0000 0.0000 0.1930 0.0000 0.0000 0.0000 0.1818 0.0000 0.0000 0.0172 0.1053 0.0213 0.0000 0.0000 0.0000 0.0000
0.9583 0.6481 0.0000 0.0175 0.0172 0.0000 0.0000 0.0000 0.0000 0.0000 0.0000 0.0000 0.0164 0.0000 0.0455 0.0000
1.0000 0.8919 0.0000 0.0000 0.5526 0.0000 0.0000 0.0000 0.0000 0.0000 0.3548 0.0213 0.0364 0.0000 0.0000 0.0000
0.9811 0.9118 0.0256 0.0000 0.5862 0.0208 0.0556 0.0000 0.0217 0.1481 0.3158 0.0000 0.0488 0.0000 0.0000 0.0000
1.0000 0.9302 0.0227 0.2195 0.1020 0.0000 0.0000 0.0000 0.0000 0.0000 0.0000 0.0000 0.0000 0.0000 0.0000 0.0000
1.0000 0.0000 0.0333 0.0588 0.0000 0.7885 0.0000 0.0000 0.5741 0.4186 0.0182 0.1887 0.0000 0.0000 0.0000 0.0000
0.9773 0.0000 1.0000 0.0000 0.0000 0.0000 0.0000 0.0000 0.0164 0.0000 0.0698 0.0000 0.0000 0.0000 0.0000 0.0000
0.9556 0.0000 0.0000 0.0000 0.0000 0.0000 0.0000 0.0000 0.0000 0.0000 0.0233 0.0000 0.0000 0.0000 0.0000 0.0000
0.8980 0.0625 0.2273 0.0000 0.0000 0.5769 0.0000 0.0000 0.0769 0.0000 0.0000 0.0789 0.5000 0.0000 0.0000 0.0000
1.0000 0.0426 0.2069 0.0000 0.0185 0.6735 0.0000 0.0000 0.0536 0.1346 0.0000 0.0175 0.0000 0.0000 0.2241 0.0000
1.0000 0.0000 0.6744 0.0000 0.0444 0.0870 0.0000 0.0213 0.0208 0.0000 0.0000 0.0000 0.0000 0.0238 0.0000 0.0000
1.0000 0.7377 0.0200 0.0000 0.6786 0.1538 0.0000 0.0000 0.0000 0.0000 0.3889 0.0469 0.0000 0.0000 0.0000 0.0000
0.9474 0.0000 0.7407 0.0000 0.0000 0.0000 0.1633 0.0000 0.0000 0.0000 0.0208 0.0000 0.0238 0.0000 0.0000 0.0000
1.0000 0.0000 0.7174 0.0000 0.0208 0.1765 0.0000 0.0781 0.3400 0.0000 0.0000 0.0952 0.0909 0.0000 0.0263 0.0000
1.0000 0.1957 0.0000 0.0000 0.0185 0.0755 0.1702 0.0000 0.0000 0.0000 0.0000 0.0000 0.0000 0.0000 0.0000 0.0000
0.9362 0.6087 0.0926 0.0000 0.0000 0.0000 0.0000 0.0588 0.0000 0.0000 0.0000 0.0385 0.0000 0.0000 0.0000 0.0000
1.0000 0.9107 0.0000 0.0000 0.8571 0.0000 0.0000 0.0833 0.0000 0.0000 0.4898 0.0000 0.0000 0.1887 0.0000 0.0000
1.0000 0.0000 0.5778 0.0172 0.0000 0.0000 0.0000 0.0000 0.0000 0.0000 0.0000 0.0000 0.0000 0.0000 0.0000 0.0000
0.9815 0.8333 0.0000 0.0000 0.1818 0.0577 0.0000 0.0000 0.0000 0.0217 0.0698 0.0000 0.0189 0.0000 0.0000 0.0000
1.0000 0.0000 0.0800 0.0000 0.0000 0.0000 0.0000 0.0000 0.0000 0.0169 0.0426 0.0000 0.0000 0.0000 0.0000 0.0000
0.9808 0.7667 0.0000 0.0000 0.0000 0.0370 0.8936 0.0000 0.0000 0.0000 0.0000 0.0000 0.0213 0.0000 0.0000 0.0000
0.9821 0.8000 0.0889 0.0408 0.5000 0.0000 0.0000 0.0000 0.0000 0.0000 0.0000 0.0000 0.0000 0.0000 0.0000 0.0000
0.9744 0.0426 0.4815 0.0000 0.0000 0.4615 0.0000 0.0000 0.0000 0.0000 0.0000 0.0000 0.0000 0.0000 0.0000 0.0000
1.0000 0.0196 0.5870 0.0492 0.0222 0.1591 0.0208 0.0000 0.0000 0.0000 0.0308 0.0000 0.0179 0.0000 0.0000 0.0000
1.0000 0.1452 0.0000 0.0000 0.0000 0.0200 0.0000 0.0000 0.0678 0.0000 0.0000 0.0526 0.0000 0.0769 0.0000 0.0000
1.0000 0.0000 0.0185 0.0000 0.0000 0.5349 0.0000 0.0435 0.1875 0.4314 0.0000 0.1400 0.0488 0.0000 0.0000 0.0000
1.0000 0.0227 0.2931 0.0000 0.0189 0.0000 0.0000 0.0200 0.0357 0.0000 0.0000 0.0000 0.0000 0.0000 0.0000 0.0000
1.0000 0.0000 0.1200 0.0000 0.0000 0.9672 0.0000 0.0000 0.0435 0.7872 0.0244 0.2051 0.0000 0.0227 0.0000 0.0000
1.0000 0.0000 0.1429 0.0000 0.0000 0.7451 0.0000 0.0000 0.2679 0.0000 0.0408 0.0000 0.0167 0.0000 0.1111 0.0000
1.0000 0.0000 0.0294 0.0000 0.0182 0.0435 0.0213 0.0000 0.5306 0.1864 0.0000 0.0566 0.0000 0.0000 0.0000 0.0000
1.0000 0.0000 0.4340 0.0769 0.0000 0.0192 0.0000 0.0000 0.0000 0.0000 0.0000 0.0200 0.0000 0.0000 0.0000 0.0000
1.0000 0.3793 0.0204 0.0156 0.0000 0.0400 0.0392 0.0000 0.0200 0.0000 0.0000 0.0000 0.0000 0.0213 0.0000 0.0000
0.9792 0.0000 0.9333 0.0000 0.0000 0.0000 0.0000 0.0217 0.0192 0.0000 0.0000 0.0000 0.0000 0.0000 0.0000 0.0000
1.0000 0.0000 0.1020 0.0000 0.0000 0.6333 0.0000 0.0000 0.2200 0.0000 0.0000 0.0208 0.1250 0.0000 0.2885 0.0000
1.0000 0.2340 0.0400 0.0167 0.0000 0.0000 0.0179 0.0000 0.0000 0.0000 0.0000 0.0000 0.0455 0.0000 0.0000 0.0000
1.0000 0.0000 0.1333 0.0488 0.0000 0.3200 0.0000 0.1277 0.4167 0.0189 0.0000 0.0000 0.0000 0.0000 0.0000 0.0000
1.0000 0.0000 0.1053 0.0000 0.0000 0.3636 0.0000 0.0000 0.4878 0.1111 0.0000 0.0862 0.0000 0.0000 0.0000 0.0000
0.9811 0.8235 0.0000 0.0000 0.8065 0.0000 0.0000 0.0000 0.0000 0.0000 0.3488 0.0000 0.0000 0.0000 0.0213 0.0000
1.0000 0.0000 0.1455 0.0000 0.0000 0.7000 0.0000 0.0192 0.3462 0.0000 0.0000 0.0000 0.0000 0.0213 0.0000 0.0000
