0.4462 0.3348 0.0000 0.0000 0.0959 0.0000 0.0000 0.0000 0.0000 0.0000 0.1232 0.0000 0.0000 0.0000 0.0000
0.0564 0.0000 0.4236 0.0000 0.0000 0.0786 0.0000 0.0000 0.3457 0.0000 0.0000 0.0000 0.0957 0.0000 0.0000
0.1290 0.0000 0.1506 0.0000 0.0000 0.2343 0.0000 0.3009 0.1851 0.0000 0.0000 0.0000 0.0000 0.0000 0.0000
0.1106 0.4110 0.0000 0.4784 0.0000 0.0000 0.0000 0.0000 0.0000 0.0000 0.0000 0.0000 0.0000 0.0000 0.0000
0.3493 0.0000 0.1170 0.0000 0.0000 0.1424 0.0000 0.1431 0.2482 0.0000 0.0000 0.0000 0.0000 0.0000 0.0000
0.2991 0.0000 0.0806 0.0000 0.0000 0.4793 0.0000 0.0000 0.0724 0.0687 0.0000 0.0000 0.0000 0.0000 0.0000
1.0000 0.0000 0.0000 0.0000 0.0000 0.0000 0.0000 0.0000 0.0000 0.0000 0.0000 0.0000 0.0000 0.0000 0.0000
0.2943 0.7057 0.0000 0.0000 0.0000 0.0000 0.0000 0.0000 0.0000 0.0000 0.0000 0.0000 0.0000 0.0000 0.0000
0.0569 0.4126 0.0000 0.0000 0.4487 0.0000 0.0000 0.0000 0.0000 0.0000 0.0818 0.0000 0.0000 0.0000 0.0000
0.4383 0.4113 0.0000 0.0000 0.1504 0.0000 0.0000 0.0000 0.0000 0.0000 0.0000 0.0000 0.0000 0.0000 0.0000
0.0769 0.1939 0.0000 0.7293 0.0000 0.0000 0.0000 0.0000 0.0000 0.0000 0.0000 0.0000 0.0000 0.0000 0.0000
0.7507 0.1540 0.0000 0.0000 0.0953 0.0000 0.0000 0.0000 0.0000 0.0000 0.0000 0.0000 0.0000 0.0000 0.0000
0.2058 0.0000 0.4018 0.0000 0.0000 0.0649 0.0000 0.1327 0.1948 0.0000 0.0000 0.0000 0.0000 0.0000 0.0000
0.5335 0.4665 0.0000 0.0000 0.0000 0.0000 0.0000 0.0000 0.0000 0.0000 0.0000 0.0000 0.0000 0.0000 0.0000
0.4846 0.0000 0.0805 0.0000 0.0000 0.2491 0.0000 0.0648 0.1211 0.0000 0.0000 0.0000 0.0000 0.0000 0.0000
0.5446 0.3745 0.0000 0.0809 0.0000 0.0000 0.0000 0.0000 0.0000 0.0000 0.0000 0.0000 0.0000 0.0000 0.0000
0.2433 0.5644 0.0000 0.0000 0.1923 0.0000 0.0000 0.0000 0.0000 0.0000 0.0000 0.0000 0.0000 0.0000 0.0000
0.1591 0.0000 0.1332 0.0000 0.0000 0.1529 0.0000 0.0000 0.0755 0.0000 0.0000 0.0000 0.0000 0.0000 0.4794
0.4974 0.5026 0.0000 0.0000 0.0000 0.0000 0.0000 0.0000 0.0000 0.0000 0.0000 0.0000 0.0000 0.0000 0.0000
0.3823 0.0000 0.0505 0.0000 0.0000 0.5672 0.0000 0.0000 0.0000 0.0000 0.0000 0.0000 0.0000 0.0000 0.0000
0.0720 0.0000 0.0687 0.0000 0.0000 0.2345 0.0000 0.0000 0.3075 0.0720 0.0000 0.2453 0.0000 0.0000 0.0000
1.0000 0.0000 0.0000 0.0000 0.0000 0.0000 0.0000 0.0000 0.0000 0.0000 0.0000 0.0000 0.0000 0.0000 0.0000
0.1092 0.0000 0.2013 0.0000 0.0000 0.2253 0.0000 0.0000 0.3031 0.0000 0.0000 0.0000 0.0000 0.0000 0.1611
0.4527 0.2156 0.0000 0.0000 0.3317 0.0000 0.0000 0.0000 0.0000 0.0000 0.0000 0.0000 0.0000 0.0000 0.0000
0.7875 0.0972 0.0000 0.1153 0.0000 0.0000 0.0000 0.0000 0.0000 0.0000 0.0000 0.0000 0.0000 0.0000 0.0000
0.0811 0.0000 0.1975 0.0000 0.0000 0.1129 0.0000 0.0000 0.2292 0.0602 0.0000 0.3191 0.0000 0.0000 0.0000
0.6690 0.3310 0.0000 0.0000 0.0000 0.0000 0.0000 0.0000 0.0000 0.0000 0.0000 0.0000 0.0000 0.0000 0.0000
0.3992 0.1448 0.0000 0.0000 0.1645 0.0000 0.0000 0.0000 0.0000 0.0000 0.2167 0.0000 0.0000 0.0748 0.0000
0.2830 0.0000 0.7170 0.0000 0.0000 0.0000 0.0000 0.0000 0.0000 0.0000 0.0000 0.0000 0.0000 0.0000 0.0000
0.8907 0.1093 0.0000 0.0000 0.0000 0.0000 0.0000 0.0000 0.0000 0.0000 0.0000 0.0000 0.0000 0.0000 0.0000
0.4343 0.0573 0.0000 0.5084 0.0000 0.0000 0.0000 0.0000 0.0000 0.0000 0.0000 0.0000 0.0000 0.0000 0.0000
0.0660 0.0000 0.0508 0.0000 0.0000 0.2197 0.0000 0.0000 0.0898 0.5736 0.0000 0.0000 0.0000 0.0000 0.0000
0.7381 0.0000 0.1035 0.0000 0.0000 0.1584 0.0000 0.0000 0.0000 0.0000 0.0000 0.0000 0.0000 0.0000 0.0000
0.3034 0.0858 0.0000 0.0000 0.6108 0.0000 0.0000 0.0000 0.0000 0.0000 0.0000 0.0000 0.0000 0.0000 0.0000
0.2749 0.7251 0.0000 0.0000 0.0000 0.0000 0.0000 0.0000 0.0000 0.0000 0.0000 0.0000 0.0000 0.0000 0.0000
0.6962 0.3038 0.0000 0.0000 0.0000 0.0000 0.0000 0.0000 0.0000 0.0000 0.0000 0.0000 0.0000 0.0000 0.0000
0.3341 0.2171 0.0000 0.0000 0.2680 0.0000 0.0000 0.0000 0.0000 0.0000 0.0627 0.0000 0.0000 0.1181 0.0000
1.0000 0.0000 0.0000 0.0000 0.0000 0.0000 0.0000 0.0000 0.0000 0.0000 0.0000 0.0000 0.0000 0.0000 0.0000
0.1427 0.0000 0.3135 0.0000 0.0000 0.1634 0.0000 0.0996 0.2808 0.0000 0.0000 0.0000 0.0000 0.0000 0.0000
0.2000 0.0000 0.4353 0.0000 0.0000 0.3646 0.0000 0.0000 0.0000 0.0000 0.0000 0.0000 0.0000 0.0000 0.0000
0.1165 0.0000 0.0727 0.0000 0.0000 0.1478 0.0000 0.5505 0.1125 0.0000 0.0000 0.0000 0.0000 0.0000 0.0000
0.2416 0.0000 0.7584 0.0000 0.0000 0.0000 0.0000 0.0000 0.0000 0.0000 0.0000 0.0000 0.0000 0.0000 0.0000
0.2547 0.0000 0.1340 0.0000 0.0000 0.2386 0.0000 0.0000 0.0725 0.0788 0.0000 0.2214 0.0000 0.0000 0.0000
0.3362 0.0000 0.6638 0.0000 0.0000 0.0000 0.0000 0.0000 0.0000 0.0000 0.0000 0.0000 0.0000 0.0000 0.0000
0.2142 0.3132 0.0000 0.0000 0.0000 0.0000 0.4726 0.0000 0.0000 0.0000 0.0000 0.0000 0.0000 0.0000 0.0000
1.0000 0.0000 0.0000 0.0000 0.0000 0.0000 0.0000 0.0000 0.0000 0.0000 0.0000 0.0000 0.0000 0.0000 0.0000
0.3246 0.3833 0.0000 0.0000 0.2921 0.0000 0.0000 0.0000 0.0000 0.0000 0.0000 0.0000 0.0000 0.0000 0.0000
1.0000 0.0000 0.0000 0.0000 0.0000 0.0000 0.0000 0.0000 0.0000 0.0000 0.0000 0.0000 0.0000 0.0000 0.0000
0.2080 0.6133 0.0000 0.1787 0.0000 0.0000 0.0000 0.0000 0.0000 0.0000 0.0000 0.0000 0.0000 0.0000 0.0000
0.7583 0.2417 0.0000 0.0000 0.0000 0.0000 0.0000 0.0000 0.0000 0.0000 0.0000 0.0000 0.0000 0.0000 0.0000
0.1950 0.0000 0.2354 0.0000 0.0000 0.0876 0.0000 0.0000 0.2296 0.0000 0.0000 0.0000 0.0000 0.0000 0.2524
0.0612 0.0000 0.5040 0.0000 0.0000 0.2148 0.0000 0.0000 0.1174 0.0000 0.0000 0.0000 0.0000 0.0000 0.1027
0.2034 0.0000 0.4174 0.0000 0.0000 0.0643 0.0000 0.0000 0.0762 0.0000 0.0000 0.0000 0.0000 0.0000 0.2388
0.1455 0.2297 0.0000 0.0000 0.6248 0.0000 0.0000 0.0000 0.0000 0.0000 0.0000 0.0000 0.0000 0.0000 0.0000
1.0000 0.0000 0.0000 0.0000 0.0000 0.0000 0.0000 0.0000 0.0000 0.0000 0.0000 0.0000 0.0000 0.0000 0.0000
0.3798 0.1577 0.0000 0.0000 0.0897 0.0000 0.0000 0.0000 0.0000 0.0000 0.2630 0.0000 0.0000 0.1098 0.0000
0.4875 0.0000 0.0593 0.0000 0.0000 0.2447 0.0000 0.1078 0.1006 0.0000 0.0000 0.0000 0.0000 0.0000 0.0000
0.0895 0.0000 0.1184 0.0000 0.0000 0.3342 0.0000 0.0000 0.1742 0.0000 0.0000 0.0000 0.0000 0.0000 0.2836
0.7970 0.2030 0.0000 0.0000 0.0000 0.0000 0.0000 0.0000 0.0000 0.0000 0.0000 0.0000 0.0000 0.0000 0.0000
0.5178 0.0000 0.2221 0.0000 0.0000 0.2600 0.0000 0.0000 0.0000 0.0000 0.0000 0.0000 0.0000 0.0000 0.0000
0.1148 0.0000 0.2227 0.0000 0.0000 0.6625 0.0000 0.0000 0.0000 0.0000 0.0000 0.0000 0.0000 0.0000 0.0000
0.7547 0.0000 0.2453 0.0000 0.0000 0.0000 0.0000 0.0000 0.0000 0.0000 0.0000 0.0000 0.0000 0.0000 0.0000
0.3414 0.4496 0.0000 0.2090 0.0000 0.0000 0.0000 0.0000 0.0000 0.0000 0.0000 0.0000 0.0000 0.0000 0.0000
0.1201 0.2105 0.0000 0.0000 0.0984 0.0000 0.0000 0.0000 0.0000 0.0000 0.5709 0.0000 0.0000 0.0000 0.0000
0.0507 0.3189 0.0000 0.0000 0.4527 0.0000 0.0000 0.0000 0.0000 0.0000 0.1777 0.0000 0.0000 0.0000 0.0000
0.3363 0.3042 0.0000 0.3595 0.0000 0.0000 0.0000 0.0000 0.0000 0.0000 0.0000 0.0000 0.0000 0.0000 0.0000
0.1833 0.0000 0.0512 0.0000 0.0000 0.3779 0.0000 0.0000 0.2306 0.0765 0.0000 0.0806 0.0000 0.0000 0.0000
0.1207 0.0000 0.8793 0.0000 0.0000 0.0000 0.0000 0.0000 0.0000 0.0000 0.0000 0.0000 0.0000 0.0000 0.0000
1.0000 0.0000 0.0000 0.0000 0.0000 0.0000 0.0000 0.0000 0.0000 0.0000 0.0000 0.0000 0.0000 0.0000 0.0000
0.1669 0.0000 0.0967 0.0000 0.0000 0.2612 0.0000 0.0000 0.1284 0.0000 0.0000 0.0000 0.3467 0.0000 0.0000
0.3938 0.0000 0.1006 0.0000 0.0000 0.1780 0.0000 0.0000 0.0730 0.0000 0.0000 0.0000 0.0000 0.0000 0.2547
0.1889 0.0000 0.8111 0.0000 0.0000 0.0000 0.0000 0.0000 0.0000 0.0000 0.0000 0.0000 0.0000 0.0000 0.0000
0.2129 0.1977 0.0000 0.0000 0.1535 0.0000 0.0000 0.0000 0.0000 0.0000 0.4360 0.0000 0.0000 0.0000 0.0000
0.3690 0.0000 0.6310 0.0000 0.0000 0.0000 0.0000 0.0000 0.0000 0.0000 0.0000 0.0000 0.0000 0.0000 0.0000
0.1172 0.0000 0.4664 0.0000 0.0000 0.0692 0.0000 0.0000 0.2141 0.0000 0.0000 0.0000 0.0000 0.0000 0.1330
0.4338 0.4394 0.0000 0.0000 0.0000 0.0000 0.1268 0.0000 0.0000 0.0000 0.0000 0.0000 0.0000 0.0000 0.0000
0.2610 0.7390 0.0000 0.0000 0.0000 0.0000 0.0000 0.0000 0.0000 0.0000 0.0000 0.0000 0.0000 0.0000 0.0000
0.1166 0.0646 0.0000 0.0000 0.3236 0.0000 0.0000 0.0000 0.0000 0.0000 0.2813 0.0000 0.0000 0.2138 0.0000
0.4285 0.0000 0.5715 0.0000 0.0000 0.0000 0.0000 0.0000 0.0000 0.0000 0.0000 0.0000 0.0000 0.0000 0.0000
0.2582 0.3255 0.0000 0.0000 0.2507 0.0000 0.0000 0.0000 0.0000 0.0000 0.1655 0.0000 0.0000 0.0000 0.0000
1.0000 0.0000 0.0000 0.0000 0.0000 0.0000 0.0000 0.0000 0.0000 0.0000 0.0000 0.0000 0.0000 0.0000 0.0000
0.1869 0.2855 0.0000 0.0000 0.0000 0.0000 0.5276 0.0000 0.0000 0.0000 0.0000 0.0000 0.0000 0.0000 0.0000
0.1307 0.6082 0.0000 0.0000 0.2611 0.0000 0.0000 0.0000 0.0000 0.0000 0.0000 0.0000 0.0000 0.0000 0.0000
0.5346 0.0000 0.2589 0.0000 0.0000 0.2065 0.0000 0.0000 0.0000 0.0000 0.0000 0.0000 0.0000 0.0000 0.0000
0.5120 0.0000 0.4166 0.0000 0.0000 0.0714 0.0000 0.0000 0.0000 0.0000 0.0000 0.0000 0.0000 0.0000 0.0000
0.8626 0.1374 0.0000 0.0000 0.0000 0.0000 0.0000 0.0000 0.0000 0.0000 0.0000 0.0000 0.0000 0.0000 0.0000
0.1321 0.0000 0.1397 0.0000 0.0000 0.1876 0.0000 0.0000 0.2061 0.2247 0.0000 0.1099 0.0000 0.0000 0.0000
0.6426 0.0000 0.3574 0.0000 0.0000 0.0000 0.0000 0.0000 0.0000 0.0000 0.0000 0.0000 0.0000 0.0000 0.0000
0.0501 0.0000 0.0737 0.0000 0.0000 0.1001 0.0000 0.0000 0.0894 0.5742 0.0000 0.1124 0.0000 0.0000 0.0000
0.2097 0.0000 0.2102 0.0000 0.0000 0.4350 0.0000 0.0000 0.0772 0.0000 0.0000 0.0000 0.0678 0.0000 0.0000
0.0741 0.0000 0.0916 0.0000 0.0000 0.1965 0.0000 0.0000 0.5431 0.0948 0.0000 0.0000 0.0000 0.0000 0.0000
0.6168 0.0000 0.3832 0.0000 0.0000 0.0000 0.0000 0.0000 0.0000 0.0000 0.0000 0.0000 0.0000 0.0000 0.0000
0.4063 0.4925 0.0000 0.1012 0.0000 0.0000 0.0000 0.0000 0.0000 0.0000 0.0000 0.0000 0.0000 0.0000 0.0000
0.1521 0.0000 0.8479 0.0000 0.0000 0.0000 0.0000 0.0000 0.0000 0.0000 0.0000 0.0000 0.0000 0.0000 0.0000
0.0706 0.0000 0.1437 0.0000 0.0000 0.1204 0.0000 0.0000 0.3140 0.0000 0.0000 0.0000 0.0000 0.0000 0.3514
0.7180 0.2820 0.0000 0.0000 0.0000 0.0000 0.0000 0.0000 0.0000 0.0000 0.0000 0.0000 0.0000 0.0000 0.0000
0.1562 0.0000 0.1219 0.0000 0.0000 0.2175 0.0000 0.0769 0.4275 0.0000 0.0000 0.0000 0.0000 0.0000 0.0000
0.2038 0.0000 0.0691 0.0000 0.0000 0.1358 0.0000 0.0000 0.3829 0.1097 0.0000 0.0987 0.0000 0.0000 0.0000
0.2680 0.2392 0.0000 0.0000 0.1998 0.0000 0.0000 0.0000 0.0000 0.0000 0.2930 0.0000 0.0000 0.0000 0.0000
0.1263 0.0000 0.1196 0.0000 0.0000 0.1923 0.0000 0.2642 0.2975 0.0000 0.0000 0.0000 0.0000 0.0000 0.0000
