	mut10	mut10	mut1	mut1	mut2	mut2	mut3	mut3	mut4	mut4	mut5	mut5	mut6	mut6	mut7	mut7	mut8	mut8	mut9	mut9
cell1	0	52	11	41	46	3	9	47	46	2	31	14	55	2	52	0	61	0	47	1
cell2	0	54	17	37	46	0	20	33	40	2	49	11	31	11	50	2	62	0	50	0
cell3	6	50	36	9	55	0	60	1	52	0	45	0	52	0	51	2	55	0	43	0
cell4	0	56	0	49	46	0	8	47	46	0	13	34	19	15	45	9	56	0	57	1
cell5	0	50	31	25	60	2	46	6	45	0	60	0	47	0	48	0	43	0	47	1
cell6	0	42	7	47	43	1	29	26	60	0	26	29	28	34	38	8	57	0	39	0
cell7	0	41	21	31	34	25	57	5	55	0	45	6	43	4	59	0	36	0	49	0
cell8	0	58	30	20	58	1	30	0	35	38	41	0	49	0	40	1	25	8	45	0
cell9	0	51	8	32	35	22	48	0	44	0	55	0	50	0	55	0	47	5	40	3
cell10	0	57	42	0	50	0	52	1	47	0	45	0	52	4	46	0	61	0	17	36
cell11	0	55	23	48	29	22	49	0	48	2	39	0	48	0	55	0	44	0	38	0
cell12	0	42	35	12	50	0	49	0	58	0	54	0	60	0	45	0	56	0	49	0
cell13	0	62	13	37	41	5	28	22	44	0	51	0	43	0	60	1	40	0	48	0
cell14	0	62	31	9	58	0	64	1	37	13	64	0	37	0	46	0	52	0	56	0
cell15	0	57	41	5	45	0	53	0	49	0	43	0	43	3	56	0	40	0	42	10
cell16	0	55	5	46	36	3	51	7	6	39	46	0	44	1	43	0	51	0	54	2
cell17	0	52	60	0	50	2	55	0	45	4	51	0	46	0	53	0	49	0	4	46
cell18	0	48	7	56	51	0	13	39	52	0	29	17	50	0	60	0	42	9	47	0
cell19	0	46	12	48	51	0	32	17	45	0	59	12	40	10	50	0	51	0	48	0
cell20	0	43	0	42	20	38	46	0	56	0	41	0	44	2	47	1	73	0	30	9
cell21	3	65	7	38	53	0	34	5	59	0	46	1	52	0	51	7	52	0	54	0
cell22	0	60	46	0	62	0	47	0	36	0	61	0	57	0	42	0	46	0	51	5
cell23	0	47	10	30	37	24	58	0	51	3	62	0	58	0	52	2	51	3	47	0
cell24	0	54	16	53	45	4	53	0	62	0	40	0	52	0	61	0	46	0	52	0
cell25	2	47	35	17	46	0	43	2	62	0	62	0	44	0	52	0	53	0	40	0
cell26	0	48	2	45	41	0	4	37	44	0	47	11	58	0	53	0	42	0	56	0
cell27	0	45	10	35	48	0	12	40	46	0	31	18	36	15	46	2	51	0	57	0
cell28	0	60	3	47	37	1	24	22	39	0	15	31	21	20	36	14	56	0	50	0
cell29	1	49	59	0	61	0	47	0	54	0	63	0	47	0	54	0	38	5	37	22
cell30	0	66	24	12	51	5	58	0	38	15	62	0	52	0	42	0	54	0	55	7
cell31	0	56	16	32	40	0	45	0	33	0	35	0	54	0	47	0	45	0	66	1
cell32	0	45	0	32	46	2	38	2	19	21	53	0	51	0	46	0	43	11	40	0
cell33	0	48	22	15	48	0	47	0	63	0	53	0	51	0	58	0	43	0	44	0
cell34	0	47	12	39	43	0	55	0	40	0	60	0	52	0	45	0	62	0	55	0
cell35	1	62	50	0	59	0	45	0	47	0	39	0	57	0	44	0	38	1	38	11
cell36	0	46	4	46	51	2	18	38	47	0	45	6	54	0	26	6	65	0	40	0
cell37	0	49	13	35	44	0	38	15	39	5	51	0	50	0	52	0	75	3	48	0
cell38	0	47	47	0	48	0	52	2	56	0	50	0	49	0	47	1	40	0	9	46
cell39	0	53	16	37	27	20	47	4	38	4	43	1	58	2	54	0	46	0	43	0
cell40	0	47	23	26	51	0	53	0	58	0	37	1	50	0	62	0	42	0	51	0
cell41	0	43	8	40	50	0	11	40	48	0	54	0	37	0	41	0	51	0	42	2
cell42	0	49	5	49	45	0	16	43	51	0	26	24	53	3	64	0	52	0	47	0
cell43	0	47	52	0	48	0	49	0	62	0	48	0	49	0	56	0	49	0	11	43
cell44	0	49	4	58	44	0	27	21	52	0	34	16	41	9	37	13	49	0	48	0
cell45	0	53	7	39	53	1	37	17	35	0	42	11	50	3	30	2	48	0	38	4
cell46	0	30	6	42	37	1	36	11	56	0	42	3	45	2	40	0	53	1	49	0
cell47	0	58	37	22	52	0	28	4	60	0	46	0	51	1	55	0	41	2	47	0
cell48	0	46	4	42	47	0	11	36	43	0	26	22	52	10	49	0	54	0	55	0
cell49	0	52	12	25	44	0	40	0	49	0	59	0	57	0	48	0	63	0	54	0
cell50	0	43	7	41	51	0	42	0	56	0	61	0	52	0	53	0	35	5	53	3
cell51	0	35	4	41	62	0	10	43	49	0	31	22	29	24	44	8	48	0	49	0
cell52	0	45	1	39	18	21	57	0	28	17	56	0	52	0	42	1	53	0	56	0
cell53	0	61	38	4	54	0	55	0	48	2	58	0	49	0	47	0	49	0	52	4
cell54	0	48	19	35	52	0	40	15	33	0	43	0	51	0	50	0	41	0	49	0
cell55	0	45	1	43	49	0	13	56	63	0	30	16	47	0	47	0	46	0	48	4
cell56	0	52	10	42	51	0	22	47	36	0	18	34	38	8	39	0	51	0	35	0
cell57	0	52	1	55	60	4	57	0	38	21	54	0	47	0	55	0	44	0	51	0
cell58	0	49	44	0	48	0	36	0	56	0	55	0	60	0	47	0	44	3	22	33
cell59	0	52	47	0	61	0	43	0	24	1	42	0	44	10	59	0	51	0	48	0
cell60	0	48	5	37	30	20	47	0	25	25	61	0	50	0	50	0	28	9	41	0
cell61	0	45	0	36	31	10	47	0	27	14	47	0	59	0	62	0	61	0	47	0
cell62	0	57	5	48	37	8	50	0	17	36	42	0	51	0	60	0	40	6	44	0
cell63	1	52	33	7	30	17	45	1	51	0	46	1	47	0	58	0	38	0	41	0
cell64	1	42	20	33	3	41	45	0	70	0	62	0	40	6	51	0	45	0	49	0
cell65	0	47	44	3	45	1	54	3	42	0	49	0	42	0	57	0	47	0	52	0
cell66	1	51	4	39	56	0	15	34	52	0	27	16	43	4	38	4	55	0	65	0
cell67	0	52	6	49	46	11	49	4	33	24	34	0	41	0	45	0	46	1	61	1
cell68	0	43	38	5	55	0	39	0	56	0	52	0	54	8	58	0	59	0	58	0
cell69	0	56	9	41	28	21	34	0	40	0	59	0	50	0	53	0	60	0	48	0
cell70	6	44	50	0	58	0	56	0	41	0	48	0	52	3	42	0	44	2	44	1
cell71	0	48	51	1	46	0	34	2	47	0	53	0	57	0	52	0	45	0	37	18
cell72	0	36	39	0	47	0	54	0	39	0	52	0	44	4	48	1	49	0	64	0
cell73	0	48	0	37	46	4	47	8	52	0	40	15	28	1	41	0	59	0	49	0
cell74	0	58	20	27	56	3	54	0	41	0	49	5	46	0	39	0	46	1	52	1
cell75	0	49	24	20	48	12	38	5	51	0	54	6	56	0	52	0	52	1	51	0
cell76	0	44	7	45	57	0	32	26	56	0	23	30	31	11	46	3	39	0	31	4
cell77	0	52	1	44	59	0	1	51	40	1	32	18	52	0	47	0	51	0	42	0
cell78	0	51	11	41	38	1	47	1	42	0	47	0	53	0	46	0	52	0	58	0
cell79	0	53	39	22	60	0	29	22	60	0	62	16	41	0	37	4	53	0	59	0
cell80	0	50	10	37	31	17	63	1	54	0	47	0	44	0	55	0	40	0	50	0
cell81	0	55	10	33	55	0	40	0	41	0	39	0	43	1	56	0	45	0	49	0
cell82	1	55	0	47	58	0	14	32	42	0	15	37	38	12	51	0	48	0	40	0
cell83	0	46	59	0	57	0	55	0	52	0	51	9	55	1	50	1	34	0	53	0
cell84	0	48	42	3	39	2	49	0	49	0	49	0	49	1	51	0	47	0	41	1
cell85	0	62	44	1	49	0	55	0	52	0	56	0	59	0	46	3	46	0	6	44
cell86	0	47	28	23	52	0	41	17	50	0	40	12	61	0	52	0	66	0	60	0
cell87	4	59	17	29	42	1	19	16	42	0	50	0	48	0	50	0	60	6	42	0
cell88	0	53	23	29	50	0	52	0	45	0	41	0	50	0	43	0	45	3	60	0
cell89	0	43	6	49	38	10	53	0	32	22	60	0	54	0	49	0	55	0	45	1
cell90	0	60	50	3	49	0	40	0	54	0	37	0	49	0	46	1	48	0	45	0
cell91	0	53	33	17	28	23	51	0	45	0	39	1	49	0	51	1	54	0	45	0
cell92	1	44	7	29	59	0	7	40	46	0	21	26	46	0	49	0	51	0	56	0
cell93	1	42	11	36	53	0	11	30	49	1	40	24	47	0	38	3	50	4	60	0
cell94	0	49	5	44	50	2	56	0	36	19	55	2	57	3	50	2	24	25	50	0
cell95	1	53	55	0	56	0	51	0	47	0	48	0	49	0	53	0	61	0	12	31
cell96	0	46	63	0	47	8	47	0	58	0	46	0	45	0	47	0	49	0	52	0
cell97	2	34	51	6	43	0	53	0	54	1	44	5	54	0	50	0	50	0	3	30
cell98	0	45	0	44	47	1	55	2	54	0	53	0	50	1	43	4	42	1	41	6
cell99	7	41	2	60	48	0	29	18	42	0	36	11	60	0	42	0	60	0	62	0
cell100	0	55	22	34	53	0	32	18	41	0	44	0	53	0	48	1	57	0	53	1
cell101	0	55	11	45	43	3	44	0	43	2	51	0	57	0	44	0	48	0	48	0
cell102	0	52	20	40	47	0	14	30	45	0	24	26	25	23	32	16	53	0	56	0
cell103	0	57	14	48	55	0	25	22	45	0	35	9	40	0	51	0	45	0	45	0
cell104	0	55	17	26	22	3	52	0	62	0	43	0	43	0	45	0	45	0	47	0
cell105	0	39	2	52	55	0	14	35	42	0	32	11	42	4	50	3	56	0	53	0
cell106	0	38	9	39	47	2	29	12	45	0	46	14	52	1	41	0	49	0	51	2
cell107	0	47	21	29	46	2	42	6	25	26	49	0	47	0	44	0	52	0	42	1
cell108	0	54	6	37	46	0	26	30	51	0	27	21	39	13	51	3	45	6	56	1
cell109	0	52	11	38	43	0	14	27	57	0	51	0	51	0	52	0	54	0	60	0
cell110	0	39	1	53	36	10	52	4	53	0	44	9	47	1	47	0	45	1	50	0
cell111	0	50	11	41	68	0	58	0	30	0	45	0	57	0	64	1	57	0	44	0
cell112	0	52	16	30	23	10	44	0	35	11	44	0	52	0	52	0	54	3	38	0
cell113	0	60	57	2	54	0	54	0	38	0	47	1	43	0	42	2	59	0	26	16
cell114	0	48	15	26	30	18	62	0	30	20	49	4	49	0	52	0	51	9	47	1
cell115	0	36	49	3	49	0	55	1	54	0	43	0	44	0	49	0	43	0	54	0
cell116	0	51	10	53	35	22	49	0	44	4	50	0	57	0	42	0	46	0	38	0
cell117	0	50	18	32	55	0	25	23	51	2	31	24	54	0	60	0	60	0	34	6
cell118	0	36	8	38	45	15	47	0	52	6	48	0	51	0	53	0	50	0	51	0
cell119	0	47	0	54	47	0	8	52	45	0	43	26	42	8	31	17	44	0	58	0
cell120	0	46	9	43	52	0	21	27	48	1	47	0	74	0	53	0	58	0	40	0
cell121	0	52	48	0	48	0	41	0	49	2	47	0	60	0	43	3	43	0	16	38
cell122	2	44	48	0	48	1	60	1	61	1	51	0	45	0	52	0	43	0	49	0
cell123	6	48	10	38	47	1	26	26	57	0	57	0	53	0	47	0	41	0	51	0
cell124	0	39	7	44	13	36	40	0	65	0	46	0	61	0	40	0	42	0	60	0
cell125	0	62	7	40	45	4	27	28	47	0	40	20	49	0	44	0	47	1	53	0
cell126	1	59	1	45	31	13	54	0	32	23	45	0	52	0	46	5	35	18	62	0
cell127	0	42	19	45	31	9	45	0	65	0	50	2	45	0	53	0	55	0	47	0
cell128	0	54	28	19	43	0	29	25	53	0	37	23	26	13	46	1	41	0	58	0
cell129	0	45	19	19	38	0	11	41	54	0	59	0	62	0	49	0	49	2	51	0
cell130	0	45	54	0	51	3	38	0	53	2	45	0	47	0	52	0	34	2	25	16
cell131	0	39	27	28	26	15	62	0	37	7	50	0	58	0	42	5	41	2	56	0
cell132	0	59	28	16	39	9	50	0	40	7	43	0	41	0	47	0	47	3	51	1
cell133	0	33	55	0	41	0	51	2	44	0	43	0	37	7	37	0	50	0	75	0
cell134	0	60	3	36	55	0	10	42	55	0	25	23	43	7	51	0	47	0	40	0
cell135	0	46	51	0	55	0	54	0	45	0	57	0	51	5	58	0	42	2	44	0
cell136	0	50	0	51	50	0	7	56	33	0	22	25	40	19	40	13	35	1	49	0
cell137	0	45	7	39	54	0	11	39	47	0	42	12	35	12	51	4	56	6	41	0
cell138	0	49	10	39	30	22	51	0	47	0	51	0	47	0	42	0	63	0	42	1
cell139	4	41	26	26	27	16	41	0	31	6	43	0	54	0	56	4	48	0	51	0
cell140	1	42	26	31	35	3	52	0	22	31	50	0	44	0	42	4	68	0	59	0
cell141	0	60	9	42	48	0	53	0	51	1	42	0	58	0	41	2	42	1	60	0
cell142	0	46	13	35	56	0	27	29	44	0	26	31	26	40	31	6	48	0	45	0
cell143	0	49	25	36	47	8	43	2	23	27	45	0	58	0	66	0	39	5	50	0
cell144	0	52	12	47	31	2	66	0	37	8	53	0	63	1	37	0	36	0	64	0
cell145	0	54	18	28	50	4	55	3	28	31	51	0	51	2	48	0	36	5	47	0
cell146	0	48	38	15	45	0	26	37	42	0	61	3	49	5	45	0	54	0	56	0
cell147	0	63	6	49	39	9	50	3	13	35	43	0	54	0	49	0	37	12	52	0
cell148	0	53	24	22	52	3	53	0	40	8	40	0	58	0	52	0	43	0	38	0
cell149	0	50	47	1	59	0	42	0	48	0	35	1	31	3	51	0	56	0	41	7
cell150	0	67	36	17	52	0	34	15	53	0	54	0	60	0	47	0	56	1	54	0
cell151	9	38	5	44	27	8	66	0	18	25	48	0	40	1	62	0	40	20	43	0
cell152	1	33	21	38	41	3	30	20	47	0	48	0	53	0	47	0	52	0	40	1
cell153	0	40	1	41	39	12	29	18	51	0	42	15	43	9	46	0	53	0	48	0
cell154	0	39	20	31	36	10	48	0	30	21	49	2	63	0	55	0	46	0	60	0
cell155	0	52	17	39	43	14	55	0	26	27	38	6	40	0	44	0	40	9	36	0
cell156	0	35	47	0	41	0	50	0	61	2	47	0	40	0	42	3	53	0	17	33
cell157	3	57	10	45	55	0	13	30	58	0	34	21	41	12	45	1	55	0	54	0
cell158	0	51	50	0	49	0	57	1	63	0	43	0	46	1	54	0	52	0	47	0
cell159	0	51	42	0	52	0	50	0	46	0	51	2	63	0	49	2	54	0	47	0
cell160	0	52	24	18	53	0	36	4	34	0	45	0	48	0	48	0	57	0	52	0
cell161	1	55	18	40	47	2	15	32	39	0	20	25	32	18	35	8	61	0	43	2
cell162	0	54	27	14	35	8	45	0	32	8	35	6	54	0	44	0	59	0	37	0
cell163	0	50	52	0	51	0	62	0	54	1	52	0	50	1	49	0	37	0	51	0
cell164	0	52	25	28	46	0	16	31	51	0	22	34	53	0	52	0	49	0	49	0
cell165	0	52	13	37	47	5	46	0	34	11	43	0	68	2	55	0	51	0	38	0
cell166	0	56	50	0	53	0	44	1	52	0	60	3	44	1	48	3	44	0	53	0
cell167	0	44	22	31	42	1	51	0	26	31	58	1	62	0	60	0	42	8	41	0
cell168	0	39	1	38	48	2	15	38	67	0	29	12	37	9	41	2	68	0	46	0
cell169	0	39	52	0	53	0	46	0	55	1	45	0	45	0	59	0	50	0	48	0
cell170	1	66	13	35	45	0	41	14	60	0	32	10	47	1	44	0	51	0	51	0
cell171	0	44	41	0	50	0	56	2	58	0	52	0	39	0	43	2	50	0	31	7
cell172	0	48	20	32	51	0	20	19	55	0	52	2	41	0	80	0	50	0	52	0
cell173	0	49	13	38	59	0	44	11	53	1	40	0	49	0	52	2	55	0	57	0
cell174	3	55	3	43	57	4	60	0	51	0	43	0	42	0	61	0	47	0	47	0
cell175	11	40	0	40	48	0	19	30	46	0	44	8	43	0	42	0	56	0	46	0
cell176	0	38	53	0	45	0	42	2	46	0	45	0	69	0	43	0	55	0	58	1
cell177	0	49	2	48	41	10	50	0	31	15	43	0	54	0	53	0	24	13	47	1
cell178	0	37	37	15	50	0	47	2	51	0	48	0	42	0	58	0	53	0	45	0
cell179	0	47	1	42	47	3	11	29	55	0	22	25	57	0	39	0	59	0	39	0
cell180	11	43	16	28	55	0	35	27	42	5	29	24	27	15	60	0	53	0	52	0
cell181	2	69	7	47	40	8	50	0	38	11	58	0	54	0	52	4	32	3	51	1
cell182	0	42	11	32	42	0	10	33	57	0	20	23	21	22	38	17	49	0	35	0
cell183	4	38	11	41	60	0	13	38	65	0	15	36	30	16	30	5	38	0	39	0
cell184	0	58	13	21	27	18	62	0	17	31	59	0	41	0	55	0	33	18	46	0
cell185	0	40	23	36	50	1	42	0	54	0	46	0	43	0	46	9	45	0	57	0
cell186	0	51	0	45	36	7	48	0	41	6	51	0	52	2	48	2	48	0	67	0
cell187	3	50	12	36	35	18	54	0	50	0	40	0	40	0	48	0	43	0	46	0
cell188	3	38	1	38	57	0	9	36	37	0	20	21	20	35	34	13	51	0	48	0
cell189	0	54	39	7	61	0	47	0	62	0	51	2	52	0	54	3	50	0	46	2
cell190	0	63	14	31	49	5	51	0	44	20	41	0	40	1	61	0	67	0	48	1
cell191	0	64	11	42	46	0	12	35	51	0	55	1	53	0	61	0	48	0	49	0
cell192	0	37	7	32	46	0	6	50	48	0	24	33	57	10	53	0	44	0	52	0
cell193	0	49	7	60	24	20	45	1	26	21	50	0	38	0	57	0	43	1	55	1
cell194	0	47	2	57	20	27	56	0	43	2	43	0	43	0	49	0	53	0	45	0
cell195	0	41	13	34	58	0	20	32	51	0	38	11	51	4	40	0	48	0	54	0
cell196	0	41	9	43	58	0	6	35	51	0	19	30	38	5	49	0	56	0	52	0
cell197	1	57	2	58	45	1	16	26	54	0	12	33	43	9	38	18	36	1	55	0
cell198	0	56	56	0	58	0	44	0	46	0	42	0	60	0	52	0	47	0	36	3
cell199	0	62	49	0	49	1	52	0	57	0	46	0	57	0	47	0	60	0	41	0
cell200	0	55	29	20	43	0	51	0	53	0	62	3	50	2	58	3	47	0	54	0
cell201	0	57	43	0	46	0	53	0	43	0	38	0	47	0	52	0	37	0	12	26
cell202	5	50	18	43	37	10	43	0	57	0	38	0	36	0	56	0	46	4	46	0
cell203	2	48	23	27	45	0	46	0	49	0	53	0	55	1	50	0	52	0	38	0
cell204	1	53	2	49	45	8	45	6	46	6	44	4	39	0	52	1	51	0	49	0
cell205	0	41	21	32	48	0	24	23	49	0	11	36	44	0	38	4	56	0	51	0
cell206	0	49	63	0	49	0	59	0	45	0	47	2	51	0	50	0	47	0	58	0
cell207	2	38	0	51	48	0	24	42	59	0	16	31	26	26	53	0	57	0	50	0
cell208	0	44	11	39	40	3	51	0	22	21	54	0	53	0	53	1	42	8	49	0
cell209	1	57	3	49	70	0	10	34	63	0	5	44	25	23	28	27	55	0	53	0
cell210	0	47	4	38	55	0	24	26	35	0	48	10	44	0	59	0	52	0	40	3
cell211	0	49	9	42	49	3	53	0	29	24	55	0	43	0	47	0	51	0	50	0
cell212	1	46	14	29	53	1	20	23	36	2	9	44	34	16	36	8	62	0	45	0
cell213	0	45	28	27	27	16	43	0	48	0	54	1	45	0	43	0	55	0	48	0
cell214	0	55	22	23	46	0	32	17	56	2	49	0	43	0	50	0	64	1	45	0
cell215	0	52	48	0	34	0	55	0	50	0	45	0	52	0	41	0	51	0	46	0
cell216	0	51	4	49	57	0	19	31	35	1	34	25	19	32	23	23	53	3	52	0
cell217	2	39	10	35	55	0	25	24	47	0	41	10	32	0	45	0	54	0	50	6
cell218	0	60	11	36	50	0	8	33	49	0	42	0	41	0	45	0	41	0	47	0
cell219	0	50	13	24	62	0	38	7	52	0	30	15	37	7	47	4	38	0	42	0
cell220	0	35	11	34	42	0	14	26	57	0	38	16	11	31	45	5	50	1	56	0
cell221	0	45	15	40	51	0	34	15	44	0	43	2	52	1	39	0	56	1	49	0
cell222	0	51	4	47	45	0	4	54	40	1	26	36	23	21	29	13	51	0	51	0
cell223	0	58	45	0	47	1	49	0	42	0	39	1	51	0	61	0	47	0	47	1
cell224	0	50	13	28	43	0	9	35	47	0	20	31	34	22	52	0	49	0	49	0
cell225	0	48	9	37	49	0	17	40	51	0	27	12	35	5	40	12	56	0	42	0
cell226	2	40	16	20	44	0	47	9	55	0	46	0	54	0	69	0	54	0	44	0
cell227	0	42	4	52	51	0	41	0	52	3	48	0	42	0	49	0	47	0	44	0
cell228	1	63	2	45	37	0	26	21	32	0	23	16	43	16	43	1	51	0	53	0
cell229	1	32	8	31	50	0	19	27	57	0	36	15	43	9	38	1	52	0	37	0
cell230	0	48	18	31	59	0	15	28	46	2	32	10	40	14	41	2	43	0	43	0
cell231	0	54	8	45	37	13	47	0	41	11	59	0	50	1	53	0	46	2	50	0
cell232	1	44	2	44	39	7	50	0	11	34	37	0	51	0	41	0	52	0	65	0
cell233	0	40	19	51	44	0	26	24	45	1	28	31	45	13	46	0	41	0	51	0
cell234	0	46	16	34	52	1	15	30	50	0	44	13	37	8	59	0	43	0	43	0
cell235	1	37	16	34	18	33	51	2	45	0	51	0	53	0	50	3	44	0	36	0
cell236	0	50	12	28	41	12	59	0	44	0	62	0	57	0	49	0	56	0	44	0
cell237	0	51	8	46	42	0	15	23	53	0	24	27	27	13	51	0	49	0	65	1
cell238	0	57	3	49	57	0	7	33	46	0	24	23	18	35	26	25	49	2	55	0
cell239	0	47	1	63	40	0	6	37	60	0	15	20	18	27	55	0	51	0	55	0
cell240	0	43	42	1	52	0	42	0	51	0	52	0	52	0	52	0	46	0	46	0
cell241	0	50	17	33	44	6	23	31	49	0	36	4	18	28	55	2	48	0	57	0
cell242	0	44	42	0	47	4	46	0	49	0	44	0	54	0	53	0	47	0	44	11
cell243	0	45	10	30	43	1	26	15	55	0	56	6	53	0	44	0	59	3	53	0
cell244	1	48	11	42	37	4	51	0	25	16	54	0	53	0	49	0	25	29	48	0
cell245	0	49	15	26	50	6	52	0	54	4	37	0	49	0	47	0	46	9	52	0
cell246	0	41	34	16	36	0	61	0	47	0	56	0	50	3	41	1	44	0	50	0
cell247	2	44	56	0	47	0	55	0	57	0	45	0	52	0	52	0	57	0	54	0
cell248	0	46	8	42	55	0	27	26	51	0	27	25	39	3	42	4	55	2	57	0
cell249	0	55	23	18	31	0	35	26	42	0	47	0	43	0	52	0	55	0	46	4
cell250	0	44	38	3	53	0	50	0	62	0	50	0	68	0	55	0	50	0	0	42
cell251	0	54	48	0	55	0	58	0	39	0	50	0	53	0	58	0	50	0	45	4
cell252	3	46	0	48	22	25	42	0	49	5	65	0	58	0	46	0	52	0	57	0
cell253	2	42	4	36	64	0	13	30	51	0	9	44	19	22	53	0	47	0	62	0
cell254	0	42	10	45	46	1	40	0	30	19	53	1	29	0	52	0	46	0	35	2
cell255	1	56	47	1	52	1	51	0	44	0	50	0	41	0	42	0	47	0	47	0
cell256	0	54	4	43	46	0	28	18	50	0	30	20	51	0	44	0	45	0	46	3
cell257	0	38	2	45	52	0	4	41	39	1	31	15	39	7	54	0	56	0	56	0
cell258	0	56	20	35	55	13	55	0	47	0	52	1	37	0	50	0	43	2	49	0
cell259	0	43	2	57	51	4	64	0	16	39	45	0	35	0	37	0	38	17	50	0
cell260	1	59	7	43	51	0	4	54	63	0	25	21	31	11	57	0	44	0	56	0
cell261	0	53	50	0	40	0	57	0	46	0	35	0	53	0	47	1	51	0	52	2
cell262	1	42	5	50	18	36	42	1	58	0	54	0	50	0	52	0	48	0	49	0
cell263	5	40	34	14	56	0	64	0	41	0	47	0	42	0	54	6	55	0	56	0
cell264	0	56	3	41	49	0	21	32	43	0	31	3	50	0	56	0	60	0	50	3
cell265	6	43	10	29	44	0	18	29	42	0	56	0	56	0	48	0	50	0	43	0
cell266	0	45	47	1	55	3	37	0	53	0	63	1	53	0	50	0	51	0	41	3
cell267	0	53	23	19	33	19	46	0	47	2	38	0	49	0	55	0	44	0	46	3
cell268	0	48	1	54	41	1	14	33	54	0	15	32	36	40	38	1	48	0	50	0
cell269	0	44	8	53	39	12	52	0	49	6	41	1	52	0	40	0	48	2	41	0
cell270	0	50	54	0	43	0	47	0	44	0	47	0	57	1	52	0	65	0	27	5
cell271	0	49	10	45	47	0	31	22	46	0	26	22	54	0	46	0	64	0	43	0
cell272	0	48	44	2	33	0	46	0	54	0	59	0	62	0	44	0	55	0	60	0
cell273	0	59	44	0	60	0	40	0	53	0	56	0	46	8	48	1	42	0	48	0
cell274	0	42	16	44	48	0	47	9	57	0	44	3	51	0	50	0	51	1	50	0
cell275	2	50	12	26	57	0	35	22	50	0	36	13	57	0	43	0	50	0	46	0
cell276	0	52	3	51	41	0	27	28	55	0	62	0	48	0	46	0	48	0	54	0
cell277	0	63	7	46	45	0	18	42	44	0	21	22	42	5	61	0	63	0	54	0
cell278	0	37	50	0	41	0	52	4	52	0	48	1	49	0	35	0	52	0	53	0
cell279	0	52	53	2	49	0	47	0	42	1	44	10	58	0	61	0	53	0	23	24
cell280	0	41	4	47	27	29	48	0	41	0	48	0	54	0	59	0	37	11	42	0
cell281	0	44	40	0	47	1	53	0	45	0	51	0	49	0	49	0	52	3	7	29
cell282	0	48	22	23	51	0	24	31	55	0	53	0	54	3	39	0	49	0	38	0
cell283	0	53	27	27	46	11	35	1	29	15	45	0	53	1	49	0	36	23	41	0
cell284	1	52	12	39	61	0	45	1	51	0	35	0	46	2	47	0	46	3	50	0
cell285	1	55	50	0	45	0	41	0	48	0	46	0	65	0	57	0	48	0	37	18
cell286	0	48	13	42	56	0	43	0	60	0	38	0	60	0	51	0	41	0	53	4
cell287	0	46	4	38	53	0	18	47	49	0	19	30	31	4	44	2	39	1	56	0
cell288	0	49	4	44	61	0	25	26	56	0	33	28	29	15	53	1	52	0	46	0
cell289	1	46	7	34	63	0	34	20	54	0	37	9	37	0	54	1	47	1	47	1
cell290	0	50	10	42	57	0	19	48	52	0	52	0	45	0	56	2	47	1	42	0
cell291	0	58	27	24	26	15	45	0	57	3	56	0	52	0	47	0	45	0	52	0
cell292	0	56	5	42	56	3	50	2	35	12	36	0	52	0	63	0	43	0	44	0
cell293	0	64	0	52	51	2	55	0	21	33	43	0	48	0	41	1	57	0	51	0
cell294	0	42	4	39	28	19	46	0	45	0	56	1	39	0	56	0	52	0	42	0
cell295	5	33	11	28	55	4	37	18	47	0	23	29	43	1	60	5	45	0	57	0
cell296	0	54	6	51	45	14	50	0	52	1	47	0	45	0	42	0	59	0	49	0
cell297	6	30	16	29	43	0	23	28	60	0	37	20	53	0	39	0	58	0	36	0
cell298	0	52	26	21	46	1	28	29	61	0	43	17	40	4	57	0	41	0	46	0
cell299	0	61	6	37	42	0	63	0	64	1	48	0	47	0	46	0	37	0	43	0
cell300	0	44	4	54	46	0	54	0	53	0	48	3	48	0	41	0	51	0	46	0
cell301	0	58	60	2	58	0	33	0	48	0	61	1	61	0	49	1	45	0	5	39
cell302	1	39	21	37	44	1	13	31	46	0	8	41	43	11	40	11	55	0	50	0
cell303	0	50	4	49	35	14	50	0	21	35	40	0	47	6	54	0	39	10	52	0
cell304	3	43	8	44	41	2	62	2	46	3	48	0	50	0	65	0	44	0	57	1
cell305	0	65	6	42	46	0	44	6	44	1	43	4	47	0	34	3	48	5	51	0
cell306	0	61	2	43	44	2	41	0	31	18	49	0	55	0	44	0	48	2	67	0
cell307	0	53	21	25	63	0	21	25	42	0	37	7	47	3	58	0	40	0	46	0
cell308	0	40	16	35	50	0	50	0	55	0	52	0	42	1	46	0	61	0	41	0
cell309	0	51	46	0	51	0	50	0	61	0	39	1	50	0	57	0	41	6	34	12
cell310	0	50	12	38	38	9	16	46	42	0	33	21	29	13	38	0	49	0	44	1
cell311	0	38	46	0	42	0	37	0	58	0	45	0	60	0	50	0	49	0	18	37
cell312	0	54	3	38	47	0	26	5	52	0	43	1	47	0	51	2	44	0	44	0
cell313	0	49	14	31	39	1	46	0	41	0	50	0	47	0	45	1	55	1	59	1
cell314	0	48	10	47	19	35	50	5	30	19	57	0	56	0	49	0	44	0	43	0
cell315	2	45	49	0	43	0	53	2	41	1	46	0	44	1	42	10	52	0	32	32
cell316	0	46	31	19	45	1	52	0	59	0	46	0	44	4	47	0	62	0	48	0
cell317	2	43	14	36	54	0	45	18	54	0	23	26	49	0	38	0	52	3	49	0
cell318	0	50	7	45	54	0	34	23	57	1	21	16	48	8	51	1	45	0	47	0
cell319	1	45	55	0	48	0	46	0	48	0	54	0	58	0	55	0	51	0	33	8
cell320	0	50	44	0	49	0	57	0	47	0	49	0	43	0	55	0	38	0	48	0
cell321	0	54	38	21	37	0	47	12	45	0	59	0	54	0	31	0	40	1	49	0
cell322	3	53	18	32	54	0	39	11	50	0	66	7	44	0	58	0	44	1	50	0
cell323	0	49	14	37	44	9	45	1	28	7	43	0	62	0	53	1	35	9	70	0
cell324	0	47	11	45	52	0	10	34	39	0	17	24	30	20	36	3	56	0	50	0
cell325	0	54	55	0	55	1	46	0	44	5	56	0	43	0	51	0	55	0	26	28
cell326	0	59	6	40	53	0	23	22	37	0	16	41	25	21	23	26	54	0	51	0
cell327	0	54	6	46	54	1	43	0	18	26	52	0	47	2	57	1	16	25	49	3
cell328	0	59	63	0	44	0	53	0	42	0	48	0	51	0	44	0	47	0	44	0
cell329	0	55	0	59	38	8	45	0	12	28	57	0	43	2	49	0	47	1	50	3
cell330	1	49	47	0	52	0	49	0	60	0	48	0	68	1	59	0	41	0	54	0
cell331	0	38	0	50	49	0	15	30	54	0	33	12	37	9	52	0	38	0	50	0
cell332	0	47	1	45	29	15	42	1	28	12	53	0	53	0	55	2	56	0	35	2
cell333	0	45	49	0	42	0	40	0	49	1	57	0	51	0	46	3	57	0	53	0
cell334	5	58	21	39	43	2	9	27	51	0	31	15	55	3	53	0	39	0	69	0
cell335	0	47	17	22	30	14	48	1	52	0	48	0	48	1	57	0	49	0	47	0
cell336	0	66	3	42	36	5	54	1	5	45	54	0	47	0	60	1	53	0	54	0
cell337	1	40	21	25	49	0	26	28	44	0	35	6	48	5	43	0	42	0	40	0
cell338	1	39	0	45	52	0	5	44	49	0	32	18	46	8	49	0	47	2	51	0
cell339	0	49	3	49	27	20	45	0	31	11	45	0	59	0	49	0	38	17	37	4
cell340	0	36	58	0	34	0	52	2	45	2	38	0	41	5	38	0	47	5	36	12
cell341	0	49	1	44	49	0	52	0	53	2	50	0	22	0	52	2	60	0	47	0
cell342	0	53	5	42	41	9	53	0	32	7	58	2	43	2	56	0	52	3	51	0
cell343	0	52	3	54	50	0	18	38	37	0	20	33	39	11	25	19	54	0	61	1
cell344	0	40	64	0	43	0	55	0	51	0	53	0	54	0	40	1	51	0	47	0
cell345	0	41	48	4	51	0	50	0	55	0	68	0	63	0	54	0	43	2	33	0
cell346	0	50	4	43	41	0	14	31	50	0	33	19	48	0	60	1	47	0	63	0
cell347	0	48	25	26	55	0	36	16	53	0	43	7	48	5	36	6	42	4	47	0
cell348	0	41	8	34	21	22	61	0	46	3	51	0	55	0	48	0	53	0	57	0
cell349	1	43	66	2	34	0	44	0	44	0	48	2	50	0	63	1	59	1	5	38
cell350	0	48	3	40	44	7	51	0	45	0	45	3	41	0	46	0	49	0	35	0
cell351	0	37	14	33	41	3	32	5	54	0	50	0	58	0	52	0	60	0	38	0
cell352	0	50	9	43	42	0	22	18	43	1	27	23	44	2	41	0	46	0	67	0
cell353	0	58	18	31	42	0	22	21	37	0	44	8	39	4	59	0	57	0	54	0
cell354	0	41	19	25	54	0	23	42	46	0	27	3	43	7	40	0	49	0	39	0
cell355	0	51	38	14	48	0	49	1	57	2	48	1	46	0	47	0	48	0	48	0
cell356	0	41	1	50	50	1	52	0	11	31	53	0	57	0	65	0	46	3	50	1
cell357	0	42	48	0	48	0	50	0	49	0	56	1	44	0	42	7	54	0	43	3
cell358	0	45	0	48	60	7	24	28	63	0	33	15	38	11	43	3	46	0	41	0
cell359	0	49	14	30	28	20	49	1	32	26	60	0	57	2	41	0	47	9	48	0
cell360	0	56	12	33	44	0	32	12	44	0	28	7	36	10	45	3	50	0	46	0
cell361	0	40	4	33	53	0	3	54	47	2	21	32	19	27	38	24	50	0	43	0
cell362	0	35	13	32	52	0	30	17	45	0	24	24	49	7	39	0	54	0	56	0
cell363	2	49	4	48	51	0	7	41	55	0	16	32	19	29	50	0	51	0	55	0
cell364	0	56	26	36	32	13	54	0	47	15	43	1	43	0	58	0	39	3	56	0
cell365	1	58	21	34	29	12	49	1	42	0	41	0	43	0	53	0	50	1	51	0
cell366	0	59	6	34	48	5	47	0	43	4	45	3	41	0	45	0	61	0	50	0
cell367	0	44	7	40	43	0	18	19	45	0	50	0	60	0	57	1	57	0	43	0
cell368	0	47	15	43	54	0	31	20	52	0	39	1	55	0	57	3	40	0	40	0
cell369	0	57	2	60	26	25	49	0	51	8	48	3	51	0	52	0	47	4	46	0
cell370	0	56	10	43	52	1	19	26	62	0	51	13	53	0	44	0	55	0	39	0
cell371	0	52	14	36	38	0	18	46	40	0	43	16	42	13	45	1	39	0	63	1
cell372	1	53	1	57	49	0	36	19	44	0	20	31	42	9	48	1	47	0	53	0
cell373	0	61	2	42	33	7	50	0	21	20	51	0	40	0	39	0	33	14	63	0
cell374	0	56	27	19	45	1	31	20	50	0	52	1	55	0	40	0	59	0	43	0
cell375	1	50	1	44	50	0	22	23	54	0	41	11	46	6	36	0	39	0	40	0
cell376	0	51	63	0	34	1	39	0	50	0	56	0	48	0	59	0	57	0	36	34
cell377	0	46	2	53	40	0	1	53	64	0	10	27	31	17	37	0	32	0	50	0
cell378	0	54	23	23	54	0	25	18	47	0	39	8	13	24	49	0	51	0	55	0
cell379	0	50	22	30	55	0	58	12	37	0	59	0	43	0	45	0	42	1	27	6
cell380	0	42	2	40	26	19	49	0	19	42	61	0	56	0	57	0	35	12	36	0
cell381	0	46	46	0	47	0	53	0	47	2	52	0	51	0	43	4	52	0	41	20
cell382	2	44	14	46	26	23	54	0	38	0	60	0	58	0	43	0	48	0	50	0
cell383	0	65	1	52	33	18	55	0	44	0	39	0	40	0	46	0	46	0	37	0
cell384	0	42	5	57	46	0	29	20	56	2	43	0	48	0	50	0	49	0	50	0
cell385	0	52	7	44	56	0	27	22	51	0	21	28	40	10	50	4	64	0	29	7
cell386	0	45	3	26	42	0	29	20	53	0	17	25	55	1	50	2	52	0	42	0
cell387	0	56	15	34	45	0	45	3	52	0	41	0	51	0	43	0	48	0	62	0
cell388	0	45	11	44	52	1	12	20	47	7	29	7	44	0	50	0	59	0	41	11
cell389	0	46	15	37	50	0	40	0	61	0	39	7	51	4	40	0	55	2	42	3
cell390	0	43	21	24	44	0	40	15	50	0	53	4	70	0	44	0	51	0	37	0
cell391	0	52	31	3	46	0	50	2	47	0	57	0	53	0	42	2	48	7	48	0
cell392	0	44	3	44	54	0	24	27	64	0	38	16	26	13	56	9	47	0	63	0
cell393	0	53	39	17	58	0	51	0	48	0	36	0	49	0	43	0	51	0	48	0
cell394	1	58	18	31	39	1	34	11	40	0	43	8	35	19	46	14	56	0	43	1
cell395	0	51	23	33	44	6	43	2	47	0	46	3	58	0	55	0	62	1	53	0
cell396	0	49	17	37	31	21	49	3	53	0	65	2	62	0	41	0	42	0	48	0
cell397	2	46	47	0	53	0	53	2	48	0	60	0	37	6	38	0	40	0	48	0
cell398	0	57	8	38	43	4	65	0	47	0	41	0	47	0	61	0	54	3	57	0
cell399	0	43	38	0	47	0	66	0	53	0	45	1	52	3	45	2	62	0	41	11
cell400	4	53	13	53	49	0	25	26	43	7	36	23	45	2	51	0	53	0	42	0
cell401	0	62	24	21	55	1	17	30	40	0	36	1	45	0	65	0	41	0	44	0
cell402	0	53	43	4	45	10	52	0	36	0	50	2	45	0	59	2	54	0	44	0
cell403	0	60	11	37	43	7	38	0	29	23	52	0	67	0	62	0	50	1	52	0
cell404	0	60	59	0	46	0	60	0	53	0	60	0	56	0	51	3	63	1	49	0
cell405	0	53	58	0	49	0	47	4	57	0	54	0	43	0	45	0	54	0	0	33
cell406	0	45	5	39	57	0	40	1	69	0	48	0	49	0	52	0	45	0	41	0
cell407	0	48	47	0	46	0	39	0	49	0	53	0	39	0	54	0	53	0	55	0
cell408	3	38	54	0	44	1	45	0	50	2	52	0	50	0	38	1	44	0	6	32
cell409	0	50	26	26	49	0	58	0	38	16	46	2	46	0	36	6	53	20	48	0
cell410	0	41	48	4	42	0	52	0	50	0	50	0	43	0	46	0	54	0	42	3
cell411	0	46	6	41	40	0	11	42	54	1	19	43	28	18	19	34	57	0	36	0
cell412	0	53	2	42	61	0	18	34	45	0	48	4	47	0	51	0	49	0	40	0
cell413	3	40	3	39	51	6	35	9	46	5	36	6	48	0	48	0	42	0	48	0
cell414	0	59	2	46	48	3	4	38	53	0	28	16	53	2	62	3	48	4	48	0
cell415	0	52	14	26	52	0	21	40	52	1	38	3	47	5	39	0	49	0	42	1
cell416	0	45	10	36	55	0	43	13	46	0	40	0	46	1	50	0	50	2	46	0
cell417	0	56	24	32	57	6	46	0	32	21	46	0	40	4	42	3	32	8	42	0
cell418	1	44	13	34	41	0	28	25	42	0	35	12	43	13	47	0	63	0	69	0
cell419	0	42	4	42	63	0	27	26	49	0	26	24	40	5	55	2	57	0	58	0
cell420	0	54	54	15	48	0	34	16	28	4	37	0	49	0	50	0	52	0	42	1
cell421	2	58	45	5	53	0	41	14	52	0	47	0	46	0	54	0	52	0	47	0
cell422	0	41	7	46	28	37	47	0	54	2	54	0	47	0	52	0	61	0	52	0
cell423	0	48	18	34	49	1	47	7	43	0	52	0	35	0	38	0	54	0	46	0
cell424	0	56	29	8	57	0	39	0	57	0	45	0	54	0	48	0	48	0	37	6
cell425	0	52	12	41	47	0	13	33	44	2	42	5	47	6	49	0	52	0	48	0
cell426	0	60	35	22	45	0	30	32	50	1	45	10	42	3	40	1	59	0	59	5
cell427	1	48	0	56	46	5	54	0	30	19	50	0	53	0	38	0	41	6	47	0
cell428	0	45	12	45	47	0	44	9	43	0	46	0	54	0	46	0	50	1	49	0
cell429	0	50	45	6	43	7	53	0	43	0	56	0	56	1	43	0	55	0	41	0
cell430	0	45	20	23	50	6	49	0	42	15	52	4	51	0	37	0	55	0	34	3
cell431	0	57	0	33	43	8	46	5	16	31	51	0	50	1	54	0	49	3	49	0
cell432	0	47	33	13	58	0	51	4	51	0	42	0	33	2	43	0	42	0	56	0
cell433	0	42	1	41	55	0	48	2	39	0	53	0	51	0	58	0	48	3	49	0
cell434	2	34	11	50	29	19	51	0	39	1	63	0	53	0	48	0	52	0	52	0
cell435	0	62	2	46	66	0	46	9	66	0	44	0	55	2	50	2	35	0	65	0
cell436	0	53	12	39	14	31	41	0	54	0	47	0	52	0	51	0	54	0	50	1
cell437	0	58	2	44	40	7	51	0	32	12	54	0	63	0	43	0	45	8	41	0
cell438	0	50	44	0	57	1	50	0	46	0	47	4	51	0	43	0	46	0	4	47
cell439	1	48	4	33	44	6	39	0	18	36	57	0	47	0	47	0	52	2	53	0
cell440	0	50	8	44	49	0	27	20	55	0	55	1	40	0	42	2	38	0	64	0
cell441	4	46	7	37	44	1	7	45	54	3	22	24	32	19	35	11	51	0	38	0
cell442	0	48	11	42	29	12	44	0	38	15	57	3	43	5	59	0	50	0	40	0
cell443	2	45	36	9	36	0	63	0	46	0	57	0	46	0	55	0	48	0	68	2
cell444	1	50	38	6	41	0	49	0	68	0	51	1	49	0	58	0	52	0	42	0
cell445	0	58	13	31	46	0	38	0	43	0	57	0	46	1	47	0	51	1	40	0
cell446	0	50	17	32	20	37	50	2	44	1	55	0	47	0	52	0	56	0	43	0
cell447	1	41	28	11	56	0	56	0	47	0	42	0	40	1	50	2	44	0	48	2
cell448	1	55	38	20	39	10	46	0	45	0	53	0	34	0	52	0	48	0	45	0
cell449	0	48	7	45	26	33	58	0	31	14	43	0	39	1	48	1	41	1	56	0
cell450	0	55	0	34	39	0	8	35	55	1	36	0	59	0	54	0	54	0	50	0
cell451	2	55	4	45	21	30	52	0	43	0	50	0	45	0	54	5	53	0	49	0
cell452	1	44	0	42	44	3	55	0	31	20	50	0	58	0	56	0	51	0	42	4
cell453	1	45	24	28	46	0	52	0	56	0	42	0	64	0	37	0	40	6	47	2
cell454	6	38	9	33	32	2	38	1	43	3	57	0	48	0	55	4	53	2	46	0
cell455	1	29	3	55	46	13	38	0	18	36	33	0	52	0	53	0	28	21	47	1
cell456	2	45	49	1	48	0	46	0	51	0	38	0	54	0	47	0	39	4	45	0
cell457	0	39	4	41	61	0	25	24	41	0	22	25	39	21	38	5	45	0	46	0
cell458	0	49	12	44	50	0	21	35	48	1	48	4	42	0	32	0	50	2	47	1
cell459	1	59	23	33	40	3	53	4	26	24	71	1	48	3	52	0	60	0	50	1
cell460	0	55	31	29	39	5	31	0	55	7	53	0	43	0	51	0	67	0	52	0
cell461	0	49	39	0	47	0	42	0	50	2	54	0	49	0	43	0	50	0	31	20
cell462	8	39	1	46	35	15	46	1	19	24	49	0	48	6	44	0	60	0	34	0
cell463	0	58	29	32	61	1	32	11	50	0	54	0	52	0	55	1	53	1	38	0
cell464	0	49	24	31	61	0	13	28	40	0	56	7	49	0	61	0	39	0	50	0
cell465	1	47	6	36	59	1	12	24	42	0	18	20	38	5	47	1	49	0	49	0
cell466	0	57	29	27	39	30	51	0	54	1	59	0	49	0	48	0	47	0	50	0
cell467	0	49	51	0	46	4	57	1	43	0	35	0	38	0	51	0	63	0	44	5
cell468	0	45	2	47	64	2	6	40	42	0	18	30	13	30	31	7	53	0	46	0
cell469	0	51	41	6	40	0	57	0	47	0	44	0	43	0	46	0	61	0	53	0
cell470	0	44	1	51	60	0	45	0	15	32	43	0	43	0	52	0	35	4	46	0
cell471	0	50	22	27	29	14	51	0	17	23	52	0	58	0	37	0	39	7	37	0
cell472	0	49	53	0	58	2	51	0	53	0	55	0	51	0	43	3	50	0	2	52
cell473	1	53	13	47	54	0	29	22	46	0	44	7	50	0	55	0	43	0	53	0
cell474	0	55	26	25	33	15	48	1	45	0	49	0	47	0	41	0	52	0	55	0
cell475	0	55	18	24	26	15	30	24	49	1	33	10	34	22	49	2	53	1	54	0
cell476	0	43	51	0	54	0	52	0	46	1	55	0	61	0	49	0	44	8	33	25
cell477	1	47	37	24	56	0	36	13	55	0	48	0	54	0	65	0	67	0	42	0
cell478	0	46	1	58	60	0	26	32	61	0	47	6	41	5	44	0	44	0	52	0
cell479	6	48	42	1	51	0	58	0	46	1	49	0	54	0	49	0	55	4	46	0
cell480	0	54	47	0	34	2	54	3	51	0	56	0	53	0	49	1	55	0	22	23
cell481	0	42	44	0	46	1	46	0	45	0	54	0	60	0	47	0	64	1	60	0
cell482	4	39	1	49	36	0	3	39	62	0	35	20	52	0	50	0	47	0	63	0
cell483	0	50	12	37	54	0	33	26	39	0	54	0	50	0	43	0	49	0	43	7
cell484	0	76	51	13	61	1	41	13	48	0	50	1	49	0	48	0	50	0	52	1
cell485	6	41	26	22	51	0	47	7	51	0	47	5	40	0	47	0	36	0	43	0
cell486	0	58	20	25	53	1	50	0	23	34	52	1	42	0	55	0	24	22	64	0
cell487	0	47	51	9	28	5	47	0	53	0	48	0	53	0	61	0	51	0	47	0
cell488	0	57	28	36	40	0	51	0	37	4	49	0	40	0	45	1	47	0	40	5
cell489	0	42	54	0	51	0	50	0	46	0	55	0	49	0	45	0	57	0	63	0
cell490	0	52	40	9	48	0	38	17	56	0	53	1	53	0	54	0	54	0	47	1
cell491	2	53	6	40	32	15	47	0	30	14	53	0	39	0	72	0	54	0	33	0
cell492	0	52	8	66	44	5	21	27	50	0	32	15	49	0	61	0	48	0	46	4
cell493	0	62	7	55	39	7	42	0	52	0	47	0	51	0	41	0	31	2	35	0
cell494	0	52	5	41	56	5	52	0	30	12	59	0	48	0	51	3	31	24	44	0
cell495	1	52	24	20	43	13	55	2	46	0	54	0	40	0	52	0	49	0	37	0
cell496	0	44	0	47	38	0	14	40	55	0	18	27	32	15	41	5	48	0	33	0
cell497	0	51	7	47	33	9	53	0	48	0	65	0	54	0	58	0	58	0	61	0
cell498	0	46	10	41	43	15	42	4	34	12	57	0	51	0	46	1	34	10	57	0
cell499	0	61	12	43	42	0	13	42	46	4	39	5	46	0	49	2	48	0	49	0
cell500	0	35	6	63	55	1	5	43	45	0	42	0	49	0	50	0	48	0	48	0
