52 41 3 47 2 14 2 0 0 1 0
54 37 0 33 2 11 11 2 0 0 0
50 9 0 1 0 0 0 2 0 0 0
56 49 0 47 0 34 15 9 0 1 0
50 25 2 6 0 0 0 0 0 1 0
42 47 1 26 0 29 34 8 0 0 0
41 31 25 5 0 6 4 0 0 0 0
58 20 1 0 38 0 0 1 8 0 0
51 32 22 0 0 0 0 0 5 3 0
57 0 0 1 0 0 4 0 0 36 0
55 48 22 0 2 0 0 0 0 0 0
42 12 0 0 0 0 0 0 0 0 0
62 37 5 22 0 0 0 1 0 0 0
62 9 0 1 13 0 0 0 0 0 0
57 5 0 0 0 0 3 0 0 10 0
55 46 3 7 39 0 1 0 0 2 0
52 0 2 0 4 0 0 0 0 46 0
48 56 0 39 0 17 0 0 9 0 0
46 48 0 17 0 12 10 0 0 0 0
43 42 38 0 0 0 2 1 0 9 0
65 38 0 5 0 1 0 7 0 0 0
60 0 0 0 0 0 0 0 0 5 0
47 30 24 0 3 0 0 2 3 0 0
54 53 4 0 0 0 0 0 0 0 0
47 17 0 2 0 0 0 0 0 0 0
48 45 0 37 0 11 0 0 0 0 0
45 35 0 40 0 18 15 2 0 0 0
60 47 1 22 0 31 20 14 0 0 0
49 0 0 0 0 0 0 0 5 22 0
66 12 5 0 15 0 0 0 0 7 0
56 32 0 0 0 0 0 0 0 1 0
45 32 2 2 21 0 0 0 11 0 0
48 15 0 0 0 0 0 0 0 0 0
47 39 0 0 0 0 0 0 0 0 0
62 0 0 0 0 0 0 0 1 11 0
46 46 2 38 0 6 0 6 0 0 0
49 35 0 15 5 0 0 0 3 0 0
47 0 0 2 0 0 0 1 0 46 0
53 37 20 4 4 1 2 0 0 0 0
47 26 0 0 0 1 0 0 0 0 0
43 40 0 40 0 0 0 0 0 2 0
49 49 0 43 0 24 3 0 0 0 0
47 0 0 0 0 0 0 0 0 43 0
49 58 0 21 0 16 9 13 0 0 0
53 39 1 17 0 11 3 2 0 4 0
30 42 1 11 0 3 2 0 1 0 0
58 22 0 4 0 0 1 0 2 0 0
46 42 0 36 0 22 10 0 0 0 0
52 25 0 0 0 0 0 0 0 0 0
43 41 0 0 0 0 0 0 5 3 0
35 41 0 43 0 22 24 8 0 0 0
45 39 21 0 17 0 0 1 0 0 0
61 4 0 0 2 0 0 0 0 4 0
48 35 0 15 0 0 0 0 0 0 0
45 43 0 56 0 16 0 0 0 4 0
52 42 0 47 0 34 8 0 0 0 0
52 55 4 0 21 0 0 0 0 0 0
49 0 0 0 0 0 0 0 3 33 0
52 0 0 0 1 0 10 0 0 0 0
48 37 20 0 25 0 0 0 9 0 0
45 36 10 0 14 0 0 0 0 0 0
57 48 8 0 36 0 0 0 6 0 0
52 7 17 1 0 1 0 0 0 0 0
42 33 41 0 0 0 6 0 0 0 0
47 3 1 3 0 0 0 0 0 0 0
51 39 0 34 0 16 4 4 0 0 0
52 49 11 4 24 0 0 0 1 1 0
43 5 0 0 0 0 8 0 0 0 0
56 41 21 0 0 0 0 0 0 0 0
44 0 0 0 0 0 3 0 2 1 0
48 1 0 2 0 0 0 0 0 18 0
36 0 0 0 0 0 4 1 0 0 0
48 37 4 8 0 15 1 0 0 0 0
58 27 3 0 0 5 0 0 1 1 0
49 20 12 5 0 6 0 0 1 0 0
44 45 0 26 0 30 11 3 0 4 0
52 44 0 51 1 18 0 0 0 0 0
51 41 1 1 0 0 0 0 0 0 0
53 22 0 22 0 16 0 4 0 0 0
50 37 17 1 0 0 0 0 0 0 0
55 33 0 0 0 0 1 0 0 0 0
55 47 0 32 0 37 12 0 0 0 0
46 0 0 0 0 9 1 1 0 0 0
48 3 2 0 0 0 1 0 0 1 0
62 1 0 0 0 0 0 3 0 44 0
47 23 0 17 0 12 0 0 0 0 0
59 29 1 16 0 0 0 0 6 0 0
53 29 0 0 0 0 0 0 3 0 0
43 49 10 0 22 0 0 0 0 1 0
60 3 0 0 0 0 0 1 0 0 0
53 17 23 0 0 1 0 1 0 0 0
44 29 0 40 0 26 0 0 0 0 0
42 36 0 30 1 24 0 3 4 0 0
49 44 2 0 19 2 3 2 25 0 0
53 0 0 0 0 0 0 0 0 31 0
46 0 8 0 0 0 0 0 0 0 0
34 6 0 0 1 5 0 0 0 30 0
45 44 1 2 0 0 1 4 1 6 0
41 60 0 18 0 11 0 0 0 0 0
55 34 0 18 0 0 0 1 0 1 0
55 45 3 0 2 0 0 0 0 0 0
52 40 0 30 0 26 23 16 0 0 0
57 48 0 22 0 9 0 0 0 0 0
55 26 3 0 0 0 0 0 0 0 0
39 52 0 35 0 11 4 3 0 0 0
38 39 2 12 0 14 1 0 0 2 0
47 29 2 6 26 0 0 0 0 1 0
54 37 0 30 0 21 13 3 6 1 0
52 38 0 27 0 0 0 0 0 0 0
39 53 10 4 0 9 1 0 1 0 0
50 41 0 0 0 0 0 1 0 0 0
52 30 10 0 11 0 0 0 3 0 0
60 2 0 0 0 1 0 2 0 16 0
48 26 18 0 20 4 0 0 9 1 0
36 3 0 1 0 0 0 0 0 0 0
51 53 22 0 4 0 0 0 0 0 0
50 32 0 23 2 24 0 0 0 6 0
36 38 15 0 6 0 0 0 0 0 0
47 54 0 52 0 26 8 17 0 0 0
46 43 0 27 1 0 0 0 0 0 0
52 0 0 0 2 0 0 3 0 38 0
44 0 1 1 1 0 0 0 0 0 0
48 38 1 26 0 0 0 0 0 0 0
39 44 36 0 0 0 0 0 0 0 0
62 40 4 28 0 20 0 0 1 0 0
59 45 13 0 23 0 0 5 18 0 0
42 45 9 0 0 2 0 0 0 0 0
54 19 0 25 0 23 13 1 0 0 0
45 19 0 41 0 0 0 0 2 0 0
45 0 3 0 2 0 0 0 2 16 0
39 28 15 0 7 0 0 5 2 0 0
59 16 9 0 7 0 0 0 3 1 0
33 0 0 2 0 0 7 0 0 0 0
60 36 0 42 0 23 7 0 0 0 0
46 0 0 0 0 0 5 0 2 0 0
50 51 0 56 0 25 19 13 1 0 0
45 39 0 39 0 12 12 4 6 0 0
49 39 22 0 0 0 0 0 0 1 0
41 26 16 0 6 0 0 4 0 0 0
42 31 3 0 31 0 0 4 0 0 0
60 42 0 0 1 0 0 2 1 0 0
46 35 0 29 0 31 40 6 0 0 0
49 36 8 2 27 0 0 0 5 0 0
52 47 2 0 8 0 1 0 0 0 0
54 28 4 3 31 0 2 0 5 0 0
48 15 0 37 0 3 5 0 0 0 0
63 49 9 3 35 0 0 0 12 0 0
53 22 3 0 8 0 0 0 0 0 0
50 1 0 0 0 1 3 0 0 7 0
67 17 0 15 0 0 0 0 1 0 0
38 44 8 0 25 0 1 0 20 0 0
33 38 3 20 0 0 0 0 0 1 0
40 41 12 18 0 15 9 0 0 0 0
39 31 10 0 21 2 0 0 0 0 0
52 39 14 0 27 6 0 0 9 0 0
35 0 0 0 2 0 0 3 0 33 0
57 45 0 30 0 21 12 1 0 0 0
51 0 0 1 0 0 1 0 0 0 0
51 0 0 0 0 2 0 2 0 0 0
52 18 0 4 0 0 0 0 0 0 0
55 40 2 32 0 25 18 8 0 2 0
54 14 8 0 8 6 0 0 0 0 0
50 0 0 0 1 0 1 0 0 0 0
52 28 0 31 0 34 0 0 0 0 0
52 37 5 0 11 0 2 0 0 0 0
56 0 0 1 0 3 1 3 0 0 0
44 31 1 0 31 1 0 0 8 0 0
39 38 2 38 0 12 9 2 0 0 0
39 0 0 0 1 0 0 0 0 0 0
66 35 0 14 0 10 1 0 0 0 0
44 0 0 2 0 0 0 2 0 7 0
48 32 0 19 0 2 0 0 0 0 0
49 38 0 11 1 0 0 2 0 0 0
55 43 4 0 0 0 0 0 0 0 0
40 40 0 30 0 8 0 0 0 0 0
38 0 0 2 0 0 0 0 0 1 0
49 48 10 0 15 0 0 0 13 1 0
37 15 0 2 0 0 0 0 0 0 0
47 42 3 29 0 25 0 0 0 0 0
43 28 0 27 5 24 15 0 0 0 0
69 47 8 0 11 0 0 4 3 1 0
42 32 0 33 0 23 22 17 0 0 0
38 41 0 38 0 36 16 5 0 0 0
58 21 18 0 31 0 0 0 18 0 0
40 36 1 0 0 0 0 9 0 0 0
51 45 7 0 6 0 2 2 0 0 0
50 36 18 0 0 0 0 0 0 0 0
38 38 0 36 0 21 35 13 0 0 0
54 7 0 0 0 2 0 3 0 2 0
63 31 5 0 20 0 1 0 0 1 0
64 42 0 35 0 1 0 0 0 0 0
37 32 0 50 0 33 10 0 0 0 0
49 60 20 1 21 0 0 0 1 1 0
47 57 27 0 2 0 0 0 0 0 0
41 34 0 32 0 11 4 0 0 0 0
41 43 0 35 0 30 5 0 0 0 0
57 58 1 26 0 33 9 18 1 0 0
56 0 0 0 0 0 0 0 0 3 0
62 0 1 0 0 0 0 0 0 0 0
55 20 0 0 0 3 2 3 0 0 0
57 0 0 0 0 0 0 0 0 26 0
50 43 10 0 0 0 0 0 4 0 0
48 27 0 0 0 0 1 0 0 0 0
53 49 8 6 6 4 0 1 0 0 0
41 32 0 23 0 36 0 4 0 0 0
49 0 0 0 0 2 0 0 0 0 0
38 51 0 42 0 31 26 0 0 0 0
44 39 3 0 21 0 0 1 8 0 0
57 49 0 34 0 44 23 27 0 0 0
47 38 0 26 0 10 0 0 0 3 0
49 42 3 0 24 0 0 0 0 0 0
46 29 1 23 2 44 16 8 0 0 0
45 27 16 0 0 1 0 0 0 0 0
55 23 0 17 2 0 0 0 1 0 0
52 0 0 0 0 0 0 0 0 0 0
51 49 0 31 1 25 32 23 3 0 0
39 35 0 24 0 10 0 0 0 6 0
60 36 0 33 0 0 0 0 0 0 0
50 24 0 7 0 15 7 4 0 0 0
35 34 0 26 0 16 31 5 1 0 0
45 40 0 15 0 2 1 0 1 0 0
51 47 0 54 1 36 21 13 0 0 0
58 0 1 0 0 1 0 0 0 1 0
50 28 0 35 0 31 22 0 0 0 0
48 37 0 40 0 12 5 12 0 0 0
40 20 0 9 0 0 0 0 0 0 0
42 52 0 0 3 0 0 0 0 0 0
63 45 0 21 0 16 16 1 0 0 0
32 31 0 27 0 15 9 1 0 0 0
48 31 0 28 2 10 14 2 0 0 0
54 45 13 0 11 0 1 0 2 0 0
44 44 7 0 34 0 0 0 0 0 0
40 51 0 24 1 31 13 0 0 0 0
46 34 1 30 0 13 8 0 0 0 0
37 34 33 2 0 0 0 3 0 0 0
50 28 12 0 0 0 0 0 0 0 0
51 46 0 23 0 27 13 0 0 1 0
57 49 0 33 0 23 35 25 2 0 0
47 63 0 37 0 20 27 0 0 0 0
43 1 0 0 0 0 0 0 0 0 0
50 33 6 31 0 4 28 2 0 0 0
44 0 4 0 0 0 0 0 0 11 0
45 30 1 15 0 6 0 0 3 0 0
48 42 4 0 16 0 0 0 29 0 0
49 26 6 0 4 0 0 0 9 0 0
41 16 0 0 0 0 3 1 0 0 0
44 0 0 0 0 0 0 0 0 0 0
46 42 0 26 0 25 3 4 2 0 0
55 18 0 26 0 0 0 0 0 4 0
44 3 0 0 0 0 0 0 0 42 0
54 0 0 0 0 0 0 0 0 4 0
46 48 25 0 5 0 0 0 0 0 0
42 36 0 30 0 44 22 0 0 0 0
42 45 1 0 19 1 0 0 0 2 0
56 1 1 0 0 0 0 0 0 0 0
54 43 0 18 0 20 0 0 0 3 0
38 45 0 41 1 15 7 0 0 0 0
56 35 13 0 0 1 0 0 2 0 0
43 57 4 0 39 0 0 0 17 0 0
59 43 0 54 0 21 11 0 0 0 0
53 0 0 0 0 0 0 1 0 2 0
42 50 36 1 0 0 0 0 0 0 0
40 14 0 0 0 0 0 6 0 0 0
56 41 0 32 0 3 0 0 0 3 0
43 29 0 29 0 0 0 0 0 0 0
45 1 3 0 0 1 0 0 0 3 0
53 19 19 0 2 0 0 0 0 3 0
48 54 1 33 0 32 40 1 0 0 0
44 53 12 0 6 1 0 0 2 0 0
50 0 0 0 0 0 1 0 0 5 0
49 45 0 22 0 22 0 0 0 0 0
48 2 0 0 0 0 0 0 0 0 0
59 0 0 0 0 0 8 1 0 0 0
42 44 0 9 0 3 0 0 1 0 0
50 26 0 22 0 13 0 0 0 0 0
52 51 0 28 0 0 0 0 0 0 0
63 46 0 42 0 22 5 0 0 0 0
37 0 0 4 0 1 0 0 0 0 0
52 2 0 0 1 10 0 0 0 24 0
41 47 29 0 0 0 0 0 11 0 0
44 0 1 0 0 0 0 0 3 29 0
48 23 0 31 0 0 3 0 0 0 0
53 27 11 1 15 0 1 0 23 0 0
52 39 0 1 0 0 2 0 3 0 0
55 0 0 0 0 0 0 0 0 18 0
48 42 0 0 0 0 0 0 0 4 0
46 38 0 47 0 30 4 2 1 0 0
49 44 0 26 0 28 15 1 0 0 0
46 34 0 20 0 9 0 1 1 1 0
50 42 0 48 0 0 0 2 1 0 0
58 24 15 0 3 0 0 0 0 0 0
56 42 3 2 12 0 0 0 0 0 0
64 52 2 0 33 0 0 1 0 0 0
42 39 19 0 0 1 0 0 0 0 0
33 28 4 18 0 29 1 5 0 0 0
54 51 14 0 1 0 0 0 0 0 0
30 29 0 28 0 20 0 0 0 0 0
52 21 1 29 0 17 4 0 0 0 0
61 37 0 0 1 0 0 0 0 0 0
44 54 0 0 0 3 0 0 0 0 0
58 2 0 0 0 1 0 1 0 39 0
39 37 1 31 0 41 11 11 0 0 0
50 49 14 0 35 0 6 0 10 0 0
43 44 2 2 3 0 0 0 0 1 0
65 42 0 6 1 4 0 3 5 0 0
61 43 2 0 18 0 0 0 2 0 0
53 25 0 25 0 7 3 0 0 0 0
40 35 0 0 0 0 1 0 0 0 0
51 0 0 0 0 1 0 0 6 12 0
50 38 9 46 0 21 13 0 0 1 0
38 0 0 0 0 0 0 0 0 37 0
54 38 0 5 0 1 0 2 0 0 0
49 31 1 0 0 0 0 1 1 1 0
48 47 35 5 19 0 0 0 0 0 0
45 0 0 2 1 0 1 10 0 32 0
46 19 1 0 0 0 4 0 0 0 0
43 36 0 18 0 26 0 0 3 0 0
50 45 0 23 1 16 8 1 0 0 0
45 0 0 0 0 0 0 0 0 8 0
50 0 0 0 0 0 0 0 0 0 0
54 21 0 12 0 0 0 0 1 0 0
53 32 0 11 0 7 0 0 1 0 0
49 37 9 1 7 0 0 1 9 0 0
47 45 0 34 0 24 20 3 0 0 0
54 0 1 0 5 0 0 0 0 28 0
59 40 0 22 0 41 21 26 0 0 0
54 46 1 0 26 0 2 1 25 3 0
59 0 0 0 0 0 0 0 0 0 0
55 59 8 0 28 0 2 0 1 3 0
49 0 0 0 0 0 1 0 0 0 0
38 50 0 30 0 12 9 0 0 0 0
47 45 15 1 12 0 0 2 0 2 0
45 0 0 0 1 0 0 3 0 0 0
58 39 2 27 0 15 3 0 0 0 0
47 22 14 1 0 0 1 0 0 0 0
66 42 5 1 45 0 0 1 0 0 0
40 25 0 28 0 6 5 0 0 0 0
39 45 0 44 0 18 8 0 2 0 0
49 49 20 0 11 0 0 0 17 4 0
36 0 0 2 2 0 5 0 5 12 0
49 44 0 0 2 0 0 2 0 0 0
53 42 9 0 7 2 2 0 3 0 0
52 54 0 38 0 33 11 19 0 1 0
40 0 0 0 0 0 0 1 0 0 0
41 4 0 0 0 0 0 0 2 0 0
50 43 0 31 0 19 0 1 0 0 0
48 26 0 16 0 7 5 6 4 0 0
41 34 22 0 3 0 0 0 0 0 0
43 2 0 0 0 2 0 1 1 38 0
48 40 7 0 0 3 0 0 0 0 0
37 33 3 5 0 0 0 0 0 0 0
50 43 0 18 1 23 2 0 0 0 0
58 31 0 21 0 8 4 0 0 0 0
41 25 0 42 0 3 7 0 0 0 0
51 14 0 1 2 1 0 0 0 0 0
41 50 1 0 31 0 0 0 3 1 0
42 0 0 0 0 1 0 7 0 3 0
45 48 7 28 0 15 11 3 0 0 0
49 30 20 1 26 0 2 0 9 0 0
56 33 0 12 0 7 10 3 0 0 0
40 33 0 54 2 32 27 24 0 0 0
35 32 0 17 0 24 7 0 0 0 0
49 48 0 41 0 32 29 0 0 0 0
56 36 13 0 15 1 0 0 3 0 0
58 34 12 1 0 0 0 0 1 0 0
59 34 5 0 4 3 0 0 0 0 0
44 40 0 19 0 0 0 1 0 0 0
47 43 0 20 0 1 0 3 0 0 0
57 60 25 0 8 3 0 0 4 0 0
56 43 1 26 0 13 0 0 0 0 0
52 36 0 46 0 16 13 1 0 1 0
53 57 0 19 0 31 9 1 0 0 0
61 42 7 0 20 0 0 0 14 0 0
56 19 1 20 0 1 0 0 0 0 0
50 44 0 23 0 11 6 0 0 0 0
51 0 1 0 0 0 0 0 0 34 0
46 53 0 53 0 27 17 0 0 0 0
54 23 0 18 0 8 24 0 0 0 0
50 30 0 12 0 0 0 0 1 6 0
42 40 19 0 42 0 0 0 12 0 0
46 0 0 0 2 0 0 4 0 20 0
44 46 23 0 0 0 0 0 0 0 0
65 52 18 0 0 0 0 0 0 0 0
42 57 0 20 2 0 0 0 0 0 0
52 44 0 22 0 28 10 4 0 7 0
45 26 0 20 0 25 1 2 0 0 0
56 34 0 3 0 0 0 0 0 0 0
45 44 1 20 7 7 0 0 0 11 0
46 37 0 0 0 7 4 0 2 3 0
43 24 0 15 0 4 0 0 0 0 0
52 3 0 2 0 0 0 2 7 0 0
44 44 0 27 0 16 13 9 0 0 0
53 17 0 0 0 0 0 0 0 0 0
58 31 1 11 0 8 19 14 0 1 0
51 33 6 2 0 3 0 0 1 0 0
49 37 21 3 0 2 0 0 0 0 0
46 0 0 2 0 0 6 0 0 0 0
57 38 4 0 0 0 0 0 3 0 0
43 0 0 0 0 1 3 2 0 11 0
53 53 0 26 7 23 2 0 0 0 0
62 21 1 30 0 1 0 0 0 0 0
53 4 10 0 0 2 0 2 0 0 0
60 37 7 0 23 0 0 0 1 0 0
60 0 0 0 0 0 0 3 1 0 0
53 0 0 4 0 0 0 0 0 33 0
45 39 0 1 0 0 0 0 0 0 0
48 0 0 0 0 0 0 0 0 0 0
38 0 1 0 2 0 0 1 0 32 0
50 26 0 0 16 2 0 6 20 0 0
41 4 0 0 0 0 0 0 0 3 0
46 41 0 42 1 43 18 34 0 0 0
53 42 0 34 0 4 0 0 0 0 0
40 39 6 9 5 6 0 0 0 0 0
59 46 3 38 0 16 2 3 4 0 0
52 26 0 40 1 3 5 0 0 1 0
45 36 0 13 0 0 1 0 2 0 0
56 32 6 0 21 0 4 3 8 0 0
44 34 0 25 0 12 13 0 0 0 0
42 42 0 26 0 24 5 2 0 0 0
54 15 0 16 4 0 0 0 0 1 0
58 5 0 14 0 0 0 0 0 0 0
41 46 37 0 2 0 0 0 0 0 0
48 34 1 7 0 0 0 0 0 0 0
56 8 0 0 0 0 0 0 0 6 0
52 41 0 33 2 5 6 0 0 0 0
60 22 0 32 1 10 3 1 0 5 0
48 56 5 0 19 0 0 0 6 0 0
45 45 0 9 0 0 0 0 1 0 0
50 6 7 0 0 0 1 0 0 0 0
45 23 6 0 15 4 0 0 0 3 0
57 33 8 5 31 0 1 0 3 0 0
47 13 0 4 0 0 2 0 0 0 0
42 41 0 2 0 0 0 0 3 0 0
34 50 19 0 1 0 0 0 0 0 0
62 46 0 9 0 0 2 2 0 0 0
53 39 31 0 0 0 0 0 0 1 0
58 44 7 0 12 0 0 0 8 0 0
50 0 1 0 0 4 0 0 0 47 0
48 33 6 0 36 0 0 0 2 0 0
50 44 0 20 0 1 0 2 0 0 0
46 37 1 45 3 24 19 11 0 0 0
48 42 12 0 15 3 5 0 0 0 0
45 9 0 0 0 0 0 0 0 2 0
50 6 0 0 0 1 0 0 0 0 0
58 31 0 0 0 0 1 0 1 0 0
50 32 37 2 1 0 0 0 0 0 0
41 11 0 0 0 0 1 2 0 2 0
55 20 10 0 0 0 0 0 0 0 0
48 45 33 0 14 0 1 1 1 0 0
55 34 0 35 1 0 0 0 0 0 0
55 45 30 0 0 0 0 5 0 0 0
44 42 3 0 20 0 0 0 0 4 0
45 28 0 0 0 0 0 0 6 2 0
38 33 2 1 3 0 0 4 2 0 0
29 55 13 0 36 0 0 0 21 1 0
45 1 0 0 0 0 0 0 4 0 0
39 41 0 24 0 25 21 5 0 0 0
49 44 0 35 1 4 0 0 2 1 0
59 33 3 4 24 1 3 0 0 1 0
55 29 5 0 7 0 0 0 0 0 0
49 0 0 0 2 0 0 0 0 20 0
39 46 15 1 24 0 6 0 0 0 0
58 32 1 11 0 0 0 1 1 0 0
49 31 0 28 0 7 0 0 0 0 0
47 36 1 24 0 20 5 1 0 0 0
57 27 30 0 1 0 0 0 0 0 0
49 0 4 1 0 0 0 0 0 5 0
45 47 2 40 0 30 30 7 0 0 0
51 6 0 0 0 0 0 0 0 0 0
44 51 0 0 32 0 0 0 4 0 0
50 27 14 0 23 0 0 0 7 0 0
49 0 2 0 0 0 0 3 0 52 0
53 47 0 22 0 7 0 0 0 0 0
55 25 15 1 0 0 0 0 0 0 0
55 24 15 24 1 10 22 2 1 0 0
43 0 0 0 1 0 0 0 8 25 0
47 24 0 13 0 0 0 0 0 0 0
46 58 0 32 0 6 5 0 0 0 0
48 1 0 0 1 0 0 0 4 0 0
54 0 2 3 0 0 0 1 0 23 0
42 0 1 0 0 0 0 0 1 0 0
39 49 0 39 0 20 0 0 0 0 0
50 37 0 26 0 0 0 0 0 7 0
76 13 1 13 0 1 0 0 0 1 0
41 22 0 7 0 5 0 0 0 0 0
58 25 1 0 34 1 0 0 22 0 0
47 9 5 0 0 0 0 0 0 0 0
57 36 0 0 4 0 0 1 0 5 0
42 0 0 0 0 0 0 0 0 0 0
52 9 0 17 0 1 0 0 0 1 0
53 40 15 0 14 0 0 0 0 0 0
52 66 5 27 0 15 0 0 0 4 0
62 55 7 0 0 0 0 0 2 0 0
52 41 5 0 12 0 0 3 24 0 0
52 20 13 2 0 0 0 0 0 0 0
44 47 0 40 0 27 15 5 0 0 0
51 47 9 0 0 0 0 0 0 0 0
46 41 15 4 12 0 0 1 10 0 0
61 43 0 42 4 5 0 2 0 0 0
35 63 1 43 0 0 0 0 0 0 0
