52 52 49 56 48 45 57 52 61 48 0
54 54 46 53 42 60 42 52 62 50 0
56 45 55 61 52 45 52 53 55 43 0
56 49 46 55 46 47 34 54 56 58 0
50 56 62 52 45 60 47 48 43 48 0
42 54 44 55 60 55 62 46 57 39 0
41 52 59 62 55 51 47 59 36 49 0
58 50 59 30 73 41 49 41 33 45 0
51 40 57 48 44 55 50 55 52 43 0
57 42 50 53 47 45 56 46 61 53 0
55 71 51 49 50 39 48 55 44 38 0
42 47 50 49 58 54 60 45 56 49 0
62 50 46 50 44 51 43 61 40 48 0
62 40 58 65 50 64 37 46 52 56 0
57 46 45 53 49 43 46 56 40 52 0
55 51 39 58 45 46 45 43 51 56 0
52 60 52 55 49 51 46 53 49 50 0
48 63 51 52 52 46 50 60 51 47 0
46 60 51 49 45 71 50 50 51 48 0
43 42 58 46 56 41 46 48 73 39 0
68 45 53 39 59 47 52 58 52 54 0
60 46 62 47 36 61 57 42 46 56 0
47 40 61 58 54 62 58 54 54 47 0
54 69 49 53 62 40 52 61 46 52 0
49 52 46 45 62 62 44 52 53 40 0
48 47 41 41 44 58 58 53 42 56 0
45 45 48 52 46 49 51 48 51 57 0
60 50 38 46 39 46 41 50 56 50 0
50 59 61 47 54 63 47 54 43 59 0
66 36 56 58 53 62 52 42 54 62 0
56 48 40 45 33 35 54 47 45 67 0
45 32 48 40 40 53 51 46 54 40 0
48 37 48 47 63 53 51 58 43 44 0
47 51 43 55 40 60 52 45 62 55 0
63 50 59 45 47 39 57 44 39 49 0
46 50 53 56 47 51 54 32 65 40 0
49 48 44 53 44 51 50 52 78 48 0
47 47 48 54 56 50 49 48 40 55 0
53 53 47 51 42 44 60 54 46 43 0
47 49 51 53 58 38 50 62 42 51 0
43 48 50 51 48 54 37 41 51 44 0
49 54 45 59 51 50 56 64 52 47 0
47 52 48 49 62 48 49 56 49 54 0
49 62 44 48 52 50 50 50 49 48 0
53 46 54 54 35 53 53 32 48 42 0
30 48 38 47 56 45 47 40 54 49 0
58 59 52 32 60 46 52 55 43 47 0
46 46 47 47 43 48 62 49 54 55 0
52 37 44 40 49 59 57 48 63 54 0
43 48 51 42 56 61 52 53 40 56 0
35 45 62 53 49 53 53 52 48 49 0
45 40 39 57 45 56 52 43 53 56 0
61 42 54 55 50 58 49 47 49 56 0
48 54 52 55 33 43 51 50 41 49 0
45 44 49 69 63 46 47 47 46 52 0
52 52 51 69 36 52 46 39 51 35 0
52 56 64 57 59 54 47 55 44 51 0
49 44 48 36 56 55 60 47 47 55 0
52 47 61 43 25 42 54 59 51 48 0
48 42 50 47 50 61 50 50 37 41 0
45 36 41 47 41 47 59 62 61 47 0
57 53 45 50 53 42 51 60 46 44 0
53 40 47 46 51 47 47 58 38 41 0
43 53 44 45 70 62 46 51 45 49 0
47 47 46 57 42 49 42 57 47 52 0
52 43 56 49 52 43 47 42 55 65 0
52 55 57 53 57 34 41 45 47 62 0
43 43 55 39 56 52 62 58 59 58 0
56 50 49 34 40 59 50 53 60 48 0
50 50 58 56 41 48 55 42 46 45 0
48 52 46 36 47 53 57 52 45 55 0
36 39 47 54 39 52 48 49 49 64 0
48 37 50 55 52 55 29 41 59 49 0
58 47 59 54 41 54 46 39 47 53 0
49 44 60 43 51 60 56 52 53 51 0
44 52 57 58 56 53 42 49 39 35 0
52 45 59 52 41 50 52 47 51 42 0
51 52 39 48 42 47 53 46 52 58 0
53 61 60 51 60 78 41 41 53 59 0
50 47 48 64 54 47 44 55 40 50 0
55 43 55 40 41 39 44 56 45 49 0
56 47 58 46 42 52 50 51 48 40 0
46 59 57 55 52 60 56 51 34 53 0
48 45 41 49 49 49 50 51 47 42 0
62 45 49 55 52 56 59 49 46 50 0
47 51 52 58 50 52 61 52 66 60 0
63 46 43 35 42 50 48 50 66 42 0
53 52 50 52 45 41 50 43 48 60 0
43 55 48 53 54 60 54 49 55 46 0
60 53 49 40 54 37 49 47 48 45 0
53 50 51 51 45 40 49 52 54 45 0
45 36 59 47 46 47 46 49 51 56 0
43 47 53 41 50 64 47 41 54 60 0
49 49 52 56 55 57 60 52 49 50 0
54 55 56 51 47 48 49 53 61 43 0
46 63 55 47 58 46 45 47 49 52 0
36 57 43 53 55 49 54 50 50 33 0
45 44 48 57 54 53 51 47 43 47 0
48 62 48 47 42 47 60 42 60 62 0
55 56 53 50 41 44 53 49 57 54 0
55 56 46 44 45 51 57 44 48 48 0
52 60 47 44 45 50 48 48 53 56 0
57 62 55 47 45 44 40 51 45 45 0
55 43 25 52 62 43 43 45 45 47 0
39 54 55 49 42 43 46 53 56 53 0
38 48 49 41 45 60 53 41 49 53 0
47 50 48 48 51 49 47 44 52 43 0
54 43 46 56 51 48 52 54 51 57 0
52 49 43 41 57 51 51 52 54 60 0
39 54 46 56 53 53 48 47 46 50 0
50 52 68 58 30 45 57 65 57 44 0
52 46 33 44 46 44 52 52 57 38 0
60 59 54 54 38 48 43 44 59 42 0
48 41 48 62 50 53 49 52 60 48 0
36 52 49 56 54 43 44 49 43 54 0
51 63 57 49 48 50 57 42 46 38 0
50 50 55 48 53 55 54 60 60 40 0
36 46 60 47 58 48 51 53 50 51 0
47 54 47 60 45 69 50 48 44 58 0
46 52 52 48 49 47 74 53 58 40 0
52 48 48 41 51 47 60 46 43 54 0
46 48 49 61 62 51 45 52 43 49 0
54 48 48 52 57 57 53 47 41 51 0
39 51 49 40 65 46 61 40 42 60 0
62 47 49 55 47 60 49 44 48 53 0
60 46 44 54 55 45 52 51 53 62 0
42 64 40 45 65 52 45 53 55 47 0
54 47 43 54 53 60 39 47 41 58 0
45 38 38 52 54 59 62 49 51 51 0
45 54 54 38 55 45 47 52 36 41 0
39 55 41 62 44 50 58 47 43 56 0
59 44 48 50 47 43 41 47 50 52 0
33 55 41 53 44 43 44 37 50 75 0
60 39 55 52 55 48 50 51 47 40 0
46 51 55 54 45 57 56 58 44 44 0
50 51 50 63 33 47 59 53 36 49 0
45 46 54 50 47 54 47 55 62 41 0
49 49 52 51 47 51 47 42 63 43 0
45 52 43 41 37 43 54 60 48 51 0
43 57 38 52 53 50 44 46 68 59 0
60 51 48 53 52 42 58 43 43 60 0
46 48 56 56 44 57 66 37 48 45 0
49 61 55 45 50 45 58 66 44 50 0
52 59 33 66 45 53 64 37 36 64 0
54 46 54 58 59 51 53 48 41 47 0
48 53 45 63 42 64 54 45 54 56 0
63 55 48 53 48 43 54 49 49 52 0
53 46 55 53 48 40 58 52 43 38 0
50 48 59 42 48 36 34 51 56 48 0
67 53 52 49 53 54 60 47 57 54 0
47 49 35 66 43 48 41 62 60 43 0
34 59 44 50 47 48 53 47 52 41 0
40 42 51 47 51 57 52 46 53 48 0
39 51 46 48 51 51 63 55 46 60 0
52 56 57 55 53 44 40 44 49 36 0
35 47 41 50 63 47 40 45 53 50 0
60 55 55 43 58 55 53 46 55 54 0
51 50 49 58 63 43 47 54 52 47 0
51 42 52 50 46 53 63 51 54 47 0
52 42 53 40 34 45 48 48 57 52 0
56 58 49 47 39 45 50 43 61 45 0
54 41 43 45 40 41 54 44 59 37 0
50 52 51 62 55 52 51 49 37 51 0
52 53 46 47 51 56 53 52 49 49 0
52 50 52 46 45 43 70 55 51 38 0
56 50 53 45 52 63 45 51 44 53 0
44 53 43 51 57 59 62 60 50 41 0
39 39 50 53 67 41 46 43 68 46 0
39 52 53 46 56 45 45 59 50 48 0
67 48 45 55 60 42 48 44 51 51 0
44 41 50 58 58 52 39 45 50 38 0
48 52 51 39 55 54 41 80 50 52 0
49 51 59 55 54 40 49 54 55 57 0
58 46 61 60 51 43 42 61 47 47 0
51 40 48 49 46 52 43 42 56 46 0
38 53 45 44 46 45 69 43 55 59 0
49 50 51 50 46 43 54 53 37 48 0
37 52 50 49 51 48 42 58 53 45 0
47 43 50 40 55 47 57 39 59 39 0
54 44 55 62 47 53 42 60 53 52 0
71 54 48 50 49 58 54 56 35 52 0
42 43 42 43 57 43 43 55 49 35 0
42 52 60 51 65 51 46 35 38 39 0
58 34 45 62 48 59 41 55 51 46 0
40 59 51 42 54 46 43 55 45 57 0
51 45 43 48 47 51 54 50 48 67 0
53 48 53 54 50 40 40 48 43 46 0
41 39 57 45 37 41 55 47 51 48 0
54 46 61 47 62 53 52 57 50 48 0
63 45 54 51 64 41 41 61 67 49 0
64 53 46 47 51 56 53 61 48 49 0
37 39 46 56 48 57 67 53 44 52 0
49 67 44 46 47 50 38 57 44 56 0
47 59 47 56 45 43 43 49 53 45 0
41 47 58 52 51 49 55 40 48 54 0
41 52 58 41 51 49 43 49 56 52 0
58 60 46 42 54 45 52 56 37 55 0
56 56 58 44 46 42 60 52 47 39 0
62 49 50 52 57 46 57 47 60 41 0
55 49 43 51 53 65 52 61 47 54 0
57 43 46 53 43 38 47 52 37 38 0
55 61 47 43 57 38 36 56 50 46 0
50 50 45 46 49 53 56 50 52 38 0
54 51 53 51 52 48 39 53 51 49 0
41 53 48 47 49 47 44 42 56 51 0
49 63 49 59 45 49 51 50 47 58 0
40 51 48 66 59 47 52 53 57 50 0
44 50 43 51 43 54 53 54 50 49 0
58 52 70 44 63 49 48 55 55 53 0
47 42 55 50 35 58 44 59 52 43 0
49 51 52 53 53 55 43 47 51 50 0
47 43 54 43 38 53 50 44 62 45 0
45 55 43 43 48 55 45 43 55 48 0
55 45 46 49 58 49 43 50 65 45 0
52 48 34 55 50 45 52 41 51 46 0
51 53 57 50 36 59 51 46 56 52 0
41 45 55 49 47 51 32 45 54 56 0
60 47 50 41 49 42 41 45 41 47 0
50 37 62 45 52 45 44 51 38 42 0
35 45 42 40 57 54 42 50 51 56 0
45 55 51 49 44 45 53 39 57 49 0
51 51 45 58 41 62 44 42 51 51 0
58 45 48 49 42 40 51 61 47 48 0
50 41 43 44 47 51 56 52 49 49 0
48 46 49 57 51 39 40 52 56 42 0
42 36 44 56 55 46 54 69 54 44 0
42 56 51 41 55 48 42 49 47 44 0
64 47 37 47 32 39 59 44 51 53 0
33 39 50 46 57 51 52 39 52 37 0
48 49 59 43 48 42 54 43 43 43 0
54 53 50 47 52 59 51 53 48 50 0
45 46 46 50 45 37 51 41 52 65 0
40 70 44 50 46 59 58 46 41 51 0
46 50 53 45 50 57 45 59 43 43 0
38 50 51 53 45 51 53 53 44 36 0
50 40 53 59 44 62 57 49 56 44 0
51 54 42 38 53 51 40 51 49 66 0
57 52 57 40 46 47 53 51 51 55 0
47 64 40 43 60 35 45 55 51 55 0
43 43 52 42 51 52 52 52 46 46 0
50 50 50 54 49 40 46 57 48 57 0
44 42 51 46 49 44 54 53 47 55 0
45 40 44 41 55 62 53 44 62 53 0
49 53 41 51 41 54 53 49 54 48 0
49 41 56 52 58 37 49 47 55 52 0
41 50 36 61 47 56 53 42 44 50 0
46 56 47 55 57 45 52 52 57 54 0
46 50 55 53 51 52 42 46 57 57 0
55 41 31 61 42 47 43 52 55 50 0
44 41 53 50 62 50 68 55 50 42 0
54 48 55 58 39 50 53 58 50 49 0
49 48 47 42 54 65 58 46 52 57 0
44 40 64 43 51 53 41 53 47 62 0
42 55 47 40 49 54 29 52 46 37 0
57 48 53 51 44 50 41 42 47 47 0
54 47 46 46 50 50 51 44 45 49 0
38 47 52 45 40 46 46 54 56 56 0
56 55 68 55 47 53 37 50 45 49 0
43 59 55 64 55 45 35 37 55 50 0
60 50 51 58 63 46 42 57 44 56 0
53 50 40 57 46 35 53 48 51 54 0
43 55 54 43 58 54 50 52 48 49 0
45 48 56 64 41 47 42 60 55 56 0
56 44 49 53 43 34 50 56 60 53 0
49 39 44 47 42 56 56 48 50 43 0
45 48 58 37 53 64 53 50 51 44 0
53 42 52 46 49 38 49 55 44 49 0
48 55 42 47 54 47 76 39 48 50 0
44 61 51 52 55 42 52 40 50 41 0
50 54 43 47 44 47 58 52 65 32 0
49 55 47 53 46 48 54 46 64 43 0
48 46 33 46 54 59 62 44 55 60 0
59 44 60 40 53 56 54 49 42 48 0
42 60 48 56 57 47 51 50 52 50 0
52 38 57 57 50 49 57 43 50 46 0
52 54 41 55 55 62 48 46 48 54 0
63 53 45 60 44 43 47 61 63 54 0
37 50 41 56 52 49 49 35 52 53 0
52 55 49 47 43 54 58 61 53 47 0
41 51 56 48 41 48 54 59 48 42 0
44 40 48 53 45 51 49 49 55 36 0
48 45 51 55 55 53 57 39 49 38 0
53 54 57 36 44 45 54 49 59 41 0
53 51 61 46 51 35 48 47 49 50 0
56 50 45 41 48 46 65 57 48 55 0
48 55 56 43 60 38 60 51 41 57 0
46 42 53 65 49 49 35 46 40 56 0
49 48 61 51 56 61 44 54 52 46 0
47 41 63 54 54 46 37 55 48 48 0
50 52 57 67 52 52 45 58 48 42 0
58 51 41 45 60 56 52 47 45 52 0
56 47 59 52 47 36 52 63 43 44 0
64 52 53 55 54 43 48 42 57 51 0
42 43 47 46 45 57 39 56 52 42 0
38 39 59 55 47 52 44 65 45 57 0
54 57 59 50 53 47 45 42 59 49 0
36 45 43 51 60 57 53 39 58 36 0
52 47 47 57 61 60 44 57 41 46 0
61 43 42 63 65 48 47 46 37 43 0
44 58 46 54 53 51 48 41 51 46 0
58 62 58 33 48 62 61 50 45 44 0
40 58 45 44 46 49 54 51 55 50 0
50 53 49 50 56 40 53 54 49 52 0
46 52 43 64 49 48 50 65 44 58 0
65 48 46 50 45 47 47 37 53 51 0
61 45 46 41 49 49 55 44 50 67 0
53 46 63 46 42 44 50 58 40 46 0
40 51 50 50 55 52 43 46 61 41 0
51 46 51 50 61 40 50 57 47 46 0
50 50 47 62 42 54 42 38 49 45 0
38 46 42 37 58 45 60 50 49 55 0
54 41 47 31 52 44 47 53 44 44 0
49 45 40 46 41 50 47 46 56 60 0
48 57 54 55 49 57 56 49 44 43 0
47 49 43 55 42 46 45 52 52 64 0
46 50 46 52 59 46 48 47 62 48 0
45 50 54 63 54 49 49 38 55 49 0
50 52 54 57 58 37 56 52 45 47 0
46 55 48 46 48 54 58 55 51 41 0
50 44 49 57 47 49 43 55 38 48 0
54 59 37 59 45 59 54 31 41 49 0
56 50 54 50 50 73 44 58 45 50 0
49 51 53 46 35 43 62 54 44 70 0
47 56 52 44 39 41 50 39 56 50 0
54 55 56 46 49 56 43 51 55 54 0
59 46 53 45 37 57 46 49 54 51 0
54 52 55 43 44 52 49 58 41 52 0
59 63 44 53 42 48 51 44 47 44 0
55 59 46 45 40 57 45 49 48 53 0
50 47 52 49 60 48 69 59 41 54 0
38 50 49 45 54 45 46 52 38 50 0
47 46 44 43 40 53 53 57 56 37 0
45 49 42 40 50 57 51 49 57 53 0
63 60 45 36 51 46 58 53 39 69 0
47 39 44 49 52 48 49 57 49 47 0
66 45 41 55 50 54 47 61 53 54 0
41 46 49 54 44 41 53 43 42 40 0
40 45 52 49 49 50 54 49 49 51 0
49 52 47 45 42 45 59 49 55 41 0
36 58 34 54 47 38 46 38 52 48 0
49 45 49 52 55 50 22 54 60 47 0
53 47 50 53 39 60 45 56 55 51 0
52 57 50 56 37 53 50 44 54 62 0
40 64 43 55 51 53 54 41 51 47 0
41 52 51 50 55 68 63 54 45 33 0
50 47 41 45 50 52 48 61 47 63 0
48 51 55 52 53 50 53 42 46 47 0
41 42 43 61 49 51 55 48 53 57 0
44 68 34 44 44 50 50 64 60 43 0
48 43 51 51 45 48 41 46 49 35 0
37 47 44 37 54 50 58 52 60 38 0
50 52 42 40 44 50 46 41 46 67 0
58 49 42 43 37 52 43 59 57 54 0
41 44 54 65 46 30 50 40 49 39 0
51 52 48 50 59 49 46 47 48 48 0
41 51 51 52 42 53 57 65 49 51 0
42 48 48 50 49 57 44 49 54 46 0
45 48 67 52 63 48 49 46 46 41 0
49 44 48 50 58 60 59 41 56 48 0
56 45 44 44 44 35 46 48 50 46 0
40 37 53 57 49 53 46 62 50 43 0
35 45 52 47 45 48 56 39 54 56 0
51 52 51 48 55 48 48 50 51 55 0
56 62 45 54 62 44 43 58 42 56 0
59 55 41 50 42 41 43 53 51 51 0
59 40 53 47 47 48 41 45 61 50 0
44 47 43 37 45 50 60 58 57 43 0
47 58 54 51 52 40 55 60 40 40 0
57 62 51 49 59 51 51 52 51 46 0
56 53 53 45 62 64 53 44 55 39 0
52 50 38 64 40 59 55 46 39 64 0
54 58 49 55 44 51 51 49 47 53 0
61 44 40 50 41 51 40 39 47 63 0
56 46 46 51 50 53 55 40 59 43 0
51 45 50 45 54 52 52 36 39 40 0
51 63 35 39 50 56 48 59 57 70 0
46 55 40 54 64 37 48 37 32 50 0
54 46 54 43 47 47 37 49 51 55 0
50 52 55 70 37 59 43 45 43 33 0
42 42 45 49 61 61 56 57 47 36 0
46 46 47 53 49 52 51 47 52 61 0
46 60 49 54 38 60 58 43 48 50 0
65 53 51 55 44 39 40 46 46 37 0
42 62 46 49 58 43 48 50 49 50 0
52 51 56 49 51 49 50 54 64 36 0
45 29 42 49 53 42 56 52 52 42 0
56 49 45 48 52 41 51 43 48 62 0
45 55 53 32 54 36 44 50 59 52 0
46 52 50 40 61 46 55 40 57 45 0
43 45 44 55 50 57 70 44 51 37 0
52 34 46 52 47 57 53 44 55 48 0
44 47 54 51 64 54 39 65 47 63 0
53 56 58 51 48 36 49 43 51 48 0
59 49 40 45 40 51 54 60 56 44 0
51 56 50 45 47 49 58 55 63 53 0
49 54 52 52 53 67 62 41 42 48 0
48 47 53 55 48 60 43 38 40 48 0
57 46 47 65 47 41 47 61 57 57 0
43 38 47 66 53 46 55 47 62 52 0
57 66 49 51 50 59 47 51 53 42 0
62 45 56 47 40 37 45 65 41 44 0
53 47 55 52 36 52 45 61 54 44 0
60 48 50 38 52 52 67 62 51 52 0
60 59 46 60 53 60 56 54 64 49 0
53 58 49 51 57 54 43 45 54 33 0
45 44 57 41 69 48 49 52 45 41 0
48 47 46 39 49 53 39 54 53 55 0
41 54 45 45 52 52 50 39 44 38 0
50 52 49 58 54 48 46 42 73 48 0
41 52 42 52 50 50 43 46 54 45 0
46 47 40 53 55 62 46 53 57 36 0
53 44 61 52 45 52 47 51 49 40 0
43 42 57 44 51 42 48 48 42 48 0
59 48 51 42 53 44 55 65 52 48 0
52 40 52 61 53 41 52 39 49 43 0
45 46 55 56 46 40 47 50 52 46 0
56 56 63 46 53 46 44 45 40 42 0
45 47 41 53 42 47 56 47 63 69 0
42 46 63 53 49 50 45 57 57 58 0
54 69 48 50 32 37 49 50 52 43 0
60 50 53 55 52 47 46 54 52 47 0
41 53 65 47 56 54 47 52 61 52 0
48 52 50 54 43 52 35 38 54 46 0
56 37 57 39 57 45 54 48 48 43 0
52 53 47 46 46 47 53 49 52 48 0
60 57 45 62 51 55 45 41 59 64 0
49 56 51 54 49 50 53 38 47 47 0
45 57 47 53 43 46 54 46 51 49 0
50 51 50 53 43 56 57 43 55 41 0
45 43 56 49 57 56 51 37 55 37 0
57 33 51 51 47 51 51 54 52 49 0
47 46 58 55 51 42 35 43 42 56 0
42 42 55 50 39 53 51 58 51 49 0
36 61 48 51 40 63 53 48 52 52 0
62 48 66 55 66 44 57 52 35 65 0
53 51 45 41 54 47 52 51 54 51 0
58 46 47 51 44 54 63 43 53 41 0
50 44 58 50 46 51 51 43 46 51 0
49 37 50 39 54 57 47 47 54 53 0
50 52 49 47 55 56 40 44 38 64 0
50 44 45 52 57 46 51 46 51 38 0
48 53 41 44 53 60 48 59 50 40 0
47 45 36 63 46 57 46 55 48 70 0
51 44 41 49 68 52 49 58 52 42 0
58 44 46 38 43 57 47 47 52 40 0
50 49 57 52 45 55 47 52 56 43 0
42 39 56 56 47 42 41 52 44 50 0
56 58 49 46 45 53 34 52 48 45 0
48 52 59 58 45 43 40 49 42 56 0
55 34 39 43 56 36 59 54 54 50 0
57 49 51 52 43 50 45 59 53 49 0
45 42 47 55 51 50 58 56 51 46 0
46 52 46 52 56 42 64 37 46 49 0
44 42 34 39 46 57 48 59 55 46 0
30 58 59 38 54 33 52 53 49 48 0
47 50 48 46 51 38 54 47 43 45 0
39 45 61 49 41 47 60 43 45 46 0
49 56 50 56 49 52 42 32 52 48 0
60 56 43 57 50 72 51 52 60 51 0
55 60 44 31 62 53 43 51 67 52 0
49 39 47 42 52 54 49 43 50 51 0
47 47 50 47 43 49 54 44 60 34 0
58 61 62 43 50 54 52 56 54 38 0
49 55 61 41 40 63 49 61 39 50 0
48 42 60 36 42 38 43 48 49 49 0
57 56 69 51 55 59 49 48 47 50 0
49 51 50 58 43 35 38 51 63 49 0
45 49 66 46 42 48 43 38 53 46 0
51 47 40 57 47 44 43 46 61 53 0
44 52 60 45 47 43 43 52 39 46 0
50 49 43 51 40 52 58 37 46 37 0
49 53 60 51 53 55 51 46 50 54 0
54 60 54 51 46 51 50 55 43 53 0
55 51 48 49 45 49 47 41 52 55 0
55 42 41 54 50 43 56 51 54 54 0
43 51 54 52 47 55 61 49 52 58 0
48 61 56 49 55 48 54 65 67 42 0
46 59 60 58 61 53 46 44 44 52 0
54 43 51 58 47 49 54 49 59 46 0
54 47 36 57 51 56 53 50 55 45 0
42 44 47 46 45 54 60 47 65 60 0
43 50 36 42 62 55 52 50 47 63 0
50 49 54 59 39 54 50 43 49 50 0
76 64 62 54 48 51 49 48 50 53 0
47 48 51 54 51 52 40 47 36 43 0
58 45 54 50 57 53 42 55 46 64 0
47 60 33 47 53 48 53 61 51 47 0
57 64 40 51 41 49 40 46 47 45 0
42 54 51 50 46 55 49 45 57 63 0
52 49 48 55 56 54 53 54 54 48 0
55 46 47 47 44 53 39 72 54 33 0
52 74 49 48 50 47 49 61 48 50 0
62 62 46 42 52 47 51 41 33 35 0
52 46 61 52 42 59 48 54 55 44 0
53 44 56 57 46 54 40 52 49 37 0
44 47 38 54 55 45 47 46 48 33 0
51 54 42 53 48 65 54 58 58 61 0
46 51 58 46 46 57 51 47 44 57 0
61 55 42 55 50 44 46 51 48 49 0
35 69 56 48 45 42 49 50 48 48 0
