1.0000 0.7885 0.0612 0.8393 0.0417 0.3111 0.0351 0.0000 0.0000 0.0208 0.0000
1.0000 0.6852 0.0000 0.6226 0.0476 0.1833 0.2619 0.0385 0.0000 0.0000 0.0000
0.8929 0.2000 0.0000 0.0164 0.0000 0.0000 0.0000 0.0377 0.0000 0.0000 0.0000
1.0000 1.0000 0.0000 0.8545 0.0000 0.7234 0.4412 0.1667 0.0000 0.0172 0.0000
1.0000 0.4464 0.0323 0.1154 0.0000 0.0000 0.0000 0.0000 0.0000 0.0208 0.0000
1.0000 0.8704 0.0227 0.4727 0.0000 0.5273 0.5484 0.1739 0.0000 0.0000 0.0000
1.0000 0.5962 0.4237 0.0806 0.0000 0.1176 0.0851 0.0000 0.0000 0.0000 0.0000
1.0000 0.4000 0.0169 0.0000 0.5205 0.0000 0.0000 0.0244 0.2424 0.0000 0.0000
1.0000 0.8000 0.3860 0.0000 0.0000 0.0000 0.0000 0.0000 0.0962 0.0698 0.0000
1.0000 0.0000 0.0000 0.0189 0.0000 0.0000 0.0714 0.0000 0.0000 0.6792 0.0000
1.0000 0.6761 0.4314 0.0000 0.0400 0.0000 0.0000 0.0000 0.0000 0.0000 0.0000
1.0000 0.2553 0.0000 0.0000 0.0000 0.0000 0.0000 0.0000 0.0000 0.0000 0.0000
1.0000 0.7400 0.1087 0.4400 0.0000 0.0000 0.0000 0.0164 0.0000 0.0000 0.0000
1.0000 0.2250 0.0000 0.0154 0.2600 0.0000 0.0000 0.0000 0.0000 0.0000 0.0000
1.0000 0.1087 0.0000 0.0000 0.0000 0.0000 0.0652 0.0000 0.0000 0.1923 0.0000
1.0000 0.9020 0.0769 0.1207 0.8667 0.0000 0.0222 0.0000 0.0000 0.0357 0.0000
1.0000 0.0000 0.0385 0.0000 0.0816 0.0000 0.0000 0.0000 0.0000 0.9200 0.0000
1.0000 0.8889 0.0000 0.7500 0.0000 0.3696 0.0000 0.0000 0.1765 0.0000 0.0000
1.0000 0.8000 0.0000 0.3469 0.0000 0.1690 0.2000 0.0000 0.0000 0.0000 0.0000
1.0000 1.0000 0.6552 0.0000 0.0000 0.0000 0.0435 0.0208 0.0000 0.2308 0.0000
0.9559 0.8444 0.0000 0.1282 0.0000 0.0213 0.0000 0.1207 0.0000 0.0000 0.0000
1.0000 0.0000 0.0000 0.0000 0.0000 0.0000 0.0000 0.0000 0.0000 0.0893 0.0000
1.0000 0.7500 0.3934 0.0000 0.0556 0.0000 0.0000 0.0370 0.0556 0.0000 0.0000
1.0000 0.7681 0.0816 0.0000 0.0000 0.0000 0.0000 0.0000 0.0000 0.0000 0.0000
0.9592 0.3269 0.0000 0.0444 0.0000 0.0000 0.0000 0.0000 0.0000 0.0000 0.0000
1.0000 0.9574 0.0000 0.9024 0.0000 0.1897 0.0000 0.0000 0.0000 0.0000 0.0000
1.0000 0.7778 0.0000 0.7692 0.0000 0.3673 0.2941 0.0417 0.0000 0.0000 0.0000
1.0000 0.9400 0.0263 0.4783 0.0000 0.6739 0.4878 0.2800 0.0000 0.0000 0.0000
0.9800 0.0000 0.0000 0.0000 0.0000 0.0000 0.0000 0.0000 0.1163 0.3729 0.0000
1.0000 0.3333 0.0893 0.0000 0.2830 0.0000 0.0000 0.0000 0.0000 0.1129 0.0000
1.0000 0.6667 0.0000 0.0000 0.0000 0.0000 0.0000 0.0000 0.0000 0.0149 0.0000
1.0000 1.0000 0.0417 0.0500 0.5250 0.0000 0.0000 0.0000 0.2037 0.0000 0.0000
1.0000 0.4054 0.0000 0.0000 0.0000 0.0000 0.0000 0.0000 0.0000 0.0000 0.0000
1.0000 0.7647 0.0000 0.0000 0.0000 0.0000 0.0000 0.0000 0.0000 0.0000 0.0000
0.9841 0.0000 0.0000 0.0000 0.0000 0.0000 0.0000 0.0000 0.0256 0.2245 0.0000
1.0000 0.9200 0.0377 0.6786 0.0000 0.1176 0.0000 0.1875 0.0000 0.0000 0.0000
1.0000 0.7292 0.0000 0.2830 0.1136 0.0000 0.0000 0.0000 0.0385 0.0000 0.0000
1.0000 0.0000 0.0000 0.0370 0.0000 0.0000 0.0000 0.0208 0.0000 0.8364 0.0000
1.0000 0.6981 0.4255 0.0784 0.0952 0.0227 0.0333 0.0000 0.0000 0.0000 0.0000
1.0000 0.5306 0.0000 0.0000 0.0000 0.0263 0.0000 0.0000 0.0000 0.0000 0.0000
1.0000 0.8333 0.0000 0.7843 0.0000 0.0000 0.0000 0.0000 0.0000 0.0455 0.0000
1.0000 0.9074 0.0000 0.7288 0.0000 0.4800 0.0536 0.0000 0.0000 0.0000 0.0000
1.0000 0.0000 0.0000 0.0000 0.0000 0.0000 0.0000 0.0000 0.0000 0.7963 0.0000
1.0000 0.9355 0.0000 0.4375 0.0000 0.3200 0.1800 0.2600 0.0000 0.0000 0.0000
1.0000 0.8478 0.0185 0.3148 0.0000 0.2075 0.0566 0.0625 0.0000 0.0952 0.0000
1.0000 0.8750 0.0263 0.2340 0.0000 0.0667 0.0426 0.0000 0.0185 0.0000 0.0000
1.0000 0.3729 0.0000 0.1250 0.0000 0.0000 0.0192 0.0000 0.0465 0.0000 0.0000
1.0000 0.9130 0.0000 0.7660 0.0000 0.4583 0.1613 0.0000 0.0000 0.0000 0.0000
1.0000 0.6757 0.0000 0.0000 0.0000 0.0000 0.0000 0.0000 0.0000 0.0000 0.0000
1.0000 0.8542 0.0000 0.0000 0.0000 0.0000 0.0000 0.0000 0.1250 0.0536 0.0000
1.0000 0.9111 0.0000 0.8113 0.0000 0.4151 0.4528 0.1538 0.0000 0.0000 0.0000
1.0000 0.9750 0.5385 0.0000 0.3778 0.0000 0.0000 0.0233 0.0000 0.0000 0.0000
1.0000 0.0952 0.0000 0.0000 0.0400 0.0000 0.0000 0.0000 0.0000 0.0714 0.0000
1.0000 0.6481 0.0000 0.2727 0.0000 0.0000 0.0000 0.0000 0.0000 0.0000 0.0000
1.0000 0.9773 0.0000 0.8116 0.0000 0.3478 0.0000 0.0000 0.0000 0.0769 0.0000
1.0000 0.8077 0.0000 0.6812 0.0000 0.6538 0.1739 0.0000 0.0000 0.0000 0.0000
1.0000 0.9821 0.0625 0.0000 0.3559 0.0000 0.0000 0.0000 0.0000 0.0000 0.0000
1.0000 0.0000 0.0000 0.0000 0.0000 0.0000 0.0000 0.0000 0.0638 0.6000 0.0000
1.0000 0.0000 0.0000 0.0000 0.0400 0.0000 0.1852 0.0000 0.0000 0.0000 0.0000
1.0000 0.8810 0.4000 0.0000 0.5000 0.0000 0.0000 0.0000 0.2432 0.0000 0.0000
1.0000 1.0000 0.2439 0.0000 0.3415 0.0000 0.0000 0.0000 0.0000 0.0000 0.0000
1.0000 0.9057 0.1778 0.0000 0.6792 0.0000 0.0000 0.0000 0.1304 0.0000 0.0000
0.9811 0.1750 0.3617 0.0217 0.0000 0.0213 0.0000 0.0000 0.0000 0.0000 0.0000
0.9767 0.6226 0.9318 0.0000 0.0000 0.0000 0.1304 0.0000 0.0000 0.0000 0.0000
1.0000 0.0638 0.0217 0.0526 0.0000 0.0000 0.0000 0.0000 0.0000 0.0000 0.0000
0.9808 0.9070 0.0000 0.6939 0.0000 0.3721 0.0851 0.0952 0.0000 0.0000 0.0000
1.0000 0.8909 0.1930 0.0755 0.4211 0.0000 0.0000 0.0000 0.0213 0.0161 0.0000
1.0000 0.1163 0.0000 0.0000 0.0000 0.0000 0.1290 0.0000 0.0000 0.0000 0.0000
1.0000 0.8200 0.4286 0.0000 0.0000 0.0000 0.0000 0.0000 0.0000 0.0000 0.0000
0.8800 0.0000 0.0000 0.0000 0.0000 0.0000 0.0545 0.0000 0.0435 0.0222 0.0000
1.0000 0.0192 0.0000 0.0556 0.0000 0.0000 0.0000 0.0000 0.0000 0.3273 0.0000
1.0000 0.0000 0.0000 0.0000 0.0000 0.0000 0.0833 0.0204 0.0000 0.0000 0.0000
1.0000 1.0000 0.0800 0.1455 0.0000 0.2727 0.0345 0.0000 0.0000 0.0000 0.0000
1.0000 0.5745 0.0508 0.0000 0.0000 0.0926 0.0000 0.0000 0.0213 0.0189 0.0000
1.0000 0.4545 0.2000 0.1163 0.0000 0.1000 0.0000 0.0000 0.0189 0.0000 0.0000
1.0000 0.8654 0.0000 0.4483 0.0000 0.5660 0.2619 0.0612 0.0000 0.1143 0.0000
1.0000 0.9778 0.0000 0.9808 0.0244 0.3600 0.0000 0.0000 0.0000 0.0000 0.0000
1.0000 0.7885 0.0256 0.0208 0.0000 0.0000 0.0000 0.0000 0.0000 0.0000 0.0000
1.0000 0.3607 0.0000 0.4314 0.0000 0.2051 0.0000 0.0976 0.0000 0.0000 0.0000
1.0000 0.7872 0.3542 0.0156 0.0000 0.0000 0.0000 0.0000 0.0000 0.0000 0.0000
1.0000 0.7674 0.0000 0.0000 0.0000 0.0000 0.0227 0.0000 0.0000 0.0000 0.0000
0.9821 1.0000 0.0000 0.6957 0.0000 0.7115 0.2400 0.0000 0.0000 0.0000 0.0000
1.0000 0.0000 0.0000 0.0000 0.0000 0.1500 0.0179 0.0196 0.0000 0.0000 0.0000
1.0000 0.0667 0.0488 0.0000 0.0000 0.0000 0.0200 0.0000 0.0000 0.0238 0.0000
1.0000 0.0222 0.0000 0.0000 0.0000 0.0000 0.0000 0.0612 0.0000 0.8800 0.0000
1.0000 0.4510 0.0000 0.2931 0.0000 0.2308 0.0000 0.0000 0.0000 0.0000 0.0000
0.9365 0.6304 0.0233 0.4571 0.0000 0.0000 0.0000 0.0000 0.0909 0.0000 0.0000
1.0000 0.5577 0.0000 0.0000 0.0000 0.0000 0.0000 0.0000 0.0625 0.0000 0.0000
1.0000 0.8909 0.2083 0.0000 0.4074 0.0000 0.0000 0.0000 0.0000 0.0217 0.0000
1.0000 0.0566 0.0000 0.0000 0.0000 0.0000 0.0000 0.0213 0.0000 0.0000 0.0000
1.0000 0.3400 0.4510 0.0000 0.0000 0.0250 0.0000 0.0192 0.0000 0.0000 0.0000
0.9778 0.8056 0.0000 0.8511 0.0000 0.5532 0.0000 0.0000 0.0000 0.0000 0.0000
0.9767 0.7660 0.0000 0.7317 0.0200 0.3750 0.0000 0.0732 0.0741 0.0000 0.0000
1.0000 0.8980 0.0385 0.0000 0.3455 0.0351 0.0500 0.0385 0.5102 0.0000 0.0000
0.9815 0.0000 0.0000 0.0000 0.0000 0.0000 0.0000 0.0000 0.0000 0.7209 0.0000
1.0000 0.0000 0.1455 0.0000 0.0000 0.0000 0.0000 0.0000 0.0000 0.0000 0.0000
0.9444 0.1053 0.0000 0.0000 0.0182 0.1020 0.0000 0.0000 0.0000 0.9091 0.0000
1.0000 1.0000 0.0208 0.0351 0.0000 0.0000 0.0196 0.0851 0.0233 0.1277 0.0000
0.8542 0.9677 0.0000 0.3830 0.0000 0.2340 0.0000 0.0000 0.0000 0.0000 0.0000
1.0000 0.6071 0.0000 0.3600 0.0000 0.0000 0.0000 0.0204 0.0000 0.0185 0.0000
1.0000 0.8036 0.0652 0.0000 0.0444 0.0000 0.0000 0.0000 0.0000 0.0000 0.0000
1.0000 0.6667 0.0000 0.6818 0.0000 0.5200 0.4792 0.3333 0.0000 0.0000 0.0000
1.0000 0.7742 0.0000 0.4681 0.0000 0.2045 0.0000 0.0000 0.0000 0.0000 0.0000
1.0000 0.6047 0.1200 0.0000 0.0000 0.0000 0.0000 0.0000 0.0000 0.0000 0.0000
1.0000 0.9630 0.0000 0.7143 0.0000 0.2558 0.0870 0.0566 0.0000 0.0000 0.0000
1.0000 0.8125 0.0408 0.2927 0.0000 0.2333 0.0189 0.0000 0.0000 0.0377 0.0000
1.0000 0.5800 0.0417 0.1250 0.5098 0.0000 0.0000 0.0000 0.0000 0.0233 0.0000
1.0000 0.8605 0.0000 0.5357 0.0000 0.4375 0.2500 0.0556 0.1176 0.0175 0.0000
1.0000 0.7755 0.0000 0.6585 0.0000 0.0000 0.0000 0.0000 0.0000 0.0000 0.0000
1.0000 0.9815 0.2174 0.0714 0.0000 0.1698 0.0208 0.0000 0.0217 0.0000 0.0000
1.0000 0.7885 0.0000 0.0000 0.0000 0.0000 0.0000 0.0154 0.0000 0.0000 0.0000
1.0000 0.6522 0.3030 0.0000 0.2391 0.0000 0.0000 0.0000 0.0526 0.0000 0.0000
1.0000 0.0339 0.0000 0.0000 0.0000 0.0208 0.0000 0.0455 0.0000 0.3810 0.0000
1.0000 0.6341 0.3750 0.0000 0.4000 0.0755 0.0000 0.0000 0.1500 0.0208 0.0000
1.0000 0.0577 0.0000 0.0179 0.0000 0.0000 0.0000 0.0000 0.0000 0.0000 0.0000
1.0000 0.8413 0.3860 0.0000 0.0833 0.0000 0.0000 0.0000 0.0000 0.0000 0.0000
1.0000 0.6400 0.0000 0.4792 0.0377 0.4364 0.0000 0.0000 0.0000 0.1500 0.0000
1.0000 0.8261 0.2500 0.0000 0.1034 0.0000 0.0000 0.0000 0.0000 0.0000 0.0000
1.0000 1.0000 0.0000 0.8667 0.0000 0.3768 0.1600 0.3542 0.0000 0.0000 0.0000
1.0000 0.8269 0.0000 0.5625 0.0204 0.0000 0.0000 0.0000 0.0000 0.0000 0.0000
1.0000 0.0000 0.0000 0.0000 0.0392 0.0000 0.0000 0.0652 0.0000 0.7037 0.0000
0.9565 0.0000 0.0204 0.0164 0.0161 0.0000 0.0000 0.0000 0.0000 0.0000 0.0000
0.8889 0.7917 0.0208 0.5000 0.0000 0.0000 0.0000 0.0000 0.0000 0.0000 0.0000
1.0000 0.8627 0.7347 0.0000 0.0000 0.0000 0.0000 0.0000 0.0000 0.0000 0.0000
1.0000 0.8511 0.0816 0.5091 0.0000 0.3333 0.0000 0.0000 0.0208 0.0000 0.0000
0.9833 0.9783 0.2955 0.0000 0.4182 0.0000 0.0000 0.0980 0.3396 0.0000 0.0000
1.0000 0.7031 0.2250 0.0000 0.0000 0.0385 0.0000 0.0000 0.0000 0.0000 0.0000
1.0000 0.4043 0.0000 0.4630 0.0000 0.3833 0.3333 0.0213 0.0000 0.0000 0.0000
1.0000 0.5000 0.0000 0.7885 0.0000 0.0000 0.0000 0.0000 0.0392 0.0000 0.0000
1.0000 0.0000 0.0556 0.0000 0.0364 0.0000 0.0000 0.0000 0.0556 0.3902 0.0000
1.0000 0.5091 0.3659 0.0000 0.1591 0.0000 0.0000 0.1064 0.0465 0.0000 0.0000
1.0000 0.3636 0.1875 0.0000 0.1489 0.0000 0.0000 0.0000 0.0600 0.0192 0.0000
1.0000 0.0000 0.0000 0.0377 0.0000 0.0000 0.1591 0.0000 0.0000 0.0000 0.0000
1.0000 0.9231 0.0000 0.8077 0.0000 0.4792 0.1400 0.0000 0.0000 0.0000 0.0000
1.0000 0.0000 0.0000 0.0000 0.0000 0.0000 0.0893 0.0000 0.0455 0.0000 0.0000
1.0000 1.0000 0.0000 0.8889 0.0000 0.5319 0.3220 0.2453 0.0278 0.0000 0.0000
1.0000 0.8478 0.0000 0.7800 0.0000 0.2222 0.2553 0.0727 0.0968 0.0000 0.0000
1.0000 0.7959 0.4231 0.0000 0.0000 0.0000 0.0000 0.0000 0.0000 0.0233 0.0000
0.9111 0.5000 0.3721 0.0000 0.1622 0.0000 0.0000 0.0667 0.0000 0.0000 0.0000
0.9767 0.5439 0.0789 0.0000 0.5849 0.0000 0.0000 0.0870 0.0000 0.0000 0.0000
1.0000 0.8235 0.0000 0.0000 0.0192 0.0000 0.0000 0.0465 0.0233 0.0000 0.0000
1.0000 0.7292 0.0000 0.5179 0.0000 0.5439 0.6061 0.1622 0.0000 0.0000 0.0000
1.0000 0.5902 0.1455 0.0444 0.5400 0.0000 0.0000 0.0000 0.1136 0.0000 0.0000
1.0000 0.7966 0.0606 0.0000 0.1778 0.0000 0.0156 0.0000 0.0000 0.0000 0.0000
1.0000 0.6087 0.0741 0.0517 0.5254 0.0000 0.0377 0.0000 0.1220 0.0000 0.0000
1.0000 0.2830 0.0000 0.5873 0.0000 0.0469 0.0926 0.0000 0.0000 0.0000 0.0000
1.0000 0.8909 0.1875 0.0566 0.7292 0.0000 0.0000 0.0000 0.2449 0.0000 0.0000
1.0000 0.4783 0.0545 0.0000 0.1667 0.0000 0.0000 0.0000 0.0000 0.0000 0.0000
1.0000 0.0208 0.0000 0.0000 0.0000 0.0278 0.0882 0.0000 0.0000 0.1458 0.0000
1.0000 0.3208 0.0000 0.3061 0.0000 0.0000 0.0000 0.0000 0.0175 0.0000 0.0000
0.8085 0.8980 0.2286 0.0000 0.5814 0.0000 0.0244 0.0000 0.3333 0.0000 0.0000
0.9706 0.6441 0.0682 0.4000 0.0000 0.0000 0.0000 0.0000 0.0000 0.0244 0.0000
1.0000 0.9762 0.2353 0.3830 0.0000 0.2632 0.1731 0.0000 0.0000 0.0000 0.0000
1.0000 0.6078 0.2174 0.0000 0.4118 0.0392 0.0000 0.0000 0.0000 0.0000 0.0000
1.0000 0.6964 0.2456 0.0000 0.5094 0.1364 0.0000 0.0000 0.1837 0.0000 0.0000
1.0000 0.0000 0.0000 0.0000 0.0317 0.0000 0.0000 0.0667 0.0000 0.6600 0.0000
0.9500 0.8182 0.0000 0.6977 0.0000 0.3818 0.2264 0.0217 0.0000 0.0000 0.0000
1.0000 0.0000 0.0000 0.0172 0.0000 0.0000 0.0213 0.0000 0.0000 0.0000 0.0000
1.0000 0.0000 0.0000 0.0000 0.0000 0.0377 0.0000 0.0392 0.0000 0.0000 0.0000
1.0000 0.4286 0.0000 0.1000 0.0000 0.0000 0.0000 0.0000 0.0000 0.0000 0.0000
0.9821 0.6897 0.0408 0.6809 0.0000 0.5556 0.3600 0.1860 0.0000 0.0444 0.0000
1.0000 0.3415 0.1860 0.0000 0.2000 0.1463 0.0000 0.0000 0.0000 0.0000 0.0000
1.0000 0.0000 0.0000 0.0000 0.0182 0.0000 0.0196 0.0000 0.0000 0.0000 0.0000
1.0000 0.5283 0.0000 0.6596 0.0000 0.6071 0.0000 0.0000 0.0000 0.0000 0.0000
1.0000 0.7400 0.0962 0.0000 0.2444 0.0000 0.0286 0.0000 0.0000 0.0000 0.0000
1.0000 0.0000 0.0000 0.0222 0.0000 0.0476 0.0222 0.0588 0.0000 0.0000 0.0000
1.0000 0.5849 0.0233 0.0000 0.5439 0.0169 0.0000 0.0000 0.1600 0.0000 0.0000
1.0000 0.9744 0.0400 0.7170 0.0000 0.2927 0.1957 0.0465 0.0000 0.0000 0.0000
1.0000 0.0000 0.0000 0.0000 0.0179 0.0000 0.0000 0.0000 0.0000 0.0000 0.0000
0.9851 0.7292 0.0000 0.2545 0.0000 0.2381 0.0208 0.0000 0.0000 0.0000 0.0000
1.0000 0.0000 0.0000 0.0345 0.0000 0.0000 0.0000 0.0444 0.0000 0.1842 0.0000
1.0000 0.6154 0.0000 0.4872 0.0000 0.0370 0.0000 0.0000 0.0000 0.0000 0.0000
1.0000 0.7451 0.0000 0.2000 0.0185 0.0000 0.0000 0.0370 0.0000 0.0000 0.0000
0.9483 0.9348 0.0656 0.0000 0.0000 0.0000 0.0000 0.0000 0.0000 0.0000 0.0000
0.7843 1.0000 0.0000 0.6122 0.0000 0.1538 0.0000 0.0000 0.0000 0.0000 0.0000
1.0000 0.0000 0.0000 0.0455 0.0000 0.0000 0.0000 0.0000 0.0000 0.0169 0.0000
1.0000 0.9600 0.1961 0.0000 0.3261 0.0000 0.0000 0.0000 0.3514 0.0208 0.0000
1.0000 0.2885 0.0000 0.0408 0.0000 0.0000 0.0000 0.0000 0.0000 0.0000 0.0000
1.0000 0.9767 0.0600 0.7250 0.0000 0.5319 0.0000 0.0000 0.0000 0.0000 0.0000
0.7963 0.6364 0.0000 0.4355 0.1064 0.4528 0.3571 0.0000 0.0000 0.0000 0.0000
0.9718 0.8704 0.1667 0.0000 0.2245 0.0000 0.0000 0.0714 0.0857 0.0192 0.0000
1.0000 0.7442 0.0000 0.7674 0.0000 0.5349 0.5116 0.3091 0.0000 0.0000 0.0000
0.9048 0.7885 0.0000 0.7451 0.0000 0.7059 0.3478 0.1429 0.0000 0.0000 0.0000
1.0000 0.6176 0.4000 0.0000 0.6458 0.0000 0.0000 0.0000 0.3529 0.0000 0.0000
1.0000 0.6102 0.0196 0.0000 0.0000 0.0000 0.0000 0.1636 0.0000 0.0000 0.0000
1.0000 1.0000 0.1628 0.0000 0.1277 0.0000 0.0370 0.0400 0.0000 0.0000 0.0000
0.9434 0.7500 0.3396 0.0000 0.0000 0.0000 0.0000 0.0000 0.0000 0.0000 0.0000
0.9268 0.9744 0.0000 0.8000 0.0000 0.5122 0.6364 0.2766 0.0000 0.0000 0.0000
1.0000 0.1522 0.0000 0.0000 0.0000 0.0377 0.0000 0.0526 0.0000 0.0417 0.0000
1.0000 0.6889 0.0926 0.0000 0.3125 0.0000 0.0244 0.0000 0.0000 0.0204 0.0000
1.0000 0.7925 0.0000 0.7447 0.0000 0.0179 0.0000 0.0000 0.0000 0.0000 0.0000
1.0000 0.8205 0.0000 0.8929 0.0000 0.5789 0.1493 0.0000 0.0000 0.0000 0.0000
1.0000 0.8955 0.4545 0.0217 0.4468 0.0000 0.0000 0.0000 0.0227 0.0179 0.0000
1.0000 0.9661 0.5745 0.0000 0.0444 0.0000 0.0000 0.0000 0.0000 0.0000 0.0000
1.0000 0.7234 0.0000 0.6154 0.0000 0.2245 0.0727 0.0000 0.0000 0.0000 0.0000
1.0000 0.8269 0.0000 0.8537 0.0000 0.6122 0.1163 0.0000 0.0000 0.0000 0.0000
0.9828 0.9667 0.0217 0.6190 0.0000 0.7333 0.1731 0.3214 0.0270 0.0000 0.0000
1.0000 0.0000 0.0000 0.0000 0.0000 0.0000 0.0000 0.0000 0.0000 0.0769 0.0000
1.0000 0.0000 0.0200 0.0000 0.0000 0.0000 0.0000 0.0000 0.0000 0.0000 0.0000
1.0000 0.4082 0.0000 0.0000 0.0000 0.0462 0.0385 0.0492 0.0000 0.0000 0.0000
1.0000 0.0000 0.0000 0.0000 0.0000 0.0000 0.0000 0.0000 0.0000 0.6842 0.0000
0.9091 0.7049 0.2128 0.0000 0.0000 0.0000 0.0000 0.0000 0.0800 0.0000 0.0000
0.9600 0.5400 0.0000 0.0000 0.0000 0.0000 0.0179 0.0000 0.0000 0.0000 0.0000
0.9815 0.9608 0.1509 0.1176 0.1154 0.0833 0.0000 0.0189 0.0000 0.0000 0.0000
1.0000 0.6038 0.0000 0.4894 0.0000 0.7660 0.0000 0.0952 0.0000 0.0000 0.0000
1.0000 0.0000 0.0000 0.0000 0.0000 0.0408 0.0000 0.0000 0.0000 0.0000 0.0000
0.9500 1.0000 0.0000 0.6364 0.0000 0.6596 0.5000 0.0000 0.0000 0.0000 0.0000
1.0000 0.7800 0.0698 0.0000 0.4884 0.0000 0.0000 0.0185 0.1600 0.0000 0.0000
0.9828 0.9423 0.0000 0.7727 0.0000 0.8980 0.4792 0.4909 0.0000 0.0000 0.0000
1.0000 0.9048 0.0000 0.5200 0.0000 0.1724 0.0000 0.0000 0.0000 0.0698 0.0000
1.0000 0.8235 0.0577 0.0000 0.4528 0.0000 0.0000 0.0000 0.0000 0.0000 0.0000
0.9787 0.6744 0.0185 0.5349 0.0526 0.8302 0.3200 0.1818 0.0000 0.0000 0.0000
1.0000 0.4909 0.3721 0.0000 0.0000 0.0182 0.0000 0.0000 0.0000 0.0000 0.0000
1.0000 0.5111 0.0000 0.3469 0.0345 0.0000 0.0000 0.0000 0.0154 0.0000 0.0000
1.0000 0.0000 0.0000 0.0000 0.0000 0.0000 0.0000 0.0000 0.0000 0.0000 0.0000
1.0000 0.9245 0.0000 0.6200 0.0278 0.4237 0.6275 0.5000 0.0536 0.0000 0.0000
0.9512 0.7778 0.0000 0.4898 0.0000 0.1961 0.0000 0.0000 0.0000 0.1071 0.0000
1.0000 0.7660 0.0000 0.8049 0.0000 0.0000 0.0000 0.0000 0.0000 0.0000 0.0000
1.0000 0.6486 0.0000 0.1556 0.0000 0.3333 0.1591 0.0784 0.0000 0.0000 0.0000
1.0000 0.7556 0.0000 0.6500 0.0000 0.2963 0.7381 0.1000 0.0196 0.0000 0.0000
1.0000 0.7273 0.0000 0.3061 0.0000 0.0444 0.0189 0.0000 0.0175 0.0000 0.0000
1.0000 0.9216 0.0000 0.9310 0.0244 0.5806 0.4773 0.3095 0.0000 0.0000 0.0000
1.0000 0.0000 0.0208 0.0000 0.0000 0.0250 0.0000 0.0000 0.0000 0.0208 0.0000
1.0000 0.6829 0.0000 0.7955 0.0000 0.6078 0.3929 0.0000 0.0000 0.0000 0.0000
1.0000 0.8043 0.0000 0.7018 0.0000 0.3077 0.1250 0.2308 0.0000 0.0000 0.0000
0.9524 0.5556 0.0000 0.1607 0.0000 0.0000 0.0000 0.0000 0.0000 0.0000 0.0000
1.0000 0.9286 0.0000 0.0000 0.0545 0.0000 0.0000 0.0000 0.0000 0.0000 0.0000
0.9844 0.9574 0.0000 0.4468 0.0000 0.4103 0.2712 0.0227 0.0000 0.0000 0.0000
0.9697 0.7949 0.0000 0.5870 0.0000 0.2941 0.1731 0.0256 0.0000 0.0000 0.0000
1.0000 0.6327 0.0000 0.6512 0.0417 0.2381 0.2593 0.0465 0.0000 0.0000 0.0000
1.0000 0.8491 0.2600 0.0000 0.2115 0.0000 0.0196 0.0000 0.0417 0.0000 0.0000
0.9778 0.9565 0.1522 0.0000 0.7556 0.0000 0.0000 0.0000 0.0000 0.0000 0.0000
1.0000 0.7286 0.0000 0.4800 0.0217 0.5254 0.2241 0.0000 0.0000 0.0000 0.0000
1.0000 0.6800 0.0189 0.6667 0.0000 0.2281 0.1778 0.0000 0.0000 0.0000 0.0000
0.9737 0.6800 0.6471 0.0377 0.0000 0.0000 0.0000 0.0566 0.0000 0.0000 0.0000
1.0000 0.7000 0.2264 0.0000 0.0000 0.0000 0.0000 0.0000 0.0000 0.0000 0.0000
1.0000 0.8519 0.0000 0.6053 0.0000 0.5294 0.3250 0.0000 0.0000 0.0152 0.0000
1.0000 0.9423 0.0000 0.8250 0.0000 0.4894 0.6604 0.4902 0.0392 0.0000 0.0000
1.0000 0.9844 0.0000 0.8605 0.0000 0.5714 0.6000 0.0000 0.0000 0.0000 0.0000
1.0000 0.0233 0.0000 0.0000 0.0000 0.0000 0.0000 0.0000 0.0000 0.0000 0.0000
1.0000 0.6600 0.1200 0.5741 0.0000 0.1000 0.6087 0.0351 0.0000 0.0000 0.0000
1.0000 0.0000 0.0784 0.0000 0.0000 0.0000 0.0000 0.0000 0.0000 0.2000 0.0000
1.0000 0.7500 0.0227 0.3659 0.0000 0.0968 0.0000 0.0000 0.0484 0.0000 0.0000
0.9796 0.7925 0.0976 0.0000 0.3902 0.0000 0.0000 0.0000 0.5370 0.0000 0.0000
1.0000 0.6341 0.1071 0.0000 0.0690 0.0000 0.0000 0.0000 0.1636 0.0000 0.0000
1.0000 0.3200 0.0000 0.0000 0.0000 0.0000 0.0566 0.0238 0.0000 0.0000 0.0000
0.9565 0.0000 0.0000 0.0000 0.0000 0.0000 0.0000 0.0000 0.0000 0.0000 0.0000
1.0000 0.8400 0.0000 0.4906 0.0000 0.4808 0.0714 0.0870 0.0351 0.0000 0.0000
1.0000 0.4390 0.0000 0.4262 0.0000 0.0000 0.0000 0.0000 0.0000 0.0800 0.0000
1.0000 0.0732 0.0000 0.0000 0.0000 0.0000 0.0000 0.0000 0.0000 1.0000 0.0000
1.0000 0.0000 0.0000 0.0000 0.0000 0.0000 0.0000 0.0000 0.0000 0.0816 0.0000
0.9388 1.0000 0.5319 0.0000 0.0926 0.0000 0.0000 0.0000 0.0000 0.0000 0.0000
0.9545 0.9000 0.0000 0.6977 0.0000 0.8302 0.5366 0.0000 0.0000 0.0000 0.0000
1.0000 0.8182 0.0213 0.0000 0.3878 0.0185 0.0000 0.0000 0.0000 0.0541 0.0000
0.9825 0.0208 0.0189 0.0000 0.0000 0.0000 0.0000 0.0000 0.0000 0.0000 0.0000
1.0000 0.9149 0.0000 0.3913 0.0000 0.4000 0.0000 0.0000 0.0000 0.0612 0.0000
1.0000 0.9574 0.0000 0.9111 0.0250 0.3261 0.1522 0.0000 0.0000 0.0000 0.0000
1.0000 0.6364 0.1912 0.0000 0.0000 0.0189 0.0000 0.0000 0.0444 0.0000 0.0000
1.0000 0.9661 0.0727 0.0000 0.7091 0.0000 0.0000 0.0000 0.3091 0.0000 0.0000
0.9833 0.8600 0.0000 0.9310 0.0000 0.4565 0.2619 0.0000 0.0000 0.0000 0.0000
1.0000 0.0000 0.0000 0.0000 0.0000 0.0000 0.0000 0.0208 0.0000 0.0370 0.0000
0.9767 0.9091 0.6667 0.0233 0.0000 0.0000 0.0000 0.0000 0.0000 0.0000 0.0000
0.8889 0.2917 0.0000 0.0000 0.0000 0.0000 0.0000 0.1000 0.0000 0.0000 0.0000
1.0000 0.9318 0.0000 0.6038 0.0000 0.0882 0.0000 0.0000 0.0000 0.0566 0.0000
0.8776 0.7436 0.0000 0.6170 0.0000 0.0000 0.0000 0.0000 0.0000 0.0000 0.0000
1.0000 0.0208 0.0517 0.0000 0.0000 0.0156 0.0000 0.0000 0.0000 0.0682 0.0000
1.0000 0.4524 0.3654 0.0000 0.0408 0.0000 0.0000 0.0000 0.0000 0.0612 0.0000
1.0000 0.9818 0.0238 0.7021 0.0000 0.6809 0.5263 0.0256 0.0000 0.0000 0.0000
1.0000 0.8689 0.2353 0.0000 0.1091 0.0238 0.0000 0.0000 0.0400 0.0000 0.0000
1.0000 0.0000 0.0000 0.0000 0.0000 0.0000 0.0172 0.0000 0.0000 0.1562 0.0000
1.0000 0.8182 0.0000 0.4151 0.0000 0.4583 0.0000 0.0000 0.0000 0.0000 0.0000
1.0000 0.0435 0.0000 0.0000 0.0000 0.0000 0.0000 0.0000 0.0000 0.0000 0.0000
1.0000 0.0000 0.0000 0.0000 0.0000 0.0000 0.1481 0.0204 0.0000 0.0000 0.0000
1.0000 0.7333 0.0000 0.1607 0.0000 0.0638 0.0000 0.0000 0.0192 0.0000 0.0000
0.9615 0.6842 0.0000 0.3860 0.0000 0.2653 0.0000 0.0000 0.0000 0.0000 0.0000
1.0000 0.9444 0.0000 0.5091 0.0000 0.0000 0.0000 0.0000 0.0000 0.0000 0.0000
1.0000 0.8679 0.0000 0.7000 0.0000 0.5116 0.1064 0.0000 0.0000 0.0000 0.0000
1.0000 0.0000 0.0000 0.0714 0.0000 0.0204 0.0000 0.0000 0.0000 0.0000 0.0000
1.0000 0.0364 0.0000 0.0000 0.0233 0.1852 0.0000 0.0000 0.0000 0.5106 0.0000
1.0000 0.9216 0.5179 0.0000 0.0000 0.0000 0.0000 0.0000 0.2292 0.0000 0.0000
1.0000 0.0000 0.0208 0.0000 0.0000 0.0000 0.0000 0.0000 0.0545 0.8056 0.0000
1.0000 0.5111 0.0000 0.5636 0.0000 0.0000 0.0526 0.0000 0.0000 0.0000 0.0000
1.0000 0.5000 0.1930 0.0278 0.3409 0.0000 0.0185 0.0000 0.3898 0.0000 0.0000
0.9811 0.7647 0.0000 0.0217 0.0000 0.0000 0.0417 0.0000 0.0612 0.0000 0.0000
0.9821 0.0000 0.0000 0.0000 0.0000 0.0000 0.0000 0.0000 0.0000 0.3273 0.0000
1.0000 0.7636 0.0000 0.0000 0.0000 0.0000 0.0000 0.0000 0.0000 0.0702 0.0000
1.0000 0.9048 0.0000 0.7231 0.0000 0.6122 0.1143 0.0435 0.0250 0.0000 0.0000
1.0000 0.9167 0.0000 0.5098 0.0000 0.4590 0.3409 0.0185 0.0000 0.0000 0.0000
0.9787 0.8293 0.0000 0.3704 0.0000 0.1957 0.0000 0.0182 0.0208 0.0208 0.0000
1.0000 0.8077 0.0000 0.7164 0.0000 0.0000 0.0000 0.0345 0.0208 0.0000 0.0000
1.0000 0.4706 0.3659 0.0000 0.0500 0.0000 0.0000 0.0000 0.0000 0.0000 0.0000
1.0000 0.8936 0.0508 0.0385 0.2553 0.0000 0.0000 0.0000 0.0000 0.0000 0.0000
1.0000 1.0000 0.0377 0.0000 0.6111 0.0000 0.0000 0.0238 0.0000 0.0000 0.0000
1.0000 0.9070 0.4043 0.0000 0.0000 0.0175 0.0000 0.0000 0.0000 0.0000 0.0000
0.8684 0.7179 0.0678 0.3273 0.0000 0.5577 0.0227 0.0769 0.0000 0.0000 0.0000
1.0000 0.8947 0.2373 0.0000 0.0189 0.0000 0.0000 0.0000 0.0000 0.0000 0.0000
0.8333 0.6444 0.0000 0.5490 0.0000 0.3509 0.0000 0.0000 0.0000 0.0000 0.0000
1.0000 0.4468 0.0213 0.5088 0.0000 0.2833 0.0909 0.0000 0.0000 0.0000 0.0000
1.0000 0.8605 0.0000 0.0000 0.0154 0.0000 0.0000 0.0000 0.0000 0.0000 0.0000
1.0000 0.9310 0.0000 0.0000 0.0000 0.0588 0.0000 0.0000 0.0000 0.0000 0.0000
1.0000 0.0323 0.0000 0.0000 0.0000 0.0161 0.0000 0.0200 0.0000 0.8864 0.0000
0.9750 0.6379 0.0222 0.7045 0.0000 0.8367 0.2037 0.2157 0.0000 0.0000 0.0000
1.0000 0.9245 0.2857 0.0000 0.6250 0.0000 0.1132 0.0000 0.2041 0.0000 0.0000
0.9348 0.8462 0.0465 0.0312 0.0612 0.0000 0.0000 0.0000 0.0000 0.0172 0.0000
1.0000 0.8750 0.0000 0.1200 0.0222 0.0851 0.0000 0.0811 0.0943 0.0000 0.0000
1.0000 0.9556 0.0435 0.0000 0.3673 0.0000 0.0000 0.0000 0.0400 0.0000 0.0000
1.0000 0.5435 0.0000 0.5435 0.0000 0.1591 0.0600 0.0000 0.0000 0.0000 0.0000
1.0000 0.6863 0.0000 0.0000 0.0000 0.0000 0.0233 0.0000 0.0000 0.0000 0.0000
1.0000 0.0000 0.0000 0.0000 0.0000 0.0250 0.0000 0.0000 0.1277 0.2609 0.0000
1.0000 0.7600 0.1915 0.7419 0.0000 0.3889 0.3095 0.0000 0.0000 0.0222 0.0000
1.0000 0.0000 0.0000 0.0000 0.0000 0.0000 0.0000 0.0000 0.0000 0.6727 0.0000
1.0000 0.9268 0.0000 0.1613 0.0000 0.0227 0.0000 0.0377 0.0000 0.0000 0.0000
1.0000 0.6889 0.0250 0.0000 0.0000 0.0000 0.0000 0.0217 0.0179 0.0167 0.0000
1.0000 0.8246 0.6481 0.0909 0.3878 0.0000 0.0000 0.0000 0.0000 0.0000 0.0000
0.9574 0.0000 0.0000 0.0364 0.0238 0.0000 0.0222 0.1923 0.0000 0.5000 0.0000
1.0000 0.3800 0.0217 0.0000 0.0000 0.0000 0.0833 0.0000 0.0000 0.0000 0.0000
0.9556 0.7200 0.0000 0.2857 0.0000 0.5306 0.0000 0.0000 0.0545 0.0000 0.0000
1.0000 0.8654 0.0000 0.4035 0.0172 0.4324 0.1429 0.0192 0.0000 0.0000 0.0000
0.9783 0.0000 0.0000 0.0000 0.0000 0.0000 0.0000 0.0000 0.0000 0.1951 0.0000
1.0000 0.0000 0.0000 0.0000 0.0000 0.0000 0.0000 0.0000 0.0000 0.0000 0.0000
1.0000 0.3559 0.0000 0.2034 0.0000 0.0000 0.0000 0.0000 0.0244 0.0000 0.0000
0.9464 0.6400 0.0000 0.2200 0.0000 0.0959 0.0000 0.0000 0.0222 0.0000 0.0000
1.0000 0.7255 0.1698 0.0217 0.2000 0.0000 0.0000 0.0185 0.2045 0.0000 0.0000
1.0000 0.8036 0.0000 0.7727 0.0000 0.5854 0.4000 0.0769 0.0000 0.0000 0.0000
1.0000 0.0000 0.0179 0.0000 0.1020 0.0000 0.0000 0.0000 0.0000 0.5185 0.0000
1.0000 0.8696 0.0000 0.4889 0.0000 0.7193 0.4565 0.5306 0.0000 0.0000 0.0000
1.0000 0.8846 0.0182 0.0000 0.5909 0.0000 0.0408 0.0172 0.6098 0.0577 0.0000
1.0000 0.0000 0.0000 0.0000 0.0000 0.0000 0.0000 0.0000 0.0000 0.0000 0.0000
1.0000 1.0000 0.1739 0.0000 0.7000 0.0000 0.0444 0.0000 0.0208 0.0566 0.0000
0.9800 0.0000 0.0000 0.0000 0.0000 0.0000 0.0145 0.0000 0.0000 0.0000 0.0000
1.0000 1.0000 0.0000 0.6667 0.0000 0.2667 0.1957 0.0000 0.0000 0.0000 0.0000
1.0000 0.9783 0.3409 0.0233 0.3000 0.0000 0.0000 0.0351 0.0000 0.0541 0.0000
1.0000 0.0000 0.0000 0.0000 0.0200 0.0000 0.0000 0.0612 0.0000 0.0000 0.0000
0.9206 0.6500 0.0444 0.7500 0.0000 0.3261 0.0517 0.0000 0.0000 0.0000 0.0000
1.0000 0.5641 0.3182 0.0204 0.0000 0.0000 0.0204 0.0000 0.0000 0.0000 0.0000
1.0000 0.9333 0.1220 0.0182 0.9000 0.0000 0.0000 0.0164 0.0000 0.0000 0.0000
0.9756 0.5435 0.0000 0.5185 0.0000 0.1463 0.0943 0.0000 0.0000 0.0000 0.0000
0.9750 1.0000 0.0000 0.8980 0.0000 0.3600 0.1481 0.0000 0.0408 0.0000 0.0000
1.0000 0.9423 0.4255 0.0000 0.2619 0.0000 0.0000 0.0000 0.3091 0.0976 0.0000
1.0000 0.0000 0.0000 0.0370 0.0426 0.0000 0.1087 0.0000 0.0962 0.2500 0.0000
1.0000 0.9778 0.0000 0.0000 0.0364 0.0000 0.0000 0.0370 0.0000 0.0000 0.0000
1.0000 0.8936 0.1800 0.0000 0.1795 0.0333 0.0444 0.0000 0.0545 0.0000 0.0000
1.0000 0.9474 0.0000 0.6786 0.0000 0.6226 0.2200 0.4318 0.0000 0.0161 0.0000
1.0000 0.0000 0.0000 0.0000 0.0000 0.0000 0.0000 0.0244 0.0000 0.0000 0.0000
1.0000 0.0769 0.0000 0.0000 0.0000 0.0000 0.0000 0.0000 0.0444 0.0000 0.0000
1.0000 0.9149 0.0000 0.6889 0.0000 0.3654 0.0000 0.0164 0.0000 0.0000 0.0000
1.0000 0.5098 0.0000 0.3077 0.0000 0.1400 0.0943 0.1429 0.0870 0.0000 0.0000
1.0000 0.8095 0.5116 0.0000 0.0612 0.0000 0.0000 0.0000 0.0000 0.0000 0.0000
0.9773 0.0294 0.0000 0.0000 0.0000 0.0400 0.0000 0.0156 0.0167 0.8837 0.0000
1.0000 0.9302 0.1373 0.0000 0.0000 0.0625 0.0000 0.0000 0.0000 0.0000 0.0000
1.0000 0.7021 0.0682 0.1351 0.0000 0.0000 0.0000 0.0000 0.0000 0.0000 0.0000
1.0000 0.8269 0.0000 0.4500 0.0227 0.4600 0.0435 0.0000 0.0000 0.0000 0.0000
1.0000 0.6327 0.0000 0.4884 0.0000 0.1538 0.0930 0.0000 0.0000 0.0000 0.0000
1.0000 0.5682 0.0000 0.6462 0.0000 0.1000 0.1400 0.0000 0.0000 0.0000 0.0000
1.0000 0.2692 0.0000 0.0200 0.0339 0.0204 0.0000 0.0000 0.0000 0.0000 0.0000
1.0000 0.9804 0.0196 0.0000 0.7381 0.0000 0.0000 0.0000 0.0612 0.0196 0.0000
1.0000 0.0000 0.0000 0.0000 0.0000 0.0175 0.0000 0.1429 0.0000 0.0652 0.0000
1.0000 1.0000 0.1045 0.5385 0.0000 0.3125 0.2245 0.0652 0.0000 0.0000 0.0000
1.0000 0.6818 0.4167 0.0200 0.4483 0.0000 0.0339 0.0000 0.1607 0.0000 0.0000
1.0000 0.7333 0.0000 0.2727 0.0000 0.2000 0.2174 0.0625 0.0000 0.0000 0.0000
1.0000 0.8919 0.0000 0.9474 0.0408 0.6038 0.5870 0.3871 0.0000 0.0000 0.0000
1.0000 0.7111 0.0000 0.3617 0.0000 0.5000 0.1250 0.0000 0.0000 0.0000 0.0000
0.9608 0.9231 0.0000 0.8542 0.0000 0.6667 0.6042 0.0000 0.0000 0.0000 0.0000
1.0000 0.5806 0.2889 0.0000 0.2419 0.0227 0.0000 0.0000 0.0714 0.0000 0.0000
0.9831 0.6182 0.2927 0.0200 0.0000 0.0000 0.0000 0.0000 0.0196 0.0000 0.0000
1.0000 0.8500 0.0943 0.0000 0.0851 0.0625 0.0000 0.0000 0.0000 0.0000 0.0000
1.0000 0.8511 0.0000 0.5135 0.0000 0.0000 0.0000 0.0172 0.0000 0.0000 0.0000
1.0000 0.7414 0.0000 0.3922 0.0000 0.0250 0.0000 0.0500 0.0000 0.0000 0.0000
1.0000 0.9677 0.4902 0.0000 0.1356 0.0588 0.0000 0.0000 0.0784 0.0000 0.0000
1.0000 0.8113 0.0189 0.5778 0.0000 0.2031 0.0000 0.0000 0.0000 0.0000 0.0000
1.0000 0.7200 0.0000 0.7188 0.0000 0.2712 0.2364 0.0217 0.0000 0.0156 0.0000
0.9815 0.9828 0.0000 0.3455 0.0000 0.6078 0.1765 0.0204 0.0000 0.0000 0.0000
1.0000 0.9545 0.1750 0.0000 0.4878 0.0000 0.0000 0.0000 0.2979 0.0000 0.0000
1.0000 0.4130 0.0217 0.3922 0.0000 0.0189 0.0000 0.0000 0.0000 0.0000 0.0000
0.9804 0.9778 0.0000 0.5111 0.0000 0.2115 0.1154 0.0000 0.0000 0.0000 0.0000
1.0000 0.0000 0.0286 0.0000 0.0000 0.0000 0.0000 0.0000 0.0000 0.4857 0.0000
1.0000 0.9636 0.0000 0.9815 0.0000 0.7297 0.3542 0.0000 0.0000 0.0000 0.0000
1.0000 0.5000 0.0000 0.4186 0.0000 0.1702 0.6486 0.0000 0.0000 0.0000 0.0000
1.0000 0.5769 0.0000 0.1714 0.0000 0.0000 0.0000 0.0000 0.0233 0.1818 0.0000
1.0000 0.9524 0.4222 0.0000 0.6885 0.0000 0.0000 0.0000 0.2553 0.0000 0.0000
1.0000 0.0000 0.0000 0.0000 0.0408 0.0000 0.0000 0.0851 0.0000 0.3279 0.0000
0.9565 0.7667 0.4694 0.0000 0.0000 0.0000 0.0000 0.0000 0.0000 0.0000 0.0000
1.0000 0.9811 0.3529 0.0000 0.0000 0.0000 0.0000 0.0000 0.0000 0.0000 0.0000
1.0000 0.9194 0.0000 0.4082 0.0345 0.0000 0.0000 0.0000 0.0000 0.0000 0.0000
1.0000 0.8627 0.0000 0.4490 0.0000 0.5714 0.2000 0.0741 0.0000 0.1944 0.0000
1.0000 0.8966 0.0000 0.4082 0.0000 0.5952 0.0179 0.0385 0.0000 0.0000 0.0000
1.0000 0.6939 0.0000 0.0625 0.0000 0.0000 0.0000 0.0000 0.0000 0.0000 0.0000
1.0000 0.8000 0.0189 0.6250 0.1296 0.1944 0.0000 0.0000 0.0000 0.2115 0.0000
1.0000 0.7115 0.0000 0.0000 0.0000 0.1522 0.0727 0.0000 0.0351 0.0667 0.0000
1.0000 0.5333 0.0000 0.2727 0.0000 0.0702 0.0000 0.0000 0.0000 0.0000 0.0000
1.0000 0.0882 0.0000 0.0385 0.0000 0.0000 0.0000 0.0455 0.1273 0.0000 0.0000
1.0000 0.9362 0.0000 0.5294 0.0000 0.2963 0.3333 0.1385 0.0000 0.0000 0.0000
1.0000 0.3036 0.0000 0.0000 0.0000 0.0000 0.0000 0.0000 0.0000 0.0000 0.0000
0.9831 0.6327 0.0250 0.2444 0.0000 0.1569 0.3519 0.2333 0.0000 0.0227 0.0000
1.0000 0.5893 0.1200 0.0444 0.0000 0.0612 0.0000 0.0000 0.0159 0.0000 0.0000
1.0000 0.6852 0.4038 0.0577 0.0000 0.0299 0.0000 0.0000 0.0000 0.0000 0.0000
0.9583 0.0000 0.0000 0.0364 0.0000 0.0000 0.1395 0.0000 0.0000 0.0000 0.0000
1.0000 0.8261 0.0851 0.0000 0.0000 0.0000 0.0000 0.0000 0.0526 0.0000 0.0000
1.0000 0.0000 0.0000 0.0000 0.0000 0.0217 0.0545 0.0426 0.0000 0.2115 0.0000
0.9298 0.8030 0.0000 0.5098 0.1400 0.3898 0.0426 0.0000 0.0000 0.0000 0.0000
1.0000 0.4667 0.0179 0.6383 0.0000 0.0270 0.0000 0.0000 0.0000 0.0000 0.0000
1.0000 0.0851 0.1818 0.0000 0.0000 0.0385 0.0000 0.0328 0.0000 0.0000 0.0000
1.0000 0.7708 0.1400 0.0000 0.4423 0.0000 0.0000 0.0000 0.0196 0.0000 0.0000
1.0000 0.0000 0.0000 0.0000 0.0000 0.0000 0.0000 0.0556 0.0156 0.0000 0.0000
1.0000 0.0000 0.0000 0.0784 0.0000 0.0000 0.0000 0.0000 0.0000 1.0000 0.0000
1.0000 0.8864 0.0000 0.0244 0.0000 0.0000 0.0000 0.0000 0.0000 0.0000 0.0000
1.0000 0.0000 0.0000 0.0000 0.0000 0.0000 0.0000 0.0000 0.0000 0.0000 0.0000
0.9268 0.0000 0.0222 0.0000 0.0385 0.0000 0.0000 0.0256 0.0000 0.8421 0.0000
1.0000 0.5000 0.0000 0.0000 0.2963 0.0417 0.0000 0.1429 0.2740 0.0000 0.0000
1.0000 0.0769 0.0000 0.0000 0.0000 0.0000 0.0000 0.0000 0.0000 0.0667 0.0000
1.0000 0.8723 0.0000 0.7925 0.0182 0.6935 0.3913 0.6415 0.0000 0.0000 0.0000
1.0000 0.9545 0.0000 0.6538 0.0000 0.0769 0.0000 0.0000 0.0000 0.0000 0.0000
0.9302 0.9286 0.1053 0.2045 0.0980 0.1429 0.0000 0.0000 0.0000 0.0000 0.0000
1.0000 0.9583 0.0588 0.9048 0.0000 0.3636 0.0364 0.0462 0.0769 0.0000 0.0000
1.0000 0.6500 0.0000 0.6557 0.0189 0.0732 0.0962 0.0000 0.0000 0.0233 0.0000
1.0000 0.7826 0.0000 0.2321 0.0000 0.0000 0.0213 0.0000 0.0385 0.0000 0.0000
1.0000 0.5714 0.0952 0.0000 0.3962 0.0000 0.0909 0.0667 0.2000 0.0000 0.0000
0.9778 0.7234 0.0000 0.4717 0.0000 0.2553 0.2321 0.0000 0.0000 0.0000 0.0000
1.0000 0.9130 0.0000 0.4906 0.0000 0.4800 0.1111 0.0351 0.0000 0.0000 0.0000
1.0000 0.2174 0.0000 0.3200 0.1250 0.0000 0.0000 0.0000 0.0000 0.0233 0.0000
0.9667 0.1000 0.0000 0.2545 0.0000 0.0000 0.0000 0.0000 0.0000 0.0000 0.0000
1.0000 0.8679 0.5692 0.0000 0.0357 0.0000 0.0000 0.0000 0.0000 0.0000 0.0000
1.0000 0.6538 0.0200 0.1296 0.0000 0.0000 0.0000 0.0000 0.0000 0.0000 0.0000
1.0000 0.2162 0.0000 0.0000 0.0000 0.0000 0.0000 0.0000 0.0000 0.1395 0.0000
1.0000 0.7736 0.0000 0.7174 0.0435 0.1064 0.1132 0.0000 0.0000 0.0000 0.0000
1.0000 0.3860 0.0000 0.5161 0.0196 0.1818 0.0667 0.0244 0.0000 0.0781 0.0000
0.9796 1.0000 0.0980 0.0000 0.3878 0.0000 0.0000 0.0000 0.1277 0.0000 0.0000
1.0000 0.7895 0.0000 0.1698 0.0000 0.0000 0.0000 0.0000 0.0196 0.0000 0.0000
1.0000 0.1176 0.1400 0.0000 0.0000 0.0000 0.0175 0.0000 0.0000 0.0000 0.0000
1.0000 0.5349 0.1071 0.0000 0.2632 0.0714 0.0000 0.0000 0.0000 0.0811 0.0000
1.0000 1.0000 0.1569 0.0980 0.6596 0.0000 0.0196 0.0000 0.0577 0.0000 0.0000
1.0000 0.2826 0.0000 0.0727 0.0000 0.0000 0.0571 0.0000 0.0000 0.0000 0.0000
1.0000 0.9762 0.0000 0.0400 0.0000 0.0000 0.0000 0.0000 0.0588 0.0000 0.0000
0.9444 0.8197 0.3958 0.0000 0.0250 0.0000 0.0000 0.0000 0.0000 0.0000 0.0000
1.0000 0.9583 0.0000 0.1636 0.0000 0.0000 0.0351 0.0385 0.0000 0.0000 0.0000
1.0000 0.7647 0.6889 0.0000 0.0000 0.0000 0.0000 0.0000 0.0000 0.0196 0.0000
1.0000 0.9565 0.1489 0.0000 0.2727 0.0000 0.0000 0.0000 0.1509 0.0000 0.0000
1.0000 0.0000 0.0172 0.0000 0.0000 0.0784 0.0000 0.0000 0.0000 0.9216 0.0000
0.9796 0.8919 0.1200 0.0000 0.6667 0.0000 0.0000 0.0000 0.0370 0.0000 0.0000
1.0000 0.8462 0.0000 0.4255 0.0000 0.0179 0.0000 0.0455 0.0000 0.0000 0.0000
0.9200 0.8409 0.0222 0.8654 0.0526 0.5217 0.3725 0.2391 0.0000 0.0000 0.0000
1.0000 0.7925 0.2927 0.0000 0.2830 0.0500 0.1042 0.0000 0.0000 0.0000 0.0000
0.9574 0.2000 0.0000 0.0000 0.0000 0.0000 0.0000 0.0000 0.0000 0.0286 0.0000
0.9804 0.1364 0.0000 0.0000 0.0000 0.0192 0.0000 0.0000 0.0000 0.0000 0.0000
1.0000 0.7045 0.0000 0.0000 0.0000 0.0000 0.0213 0.0000 0.0192 0.0000 0.0000
1.0000 0.6531 0.6491 0.0385 0.0222 0.0000 0.0000 0.0000 0.0000 0.0000 0.0000
0.9762 0.2821 0.0000 0.0000 0.0000 0.0000 0.0244 0.0385 0.0000 0.0400 0.0000
0.9821 0.3448 0.2041 0.0000 0.0000 0.0000 0.0000 0.0000 0.0000 0.0000 0.0000
1.0000 0.8654 0.5593 0.0000 0.3111 0.0000 0.0250 0.0204 0.0238 0.0000 0.0000
1.0000 1.0000 0.0000 0.8140 0.0179 0.0000 0.0000 0.0000 0.0000 0.0000 0.0000
0.9649 0.9184 0.5882 0.0000 0.0000 0.0000 0.0000 0.0847 0.0000 0.0000 0.0000
0.9778 1.0000 0.0638 0.0000 0.3922 0.0000 0.0000 0.0000 0.0000 0.0870 0.0000
0.9783 0.5385 0.0000 0.0000 0.0000 0.0000 0.0000 0.0000 0.1304 0.0408 0.0000
0.8636 0.7857 0.0588 0.0256 0.0652 0.0000 0.0000 0.0678 0.0364 0.0000 0.0000
0.9667 0.9483 0.2203 0.0000 0.6667 0.0000 0.0000 0.0000 0.4286 0.0208 0.0000
0.9574 0.0200 0.0000 0.0000 0.0000 0.0000 0.0000 0.0000 0.0930 0.0000 0.0000
1.0000 0.9111 0.0000 0.4898 0.0000 0.5319 0.3500 0.1163 0.0000 0.0000 0.0000
1.0000 0.7857 0.0000 0.6250 0.0204 0.0769 0.0000 0.0000 0.0385 0.0208 0.0000
0.9833 0.5893 0.0698 0.0702 0.4800 0.0139 0.0588 0.0000 0.0000 0.0196 0.0000
1.0000 0.4833 0.1136 0.0000 0.1129 0.0000 0.0000 0.0000 0.0000 0.0000 0.0000
1.0000 0.0000 0.0000 0.0000 0.0385 0.0000 0.0000 0.0000 0.0000 0.3922 0.0000
0.8298 0.9787 0.3000 0.0213 0.5581 0.0000 0.1111 0.0000 0.0000 0.0000 0.0000
1.0000 0.5246 0.0161 0.2558 0.0000 0.0000 0.0000 0.0179 0.0185 0.0000 0.0000
1.0000 0.5636 0.0000 0.6829 0.0000 0.1111 0.0000 0.0000 0.0000 0.0000 0.0000
0.9792 0.8571 0.0167 0.6667 0.0000 0.5263 0.1163 0.0208 0.0000 0.0000 0.0000
1.0000 0.4821 0.4348 0.0000 0.0182 0.0000 0.0000 0.0000 0.0000 0.0000 0.0000
1.0000 0.0000 0.0800 0.0172 0.0000 0.0000 0.0000 0.0000 0.0000 0.1020 0.0000
1.0000 0.9592 0.0303 0.8696 0.0000 0.6250 0.6977 0.1842 0.0000 0.0000 0.0000
1.0000 0.1277 0.0000 0.0000 0.0000 0.0000 0.0000 0.0000 0.0000 0.0000 0.0000
1.0000 0.9808 0.0000 0.0000 0.6809 0.0000 0.0000 0.0000 0.1026 0.0000 0.0000
1.0000 0.5510 0.3256 0.0000 0.5750 0.0000 0.0000 0.0000 0.1522 0.0000 0.0000
1.0000 0.0000 0.0333 0.0000 0.0000 0.0000 0.0000 0.0652 0.0000 0.9630 0.0000
0.9815 0.7833 0.0000 0.4314 0.0000 0.1373 0.0000 0.0000 0.0000 0.0000 0.0000
1.0000 0.4902 0.3125 0.0204 0.0000 0.0000 0.0000 0.0000 0.0000 0.0000 0.0000
1.0000 0.5714 0.3659 0.4444 0.0200 0.2326 0.3929 0.0392 0.0185 0.0000 0.0000
1.0000 0.0000 0.0000 0.0000 0.0213 0.0000 0.0000 0.0000 0.1538 0.4310 0.0000
0.9792 0.3934 0.0000 0.2653 0.0000 0.0000 0.0000 0.0000 0.0000 0.0000 0.0000
1.0000 0.9831 0.0000 0.5517 0.0000 0.1132 0.1087 0.0000 0.0000 0.0000 0.0000
0.8889 0.0233 0.0000 0.0000 0.0213 0.0000 0.0000 0.0000 0.0678 0.0000 0.0000
1.0000 0.0000 0.0556 0.0526 0.0000 0.0000 0.0000 0.0200 0.0000 0.5111 0.0000
1.0000 0.0000 0.0213 0.0000 0.0000 0.0000 0.0000 0.0000 0.0154 0.0000 0.0000
0.9070 0.9800 0.0000 0.9286 0.0000 0.3636 0.0000 0.0000 0.0000 0.0000 0.0000
1.0000 0.7551 0.0000 0.4407 0.0000 0.0000 0.0000 0.0000 0.0000 0.1400 0.0000
1.0000 0.2031 0.0161 0.2407 0.0000 0.0196 0.0000 0.0000 0.0000 0.0189 0.0000
0.8723 0.4583 0.0000 0.1296 0.0000 0.0962 0.0000 0.0000 0.0000 0.0000 0.0000
1.0000 0.5556 0.0185 0.0000 0.5965 0.0189 0.0000 0.0000 0.4783 0.0000 0.0000
1.0000 0.1500 0.1515 0.0000 0.0000 0.0000 0.0000 0.0000 0.0000 0.0000 0.0000
1.0000 0.5625 0.0000 0.0000 0.0976 0.0000 0.0000 0.0217 0.0000 0.1111 0.0000
1.0000 0.0000 0.0000 0.0000 0.0000 0.0000 0.0000 0.0000 0.0000 0.0000 0.0000
1.0000 0.1837 0.0000 0.3091 0.0000 0.0185 0.0000 0.0000 0.0000 0.0208 0.0000
0.9636 0.8696 0.3191 0.0000 0.3182 0.0000 0.0000 0.0000 0.0000 0.0000 0.0000
1.0000 0.8919 0.1020 0.5625 0.0000 0.3191 0.0000 0.0000 0.0000 0.0800 0.0000
1.0000 0.8871 0.1522 0.0000 0.0000 0.0000 0.0000 0.0000 0.0606 0.0000 0.0000
1.0000 0.8913 0.0820 0.0000 0.2857 0.0000 0.0000 0.0556 0.4364 0.0000 0.0000
0.9811 0.4545 0.2321 0.0351 0.0000 0.0000 0.0000 0.0000 0.0000 0.0000 0.0000
1.0000 1.0000 0.0000 0.7407 0.0000 0.6000 0.3191 0.1087 0.0000 0.0000 0.0000
1.0000 0.8704 0.2143 0.0000 0.0000 0.0000 0.0000 0.0000 0.0000 0.0000 0.0000
1.0000 0.8039 0.2586 0.0870 0.2609 0.0000 0.0000 0.0213 0.2273 0.0000 0.0000
1.0000 0.7818 0.0000 0.7636 0.0800 0.1136 0.0000 0.0392 0.0000 0.0000 0.0000
1.0000 0.9130 0.0179 0.8958 0.0000 0.0000 0.0000 0.0000 0.0000 0.0000 0.0000
