0.0830 0.0724 0.0000 0.4574 0.0000 0.2280 0.1592 0.0000 0.0000 0.0000
0.1553 0.2934 0.0000 0.0973 0.0000 0.0663 0.3877 0.0000 0.0000 0.0000
0.8202 0.1798 0.0000 0.0000 0.0000 0.0000 0.0000 0.0000 0.0000 0.0000
0.1288 0.1164 0.0000 0.1787 0.0000 0.2800 0.1741 0.1219 0.0000 0.0000
0.5483 0.3741 0.0776 0.0000 0.0000 0.0000 0.0000 0.0000 0.0000 0.0000
0.1646 0.1482 0.0000 0.0893 0.0000 0.0587 0.4581 0.0812 0.0000 0.0000
0.4643 0.2963 0.2394 0.0000 0.0000 0.0000 0.0000 0.0000 0.0000 0.0000
0.4049 0.1418 0.1039 0.0000 0.1387 0.0000 0.0000 0.0000 0.2107 0.0000
0.1744 0.5624 0.2632 0.0000 0.0000 0.0000 0.0000 0.0000 0.0000 0.0000
0.4601 0.0000 0.0000 0.0000 0.0000 0.0000 0.0000 0.0000 0.0000 0.5399
0.2007 0.2531 0.3819 0.0000 0.1643 0.0000 0.0000 0.0000 0.0000 0.0000
0.5799 0.4201 0.0000 0.0000 0.0000 0.0000 0.0000 0.0000 0.0000 0.0000
0.3577 0.2181 0.0000 0.4242 0.0000 0.0000 0.0000 0.0000 0.0000 0.0000
0.6747 0.3253 0.0000 0.0000 0.0000 0.0000 0.0000 0.0000 0.0000 0.0000
0.7055 0.2945 0.0000 0.0000 0.0000 0.0000 0.0000 0.0000 0.0000 0.0000
0.0967 0.1733 0.1227 0.0000 0.6073 0.0000 0.0000 0.0000 0.0000 0.0000
0.0901 0.0000 0.0000 0.0000 0.0000 0.0000 0.0000 0.0000 0.0000 0.9099
0.2521 0.3507 0.0000 0.1548 0.0000 0.2424 0.0000 0.0000 0.0000 0.0000
0.1212 0.4655 0.0000 0.2109 0.0000 0.0842 0.1182 0.0000 0.0000 0.0000
0.0502 0.2258 0.6339 0.0000 0.0901 0.0000 0.0000 0.0000 0.0000 0.0000
0.2179 0.5385 0.0000 0.2436 0.0000 0.0000 0.0000 0.0000 0.0000 0.0000
1.0000 0.0000 0.0000 0.0000 0.0000 0.0000 0.0000 0.0000 0.0000 0.0000
0.4446 0.1795 0.2611 0.0000 0.1147 0.0000 0.0000 0.0000 0.0000 0.0000
0.3266 0.4551 0.2183 0.0000 0.0000 0.0000 0.0000 0.0000 0.0000 0.0000
0.7050 0.1198 0.0000 0.1752 0.0000 0.0000 0.0000 0.0000 0.0000 0.0000
0.0644 0.1406 0.0000 0.5300 0.0000 0.2043 0.0607 0.0000 0.0000 0.0000
0.2694 0.1571 0.0000 0.1816 0.0000 0.1095 0.2286 0.0538 0.0000 0.0000
0.1568 0.2182 0.0000 0.0884 0.0000 0.1038 0.2789 0.1538 0.0000 0.0000
0.5655 0.0000 0.0000 0.0000 0.0000 0.0000 0.0000 0.0000 0.0000 0.4345
0.4540 0.1065 0.2590 0.0000 0.1804 0.0000 0.0000 0.0000 0.0000 0.0000
0.4053 0.5947 0.0000 0.0000 0.0000 0.0000 0.0000 0.0000 0.0000 0.0000
0.1409 0.4474 0.0529 0.0000 0.2440 0.0000 0.0000 0.0000 0.1148 0.0000
0.4280 0.5720 0.0000 0.0000 0.0000 0.0000 0.0000 0.0000 0.0000 0.0000
0.2350 0.7650 0.0000 0.0000 0.0000 0.0000 0.0000 0.0000 0.0000 0.0000
0.8717 0.0000 0.0000 0.0000 0.0000 0.0000 0.0000 0.0000 0.0000 0.1283
0.1760 0.3375 0.0000 0.2162 0.0000 0.2702 0.0000 0.0000 0.0000 0.0000
0.4097 0.2951 0.0000 0.2952 0.0000 0.0000 0.0000 0.0000 0.0000 0.0000
0.2122 0.0000 0.0000 0.0000 0.0000 0.0000 0.0000 0.0000 0.0000 0.7878
0.2736 0.1811 0.4053 0.0000 0.0842 0.0000 0.0000 0.0000 0.0558 0.0000
0.5993 0.4007 0.0000 0.0000 0.0000 0.0000 0.0000 0.0000 0.0000 0.0000
0.0721 0.0922 0.0000 0.8357 0.0000 0.0000 0.0000 0.0000 0.0000 0.0000
0.1382 0.2026 0.0000 0.2243 0.0000 0.3831 0.0519 0.0000 0.0000 0.0000
0.2746 0.0000 0.0000 0.0000 0.0000 0.0000 0.0000 0.0000 0.0000 0.7254
0.0669 0.3102 0.0000 0.2244 0.0000 0.1988 0.0605 0.1392 0.0000 0.0000
0.3136 0.2927 0.0000 0.0817 0.0000 0.3119 0.0000 0.0000 0.0000 0.0000
0.2882 0.4583 0.0000 0.1850 0.0000 0.0686 0.0000 0.0000 0.0000 0.0000
0.7708 0.1401 0.0000 0.0891 0.0000 0.0000 0.0000 0.0000 0.0000 0.0000
0.0955 0.2477 0.0000 0.2229 0.0000 0.1715 0.2624 0.0000 0.0000 0.0000
0.4053 0.5947 0.0000 0.0000 0.0000 0.0000 0.0000 0.0000 0.0000 0.0000
0.3494 0.4331 0.0000 0.2175 0.0000 0.0000 0.0000 0.0000 0.0000 0.0000
0.0940 0.1651 0.0000 0.0740 0.0000 0.2218 0.0976 0.3475 0.0000 0.0000
0.0680 0.1473 0.4610 0.0000 0.3238 0.0000 0.0000 0.0000 0.0000 0.0000
1.0000 0.0000 0.0000 0.0000 0.0000 0.0000 0.0000 0.0000 0.0000 0.0000
0.2778 0.4051 0.0000 0.3171 0.0000 0.0000 0.0000 0.0000 0.0000 0.0000
0.1964 0.0789 0.0000 0.1445 0.0000 0.5802 0.0000 0.0000 0.0000 0.0000
0.2516 0.0866 0.0000 0.2624 0.0000 0.3321 0.0674 0.0000 0.0000 0.0000
0.0650 0.5511 0.1859 0.0000 0.1980 0.0000 0.0000 0.0000 0.0000 0.0000
0.3043 0.0000 0.0000 0.0000 0.0000 0.0000 0.0000 0.0000 0.0000 0.6957
1.0000 0.0000 0.0000 0.0000 0.0000 0.0000 0.0000 0.0000 0.0000 0.0000
0.0642 0.1728 0.3633 0.0000 0.1085 0.0000 0.0000 0.0000 0.2912 0.0000
0.0633 0.4036 0.2027 0.0000 0.3304 0.0000 0.0000 0.0000 0.0000 0.0000
0.2181 0.2164 0.0898 0.0000 0.2137 0.0000 0.0000 0.0000 0.2620 0.0000
0.6051 0.1980 0.1970 0.0000 0.0000 0.0000 0.0000 0.0000 0.0000 0.0000
0.2043 0.0857 0.7100 0.0000 0.0000 0.0000 0.0000 0.0000 0.0000 0.0000
1.0000 0.0000 0.0000 0.0000 0.0000 0.0000 0.0000 0.0000 0.0000 0.0000
0.1595 0.0654 0.0000 0.3539 0.0000 0.1947 0.0863 0.1403 0.0000 0.0000
0.1807 0.1634 0.1530 0.0000 0.5029 0.0000 0.0000 0.0000 0.0000 0.0000
0.7413 0.2587 0.0000 0.0000 0.0000 0.0000 0.0000 0.0000 0.0000 0.0000
0.1866 0.2127 0.6007 0.0000 0.0000 0.0000 0.0000 0.0000 0.0000 0.0000
1.0000 0.0000 0.0000 0.0000 0.0000 0.0000 0.0000 0.0000 0.0000 0.0000
0.5477 0.0000 0.0000 0.0000 0.0000 0.0000 0.0000 0.0000 0.0000 0.4523
1.0000 0.0000 0.0000 0.0000 0.0000 0.0000 0.0000 0.0000 0.0000 0.0000
0.1264 0.5720 0.0000 0.1459 0.0000 0.1558 0.0000 0.0000 0.0000 0.0000
0.4466 0.2741 0.2792 0.0000 0.0000 0.0000 0.0000 0.0000 0.0000 0.0000
0.4168 0.1552 0.4280 0.0000 0.0000 0.0000 0.0000 0.0000 0.0000 0.0000
0.2612 0.3047 0.0000 0.0846 0.0000 0.1403 0.0535 0.1556 0.0000 0.0000
0.0796 0.1392 0.0000 0.2456 0.0000 0.5356 0.0000 0.0000 0.0000 0.0000
0.2236 0.6447 0.1317 0.0000 0.0000 0.0000 0.0000 0.0000 0.0000 0.0000
0.6456 0.0511 0.0000 0.0852 0.0000 0.2181 0.0000 0.0000 0.0000 0.0000
0.2176 0.5758 0.2066 0.0000 0.0000 0.0000 0.0000 0.0000 0.0000 0.0000
0.3937 0.6063 0.0000 0.0000 0.0000 0.0000 0.0000 0.0000 0.0000 0.0000
0.0776 0.1737 0.0000 0.0769 0.0000 0.3877 0.2841 0.0000 0.0000 0.0000
1.0000 0.0000 0.0000 0.0000 0.0000 0.0000 0.0000 0.0000 0.0000 0.0000
0.7860 0.0000 0.0000 0.0000 0.0000 0.0000 0.0000 0.0000 0.0000 0.2140
0.0950 0.0000 0.0000 0.0000 0.0000 0.0000 0.0000 0.0000 0.0000 0.9050
0.5440 0.2492 0.0000 0.1234 0.0000 0.0835 0.0000 0.0000 0.0000 0.0000
0.2054 0.4923 0.0000 0.3023 0.0000 0.0000 0.0000 0.0000 0.0000 0.0000
0.4485 0.5515 0.0000 0.0000 0.0000 0.0000 0.0000 0.0000 0.0000 0.0000
0.1516 0.2988 0.3239 0.0000 0.2257 0.0000 0.0000 0.0000 0.0000 0.0000
1.0000 0.0000 0.0000 0.0000 0.0000 0.0000 0.0000 0.0000 0.0000 0.0000
0.5907 0.0704 0.3389 0.0000 0.0000 0.0000 0.0000 0.0000 0.0000 0.0000
0.1101 0.2905 0.0000 0.0782 0.0000 0.4091 0.1121 0.0000 0.0000 0.0000
0.1500 0.1746 0.0000 0.2099 0.0000 0.4655 0.0000 0.0000 0.0000 0.0000
0.3230 0.1805 0.0771 0.0000 0.1682 0.0000 0.0000 0.0000 0.2512 0.0000
0.6106 0.0000 0.0000 0.0000 0.0000 0.0000 0.0000 0.0000 0.0000 0.3894
1.0000 0.0000 0.0000 0.0000 0.0000 0.0000 0.0000 0.0000 0.0000 0.0000
0.1344 0.0000 0.0000 0.0000 0.0000 0.0000 0.0000 0.0000 0.0000 0.8656
0.0616 0.8528 0.0000 0.0857 0.0000 0.0000 0.0000 0.0000 0.0000 0.0000
0.0531 0.4236 0.0000 0.2929 0.0000 0.2304 0.0000 0.0000 0.0000 0.0000
0.3096 0.1392 0.0000 0.5512 0.0000 0.0000 0.0000 0.0000 0.0000 0.0000
0.2883 0.7117 0.0000 0.0000 0.0000 0.0000 0.0000 0.0000 0.0000 0.0000
0.3547 0.0927 0.0000 0.0526 0.0000 0.1831 0.2267 0.0903 0.0000 0.0000
0.2855 0.0673 0.0000 0.4472 0.0000 0.2000 0.0000 0.0000 0.0000 0.0000
0.6218 0.3782 0.0000 0.0000 0.0000 0.0000 0.0000 0.0000 0.0000 0.0000
0.0891 0.3494 0.0000 0.0612 0.0000 0.1076 0.1779 0.2148 0.0000 0.0000
0.3511 0.4490 0.0000 0.0573 0.0000 0.1427 0.0000 0.0000 0.0000 0.0000
0.2154 0.2503 0.0924 0.0000 0.4419 0.0000 0.0000 0.0000 0.0000 0.0000
0.2446 0.1294 0.0000 0.1985 0.0000 0.3494 0.0781 0.0000 0.0000 0.0000
0.1437 0.3132 0.0000 0.5431 0.0000 0.0000 0.0000 0.0000 0.0000 0.0000
0.1048 0.6363 0.1991 0.0000 0.0598 0.0000 0.0000 0.0000 0.0000 0.0000
0.3576 0.6424 0.0000 0.0000 0.0000 0.0000 0.0000 0.0000 0.0000 0.0000
0.3674 0.2862 0.2018 0.0000 0.0791 0.0000 0.0000 0.0000 0.0655 0.0000
0.3886 0.0000 0.0000 0.0000 0.0000 0.0000 0.0000 0.0000 0.0000 0.6114
0.4027 0.0556 0.2693 0.0000 0.1591 0.0000 0.0000 0.0000 0.1133 0.0000
0.8512 0.0916 0.0000 0.0572 0.0000 0.0000 0.0000 0.0000 0.0000 0.0000
0.1709 0.3477 0.2463 0.0000 0.2351 0.0000 0.0000 0.0000 0.0000 0.0000
0.3578 0.2814 0.0000 0.0858 0.0000 0.2750 0.0000 0.0000 0.0000 0.0000
0.3501 0.2510 0.3427 0.0000 0.0562 0.0000 0.0000 0.0000 0.0000 0.0000
0.0538 0.1773 0.0000 0.3956 0.0000 0.1670 0.0971 0.1092 0.0000 0.0000
0.2849 0.2028 0.0000 0.5123 0.0000 0.0000 0.0000 0.0000 0.0000 0.0000
0.1574 0.0000 0.0000 0.0000 0.0000 0.0000 0.0000 0.0000 0.0000 0.8426
1.0000 0.0000 0.0000 0.0000 0.0000 0.0000 0.0000 0.0000 0.0000 0.0000
0.0907 0.4631 0.0000 0.4462 0.0000 0.0000 0.0000 0.0000 0.0000 0.0000
0.1296 0.0819 0.7885 0.0000 0.0000 0.0000 0.0000 0.0000 0.0000 0.0000
0.1537 0.3386 0.0000 0.2225 0.0000 0.2852 0.0000 0.0000 0.0000 0.0000
0.0601 0.1787 0.3652 0.0000 0.1302 0.0000 0.0000 0.0000 0.2656 0.0000
0.1284 0.4613 0.4103 0.0000 0.0000 0.0000 0.0000 0.0000 0.0000 0.0000
0.3681 0.0956 0.0000 0.0593 0.0000 0.0545 0.3666 0.0559 0.0000 0.0000
0.4369 0.0585 0.0000 0.5046 0.0000 0.0000 0.0000 0.0000 0.0000 0.0000
0.5146 0.0000 0.0000 0.0000 0.0000 0.0000 0.0000 0.0000 0.0000 0.4854
0.4037 0.1675 0.1852 0.0000 0.0836 0.0000 0.0000 0.0000 0.1600 0.0000
0.3549 0.3683 0.1020 0.0000 0.1747 0.0000 0.0000 0.0000 0.0000 0.0000
1.0000 0.0000 0.0000 0.0000 0.0000 0.0000 0.0000 0.0000 0.0000 0.0000
0.1842 0.0746 0.0000 0.0749 0.0000 0.6663 0.0000 0.0000 0.0000 0.0000
1.0000 0.0000 0.0000 0.0000 0.0000 0.0000 0.0000 0.0000 0.0000 0.0000
0.0576 0.0559 0.0000 0.2792 0.0000 0.3426 0.0894 0.1752 0.0000 0.0000
0.1678 0.1121 0.0000 0.3696 0.0000 0.2177 0.0556 0.0772 0.0000 0.0000
0.3913 0.0567 0.5521 0.0000 0.0000 0.0000 0.0000 0.0000 0.0000 0.0000
0.3575 0.2488 0.2988 0.0000 0.0949 0.0000 0.0000 0.0000 0.0000 0.0000
0.2353 0.2398 0.1462 0.0000 0.3787 0.0000 0.0000 0.0000 0.0000 0.0000
0.1899 0.8101 0.0000 0.0000 0.0000 0.0000 0.0000 0.0000 0.0000 0.0000
0.2511 0.1205 0.0000 0.1162 0.0000 0.1255 0.1379 0.2488 0.0000 0.0000
0.2554 0.2332 0.0883 0.0000 0.3529 0.0000 0.0000 0.0000 0.0701 0.0000
0.3750 0.2886 0.1653 0.0000 0.1710 0.0000 0.0000 0.0000 0.0000 0.0000
0.3024 0.1822 0.0739 0.0000 0.4416 0.0000 0.0000 0.0000 0.0000 0.0000
0.6553 0.0919 0.0000 0.1885 0.0000 0.0643 0.0000 0.0000 0.0000 0.0000
0.0501 0.0972 0.0705 0.0000 0.5151 0.0000 0.0000 0.0000 0.2672 0.0000
0.4389 0.3297 0.0539 0.0000 0.1775 0.0000 0.0000 0.0000 0.0000 0.0000
0.7250 0.0000 0.0000 0.0000 0.0000 0.0000 0.0000 0.0000 0.0000 0.2750
0.5117 0.1331 0.0000 0.3551 0.0000 0.0000 0.0000 0.0000 0.0000 0.0000
0.3072 0.0505 0.1102 0.0000 0.1447 0.0000 0.0000 0.0000 0.3874 0.0000
0.3822 0.4069 0.0000 0.2109 0.0000 0.0000 0.0000 0.0000 0.0000 0.0000
0.1099 0.3977 0.0000 0.0574 0.0000 0.1628 0.2722 0.0000 0.0000 0.0000
0.5495 0.1133 0.1120 0.0000 0.2252 0.0000 0.0000 0.0000 0.0000 0.0000
0.2395 0.2513 0.2630 0.0000 0.1413 0.0000 0.0000 0.0000 0.1049 0.0000
0.3318 0.0000 0.0000 0.0000 0.0000 0.0000 0.0000 0.0000 0.0000 0.6682
0.1183 0.0949 0.0000 0.3930 0.0000 0.1163 0.2119 0.0657 0.0000 0.0000
1.0000 0.0000 0.0000 0.0000 0.0000 0.0000 0.0000 0.0000 0.0000 0.0000
1.0000 0.0000 0.0000 0.0000 0.0000 0.0000 0.0000 0.0000 0.0000 0.0000
0.4665 0.3302 0.0000 0.2033 0.0000 0.0000 0.0000 0.0000 0.0000 0.0000
0.1949 0.0995 0.0000 0.2291 0.0000 0.1827 0.2938 0.0000 0.0000 0.0000
0.5240 0.0557 0.0871 0.0000 0.3332 0.0000 0.0000 0.0000 0.0000 0.0000
1.0000 0.0000 0.0000 0.0000 0.0000 0.0000 0.0000 0.0000 0.0000 0.0000
0.2186 0.1764 0.0000 0.2297 0.0000 0.3752 0.0000 0.0000 0.0000 0.0000
0.1982 0.5252 0.1475 0.0000 0.0783 0.0000 0.0000 0.0000 0.0507 0.0000
1.0000 0.0000 0.0000 0.0000 0.0000 0.0000 0.0000 0.0000 0.0000 0.0000
0.0815 0.1654 0.2031 0.0000 0.2223 0.0000 0.0000 0.0000 0.3277 0.0000
0.1377 0.1540 0.0000 0.3692 0.0000 0.1195 0.1332 0.0864 0.0000 0.0000
1.0000 0.0000 0.0000 0.0000 0.0000 0.0000 0.0000 0.0000 0.0000 0.0000
0.3999 0.1766 0.0000 0.1411 0.0000 0.0506 0.2317 0.0000 0.0000 0.0000
0.6868 0.0000 0.0000 0.0000 0.0000 0.0000 0.0000 0.0000 0.0000 0.3132
0.3292 0.1500 0.0000 0.2105 0.0000 0.2148 0.0954 0.0000 0.0000 0.0000
0.2329 0.6346 0.0000 0.1325 0.0000 0.0000 0.0000 0.0000 0.0000 0.0000
0.0574 0.9426 0.0000 0.0000 0.0000 0.0000 0.0000 0.0000 0.0000 0.0000
0.0969 0.4516 0.0000 0.1347 0.0000 0.3169 0.0000 0.0000 0.0000 0.0000
1.0000 0.0000 0.0000 0.0000 0.0000 0.0000 0.0000 0.0000 0.0000 0.0000
0.1180 0.3240 0.2376 0.0000 0.1036 0.0000 0.0000 0.0000 0.2168 0.0000
0.7507 0.1715 0.0000 0.0778 0.0000 0.0000 0.0000 0.0000 0.0000 0.0000
0.0796 0.2437 0.0000 0.1726 0.0000 0.5040 0.0000 0.0000 0.0000 0.0000
0.3757 0.0573 0.0000 0.1437 0.0000 0.0866 0.3367 0.0000 0.0000 0.0000
0.1241 0.5430 0.1065 0.0000 0.0578 0.0000 0.0000 0.0000 0.1687 0.0000
0.0866 0.0615 0.0000 0.2881 0.0000 0.0555 0.0854 0.4230 0.0000 0.0000
0.1207 0.2067 0.0000 0.0684 0.0000 0.2932 0.1625 0.1486 0.0000 0.0000
0.2186 0.0748 0.1953 0.0000 0.0765 0.0000 0.0000 0.0000 0.4348 0.0000
0.6290 0.3710 0.0000 0.0000 0.0000 0.0000 0.0000 0.0000 0.0000 0.0000
0.0526 0.7108 0.1241 0.0000 0.1126 0.0000 0.0000 0.0000 0.0000 0.0000
0.3926 0.1809 0.3504 0.0000 0.0761 0.0000 0.0000 0.0000 0.0000 0.0000
0.0641 0.1658 0.0000 0.0885 0.0000 0.1616 0.4405 0.0795 0.0000 0.0000
0.8838 0.1162 0.0000 0.0000 0.0000 0.0000 0.0000 0.0000 0.0000 0.0000
0.2163 0.2412 0.2601 0.0000 0.2824 0.0000 0.0000 0.0000 0.0000 0.0000
0.2399 0.1410 0.0000 0.6192 0.0000 0.0000 0.0000 0.0000 0.0000 0.0000
0.1861 0.1267 0.0000 0.1294 0.0000 0.4397 0.1181 0.0000 0.0000 0.0000
0.0770 0.1819 0.3169 0.0000 0.3711 0.0000 0.0000 0.0000 0.0531 0.0000
0.2207 0.3657 0.4135 0.0000 0.0000 0.0000 0.0000 0.0000 0.0000 0.0000
0.0749 0.5141 0.0000 0.0974 0.0000 0.3136 0.0000 0.0000 0.0000 0.0000
0.2588 0.1021 0.0000 0.0989 0.0000 0.2476 0.2927 0.0000 0.0000 0.0000
0.1687 0.1077 0.0000 0.0878 0.0000 0.3836 0.0811 0.1711 0.0000 0.0000
1.0000 0.0000 0.0000 0.0000 0.0000 0.0000 0.0000 0.0000 0.0000 0.0000
1.0000 0.0000 0.0000 0.0000 0.0000 0.0000 0.0000 0.0000 0.0000 0.0000
0.8667 0.1333 0.0000 0.0000 0.0000 0.0000 0.0000 0.0000 0.0000 0.0000
0.5233 0.0000 0.0000 0.0000 0.0000 0.0000 0.0000 0.0000 0.0000 0.4767
0.3324 0.2402 0.4274 0.0000 0.0000 0.0000 0.0000 0.0000 0.0000 0.0000
0.4825 0.5175 0.0000 0.0000 0.0000 0.0000 0.0000 0.0000 0.0000 0.0000
0.1003 0.3701 0.2391 0.0000 0.2906 0.0000 0.0000 0.0000 0.0000 0.0000
0.3442 0.1099 0.0000 0.1442 0.0000 0.4017 0.0000 0.0000 0.0000 0.0000
1.0000 0.0000 0.0000 0.0000 0.0000 0.0000 0.0000 0.0000 0.0000 0.0000
0.1313 0.1464 0.0000 0.1270 0.0000 0.0512 0.5441 0.0000 0.0000 0.0000
0.2829 0.1778 0.1217 0.0000 0.0828 0.0000 0.0000 0.0000 0.3348 0.0000
0.0636 0.0728 0.0000 0.1370 0.0000 0.1250 0.0939 0.5078 0.0000 0.0000
0.1893 0.3830 0.0000 0.2514 0.0000 0.1763 0.0000 0.0000 0.0000 0.0000
0.2465 0.1057 0.0710 0.0000 0.5768 0.0000 0.0000 0.0000 0.0000 0.0000
0.1513 0.0993 0.0000 0.1331 0.0000 0.1794 0.0926 0.3442 0.0000 0.0000
0.4784 0.1513 0.3703 0.0000 0.0000 0.0000 0.0000 0.0000 0.0000 0.0000
0.4365 0.2511 0.0000 0.3123 0.0000 0.0000 0.0000 0.0000 0.0000 0.0000
1.0000 0.0000 0.0000 0.0000 0.0000 0.0000 0.0000 0.0000 0.0000 0.0000
0.1519 0.1997 0.0000 0.0555 0.0000 0.0720 0.0850 0.4358 0.0000 0.0000
0.1465 0.3098 0.0000 0.4119 0.0000 0.1317 0.0000 0.0000 0.0000 0.0000
0.2285 0.0569 0.0000 0.7147 0.0000 0.0000 0.0000 0.0000 0.0000 0.0000
0.3297 0.2911 0.0000 0.0587 0.0000 0.1082 0.0970 0.1153 0.0000 0.0000
0.1249 0.2268 0.0000 0.0583 0.0000 0.2541 0.1704 0.1654 0.0000 0.0000
0.3680 0.3007 0.0000 0.3314 0.0000 0.0000 0.0000 0.0000 0.0000 0.0000
0.0538 0.0924 0.0000 0.1361 0.0000 0.3103 0.1836 0.2238 0.0000 0.0000
0.8785 0.0000 0.0000 0.0000 0.0000 0.0000 0.0000 0.0000 0.0000 0.1215
0.2424 0.1124 0.0000 0.1415 0.0000 0.2545 0.2491 0.0000 0.0000 0.0000
0.1573 0.0643 0.0000 0.3441 0.0000 0.1522 0.1370 0.1451 0.0000 0.0000
0.4201 0.2982 0.0000 0.2817 0.0000 0.0000 0.0000 0.0000 0.0000 0.0000
0.1914 0.6651 0.0588 0.0000 0.0846 0.0000 0.0000 0.0000 0.0000 0.0000
0.0933 0.1828 0.0000 0.1904 0.0000 0.2532 0.1421 0.1382 0.0000 0.0000
0.1094 0.3070 0.0000 0.3673 0.0000 0.0594 0.1569 0.0000 0.0000 0.0000
0.2337 0.2734 0.0000 0.1125 0.0000 0.0924 0.2144 0.0737 0.0000 0.0000
0.1067 0.3672 0.3946 0.0000 0.0622 0.0000 0.0000 0.0000 0.0692 0.0000
0.0902 0.0713 0.0501 0.0000 0.7884 0.0000 0.0000 0.0000 0.0000 0.0000
0.2127 0.2719 0.0000 0.0799 0.0000 0.2151 0.2204 0.0000 0.0000 0.0000
0.1402 0.1282 0.0000 0.4559 0.0000 0.1413 0.1343 0.0000 0.0000 0.0000
0.4227 0.0681 0.5092 0.0000 0.0000 0.0000 0.0000 0.0000 0.0000 0.0000
0.3137 0.4648 0.2215 0.0000 0.0000 0.0000 0.0000 0.0000 0.0000 0.0000
0.1107 0.1948 0.0000 0.1598 0.0000 0.0933 0.4414 0.0000 0.0000 0.0000
0.1150 0.1179 0.0000 0.0849 0.0000 0.1128 0.1630 0.4063 0.0000 0.0000
0.0776 0.1388 0.0000 0.2473 0.0000 0.0741 0.4622 0.0000 0.0000 0.0000
1.0000 0.0000 0.0000 0.0000 0.0000 0.0000 0.0000 0.0000 0.0000 0.0000
0.3506 0.1387 0.0000 0.0935 0.0000 0.1642 0.2531 0.0000 0.0000 0.0000
0.8062 0.0000 0.0000 0.0000 0.0000 0.0000 0.0000 0.0000 0.0000 0.1938
0.2169 0.5012 0.0000 0.1482 0.0000 0.1337 0.0000 0.0000 0.0000 0.0000
0.2118 0.1573 0.0820 0.0000 0.1469 0.0000 0.0000 0.0000 0.4020 0.0000
0.4292 0.0703 0.2591 0.0000 0.1912 0.0000 0.0000 0.0000 0.0501 0.0000
0.6646 0.3354 0.0000 0.0000 0.0000 0.0000 0.0000 0.0000 0.0000 0.0000
1.0000 0.0000 0.0000 0.0000 0.0000 0.0000 0.0000 0.0000 0.0000 0.0000
0.1928 0.3076 0.0000 0.0849 0.0000 0.0669 0.2344 0.1134 0.0000 0.0000
0.4310 0.0948 0.0000 0.4742 0.0000 0.0000 0.0000 0.0000 0.0000 0.0000
0.0961 0.0000 0.0000 0.0000 0.0000 0.0000 0.0000 0.0000 0.0000 0.9039
0.9272 0.0000 0.0000 0.0000 0.0000 0.0000 0.0000 0.0000 0.0000 0.0728
0.1770 0.1017 0.4184 0.0000 0.3028 0.0000 0.0000 0.0000 0.0000 0.0000
0.0766 0.2081 0.0000 0.1199 0.0000 0.2331 0.3623 0.0000 0.0000 0.0000
0.1488 0.1793 0.0766 0.0000 0.5953 0.0000 0.0000 0.0000 0.0000 0.0000
0.8853 0.1147 0.0000 0.0000 0.0000 0.0000 0.0000 0.0000 0.0000 0.0000
0.2771 0.1747 0.0000 0.1243 0.0000 0.4239 0.0000 0.0000 0.0000 0.0000
0.1325 0.1109 0.0000 0.4665 0.0000 0.1536 0.1366 0.0000 0.0000 0.0000
0.5455 0.1476 0.3069 0.0000 0.0000 0.0000 0.0000 0.0000 0.0000 0.0000
0.0746 0.1402 0.1084 0.0000 0.3772 0.0000 0.0000 0.0000 0.2996 0.0000
0.2328 0.0926 0.0000 0.1717 0.0000 0.2706 0.2323 0.0000 0.0000 0.0000
1.0000 0.0000 0.0000 0.0000 0.0000 0.0000 0.0000 0.0000 0.0000 0.0000
0.1807 0.1971 0.6222 0.0000 0.0000 0.0000 0.0000 0.0000 0.0000 0.0000
0.4393 0.5607 0.0000 0.0000 0.0000 0.0000 0.0000 0.0000 0.0000 0.0000
0.0730 0.2834 0.0000 0.5918 0.0000 0.0518 0.0000 0.0000 0.0000 0.0000
0.0632 0.3176 0.0000 0.6193 0.0000 0.0000 0.0000 0.0000 0.0000 0.0000
1.0000 0.0000 0.0000 0.0000 0.0000 0.0000 0.0000 0.0000 0.0000 0.0000
0.3304 0.2487 0.1611 0.0000 0.2598 0.0000 0.0000 0.0000 0.0000 0.0000
0.0928 0.2408 0.0000 0.0657 0.0000 0.1646 0.3790 0.0570 0.0000 0.0000
0.1166 0.3724 0.2336 0.0000 0.1884 0.0000 0.0000 0.0000 0.0890 0.0000
0.9252 0.0000 0.0000 0.0000 0.0000 0.0000 0.0000 0.0000 0.0000 0.0748
0.2114 0.1925 0.0000 0.2302 0.0000 0.3659 0.0000 0.0000 0.0000 0.0000
0.9397 0.0000 0.0000 0.0000 0.0000 0.0000 0.0000 0.0000 0.0000 0.0603
1.0000 0.0000 0.0000 0.0000 0.0000 0.0000 0.0000 0.0000 0.0000 0.0000
0.1848 0.5490 0.0000 0.2662 0.0000 0.0000 0.0000 0.0000 0.0000 0.0000
0.2544 0.1795 0.0000 0.3717 0.0000 0.1943 0.0000 0.0000 0.0000 0.0000
0.0588 0.4376 0.0000 0.5036 0.0000 0.0000 0.0000 0.0000 0.0000 0.0000
0.0775 0.1762 0.0000 0.3226 0.0000 0.3177 0.1059 0.0000 0.0000 0.0000
1.0000 0.0000 0.0000 0.0000 0.0000 0.0000 0.0000 0.0000 0.0000 0.0000
0.3485 0.0000 0.0000 0.0000 0.0000 0.0000 0.0000 0.0000 0.0000 0.6515
0.1234 0.3565 0.5201 0.0000 0.0000 0.0000 0.0000 0.0000 0.0000 0.0000
0.2550 0.0000 0.0000 0.0000 0.0000 0.0000 0.0000 0.0000 0.0000 0.7450
0.2334 0.2238 0.0000 0.5428 0.0000 0.0000 0.0000 0.0000 0.0000 0.0000
0.3362 0.1263 0.1228 0.0000 0.1639 0.0000 0.0000 0.0000 0.2508 0.0000
0.2088 0.7912 0.0000 0.0000 0.0000 0.0000 0.0000 0.0000 0.0000 0.0000
0.8312 0.0000 0.0000 0.0000 0.0000 0.0000 0.0000 0.0000 0.0000 0.1688
0.4476 0.5524 0.0000 0.0000 0.0000 0.0000 0.0000 0.0000 0.0000 0.0000
0.0944 0.3457 0.0000 0.1006 0.0000 0.3225 0.0543 0.0826 0.0000 0.0000
0.0672 0.4379 0.0000 0.1182 0.0000 0.2500 0.1267 0.0000 0.0000 0.0000
0.2762 0.1191 0.0000 0.4804 0.0000 0.1243 0.0000 0.0000 0.0000 0.0000
0.1871 0.1728 0.0000 0.6401 0.0000 0.0000 0.0000 0.0000 0.0000 0.0000
0.4799 0.0592 0.2832 0.0000 0.1776 0.0000 0.0000 0.0000 0.0000 0.0000
0.1417 0.5248 0.0787 0.0000 0.2549 0.0000 0.0000 0.0000 0.0000 0.0000
0.0631 0.1585 0.0719 0.0000 0.7065 0.0000 0.0000 0.0000 0.0000 0.0000
0.0698 0.6181 0.3122 0.0000 0.0000 0.0000 0.0000 0.0000 0.0000 0.0000
0.2098 0.0596 0.0000 0.2718 0.0000 0.2717 0.1001 0.0869 0.0000 0.0000
0.2893 0.4248 0.2859 0.0000 0.0000 0.0000 0.0000 0.0000 0.0000 0.0000
0.3316 0.1524 0.0000 0.2222 0.0000 0.1408 0.1529 0.0000 0.0000 0.0000
0.2768 0.2052 0.0000 0.1571 0.0000 0.1103 0.2507 0.0000 0.0000 0.0000
0.1059 0.8941 0.0000 0.0000 0.0000 0.0000 0.0000 0.0000 0.0000 0.0000
0.0987 0.9013 0.0000 0.0000 0.0000 0.0000 0.0000 0.0000 0.0000 0.0000
0.1113 0.0000 0.0000 0.0000 0.0000 0.0000 0.0000 0.0000 0.0000 0.8887
0.2189 0.0609 0.0000 0.1429 0.0000 0.3542 0.0619 0.1612 0.0000 0.0000
0.1118 0.3321 0.0508 0.0000 0.2858 0.0000 0.0000 0.0000 0.2194 0.0000
0.2219 0.5167 0.0996 0.0000 0.1618 0.0000 0.0000 0.0000 0.0000 0.0000
0.0930 0.4839 0.0000 0.3659 0.0000 0.0572 0.0000 0.0000 0.0000 0.0000
0.2265 0.2109 0.2008 0.0000 0.3619 0.0000 0.0000 0.0000 0.0000 0.0000
0.4313 0.1197 0.0000 0.1438 0.0000 0.0871 0.2182 0.0000 0.0000 0.0000
0.1394 0.8606 0.0000 0.0000 0.0000 0.0000 0.0000 0.0000 0.0000 0.0000
0.5727 0.0000 0.0000 0.0000 0.0000 0.0000 0.0000 0.0000 0.0000 0.4273
0.1753 0.1746 0.0000 0.1428 0.0000 0.3163 0.1911 0.0000 0.0000 0.0000
0.1636 0.0000 0.0000 0.0000 0.0000 0.0000 0.0000 0.0000 0.0000 0.8364
0.2616 0.4738 0.0000 0.2646 0.0000 0.0000 0.0000 0.0000 0.0000 0.0000
0.2043 0.7957 0.0000 0.0000 0.0000 0.0000 0.0000 0.0000 0.0000 0.0000
0.1431 0.1598 0.4659 0.0000 0.2312 0.0000 0.0000 0.0000 0.0000 0.0000
0.6913 0.0000 0.0000 0.0000 0.0000 0.0000 0.0000 0.0000 0.0000 0.3087
0.7573 0.2427 0.0000 0.0000 0.0000 0.0000 0.0000 0.0000 0.0000 0.0000
0.1924 0.1521 0.0000 0.3918 0.0000 0.2638 0.0000 0.0000 0.0000 0.0000
0.3205 0.0511 0.0000 0.2346 0.0000 0.1690 0.1471 0.0777 0.0000 0.0000
0.6849 0.0000 0.0000 0.0000 0.0000 0.0000 0.0000 0.0000 0.0000 0.3151
1.0000 0.0000 0.0000 0.0000 0.0000 0.0000 0.0000 0.0000 0.0000 0.0000
0.3832 0.4138 0.0000 0.2030 0.0000 0.0000 0.0000 0.0000 0.0000 0.0000
0.2049 0.5573 0.0000 0.1196 0.0000 0.1182 0.0000 0.0000 0.0000 0.0000
0.1669 0.3701 0.1336 0.0000 0.1675 0.0000 0.0000 0.0000 0.1619 0.0000
0.2153 0.1091 0.0000 0.1525 0.0000 0.1683 0.2452 0.1097 0.0000 0.0000
0.6407 0.0000 0.0000 0.0000 0.0000 0.0000 0.0000 0.0000 0.0000 0.3593
0.1663 0.0689 0.0000 0.1206 0.0000 0.0670 0.1257 0.4514 0.0000 0.0000
0.1436 0.1424 0.0512 0.0000 0.2601 0.0000 0.0000 0.0000 0.4027 0.0000
1.0000 0.0000 0.0000 0.0000 0.0000 0.0000 0.0000 0.0000 0.0000 0.0000
0.1373 0.3410 0.1467 0.0000 0.2556 0.0000 0.0000 0.0000 0.1193 0.0000
1.0000 0.0000 0.0000 0.0000 0.0000 0.0000 0.0000 0.0000 0.0000 0.0000
0.2103 0.1274 0.0000 0.3630 0.0000 0.1455 0.1538 0.0000 0.0000 0.0000
0.1413 0.4700 0.1499 0.0000 0.2389 0.0000 0.0000 0.0000 0.0000 0.0000
1.0000 0.0000 0.0000 0.0000 0.0000 0.0000 0.0000 0.0000 0.0000 0.0000
0.2963 0.0900 0.0000 0.2559 0.0000 0.3578 0.0000 0.0000 0.0000 0.0000
0.4761 0.1591 0.3648 0.0000 0.0000 0.0000 0.0000 0.0000 0.0000 0.0000
0.0883 0.0629 0.0769 0.0000 0.7718 0.0000 0.0000 0.0000 0.0000 0.0000
0.4753 0.1699 0.0000 0.2027 0.0000 0.0664 0.0857 0.0000 0.0000 0.0000
0.0878 0.0574 0.0000 0.3537 0.0000 0.2851 0.2161 0.0000 0.0000 0.0000
0.0761 0.3112 0.2828 0.0000 0.1357 0.0000 0.0000 0.0000 0.1942 0.0000
0.6693 0.0000 0.0000 0.0000 0.0000 0.0000 0.0000 0.0000 0.0000 0.3307
0.1826 0.8174 0.0000 0.0000 0.0000 0.0000 0.0000 0.0000 0.0000 0.0000
0.1585 0.1690 0.3267 0.0000 0.2331 0.0000 0.0000 0.0000 0.1127 0.0000
0.1432 0.0604 0.0000 0.2214 0.0000 0.1348 0.0784 0.3617 0.0000 0.0000
1.0000 0.0000 0.0000 0.0000 0.0000 0.0000 0.0000 0.0000 0.0000 0.0000
0.9251 0.0749 0.0000 0.0000 0.0000 0.0000 0.0000 0.0000 0.0000 0.0000
0.1980 0.0697 0.0000 0.3465 0.0000 0.3267 0.0591 0.0000 0.0000 0.0000
0.3977 0.0712 0.0000 0.2793 0.0000 0.1376 0.1142 0.0000 0.0000 0.0000
0.1611 0.2917 0.4690 0.0000 0.0782 0.0000 0.0000 0.0000 0.0000 0.0000
0.1565 0.0000 0.0000 0.0000 0.0000 0.0000 0.0000 0.0000 0.0000 0.8435
0.0611 0.8040 0.1349 0.0000 0.0000 0.0000 0.0000 0.0000 0.0000 0.0000
0.1436 0.7775 0.0000 0.0789 0.0000 0.0000 0.0000 0.0000 0.0000 0.0000
0.2292 0.2577 0.0000 0.2573 0.0000 0.2558 0.0000 0.0000 0.0000 0.0000
0.5341 0.1044 0.0000 0.1757 0.0000 0.1323 0.0535 0.0000 0.0000 0.0000
0.2374 0.2677 0.0000 0.3034 0.0000 0.0749 0.1166 0.0000 0.0000 0.0000
0.7957 0.2043 0.0000 0.0000 0.0000 0.0000 0.0000 0.0000 0.0000 0.0000
0.0899 0.4142 0.1186 0.0000 0.2793 0.0000 0.0000 0.0000 0.0979 0.0000
0.8350 0.0000 0.0000 0.0000 0.0000 0.0000 0.0000 0.0000 0.0000 0.1650
0.0748 0.3818 0.0000 0.1953 0.0000 0.1428 0.1477 0.0577 0.0000 0.0000
0.2698 0.1725 0.2460 0.0000 0.1212 0.0000 0.0000 0.0000 0.1905 0.0000
0.2373 0.4740 0.0000 0.0547 0.0000 0.0930 0.0899 0.0511 0.0000 0.0000
0.0806 0.0904 0.0000 0.1242 0.0000 0.0660 0.2562 0.3826 0.0000 0.0000
0.3962 0.2642 0.0000 0.0504 0.0000 0.1327 0.1566 0.0000 0.0000 0.0000
0.1663 0.1080 0.0000 0.0752 0.0000 0.1393 0.5111 0.0000 0.0000 0.0000
0.3107 0.2119 0.2370 0.0000 0.0794 0.0000 0.0000 0.0000 0.1610 0.0000
0.4151 0.2499 0.3350 0.0000 0.0000 0.0000 0.0000 0.0000 0.0000 0.0000
0.3909 0.3442 0.2650 0.0000 0.0000 0.0000 0.0000 0.0000 0.0000 0.0000
0.1565 0.3519 0.0000 0.4916 0.0000 0.0000 0.0000 0.0000 0.0000 0.0000
0.2082 0.1435 0.0000 0.6483 0.0000 0.0000 0.0000 0.0000 0.0000 0.0000
0.1469 0.0783 0.6062 0.0000 0.1067 0.0000 0.0000 0.0000 0.0620 0.0000
0.2311 0.1454 0.0000 0.2426 0.0000 0.3809 0.0000 0.0000 0.0000 0.0000
0.2310 0.1129 0.0000 0.3406 0.0000 0.1639 0.0682 0.0834 0.0000 0.0000
0.0532 0.3930 0.0000 0.1585 0.0000 0.2236 0.1083 0.0634 0.0000 0.0000
0.1946 0.0649 0.1827 0.0000 0.2424 0.0000 0.0000 0.0000 0.3154 0.0000
0.6322 0.0971 0.0000 0.2707 0.0000 0.0000 0.0000 0.0000 0.0000 0.0000
0.1831 0.1992 0.0000 0.3483 0.0000 0.1759 0.0935 0.0000 0.0000 0.0000
0.4843 0.0000 0.0000 0.0000 0.0000 0.0000 0.0000 0.0000 0.0000 0.5157
0.0658 0.0526 0.0000 0.3563 0.0000 0.0887 0.4367 0.0000 0.0000 0.0000
0.5094 0.0628 0.0000 0.0587 0.0000 0.1398 0.2293 0.0000 0.0000 0.0000
0.4225 0.2215 0.0000 0.3560 0.0000 0.0000 0.0000 0.0000 0.0000 0.0000
0.0791 0.0941 0.3504 0.0000 0.1817 0.0000 0.0000 0.0000 0.2946 0.0000
0.5982 0.0000 0.0000 0.0000 0.0000 0.0000 0.0000 0.0000 0.0000 0.4018
0.3032 0.4644 0.2325 0.0000 0.0000 0.0000 0.0000 0.0000 0.0000 0.0000
0.0649 0.6301 0.3050 0.0000 0.0000 0.0000 0.0000 0.0000 0.0000 0.0000
0.0707 0.4067 0.0000 0.3462 0.0000 0.1764 0.0000 0.0000 0.0000 0.0000
0.1868 0.2357 0.0000 0.2051 0.0000 0.0895 0.0940 0.1891 0.0000 0.0000
0.1189 0.3954 0.0000 0.0906 0.0000 0.2139 0.0507 0.1305 0.0000 0.0000
0.2997 0.6294 0.0000 0.0710 0.0000 0.0000 0.0000 0.0000 0.0000 0.0000
0.2947 0.2325 0.0000 0.3528 0.0000 0.1200 0.0000 0.0000 0.0000 0.0000
0.2619 0.7381 0.0000 0.0000 0.0000 0.0000 0.0000 0.0000 0.0000 0.0000
0.7158 0.1252 0.0000 0.1590 0.0000 0.0000 0.0000 0.0000 0.0000 0.0000
1.0000 0.0000 0.0000 0.0000 0.0000 0.0000 0.0000 0.0000 0.0000 0.0000
0.0722 0.3363 0.0000 0.0789 0.0000 0.1132 0.0621 0.3373 0.0000 0.0000
0.6429 0.3571 0.0000 0.0000 0.0000 0.0000 0.0000 0.0000 0.0000 0.0000
0.2507 0.3472 0.0000 0.0590 0.0000 0.0522 0.0625 0.2285 0.0000 0.0000
0.4714 0.3007 0.2279 0.0000 0.0000 0.0000 0.0000 0.0000 0.0000 0.0000
0.4390 0.0845 0.4150 0.0000 0.0615 0.0000 0.0000 0.0000 0.0000 0.0000
1.0000 0.0000 0.0000 0.0000 0.0000 0.0000 0.0000 0.0000 0.0000 0.0000
0.1493 0.6553 0.1954 0.0000 0.0000 0.0000 0.0000 0.0000 0.0000 0.0000
0.6097 0.0000 0.0000 0.0000 0.0000 0.0000 0.0000 0.0000 0.0000 0.3903
0.3121 0.1282 0.0000 0.0957 0.0000 0.4120 0.0520 0.0000 0.0000 0.0000
0.4023 0.0572 0.0000 0.5405 0.0000 0.0000 0.0000 0.0000 0.0000 0.0000
0.6876 0.1549 0.1575 0.0000 0.0000 0.0000 0.0000 0.0000 0.0000 0.0000
0.2827 0.3372 0.2068 0.0000 0.0757 0.0000 0.0000 0.0000 0.0976 0.0000
1.0000 0.0000 0.0000 0.0000 0.0000 0.0000 0.0000 0.0000 0.0000 0.0000
0.0842 0.0000 0.0000 0.0000 0.0000 0.0000 0.0000 0.0000 0.0000 0.9158
0.1178 0.7945 0.0000 0.0877 0.0000 0.0000 0.0000 0.0000 0.0000 0.0000
1.0000 0.0000 0.0000 0.0000 0.0000 0.0000 0.0000 0.0000 0.0000 0.0000
0.1475 0.0000 0.0000 0.0000 0.0000 0.0000 0.0000 0.0000 0.0000 0.8525
0.4626 0.0967 0.0614 0.0000 0.2556 0.0000 0.0000 0.0000 0.1237 0.0000
0.9094 0.0906 0.0000 0.0000 0.0000 0.0000 0.0000 0.0000 0.0000 0.0000
0.0963 0.1028 0.0000 0.2097 0.0000 0.0757 0.2474 0.2680 0.0000 0.0000
0.1177 0.2665 0.0000 0.6158 0.0000 0.0000 0.0000 0.0000 0.0000 0.0000
0.1827 0.4549 0.0000 0.1595 0.0000 0.2029 0.0000 0.0000 0.0000 0.0000
0.0790 0.0519 0.0000 0.5255 0.0000 0.1904 0.0506 0.1026 0.0000 0.0000
0.3541 0.1450 0.0000 0.5009 0.0000 0.0000 0.0000 0.0000 0.0000 0.0000
0.1650 0.5652 0.0000 0.2698 0.0000 0.0000 0.0000 0.0000 0.0000 0.0000
0.2582 0.1653 0.1399 0.0000 0.2098 0.0000 0.0000 0.0000 0.2268 0.0000
0.3563 0.1754 0.0000 0.0810 0.0000 0.1720 0.1588 0.0565 0.0000 0.0000
0.1035 0.3338 0.0000 0.1497 0.0000 0.1618 0.0629 0.1882 0.0000 0.0000
0.4996 0.2066 0.0000 0.2938 0.0000 0.0000 0.0000 0.0000 0.0000 0.0000
0.6201 0.2948 0.0000 0.0851 0.0000 0.0000 0.0000 0.0000 0.0000 0.0000
0.1022 0.5289 0.3017 0.0000 0.0672 0.0000 0.0000 0.0000 0.0000 0.0000
0.2546 0.6029 0.0000 0.1425 0.0000 0.0000 0.0000 0.0000 0.0000 0.0000
0.8374 0.1626 0.0000 0.0000 0.0000 0.0000 0.0000 0.0000 0.0000 0.0000
0.2309 0.2177 0.0000 0.3364 0.0000 0.0866 0.1285 0.0000 0.0000 0.0000
0.3956 0.1089 0.0000 0.3632 0.0000 0.1322 0.0000 0.0000 0.0000 0.0000
0.0618 0.3196 0.2301 0.0000 0.0834 0.0000 0.0000 0.0000 0.3051 0.0000
0.2720 0.5515 0.0000 0.1765 0.0000 0.0000 0.0000 0.0000 0.0000 0.0000
0.5816 0.0903 0.3281 0.0000 0.0000 0.0000 0.0000 0.0000 0.0000 0.0000
0.4808 0.0674 0.1510 0.0000 0.3008 0.0000 0.0000 0.0000 0.0000 0.0000
0.1061 0.2417 0.1603 0.0000 0.2813 0.0000 0.0000 0.0000 0.2106 0.0000
0.7458 0.0997 0.0000 0.1020 0.0000 0.0525 0.0000 0.0000 0.0000 0.0000
0.0867 0.9133 0.0000 0.0000 0.0000 0.0000 0.0000 0.0000 0.0000 0.0000
0.0717 0.4362 0.4920 0.0000 0.0000 0.0000 0.0000 0.0000 0.0000 0.0000
0.0920 0.6610 0.0000 0.1825 0.0000 0.0646 0.0000 0.0000 0.0000 0.0000
0.0723 0.3318 0.5958 0.0000 0.0000 0.0000 0.0000 0.0000 0.0000 0.0000
0.0785 0.3342 0.1631 0.0000 0.0993 0.0000 0.0000 0.0000 0.3249 0.0000
0.1206 0.0000 0.0000 0.0000 0.0000 0.0000 0.0000 0.0000 0.0000 0.8794
0.1059 0.3828 0.0879 0.0000 0.2707 0.0000 0.0000 0.0000 0.1527 0.0000
0.1898 0.3829 0.0000 0.3561 0.0000 0.0712 0.0000 0.0000 0.0000 0.0000
0.1185 0.1921 0.0000 0.0859 0.0000 0.1241 0.1330 0.3464 0.0000 0.0000
0.3375 0.2338 0.2378 0.0000 0.1909 0.0000 0.0000 0.0000 0.0000 0.0000
0.6557 0.3443 0.0000 0.0000 0.0000 0.0000 0.0000 0.0000 0.0000 0.0000
0.6792 0.3208 0.0000 0.0000 0.0000 0.0000 0.0000 0.0000 0.0000 0.0000
0.2926 0.7074 0.0000 0.0000 0.0000 0.0000 0.0000 0.0000 0.0000 0.0000
0.1337 0.1456 0.5964 0.0000 0.1243 0.0000 0.0000 0.0000 0.0000 0.0000
0.8542 0.1458 0.0000 0.0000 0.0000 0.0000 0.0000 0.0000 0.0000 0.0000
0.4972 0.1445 0.3583 0.0000 0.0000 0.0000 0.0000 0.0000 0.0000 0.0000
0.1001 0.2438 0.3838 0.0000 0.1951 0.0000 0.0000 0.0000 0.0772 0.0000
0.1409 0.0701 0.0000 0.7890 0.0000 0.0000 0.0000 0.0000 0.0000 0.0000
0.1894 0.3380 0.4012 0.0000 0.0714 0.0000 0.0000 0.0000 0.0000 0.0000
0.0658 0.4666 0.1291 0.0000 0.3386 0.0000 0.0000 0.0000 0.0000 0.0000
0.5986 0.4014 0.0000 0.0000 0.0000 0.0000 0.0000 0.0000 0.0000 0.0000
0.4045 0.5417 0.0000 0.0539 0.0000 0.0000 0.0000 0.0000 0.0000 0.0000
0.0825 0.1603 0.1190 0.0000 0.1977 0.0000 0.0000 0.0000 0.4405 0.0000
1.0000 0.0000 0.0000 0.0000 0.0000 0.0000 0.0000 0.0000 0.0000 0.0000
0.1231 0.2972 0.0000 0.1334 0.0000 0.0723 0.1043 0.2697 0.0000 0.0000
0.2973 0.1137 0.0000 0.3971 0.0000 0.1919 0.0000 0.0000 0.0000 0.0000
0.1306 0.3585 0.0755 0.0000 0.4354 0.0000 0.0000 0.0000 0.0000 0.0000
0.4693 0.1819 0.2356 0.0000 0.1133 0.0000 0.0000 0.0000 0.0000 0.0000
0.5528 0.0000 0.0000 0.0000 0.0000 0.0000 0.0000 0.0000 0.0000 0.4472
0.1258 0.1633 0.2619 0.0000 0.4490 0.0000 0.0000 0.0000 0.0000 0.0000
0.5464 0.1576 0.0000 0.2960 0.0000 0.0000 0.0000 0.0000 0.0000 0.0000
0.3129 0.2997 0.0000 0.2656 0.0000 0.1218 0.0000 0.0000 0.0000 0.0000
0.1491 0.1063 0.0000 0.2403 0.0000 0.2995 0.2048 0.0000 0.0000 0.0000
0.4794 0.1429 0.3777 0.0000 0.0000 0.0000 0.0000 0.0000 0.0000 0.0000
0.9450 0.0000 0.0000 0.0000 0.0000 0.0000 0.0000 0.0000 0.0000 0.0550
0.0981 0.1377 0.0000 0.2752 0.0000 0.0579 0.2408 0.1903 0.0000 0.0000
0.7315 0.2685 0.0000 0.0000 0.0000 0.0000 0.0000 0.0000 0.0000 0.0000
0.0500 0.1969 0.0887 0.0000 0.4672 0.0000 0.0000 0.0000 0.1972 0.0000
0.3685 0.3052 0.1289 0.0000 0.0898 0.0000 0.0000 0.0000 0.1076 0.0000
0.1632 0.0000 0.0000 0.0000 0.0000 0.0000 0.0000 0.0000 0.0000 0.8368
0.2441 0.3408 0.0000 0.3606 0.0000 0.0546 0.0000 0.0000 0.0000 0.0000
0.4087 0.2027 0.3886 0.0000 0.0000 0.0000 0.0000 0.0000 0.0000 0.0000
0.3583 0.1867 0.0000 0.0708 0.0000 0.0590 0.2705 0.0547 0.0000 0.0000
0.2168 0.0000 0.0000 0.0000 0.0000 0.0000 0.0000 0.0000 0.0000 0.7832
0.6513 0.0615 0.0000 0.2873 0.0000 0.0000 0.0000 0.0000 0.0000 0.0000
0.0867 0.2236 0.0000 0.4447 0.0000 0.0879 0.1571 0.0000 0.0000 0.0000
1.0000 0.0000 0.0000 0.0000 0.0000 0.0000 0.0000 0.0000 0.0000 0.0000
0.5113 0.0000 0.0000 0.0000 0.0000 0.0000 0.0000 0.0000 0.0000 0.4887
1.0000 0.0000 0.0000 0.0000 0.0000 0.0000 0.0000 0.0000 0.0000 0.0000
0.0691 0.0984 0.0000 0.4081 0.0000 0.2655 0.1590 0.0000 0.0000 0.0000
0.1610 0.1930 0.0000 0.6460 0.0000 0.0000 0.0000 0.0000 0.0000 0.0000
0.5728 0.3454 0.0000 0.0818 0.0000 0.0000 0.0000 0.0000 0.0000 0.0000
0.6362 0.1877 0.0000 0.1761 0.0000 0.0000 0.0000 0.0000 0.0000 0.0000
0.3537 0.0857 0.1180 0.0000 0.1997 0.0000 0.0000 0.0000 0.2429 0.0000
0.7929 0.1044 0.1027 0.0000 0.0000 0.0000 0.0000 0.0000 0.0000 0.0000
0.4267 0.5733 0.0000 0.0000 0.0000 0.0000 0.0000 0.0000 0.0000 0.0000
1.0000 0.0000 0.0000 0.0000 0.0000 0.0000 0.0000 0.0000 0.0000 0.0000
0.7195 0.1076 0.0000 0.1096 0.0000 0.0633 0.0000 0.0000 0.0000 0.0000
0.1116 0.3804 0.3643 0.0000 0.1437 0.0000 0.0000 0.0000 0.0000 0.0000
0.2208 0.1224 0.0000 0.1787 0.0000 0.4781 0.0000 0.0000 0.0000 0.0000
0.1866 0.6378 0.1756 0.0000 0.0000 0.0000 0.0000 0.0000 0.0000 0.0000
0.1477 0.4258 0.1071 0.0000 0.1118 0.0000 0.0000 0.0000 0.2076 0.0000
0.4472 0.3741 0.1787 0.0000 0.0000 0.0000 0.0000 0.0000 0.0000 0.0000
0.0930 0.2380 0.0000 0.2339 0.0000 0.1876 0.1518 0.0957 0.0000 0.0000
0.0976 0.5969 0.3055 0.0000 0.0000 0.0000 0.0000 0.0000 0.0000 0.0000
0.1695 0.3378 0.1664 0.0000 0.1428 0.0000 0.0000 0.0000 0.1834 0.0000
0.3177 0.1658 0.0000 0.4289 0.0000 0.0876 0.0000 0.0000 0.0000 0.0000
0.0681 0.1344 0.0000 0.7976 0.0000 0.0000 0.0000 0.0000 0.0000 0.0000
