	mut5	mut5	mut1	mut1	mut2	mut2	mut3	mut3	mut4	mut4
cell1	1	52	40	0	47	0	35	23	51	2
cell2	0	51	48	0	58	1	22	24	40	0
cell3	0	50	21	43	55	0	34	2	46	0
cell4	5	46	48	0	56	0	52	0	51	0
cell5	2	47	48	0	48	0	48	10	52	0
cell6	0	59	45	0	53	0	26	16	41	7
cell7	0	56	60	0	50	0	0	50	27	26
cell8	0	56	47	0	55	0	53	0	48	1
cell9	0	43	5	40	52	3	43	0	46	0
cell10	2	51	3	40	49	0	49	0	51	0
cell11	0	51	64	0	60	1	28	26	54	0
cell12	0	42	53	0	47	0	61	0	43	0
cell13	0	48	44	0	41	0	52	0	46	2
cell14	0	54	3	60	46	5	50	4	47	0
cell15	0	42	51	1	40	0	46	3	49	0
cell16	1	53	46	3	38	7	46	0	50	0
cell17	0	56	47	0	50	0	22	37	32	16
cell18	0	62	3	45	41	11	56	0	54	0
cell19	0	46	41	12	46	0	46	0	45	0
cell20	1	53	20	26	51	0	51	0	49	0
cell21	1	58	7	34	45	0	47	0	61	0
cell22	0	45	45	0	68	0	57	1	53	0
cell23	0	56	12	44	23	24	53	0	39	0
cell24	0	54	54	1	62	0	10	35	32	28
cell25	0	48	50	0	54	0	38	0	50	1
cell26	0	38	58	0	44	0	31	17	46	0
cell27	0	42	51	0	62	0	12	35	30	25
cell28	0	52	39	2	47	2	50	0	49	0
cell29	0	52	53	2	42	0	42	0	50	0
cell30	0	42	3	52	45	3	51	0	58	0
cell31	0	50	51	0	51	3	54	1	40	0
cell32	0	42	25	20	51	5	44	4	52	0
cell33	0	52	42	24	45	0	47	0	57	0
cell34	1	39	2	55	15	29	51	0	64	2
cell35	5	59	49	1	47	0	21	27	32	10
cell36	0	45	46	0	40	9	53	0	54	0
cell37	0	64	47	4	44	0	30	22	41	0
cell38	0	46	53	0	47	0	26	24	30	12
cell39	0	47	12	26	57	0	52	0	58	2
cell40	0	51	49	0	64	3	41	2	36	1
cell41	1	48	33	0	49	0	37	7	61	0
cell42	1	51	51	0	51	0	34	24	21	12
cell43	0	53	52	0	38	5	5	49	15	22
cell44	0	62	50	0	39	0	5	40	29	23
cell45	0	54	51	0	56	0	65	0	54	0
cell46	0	50	43	7	46	7	32	14	50	0
cell47	0	51	46	0	46	1	23	19	40	1
cell48	5	56	16	43	30	18	61	0	52	0
cell49	0	46	51	1	64	0	0	47	40	6
cell50	1	49	3	46	48	0	45	0	54	0
cell51	0	47	44	1	51	0	20	21	57	0
cell52	1	43	41	7	34	1	48	15	41	1
cell53	0	46	12	39	33	15	46	0	43	0
cell54	0	60	52	0	43	0	43	11	48	0
cell55	0	60	63	4	44	0	53	0	56	0
cell56	1	43	46	0	49	0	8	30	34	18
cell57	0	45	27	19	35	9	53	2	81	0
cell58	0	55	55	0	38	3	20	34	45	0
cell59	0	41	50	0	53	0	66	0	44	1
cell60	0	55	50	0	39	0	44	0	43	0
cell61	0	54	44	2	56	1	3	46	44	17
cell62	0	43	7	59	23	33	51	2	59	0
cell63	0	48	51	0	54	6	6	41	44	6
cell64	0	59	57	1	48	1	56	1	55	1
cell65	0	55	54	1	53	0	55	0	43	0
cell66	3	44	4	41	14	26	53	1	51	0
cell67	4	45	47	5	55	0	58	0	41	0
cell68	0	65	25	26	49	1	47	1	52	0
cell69	0	42	48	0	50	0	25	13	43	2
cell70	0	51	47	2	48	1	17	19	59	0
cell71	0	58	44	1	45	0	12	58	24	28
cell72	0	58	59	0	46	0	60	0	48	0
cell73	0	54	18	44	23	30	48	0	44	5
cell74	0	51	44	6	48	0	11	36	40	9
cell75	1	65	33	21	44	0	52	0	47	0
cell76	5	35	63	1	49	1	42	22	39	2
cell77	0	61	26	30	47	0	60	2	57	0
cell78	0	61	61	3	30	0	40	11	38	7
cell79	0	50	41	0	45	1	39	1	56	0
cell80	0	45	3	54	31	27	45	0	55	0
cell81	0	66	3	49	33	19	56	4	44	0
cell82	0	58	50	0	34	0	21	31	24	27
cell83	1	56	19	24	27	35	45	0	48	0
cell84	0	39	43	0	74	0	1	53	54	0
cell85	0	47	57	0	43	0	43	2	46	0
cell86	0	55	62	0	45	5	7	38	64	0
cell87	0	45	18	27	49	0	46	0	43	1
cell88	0	60	45	3	42	0	56	0	50	0
cell89	0	58	55	0	49	2	10	32	19	33
cell90	0	51	16	30	34	7	66	0	58	0
cell91	0	57	7	42	42	0	61	0	47	0
cell92	0	45	48	2	48	0	17	31	41	0
cell93	0	41	37	2	43	0	29	12	48	0
cell94	0	51	50	0	43	2	24	22	49	1
cell95	1	50	59	0	43	1	16	35	12	36
cell96	0	59	33	15	45	4	49	0	44	4
cell97	0	38	47	0	53	0	42	0	48	0
cell98	0	40	24	26	45	0	41	0	47	0
cell99	0	54	65	0	50	4	13	39	63	0
cell100	1	39	55	0	56	1	54	2	44	0
