53 40 47 58 53 0
51 48 59 46 40 0
50 64 55 36 46 0
51 48 56 52 51 0
49 48 48 58 52 0
59 45 53 42 48 0
56 60 50 50 53 0
56 47 55 53 49 0
43 45 55 43 46 0
53 43 49 49 51 0
51 64 61 54 54 0
42 53 47 61 43 0
48 44 41 52 48 0
54 63 51 54 47 0
42 52 40 49 49 0
54 49 45 46 50 0
56 47 50 59 48 0
62 48 52 56 54 0
46 53 46 46 45 0
54 46 51 51 49 0
59 41 45 47 61 0
45 45 68 58 53 0
56 56 47 53 39 0
54 55 62 45 60 0
48 50 54 38 51 0
38 58 44 48 46 0
42 51 62 47 55 0
52 41 49 50 49 0
52 55 42 42 50 0
42 55 48 51 58 0
50 51 54 55 40 0
42 45 56 48 52 0
52 66 45 47 57 0
40 57 44 51 66 0
64 50 47 48 42 0
45 46 49 53 54 0
64 51 44 52 41 0
46 53 47 50 42 0
47 38 57 52 60 0
51 49 67 43 37 0
49 33 49 44 61 0
52 51 51 58 33 0
53 52 43 54 37 0
62 50 39 45 52 0
54 51 56 65 54 0
50 50 53 46 50 0
51 46 47 42 41 0
61 59 48 61 52 0
46 52 64 47 46 0
50 49 48 45 54 0
47 45 51 41 57 0
44 48 35 63 42 0
46 51 48 46 43 0
60 52 43 54 48 0
60 67 44 53 56 0
44 46 49 38 52 0
45 46 44 55 81 0
55 55 41 54 45 0
41 50 53 66 45 0
55 50 39 44 43 0
54 46 57 49 61 0
43 66 56 53 59 0
48 51 60 47 50 0
59 58 49 57 56 0
55 55 53 55 43 0
47 45 40 54 51 0
49 52 55 58 41 0
65 51 50 48 52 0
42 48 50 38 45 0
51 49 49 36 59 0
58 45 45 70 52 0
58 59 46 60 48 0
54 62 53 48 49 0
51 50 48 47 49 0
66 54 44 52 47 0
40 64 50 64 41 0
61 56 47 62 57 0
61 64 30 51 45 0
50 41 46 40 56 0
45 57 58 45 55 0
66 52 52 60 44 0
58 50 34 52 51 0
57 43 62 45 48 0
39 43 74 54 54 0
47 57 43 45 46 0
55 62 50 45 64 0
45 45 49 46 44 0
60 48 42 56 50 0
58 55 51 42 52 0
51 46 41 66 58 0
57 49 42 61 47 0
45 50 48 48 41 0
41 39 43 41 48 0
51 50 45 46 50 0
51 59 44 51 48 0
59 48 49 49 48 0
38 47 53 42 48 0
40 50 45 41 47 0
54 65 54 52 63 0
40 55 57 56 44 0
