52 0 0 23 2 0
51 0 1 24 0 0
50 43 0 2 0 0
46 0 0 0 0 0
47 0 0 10 0 0
59 0 0 16 7 0
56 0 0 50 26 0
56 0 0 0 1 0
43 40 3 0 0 0
51 40 0 0 0 0
51 0 1 26 0 0
42 0 0 0 0 0
48 0 0 0 2 0
54 60 5 4 0 0
42 1 0 3 0 0
53 3 7 0 0 0
56 0 0 37 16 0
62 45 11 0 0 0
46 12 0 0 0 0
53 26 0 0 0 0
58 34 0 0 0 0
45 0 0 1 0 0
56 44 24 0 0 0
54 1 0 35 28 0
48 0 0 0 1 0
38 0 0 17 0 0
42 0 0 35 25 0
52 2 2 0 0 0
52 2 0 0 0 0
42 52 3 0 0 0
50 0 3 1 0 0
42 20 5 4 0 0
52 24 0 0 0 0
39 55 29 0 2 0
59 1 0 27 10 0
45 0 9 0 0 0
64 4 0 22 0 0
46 0 0 24 12 0
47 26 0 0 2 0
51 0 3 2 1 0
48 0 0 7 0 0
51 0 0 24 12 0
53 0 5 49 22 0
62 0 0 40 23 0
54 0 0 0 0 0
50 7 7 14 0 0
51 0 1 19 1 0
56 43 18 0 0 0
46 1 0 47 6 0
49 46 0 0 0 0
47 1 0 21 0 0
43 7 1 15 1 0
46 39 15 0 0 0
60 0 0 11 0 0
60 4 0 0 0 0
43 0 0 30 18 0
45 19 9 2 0 0
55 0 3 34 0 0
41 0 0 0 1 0
55 0 0 0 0 0
54 2 1 46 17 0
43 59 33 2 0 0
48 0 6 41 6 0
59 1 1 1 1 0
55 1 0 0 0 0
44 41 26 1 0 0
45 5 0 0 0 0
65 26 1 1 0 0
42 0 0 13 2 0
51 2 1 19 0 0
58 1 0 58 28 0
58 0 0 0 0 0
54 44 30 0 5 0
51 6 0 36 9 0
65 21 0 0 0 0
35 1 1 22 2 0
61 30 0 2 0 0
61 3 0 11 7 0
50 0 1 1 0 0
45 54 27 0 0 0
66 49 19 4 0 0
58 0 0 31 27 0
56 24 35 0 0 0
39 0 0 53 0 0
47 0 0 2 0 0
55 0 5 38 0 0
45 27 0 0 1 0
60 3 0 0 0 0
58 0 2 32 33 0
51 30 7 0 0 0
57 42 0 0 0 0
45 2 0 31 0 0
41 2 0 12 0 0
51 0 2 22 1 0
50 0 1 35 36 0
59 15 4 0 4 0
38 0 0 0 0 0
40 26 0 0 0 0
54 0 4 39 0 0
39 0 1 2 0 0
