0.9811 0.0000 0.0000 0.3966 0.0377 0.0000
1.0000 0.0000 0.0169 0.5217 0.0000 0.0000
1.0000 0.6719 0.0000 0.0556 0.0000 0.0000
0.9020 0.0000 0.0000 0.0000 0.0000 0.0000
0.9592 0.0000 0.0000 0.1724 0.0000 0.0000
1.0000 0.0000 0.0000 0.3810 0.1458 0.0000
1.0000 0.0000 0.0000 1.0000 0.4906 0.0000
1.0000 0.0000 0.0000 0.0000 0.0204 0.0000
1.0000 0.8889 0.0545 0.0000 0.0000 0.0000
0.9623 0.9302 0.0000 0.0000 0.0000 0.0000
1.0000 0.0000 0.0164 0.4815 0.0000 0.0000
1.0000 0.0000 0.0000 0.0000 0.0000 0.0000
1.0000 0.0000 0.0000 0.0000 0.0417 0.0000
1.0000 0.9524 0.0980 0.0741 0.0000 0.0000
1.0000 0.0192 0.0000 0.0612 0.0000 0.0000
0.9815 0.0612 0.1556 0.0000 0.0000 0.0000
1.0000 0.0000 0.0000 0.6271 0.3333 0.0000
1.0000 0.9375 0.2115 0.0000 0.0000 0.0000
1.0000 0.2264 0.0000 0.0000 0.0000 0.0000
0.9815 0.5652 0.0000 0.0000 0.0000 0.0000
0.9831 0.8293 0.0000 0.0000 0.0000 0.0000
1.0000 0.0000 0.0000 0.0172 0.0000 0.0000
1.0000 0.7857 0.5106 0.0000 0.0000 0.0000
1.0000 0.0182 0.0000 0.7778 0.4667 0.0000
1.0000 0.0000 0.0000 0.0000 0.0196 0.0000
1.0000 0.0000 0.0000 0.3542 0.0000 0.0000
1.0000 0.0000 0.0000 0.7447 0.4545 0.0000
1.0000 0.0488 0.0408 0.0000 0.0000 0.0000
1.0000 0.0364 0.0000 0.0000 0.0000 0.0000
1.0000 0.9455 0.0625 0.0000 0.0000 0.0000
1.0000 0.0000 0.0556 0.0182 0.0000 0.0000
1.0000 0.4444 0.0893 0.0833 0.0000 0.0000
1.0000 0.3636 0.0000 0.0000 0.0000 0.0000
0.9750 0.9649 0.6591 0.0000 0.0303 0.0000
0.9219 0.0200 0.0000 0.5625 0.2381 0.0000
1.0000 0.0000 0.1837 0.0000 0.0000 0.0000
1.0000 0.0784 0.0000 0.4231 0.0000 0.0000
1.0000 0.0000 0.0000 0.4800 0.2857 0.0000
1.0000 0.6842 0.0000 0.0000 0.0333 0.0000
1.0000 0.0000 0.0448 0.0465 0.0270 0.0000
0.9796 0.0000 0.0000 0.1591 0.0000 0.0000
0.9808 0.0000 0.0000 0.4138 0.3636 0.0000
1.0000 0.0000 0.1163 0.9074 0.5946 0.0000
1.0000 0.0000 0.0000 0.8889 0.4423 0.0000
1.0000 0.0000 0.0000 0.0000 0.0000 0.0000
1.0000 0.1400 0.1321 0.3043 0.0000 0.0000
1.0000 0.0000 0.0213 0.4524 0.0244 0.0000
0.9180 0.7288 0.3750 0.0000 0.0000 0.0000
1.0000 0.0192 0.0000 1.0000 0.1304 0.0000
0.9800 0.9388 0.0000 0.0000 0.0000 0.0000
1.0000 0.0222 0.0000 0.5122 0.0000 0.0000
0.9773 0.1458 0.0286 0.2381 0.0238 0.0000
1.0000 0.7647 0.3125 0.0000 0.0000 0.0000
1.0000 0.0000 0.0000 0.2037 0.0000 0.0000
1.0000 0.0597 0.0000 0.0000 0.0000 0.0000
0.9773 0.0000 0.0000 0.7895 0.3462 0.0000
1.0000 0.4130 0.2045 0.0364 0.0000 0.0000
1.0000 0.0000 0.0732 0.6296 0.0000 0.0000
1.0000 0.0000 0.0000 0.0000 0.0222 0.0000
1.0000 0.0000 0.0000 0.0000 0.0000 0.0000
1.0000 0.0435 0.0175 0.9388 0.2787 0.0000
1.0000 0.8939 0.5893 0.0377 0.0000 0.0000
1.0000 0.0000 0.1000 0.8723 0.1200 0.0000
1.0000 0.0172 0.0204 0.0175 0.0179 0.0000
1.0000 0.0182 0.0000 0.0000 0.0000 0.0000
0.9362 0.9111 0.6500 0.0185 0.0000 0.0000
0.9184 0.0962 0.0000 0.0000 0.0000 0.0000
1.0000 0.5098 0.0200 0.0208 0.0000 0.0000
1.0000 0.0000 0.0000 0.3421 0.0444 0.0000
1.0000 0.0408 0.0204 0.5278 0.0000 0.0000
1.0000 0.0222 0.0000 0.8286 0.5385 0.0000
1.0000 0.0000 0.0000 0.0000 0.0000 0.0000
1.0000 0.7097 0.5660 0.0000 0.1020 0.0000
1.0000 0.1200 0.0000 0.7660 0.1837 0.0000
0.9848 0.3889 0.0000 0.0000 0.0000 0.0000
0.8750 0.0156 0.0200 0.3438 0.0488 0.0000
1.0000 0.5357 0.0000 0.0323 0.0000 0.0000
1.0000 0.0469 0.0000 0.2157 0.1556 0.0000
1.0000 0.0000 0.0217 0.0250 0.0000 0.0000
1.0000 0.9474 0.4655 0.0000 0.0000 0.0000
1.0000 0.9423 0.3654 0.0667 0.0000 0.0000
1.0000 0.0000 0.0000 0.5962 0.5294 0.0000
0.9825 0.5581 0.5645 0.0000 0.0000 0.0000
1.0000 0.0000 0.0000 0.9815 0.0000 0.0000
1.0000 0.0000 0.0000 0.0444 0.0000 0.0000
1.0000 0.0000 0.1000 0.8444 0.0000 0.0000
1.0000 0.6000 0.0000 0.0000 0.0227 0.0000
1.0000 0.0625 0.0000 0.0000 0.0000 0.0000
1.0000 0.0000 0.0392 0.7619 0.6346 0.0000
1.0000 0.6522 0.1707 0.0000 0.0000 0.0000
1.0000 0.8571 0.0000 0.0000 0.0000 0.0000
1.0000 0.0400 0.0000 0.6458 0.0000 0.0000
1.0000 0.0513 0.0000 0.2927 0.0000 0.0000
1.0000 0.0000 0.0444 0.4783 0.0200 0.0000
0.9804 0.0000 0.0227 0.6863 0.7500 0.0000
1.0000 0.3125 0.0816 0.0000 0.0833 0.0000
1.0000 0.0000 0.0000 0.0000 0.0000 0.0000
1.0000 0.5200 0.0000 0.0000 0.0000 0.0000
1.0000 0.0000 0.0741 0.7500 0.0000 0.0000
0.9750 0.0000 0.0175 0.0357 0.0000 0.0000
