	mut10	mut10	mut1	mut1	mut2	mut2	mut3	mut3	mut4	mut4	mut5	mut5	mut6	mut6	mut7	mut7	mut8	mut8	mut9	mut9
cell1	0	46	60	0	43	0	43	0	63	2	15	42	47	5	38	0	62	0	51	0
cell2	0	66	22	27	43	11	49	0	50	2	55	0	57	0	56	0	54	0	50	0
cell3	0	50	58	0	50	0	49	0	55	0	49	8	33	0	48	0	44	1	38	0
cell4	2	64	15	34	24	37	19	31	34	9	55	0	54	0	43	0	38	0	51	0
cell5	0	51	53	0	45	0	52	0	52	0	10	42	55	0	46	5	27	9	55	0
cell6	0	54	16	40	32	7	49	3	50	0	46	0	45	0	53	0	38	10	48	0
cell7	0	57	14	38	17	34	26	22	25	22	48	1	36	0	55	0	54	0	43	0
cell8	0	54	49	0	46	0	49	0	39	0	10	28	58	0	41	0	47	0	47	0
cell9	0	44	1	47	31	12	43	4	52	1	42	0	48	0	45	2	54	1	54	0
cell10	3	40	52	0	55	0	50	0	50	0	27	21	49	2	49	0	49	0	51	0
cell11	0	55	39	0	51	0	60	0	61	0	8	46	47	9	57	0	49	0	61	0
cell12	0	56	41	0	50	0	47	0	52	0	17	23	44	1	46	1	54	1	36	5
cell13	0	49	6	52	7	46	20	25	59	1	43	0	53	5	51	1	49	6	49	0
cell14	0	50	4	53	22	39	15	35	39	0	48	0	38	0	72	1	53	0	48	0
cell15	0	45	43	0	55	0	45	0	56	2	17	31	52	2	47	0	31	9	58	0
cell16	0	43	11	35	49	0	54	0	58	0	42	0	48	0	60	0	52	0	74	0
cell17	0	47	48	0	66	0	38	2	42	4	19	31	53	0	10	49	57	0	56	0
cell18	0	48	56	0	39	0	45	0	61	0	15	46	62	0	17	42	56	0	51	0
cell19	1	49	35	0	36	1	43	0	61	0	31	16	43	10	52	0	48	0	49	0
cell20	0	45	50	0	55	0	49	0	45	0	43	0	62	0	48	0	48	0	61	0
cell21	0	57	0	53	30	22	27	23	50	1	52	2	51	0	46	0	41	4	62	0
cell22	0	42	50	1	43	3	51	1	60	0	8	52	55	0	50	0	32	26	46	0
cell23	0	64	3	34	52	0	41	2	48	0	46	0	55	0	40	1	53	1	51	0
cell24	1	40	50	0	55	0	54	0	51	0	12	31	47	0	27	27	54	0	52	2
cell25	0	35	38	1	56	0	58	0	41	0	17	37	42	0	67	0	42	0	43	0
cell26	0	41	56	1	50	0	42	0	40	0	40	9	40	0	34	0	49	5	45	0
cell27	0	51	24	23	42	12	48	0	55	0	54	0	58	0	61	0	58	0	47	0
cell28	2	49	11	38	7	36	47	0	46	0	42	0	47	0	50	0	51	0	47	0
cell29	0	50	36	30	36	0	46	0	54	0	48	0	46	1	39	1	56	8	47	0
cell30	0	39	54	0	48	0	57	0	47	0	0	53	54	0	55	8	52	0	48	3
cell31	0	49	37	4	61	0	48	0	58	0	42	0	57	0	46	9	35	3	51	0
cell32	2	55	14	36	44	10	42	0	52	6	47	1	44	0	51	0	46	0	54	0
cell33	0	46	3	40	31	6	45	16	48	1	48	1	46	0	49	0	43	3	46	0
cell34	0	63	19	46	20	27	56	0	35	0	46	0	43	0	55	1	53	0	54	0
cell35	0	45	39	0	51	6	55	2	48	0	36	21	52	0	48	0	24	32	47	0
cell36	0	43	47	0	55	0	47	1	47	0	22	21	40	9	40	0	48	0	51	0
cell37	0	48	52	0	49	0	54	0	44	0	28	31	50	3	45	4	42	0	33	7
cell38	5	66	43	10	53	0	60	0	61	0	30	18	52	1	54	0	63	0	60	1
cell39	0	60	48	4	55	0	59	0	46	0	10	41	49	6	52	0	41	0	36	28
cell40	2	46	3	46	21	27	44	8	43	0	46	0	50	4	55	0	48	0	54	0
cell41	0	59	42	0	53	0	48	0	39	0	22	28	40	26	45	0	58	0	55	1
cell42	1	57	50	0	50	1	68	0	54	0	2	44	39	0	46	0	27	36	32	3
cell43	0	35	46	4	49	0	57	0	45	1	8	48	51	0	34	16	51	2	48	0
cell44	0	50	3	44	17	44	31	9	45	0	51	0	47	0	53	0	58	0	46	0
cell45	0	40	50	2	53	1	56	0	48	0	53	0	59	1	48	0	49	0	62	0
cell46	0	47	13	35	8	42	13	28	41	20	45	0	43	3	45	0	48	0	63	0
cell47	0	47	59	1	49	0	50	0	48	0	8	47	51	0	49	6	60	0	51	0
cell48	4	47	1	48	17	25	43	13	64	0	62	0	46	0	45	5	54	0	47	0
cell49	0	50	50	0	47	0	55	0	63	0	22	28	52	0	57	0	51	0	50	0
cell50	2	38	40	0	52	0	55	0	47	0	52	0	54	0	41	0	37	0	62	0
cell51	0	58	56	0	44	0	41	3	55	0	5	47	26	23	51	0	48	0	67	0
cell52	0	50	54	0	51	3	49	0	39	0	6	38	34	0	46	0	58	0	43	0
cell53	0	38	21	33	26	22	49	1	64	0	46	0	49	0	65	0	44	0	51	0
cell54	9	32	2	50	25	25	34	22	57	0	53	0	50	1	56	0	49	0	39	0
cell55	0	52	36	2	55	0	49	1	51	0	4	48	64	0	16	30	54	0	57	0
cell56	0	60	46	0	55	0	35	0	52	0	4	42	57	20	50	0	61	0	47	1
cell57	0	61	51	0	51	0	41	0	47	0	1	38	40	0	46	0	44	2	29	20
cell58	0	50	30	12	25	7	45	0	56	0	56	0	47	0	44	4	45	0	61	1
cell59	0	58	58	0	47	0	56	0	43	0	27	27	52	0	33	13	56	0	55	0
cell60	0	59	53	0	48	0	42	0	46	0	47	1	51	0	49	0	55	3	49	0
cell61	0	42	45	8	48	0	45	0	59	0	56	0	47	1	35	0	50	0	53	1
cell62	0	61	54	0	58	0	57	0	59	0	29	26	49	0	49	0	49	14	45	0
cell63	0	43	53	1	58	0	44	0	46	0	18	32	51	0	38	0	25	21	45	0
cell64	0	60	53	1	57	0	46	0	52	0	13	39	58	0	48	8	38	0	49	1
cell65	0	48	45	0	61	0	49	0	49	0	24	22	52	3	44	0	40	2	64	0
cell66	0	34	62	0	48	0	48	0	49	0	29	22	38	5	58	0	39	0	56	0
cell67	0	54	13	43	54	0	45	0	42	0	44	0	36	16	49	0	43	0	55	0
cell68	0	50	55	1	46	0	52	2	39	0	8	32	53	0	48	0	32	19	39	0
cell69	0	50	40	1	39	5	40	2	45	0	5	61	22	22	48	1	50	0	40	16
cell70	0	49	1	54	37	13	58	0	51	1	34	0	59	0	53	0	49	0	60	0
cell71	0	54	54	0	55	0	54	0	49	0	10	37	48	4	54	2	51	0	38	0
cell72	1	40	16	31	19	31	49	1	53	0	36	3	52	5	51	0	45	1	54	0
cell73	0	50	62	0	57	0	43	1	45	0	21	39	51	0	36	16	56	1	56	0
cell74	0	56	56	1	47	0	36	0	53	0	45	0	53	4	49	0	47	3	54	0
cell75	0	54	49	0	58	2	56	0	47	0	2	51	39	0	52	0	15	44	43	0
cell76	0	55	52	0	42	0	51	0	50	0	10	46	43	0	35	0	45	11	59	0
cell77	0	40	13	32	14	32	50	4	46	1	57	2	35	0	49	1	54	0	48	0
cell78	0	51	67	0	46	0	55	1	52	0	36	9	49	0	48	1	49	3	57	0
cell79	0	56	17	39	17	27	14	35	40	12	47	2	58	0	51	0	54	0	50	0
cell80	0	35	41	10	36	0	51	2	60	0	43	7	50	0	47	0	44	0	49	0
cell81	2	41	31	0	60	0	52	0	48	0	62	0	49	0	58	0	58	1	46	0
cell82	0	59	9	46	39	0	46	9	43	1	63	0	49	0	52	0	64	0	44	0
cell83	1	43	17	28	47	0	49	0	48	0	42	0	48	1	48	0	34	0	47	0
cell84	0	57	58	0	52	2	47	0	44	1	23	19	47	1	62	0	54	1	43	0
cell85	0	50	8	40	19	30	24	19	49	0	59	0	58	2	57	0	60	0	43	0
cell86	14	39	41	0	45	0	40	1	54	0	17	41	46	10	45	0	49	1	53	0
cell87	0	43	43	0	55	0	51	0	33	0	11	28	43	0	47	0	36	0	50	0
cell88	7	45	34	11	36	1	36	2	60	0	44	0	49	1	62	3	49	0	56	1
cell89	0	46	42	1	70	0	50	0	47	0	10	40	55	0	38	0	25	21	44	0
cell90	0	44	3	63	27	25	23	27	53	0	42	0	52	2	33	0	56	0	56	0
cell91	0	61	52	0	65	0	45	0	63	0	32	13	49	2	58	0	56	0	43	0
cell92	0	44	13	34	54	5	58	0	47	0	55	0	42	0	42	0	42	3	56	0
cell93	0	44	51	0	43	0	46	0	43	0	14	38	31	27	44	1	57	0	40	5
cell94	0	46	9	52	53	0	47	2	51	0	51	1	46	1	66	0	31	17	43	0
cell95	0	47	42	0	48	0	48	0	39	1	29	20	49	0	55	0	57	1	54	0
cell96	0	55	8	32	19	20	42	4	19	13	41	3	46	0	40	0	47	0	43	0
cell97	0	50	39	0	60	0	56	0	51	1	32	27	42	0	45	0	24	20	42	1
cell98	0	63	16	47	44	19	39	10	31	27	37	3	43	0	54	0	58	0	57	0
cell99	3	50	1	35	20	33	44	19	47	0	48	0	40	6	40	8	42	1	57	0
cell100	0	52	48	6	42	0	36	0	54	3	7	53	63	0	55	0	43	11	47	0
cell101	0	53	50	0	48	0	47	0	53	0	2	36	36	15	48	0	48	0	38	10
cell102	3	40	49	0	58	0	48	0	51	0	15	34	45	0	53	1	19	43	57	0
cell103	0	46	56	0	57	0	51	0	47	0	1	44	18	36	56	0	53	0	53	1
cell104	0	69	45	0	54	0	42	0	47	0	22	38	36	0	17	29	50	0	40	0
cell105	3	31	51	1	45	0	41	0	54	0	9	60	42	12	57	0	60	0	62	0
cell106	0	63	37	0	55	0	52	0	33	0	24	32	61	0	58	0	52	8	51	0
cell107	1	48	11	32	34	2	47	1	40	0	60	0	70	0	55	0	55	0	45	4
cell108	0	50	19	33	37	0	42	0	50	0	59	0	40	0	50	0	61	0	63	2
cell109	0	48	46	0	51	3	48	0	45	0	29	28	40	0	47	2	57	0	47	0
cell110	0	55	26	9	47	8	48	0	41	0	54	0	64	3	58	0	40	0	55	0
cell111	0	44	9	39	20	19	51	0	53	0	60	0	41	0	40	10	35	0	53	0
cell112	0	39	40	0	53	0	41	3	52	0	16	34	66	0	57	3	26	21	43	0
cell113	0	44	14	26	30	11	49	7	51	1	54	1	56	2	45	0	47	0	57	0
cell114	2	51	22	29	52	0	57	0	42	2	48	2	65	0	48	0	38	1	42	0
cell115	0	49	50	2	53	0	49	0	54	1	16	23	49	0	49	0	46	0	47	24
cell116	0	50	41	3	44	0	61	0	47	0	26	24	36	0	47	0	56	0	37	13
cell117	0	67	52	0	51	1	54	0	45	0	25	26	45	0	50	7	43	0	45	0
cell118	0	53	67	1	46	0	53	0	46	0	45	0	46	0	49	0	46	0	63	0
cell119	6	51	43	0	47	0	53	0	44	0	8	25	53	0	43	5	37	21	43	0
cell120	0	65	63	0	50	0	45	1	52	0	31	15	26	19	52	0	49	0	50	0
cell121	0	44	40	0	51	2	53	1	46	0	5	43	45	0	35	1	13	30	63	0
cell122	0	47	33	0	47	0	41	0	53	0	0	47	42	0	10	39	43	0	56	1
cell123	0	63	6	34	10	46	32	16	40	19	51	0	49	0	48	2	54	0	47	0
cell124	0	55	59	0	56	0	58	3	44	0	2	52	44	3	49	0	58	0	58	0
cell125	0	37	62	0	67	0	42	0	37	2	6	43	25	37	36	0	66	0	39	6
cell126	0	56	24	21	31	22	46	4	53	0	49	0	53	0	55	0	56	0	44	0
cell127	1	53	53	0	45	0	55	0	53	2	27	28	24	21	65	0	51	0	36	6
cell128	0	44	54	0	44	2	44	0	48	6	5	56	51	0	71	0	45	4	56	3
cell129	0	44	4	36	45	0	56	0	51	0	36	1	47	0	39	0	44	0	59	0
cell130	0	56	12	35	40	0	57	0	34	1	38	1	48	0	46	0	51	0	56	0
cell131	1	45	51	0	26	8	60	0	42	2	46	2	33	3	40	1	59	0	63	0
cell132	1	57	44	3	36	0	51	0	64	0	33	9	59	0	54	0	50	0	56	0
cell133	0	41	0	46	27	11	45	5	58	2	47	0	51	0	50	0	60	0	52	0
cell134	1	52	57	0	43	0	62	0	53	1	51	0	51	0	46	0	54	0	66	0
cell135	0	42	34	14	55	0	55	0	32	8	49	0	42	0	44	4	43	1	38	0
cell136	0	56	50	0	39	0	40	0	57	0	31	23	49	0	44	0	42	0	67	1
cell137	1	72	22	40	48	0	48	0	56	0	35	0	43	7	42	0	48	0	62	0
cell138	0	40	49	0	31	0	51	0	50	0	10	39	23	28	51	0	68	0	44	0
cell139	1	60	47	0	46	0	38	0	55	0	8	39	43	0	59	0	50	0	57	0
cell140	6	47	45	10	54	0	45	0	43	1	53	0	37	0	61	0	45	2	46	0
cell141	0	31	40	0	45	4	50	0	52	0	12	34	46	0	44	0	56	5	34	6
cell142	0	47	45	12	56	0	61	0	41	0	20	28	37	0	40	5	62	0	45	0
cell143	1	40	58	0	48	0	61	0	40	0	53	0	48	0	54	0	40	0	45	2
cell144	1	49	35	5	61	0	48	0	53	0	52	0	48	0	47	0	65	0	62	0
cell145	0	60	32	4	44	1	33	3	41	5	58	0	48	3	60	0	39	4	52	0
cell146	0	55	54	0	44	0	39	0	42	3	20	27	54	0	33	16	38	0	53	0
cell147	0	45	35	3	50	0	50	0	45	1	6	49	46	9	45	1	45	0	39	0
cell148	0	45	7	47	6	44	24	11	32	11	41	0	54	0	54	0	51	0	59	0
cell149	0	64	41	12	50	0	55	1	41	0	48	0	43	1	48	0	52	0	41	0
cell150	0	52	45	0	52	3	45	0	46	0	49	0	51	0	54	0	46	0	56	1
cell151	0	47	44	0	57	0	36	0	45	0	3	39	7	35	54	0	58	2	46	0
cell152	0	47	27	4	59	0	46	3	40	0	28	21	48	0	43	0	54	0	52	3
cell153	0	46	62	0	48	1	51	0	46	0	51	0	56	0	52	2	55	0	43	0
cell154	0	51	62	0	60	0	54	0	43	0	19	24	43	13	51	1	51	1	14	27
cell155	1	48	0	59	5	38	9	45	36	0	40	0	43	0	56	0	44	0	44	0
cell156	0	50	42	0	49	1	37	0	52	0	36	25	43	0	44	13	29	16	53	0
cell157	0	57	7	46	15	40	28	22	37	3	55	0	49	0	50	0	49	0	42	1
cell158	1	40	58	0	46	0	53	0	50	0	4	60	39	16	35	0	71	0	45	8
cell159	1	46	48	0	57	0	45	0	46	0	1	50	47	0	43	2	47	7	48	0
cell160	0	54	29	24	53	0	43	0	45	1	57	0	61	0	45	0	57	0	54	0
cell161	0	44	9	28	17	31	31	24	41	17	47	0	51	0	54	0	55	0	62	1
cell162	0	51	46	0	57	0	41	0	46	0	18	30	58	0	57	0	38	12	37	0
cell163	0	53	43	0	49	0	63	0	38	2	35	26	48	0	59	1	39	14	50	0
cell164	0	63	54	0	46	0	51	2	39	0	38	9	49	0	45	0	48	0	68	0
cell165	0	43	42	0	46	1	53	0	45	0	9	37	18	45	52	0	63	1	47	0
cell166	1	51	39	1	53	0	50	0	56	5	26	32	53	0	38	1	16	29	64	0
cell167	0	50	44	1	51	0	52	0	52	0	24	21	27	17	51	0	53	0	35	13
cell168	0	48	47	0	44	0	56	1	46	0	0	45	42	12	47	0	53	0	23	15
cell169	0	58	57	0	49	0	52	0	45	4	54	0	62	0	46	0	56	3	41	3
cell170	6	39	12	32	42	15	52	3	51	0	53	0	49	0	43	0	37	0	43	0
cell171	0	52	38	0	59	3	59	0	58	0	33	22	38	0	36	0	55	0	53	0
cell172	0	51	46	0	45	0	58	2	41	0	6	36	40	4	46	0	40	0	37	2
cell173	0	54	47	1	53	0	45	0	52	0	1	42	57	0	38	25	65	0	47	1
cell174	2	48	41	24	41	1	54	0	49	0	40	0	54	3	42	0	41	0	63	0
cell175	1	35	53	0	52	0	53	0	51	1	3	36	54	0	50	0	46	0	47	1
cell176	0	40	65	0	55	1	59	0	51	0	25	22	45	4	50	0	54	0	42	2
cell177	0	52	12	29	42	0	55	0	36	0	57	0	59	0	48	0	51	0	52	0
cell178	0	44	56	4	48	2	33	3	53	0	4	38	33	16	47	0	46	0	37	9
cell179	0	56	52	0	57	0	51	0	46	0	33	20	48	14	51	0	51	4	43	0
cell180	0	47	26	19	44	8	41	8	44	0	51	1	49	0	45	0	53	0	51	0
cell181	1	56	48	1	57	0	47	0	52	0	57	0	46	0	49	0	44	0	46	0
cell182	0	38	33	0	53	0	51	0	46	0	52	0	65	0	50	1	56	1	43	0
cell183	0	49	8	31	12	43	32	13	49	0	57	0	49	0	53	0	49	0	42	0
cell184	0	42	47	0	47	0	57	0	50	0	20	34	50	0	47	1	22	18	45	0
cell185	0	52	13	45	34	0	52	2	58	0	56	0	42	0	39	0	43	3	57	0
cell186	0	61	57	0	52	0	52	2	64	0	43	0	54	0	56	0	45	0	47	2
cell187	0	51	3	48	9	43	12	42	46	1	56	0	58	0	47	0	59	0	47	0
cell188	0	49	26	27	43	0	48	0	58	0	48	2	56	0	44	0	54	0	56	0
cell189	0	42	59	0	47	0	54	0	48	1	18	29	43	0	45	0	61	0	42	0
cell190	0	63	46	0	42	3	53	0	48	0	13	34	39	23	44	4	53	1	42	7
cell191	0	52	54	0	56	0	50	0	40	7	6	46	23	26	40	0	45	0	51	0
cell192	0	45	1	47	17	55	27	22	50	3	53	0	48	0	53	0	51	0	57	0
cell193	0	50	63	0	44	7	58	0	48	1	27	14	34	5	71	0	49	0	38	8
cell194	0	39	30	14	51	0	58	0	37	0	39	1	55	0	45	0	34	0	58	0
cell195	2	44	25	33	18	33	8	27	39	8	40	1	62	0	61	1	51	0	56	0
cell196	0	37	46	0	56	0	50	0	55	0	33	10	62	0	46	0	42	0	49	0
cell197	1	55	42	0	45	0	45	0	52	0	30	17	49	0	27	20	34	0	57	1
cell198	0	58	40	4	57	0	37	3	41	2	17	36	35	15	40	3	56	0	49	2
cell199	0	44	0	51	21	20	12	34	21	26	43	6	53	0	48	1	59	0	52	0
cell200	0	46	44	3	40	0	64	0	46	0	50	0	55	1	49	0	41	0	47	0
cell201	11	59	57	0	44	1	43	0	56	0	15	27	25	17	47	0	47	0	49	2
cell202	0	39	55	1	41	3	55	0	48	1	40	15	42	5	44	0	44	0	51	0
cell203	6	37	3	37	49	0	49	0	46	0	55	0	48	1	49	0	51	0	53	0
cell204	0	42	47	0	51	0	42	0	52	0	8	41	14	40	44	0	47	0	41	0
cell205	0	52	61	0	44	0	50	0	64	0	23	25	58	0	38	18	55	0	44	0
cell206	0	58	48	0	39	0	46	0	45	0	12	31	51	0	54	0	44	2	45	0
cell207	2	55	53	1	52	0	52	0	43	0	40	14	58	8	46	0	42	0	40	0
cell208	0	44	60	0	48	0	63	0	45	0	58	0	52	1	59	0	49	0	58	0
cell209	0	35	43	0	44	1	50	0	41	0	17	27	50	6	43	0	50	0	53	0
cell210	0	53	22	33	35	17	55	3	37	2	49	0	51	0	48	0	49	1	57	0
cell211	0	51	9	37	28	22	42	7	55	0	40	0	62	0	42	0	46	0	62	0
cell212	0	52	11	35	27	30	37	0	52	0	49	0	48	0	49	0	46	0	48	0
cell213	1	46	47	0	52	1	57	1	49	3	20	31	56	0	49	0	28	28	58	0
cell214	0	51	46	7	57	1	46	0	37	0	50	1	39	0	57	0	52	2	53	0
cell215	0	60	47	3	43	0	54	0	52	0	18	40	32	24	50	2	58	0	26	0
cell216	5	32	39	0	61	2	49	0	58	0	25	33	64	0	36	9	46	0	55	0
cell217	0	41	32	21	38	14	46	8	49	0	45	0	50	0	54	0	46	0	41	2
cell218	0	48	49	0	39	0	39	0	54	0	14	39	47	0	44	1	56	0	60	0
cell219	0	47	29	22	16	34	54	0	58	1	52	0	45	1	47	0	49	0	47	1
cell220	0	51	31	34	38	15	42	4	54	1	56	0	31	2	51	0	54	0	54	1
cell221	0	59	32	23	37	3	51	0	47	0	44	0	55	0	48	0	49	0	58	0
cell222	0	48	0	42	30	15	35	11	45	1	42	1	48	0	42	4	45	0	46	0
cell223	0	53	55	0	42	0	54	0	31	8	17	29	25	17	53	0	40	0	38	12
cell224	1	53	44	1	52	0	48	0	51	0	2	52	47	17	54	0	46	0	42	0
cell225	0	49	53	0	55	0	57	0	40	0	48	0	45	5	51	0	48	3	44	0
cell226	1	43	28	2	46	0	35	0	42	0	57	0	43	0	33	2	41	0	46	0
cell227	0	41	60	1	44	2	45	0	57	0	49	6	47	0	33	0	55	0	44	0
cell228	0	43	20	31	34	11	41	0	58	0	39	0	61	0	67	0	45	0	47	0
cell229	0	53	49	0	52	1	53	0	34	1	18	28	24	29	60	0	50	0	46	0
cell230	0	60	3	40	11	34	28	15	38	19	49	0	47	0	54	0	43	0	39	0
cell231	0	45	59	0	47	0	44	1	42	3	8	39	41	5	61	5	13	30	48	1
cell232	0	67	38	7	46	1	55	2	55	0	55	0	49	0	54	1	52	0	51	0
cell233	0	50	45	0	58	0	47	0	44	2	48	0	46	0	53	0	47	1	33	0
cell234	1	50	66	0	37	0	59	0	52	0	25	28	33	18	52	0	54	0	45	4
cell235	0	54	9	40	16	36	40	0	46	0	53	1	43	1	53	0	45	1	47	0
cell236	0	66	7	43	34	30	37	2	60	3	62	1	60	0	55	0	59	0	45	0
cell237	0	41	49	0	58	0	46	0	49	0	54	0	50	1	32	0	49	0	65	0
cell238	0	48	3	40	21	30	21	22	37	10	48	5	47	0	45	0	39	0	53	0
cell239	0	37	58	0	49	1	47	7	56	0	11	56	24	17	51	0	48	0	30	13
cell240	0	57	9	43	29	29	34	32	24	19	42	0	47	0	56	0	47	0	46	1
cell241	0	47	14	47	13	30	19	40	50	10	40	1	50	0	53	0	52	0	58	4
cell242	0	51	2	38	39	13	42	12	41	3	53	0	33	0	53	0	50	0	55	0
cell243	9	40	6	32	16	26	19	16	56	1	43	0	50	2	57	0	50	1	51	9
cell244	0	62	41	0	57	1	48	0	44	0	53	0	41	0	53	0	46	0	46	0
cell245	0	52	9	41	13	47	36	25	70	0	44	0	46	0	56	1	37	0	47	0
cell246	0	65	39	2	45	0	54	0	54	0	53	0	31	3	61	0	53	0	46	0
cell247	0	49	13	29	50	6	42	0	52	0	44	0	54	0	55	0	51	0	46	0
cell248	0	42	46	0	51	0	61	0	43	0	44	8	55	3	39	0	38	0	47	0
cell249	4	41	6	54	22	28	45	13	35	3	48	0	61	0	42	0	62	0	59	0
cell250	0	51	57	0	66	0	51	0	53	0	26	20	48	0	36	0	45	0	48	0
cell251	0	57	48	2	55	1	56	0	56	3	5	34	37	9	51	0	49	0	41	1
cell252	0	51	14	33	7	32	5	42	29	10	56	0	48	0	40	0	40	1	59	0
cell253	7	60	46	0	56	0	57	0	47	0	0	51	38	20	50	0	48	0	48	0
cell254	0	53	46	0	58	0	61	0	46	1	5	43	45	0	40	21	39	0	57	0
cell255	2	60	5	45	50	0	48	0	39	0	51	1	56	0	41	0	40	0	58	0
cell256	0	57	42	0	53	0	46	0	47	0	32	10	62	0	52	5	49	0	41	6
cell257	0	61	52	0	39	0	39	1	47	0	21	20	47	1	55	0	54	0	50	0
cell258	0	58	25	24	25	13	62	9	50	0	48	0	43	0	54	0	53	0	48	0
cell259	0	46	58	0	32	0	40	0	49	1	41	8	50	0	39	0	41	3	62	0
cell260	0	38	49	0	43	0	42	0	53	0	27	18	41	5	45	0	41	2	43	0
cell261	0	42	7	44	10	38	43	3	49	0	57	0	45	0	46	0	42	0	60	0
cell262	0	49	50	0	62	0	49	0	50	0	23	29	47	0	29	17	52	0	47	0
cell263	0	46	43	5	52	0	45	0	34	0	54	5	49	1	51	0	50	0	49	0
cell264	0	49	8	48	25	21	24	16	44	0	47	0	56	0	49	2	50	1	42	0
cell265	0	47	44	0	66	0	39	0	53	0	44	19	27	29	51	0	42	2	49	0
cell266	0	53	1	43	15	27	8	43	24	18	48	0	51	0	58	0	47	0	48	1
cell267	0	38	8	41	35	19	43	1	43	0	54	2	53	0	50	0	47	0	50	1
cell268	0	55	4	52	7	45	10	49	11	22	58	0	54	0	50	0	42	0	48	0
cell269	0	43	54	0	65	0	49	0	56	0	39	0	57	0	50	0	53	0	41	0
cell270	0	37	12	32	21	38	11	41	47	0	46	0	56	0	54	2	44	9	51	0
cell271	1	61	50	0	43	0	45	0	58	0	2	49	49	5	51	3	41	0	27	31
cell272	1	53	46	0	50	0	56	0	42	1	61	0	55	0	42	1	46	0	44	6
cell273	3	45	11	35	55	0	45	0	51	0	55	0	57	0	51	0	66	0	49	0
cell274	0	43	64	0	67	0	45	1	59	0	4	41	66	2	43	12	61	1	37	0
cell275	0	59	4	34	27	15	28	31	35	12	58	0	56	0	44	0	43	0	42	0
cell276	0	54	10	36	30	20	66	2	47	2	51	0	50	0	37	0	51	0	48	0
cell277	0	51	58	0	43	1	49	0	56	0	42	9	59	0	36	2	60	0	64	0
cell278	0	49	44	0	44	0	39	0	43	2	5	43	51	0	53	0	26	21	52	0
cell279	0	52	60	0	48	0	42	0	38	3	56	1	55	0	52	0	49	0	35	0
cell280	0	58	15	29	12	38	32	14	41	5	48	0	55	0	42	0	58	1	50	0
cell281	0	45	61	0	49	0	46	0	56	0	2	39	35	0	51	0	56	0	59	2
cell282	0	36	8	35	4	61	36	9	48	0	47	0	45	0	65	0	51	0	61	0
cell283	0	49	48	0	54	0	50	1	30	1	37	18	57	1	41	15	49	0	52	1
cell284	0	62	41	0	54	3	41	1	44	2	4	38	6	50	64	0	51	2	48	0
cell285	0	47	18	37	44	0	45	0	53	0	56	0	57	0	49	2	65	0	52	0
cell286	0	69	54	0	44	0	54	0	50	1	10	40	43	0	45	6	53	0	52	0
cell287	0	47	4	49	23	42	50	4	50	0	55	0	52	0	48	2	51	1	51	0
cell288	1	56	55	0	58	0	55	0	44	0	16	38	33	26	43	1	51	0	48	0
cell289	0	39	1	39	16	33	42	9	52	0	42	0	39	0	60	0	49	3	36	0
cell290	1	58	20	25	37	0	46	0	56	0	49	1	56	2	51	2	63	0	50	3
cell291	0	44	55	4	54	0	40	4	65	0	6	53	57	0	48	0	41	15	46	0
cell292	0	39	21	29	22	35	51	0	44	0	36	4	60	0	52	0	56	0	62	0
cell293	0	40	49	0	58	0	56	0	62	1	0	40	47	0	55	5	34	23	52	1
cell294	0	43	54	0	47	0	47	0	61	0	21	35	16	46	42	0	45	0	57	0
cell295	0	56	53	0	41	2	44	0	51	3	2	25	52	4	54	1	46	0	59	0
cell296	1	48	13	38	45	0	55	0	53	0	44	0	47	4	59	0	49	0	56	1
cell297	0	63	43	0	44	0	46	0	51	0	13	24	49	0	46	0	13	35	44	0
cell298	0	47	55	0	47	0	43	15	44	0	43	9	58	0	45	0	45	0	44	2
cell299	0	54	15	38	2	42	26	18	52	3	53	0	44	1	47	3	55	0	55	0
cell300	0	58	38	0	33	0	68	0	48	0	4	45	51	2	44	0	34	15	65	0
cell301	0	53	46	2	48	0	46	0	37	1	10	39	46	24	47	1	54	0	44	13
cell302	0	48	34	7	43	0	57	0	52	0	67	0	46	0	38	5	53	0	53	0
cell303	6	48	53	0	50	0	47	1	56	0	14	24	46	0	38	12	36	1	55	0
cell304	7	49	50	0	48	0	52	0	57	8	47	8	48	0	45	0	49	0	60	0
cell305	0	44	51	0	54	5	42	0	47	0	0	38	32	16	55	0	47	0	47	1
cell306	0	44	48	0	65	0	53	0	45	0	48	1	44	0	34	0	40	0	48	0
cell307	0	47	48	0	44	0	45	1	50	6	14	40	45	0	53	0	47	18	51	0
cell308	0	56	53	0	54	3	62	0	47	0	54	0	58	0	57	0	59	0	56	0
cell309	0	47	57	0	42	0	50	0	47	1	3	42	42	11	67	0	50	0	32	24
cell310	0	51	47	0	42	0	37	12	52	0	24	34	53	0	22	26	48	5	52	1
cell311	0	46	62	0	47	0	43	0	53	0	4	46	51	5	39	3	50	0	58	0
cell312	0	50	2	44	3	35	12	30	50	17	44	0	54	0	37	0	48	0	44	2
cell313	1	52	45	0	45	0	54	0	51	0	17	30	52	0	46	0	57	4	59	0
cell314	0	56	47	0	49	0	59	0	41	1	0	56	44	0	51	0	17	49	55	0
cell315	0	50	35	17	47	1	67	0	53	0	42	6	55	1	54	1	52	2	42	0
cell316	0	45	46	10	51	0	39	0	47	0	18	24	52	0	41	0	50	0	57	0
cell317	3	45	50	1	43	0	59	0	64	0	1	57	34	10	49	0	49	0	43	1
cell318	0	61	44	0	36	0	55	3	47	0	9	32	38	8	46	1	44	0	38	10
cell319	0	52	49	0	60	0	33	0	45	0	9	37	39	12	57	0	48	0	48	0
cell320	6	51	44	0	48	1	46	0	49	0	5	42	52	8	70	0	63	0	19	18
cell321	1	44	49	0	53	0	43	0	47	3	42	11	41	0	49	1	27	17	49	0
cell322	0	44	45	0	42	0	61	0	48	0	40	13	52	0	52	0	61	0	58	0
cell323	2	43	50	0	45	0	49	0	53	0	20	24	52	0	53	0	41	0	46	0
cell324	0	56	57	0	42	0	47	0	49	0	60	0	45	0	42	0	41	0	53	0
cell325	0	49	11	37	7	41	22	23	23	12	54	0	59	0	48	0	50	4	48	0
cell326	0	38	2	36	51	2	44	0	58	0	56	0	46	5	54	0	48	0	46	0
cell327	0	59	12	44	54	0	35	0	42	2	38	8	47	5	44	0	33	0	50	0
cell328	0	50	43	2	51	1	32	0	63	0	11	40	44	0	42	0	25	20	58	0
cell329	1	62	60	0	54	0	49	0	48	0	2	44	48	0	44	1	23	31	54	0
cell330	0	59	40	9	45	0	62	0	45	0	19	29	49	3	55	1	32	4	50	6
cell331	0	46	11	35	12	37	18	26	45	0	48	0	39	0	57	0	50	1	62	0
cell332	0	56	51	0	53	0	41	6	51	10	22	27	59	0	58	0	32	16	47	0
cell333	0	45	12	47	57	0	58	0	61	0	57	0	48	1	56	0	51	0	59	0
cell334	0	49	49	0	48	0	43	0	37	0	41	9	48	0	55	0	40	7	58	0
cell335	0	60	39	0	66	0	45	0	54	1	13	33	23	27	39	0	44	0	27	6
cell336	0	48	49	0	56	0	47	0	61	0	12	30	51	0	55	0	51	0	49	0
cell337	0	55	38	10	45	0	66	0	49	0	43	0	50	0	59	6	49	2	38	0
cell338	0	48	51	0	41	9	46	0	54	0	4	45	53	0	49	0	29	24	51	0
cell339	0	57	23	30	34	19	35	14	43	0	41	0	52	0	55	0	41	0	54	0
cell340	0	41	30	0	60	2	53	0	51	1	24	34	41	0	41	0	47	7	58	0
cell341	0	45	34	4	52	0	54	0	48	0	4	44	25	16	50	6	41	0	37	4
cell342	0	53	53	0	57	0	44	0	53	0	39	1	55	0	44	0	40	0	40	0
cell343	0	62	58	0	47	0	44	0	46	0	26	25	46	0	42	2	45	18	45	0
cell344	0	45	53	0	43	0	50	0	42	0	33	28	35	11	51	0	48	6	58	0
cell345	0	47	14	33	14	30	48	4	48	1	54	0	54	4	48	0	52	0	38	0
cell346	0	57	51	0	52	0	46	2	48	0	3	46	33	15	40	0	48	0	47	9
cell347	6	45	14	46	47	0	61	0	48	0	62	0	55	1	44	0	56	3	50	0
cell348	0	52	50	0	43	2	57	1	46	0	36	21	62	0	62	0	46	15	37	0
cell349	3	54	15	35	9	49	40	16	52	3	47	0	44	0	57	0	54	0	48	0
cell350	1	53	53	0	49	0	48	1	57	0	32	0	55	0	44	0	63	0	50	0
cell351	0	46	53	0	50	1	50	0	47	0	9	39	52	1	38	24	58	0	51	0
cell352	0	33	53	0	48	0	47	0	50	0	40	11	48	2	51	0	37	2	55	0
cell353	0	44	56	1	43	0	57	0	49	1	12	38	36	15	44	0	54	0	52	9
cell354	0	55	46	0	52	0	39	0	57	0	12	45	51	0	58	0	39	3	51	2
cell355	0	34	14	34	12	34	29	22	50	3	55	1	46	0	45	0	53	0	68	0
cell356	0	49	46	1	43	0	53	0	41	0	16	35	46	1	31	7	43	2	45	0
cell357	0	48	50	0	47	0	58	0	56	0	38	12	38	0	50	0	49	0	53	0
cell358	0	52	62	0	42	0	52	0	56	0	49	0	39	0	47	1	42	0	66	0
cell359	0	38	14	27	27	25	51	5	55	0	50	1	45	0	50	0	49	0	50	0
cell360	2	54	47	0	56	0	63	0	44	0	8	50	51	1	50	0	40	0	35	0
cell361	0	57	45	0	45	0	43	4	48	0	13	42	48	0	60	0	45	0	35	7
cell362	0	51	38	2	47	1	67	0	41	0	18	28	34	18	54	2	56	0	45	5
cell363	0	49	22	44	30	21	34	6	51	0	44	0	49	0	48	0	57	0	60	0
cell364	0	54	33	26	43	9	49	0	53	0	47	0	56	0	51	0	55	0	53	0
cell365	0	50	15	46	57	0	41	0	46	0	51	0	51	0	53	0	44	0	46	1
cell366	0	48	56	3	50	0	53	0	46	0	4	62	33	14	57	0	58	0	50	9
cell367	0	51	43	0	52	1	54	0	59	0	8	44	16	27	52	0	55	2	54	0
cell368	2	55	51	1	51	0	58	0	63	0	33	16	48	0	48	2	48	0	49	0
cell369	0	35	53	0	58	0	49	0	43	0	27	20	15	39	37	0	41	4	38	14
cell370	0	44	53	0	46	0	43	1	51	0	21	39	52	0	48	2	35	22	40	0
cell371	2	66	52	0	45	0	40	0	50	0	35	16	47	0	42	0	52	0	42	0
cell372	0	49	53	0	58	0	43	0	55	0	31	2	53	0	53	0	59	0	54	0
cell373	0	46	46	2	48	0	43	0	48	0	3	54	36	5	42	0	45	4	33	11
cell374	0	41	50	0	47	2	57	0	52	0	48	0	40	0	47	0	51	0	52	1
cell375	1	50	57	0	45	0	43	0	46	1	22	28	49	0	54	0	50	1	66	0
cell376	0	47	5	50	50	0	38	0	45	0	49	0	58	0	66	0	53	0	50	1
cell377	0	57	55	0	63	0	58	0	65	0	49	0	57	0	46	0	48	0	57	2
cell378	0	36	31	25	51	4	53	0	41	0	51	0	39	0	54	0	60	0	56	0
cell379	2	85	24	31	26	11	47	0	45	0	40	1	50	0	64	4	52	2	60	0
cell380	0	52	38	12	35	14	42	0	55	0	57	0	43	0	52	0	48	0	50	0
cell381	0	61	56	0	49	0	49	1	33	6	30	19	54	0	41	0	60	0	45	0
cell382	4	44	23	32	31	26	52	0	55	0	57	3	39	0	60	0	48	0	48	0
cell383	0	48	0	49	28	27	24	20	57	0	42	0	57	1	39	0	50	0	54	0
cell384	0	39	42	1	46	0	56	0	52	0	29	9	44	12	51	0	40	2	58	2
cell385	1	58	64	0	43	0	53	3	72	1	49	0	58	1	43	0	33	0	42	0
cell386	2	59	51	0	52	0	59	0	39	0	21	39	61	0	48	5	49	0	49	1
cell387	0	42	15	34	46	9	66	3	45	0	41	0	53	0	54	0	42	0	53	1
cell388	3	44	0	42	39	0	48	0	57	0	55	1	43	0	58	0	41	0	51	0
cell389	0	38	9	40	47	0	55	0	49	0	55	0	65	1	54	1	36	0	58	0
cell390	1	49	5	46	17	45	45	14	28	23	45	0	47	0	42	0	61	0	51	0
cell391	0	48	44	0	59	0	35	0	52	0	25	31	31	25	58	0	42	3	47	4
cell392	0	55	21	27	8	36	47	10	56	0	46	0	56	1	46	0	54	0	54	0
cell393	2	41	48	3	44	0	44	0	46	2	12	31	17	20	45	0	59	0	58	0
cell394	0	33	5	36	28	27	38	0	41	1	47	0	33	3	48	0	51	1	42	0
cell395	0	46	46	0	52	0	55	0	45	0	11	40	40	14	48	0	38	1	47	0
cell396	1	61	40	0	50	0	47	0	48	5	6	42	48	1	24	25	56	4	54	0
cell397	0	47	21	35	31	21	27	22	41	3	44	0	48	0	51	0	48	0	47	2
cell398	0	54	0	42	10	34	42	6	53	1	37	7	45	1	52	0	60	0	51	0
cell399	0	33	55	0	47	0	56	0	48	0	54	0	51	0	54	0	46	0	46	1
cell400	2	52	49	0	61	0	35	8	48	0	1	41	28	19	51	0	41	2	26	21
cell401	0	54	56	0	51	1	32	0	60	0	39	11	44	4	50	0	52	4	60	2
cell402	0	46	68	0	65	0	53	0	46	0	13	32	47	3	63	0	55	0	58	0
cell403	0	38	6	39	29	35	46	10	49	3	53	1	53	0	37	0	40	0	35	0
cell404	0	44	4	42	32	24	19	28	33	17	49	3	52	0	55	0	54	0	35	6
cell405	5	49	45	0	38	0	45	0	54	0	1	68	37	0	6	44	43	0	50	0
cell406	0	52	19	34	16	25	34	11	42	0	47	1	52	0	40	0	61	3	58	0
cell407	0	44	55	0	51	0	45	3	51	1	44	1	43	1	55	0	53	1	51	0
cell408	0	46	49	9	48	0	46	0	47	0	2	44	46	0	43	0	25	15	55	0
cell409	0	47	52	0	42	0	40	0	53	1	11	36	48	17	48	0	42	0	49	2
cell410	0	48	7	35	9	32	14	31	55	0	52	0	40	0	48	0	41	0	48	3
cell411	0	44	2	51	15	50	22	33	47	28	59	0	55	0	58	0	43	0	40	7
cell412	0	49	47	0	55	0	51	0	53	0	8	39	50	1	38	6	49	0	48	0
cell413	0	56	56	0	59	1	53	1	55	0	41	3	71	0	42	0	71	0	47	0
cell414	0	52	4	53	30	19	45	2	54	5	40	2	58	1	44	0	49	3	52	0
cell415	0	39	39	1	59	8	51	0	45	0	8	41	23	30	55	1	63	0	42	0
cell416	0	48	44	0	39	0	37	0	50	0	38	6	60	0	48	0	39	0	35	0
cell417	0	50	57	0	46	0	50	0	47	0	51	0	50	0	49	0	58	0	56	0
cell418	0	39	60	0	50	0	52	0	52	0	12	40	47	1	58	0	57	0	28	14
cell419	2	52	54	0	44	0	42	0	46	0	16	30	53	0	56	0	21	28	54	0
cell420	0	59	55	0	51	1	51	0	50	1	7	39	54	0	43	0	42	6	54	0
cell421	0	52	50	5	45	0	43	0	45	0	60	2	46	0	50	0	53	0	47	0
cell422	0	48	53	0	63	0	44	0	45	1	50	1	52	4	50	4	51	0	54	0
cell423	1	61	48	0	47	0	55	0	51	0	15	31	47	0	51	0	58	0	43	0
cell424	0	41	56	1	48	3	40	0	49	0	35	24	38	6	54	0	45	0	44	0
cell425	0	58	44	0	50	0	69	0	61	2	1	45	45	5	45	0	41	0	46	8
cell426	0	54	47	0	49	0	58	0	30	5	44	24	49	0	57	0	35	5	47	2
cell427	0	42	58	0	43	0	68	0	55	0	43	0	45	0	55	2	49	4	48	0
cell428	0	49	50	2	39	0	54	0	47	0	6	42	41	2	54	1	51	0	19	24
cell429	0	41	4	50	23	33	38	7	38	9	48	0	46	0	40	0	70	0	42	0
cell430	0	50	25	32	46	6	52	0	56	0	54	0	49	0	39	0	39	0	46	0
cell431	1	55	52	0	56	0	67	0	49	0	24	30	51	0	50	0	41	17	48	2
cell432	0	49	48	0	35	0	43	0	48	0	49	11	47	0	51	0	43	0	54	2
cell433	0	53	40	0	47	0	58	0	44	0	10	53	61	0	44	0	44	5	49	0
cell434	0	52	37	11	37	7	52	0	26	11	65	0	47	0	41	0	52	0	45	0
cell435	0	43	3	45	19	45	36	29	36	20	45	0	57	2	64	1	46	0	46	0
cell436	0	49	36	3	56	0	39	0	47	0	34	0	36	10	44	0	55	0	43	0
cell437	2	63	44	0	55	0	44	0	50	1	7	39	26	16	63	0	42	4	39	3
cell438	0	48	41	0	46	2	40	0	54	0	11	38	44	0	47	0	48	0	42	0
cell439	0	53	7	58	33	19	29	19	51	1	56	0	49	0	40	1	55	0	56	1
cell440	0	47	12	40	26	27	42	0	42	0	57	0	43	1	43	0	46	1	43	6
cell441	0	62	1	43	33	22	28	23	44	3	48	0	60	3	60	0	40	0	45	0
cell442	0	65	7	42	7	34	46	1	44	1	47	0	45	0	55	0	46	1	60	0
cell443	3	43	48	1	55	0	44	0	67	2	41	14	50	1	53	0	55	1	51	0
cell444	0	56	44	0	46	0	47	0	45	0	50	0	44	0	52	0	53	0	56	0
cell445	2	50	7	47	9	21	32	11	29	20	53	0	42	0	45	0	54	5	53	0
cell446	0	57	46	4	53	0	52	0	48	0	1	41	29	23	56	1	53	1	61	0
cell447	1	46	45	0	45	0	35	1	57	0	41	0	54	0	59	0	54	0	52	2
cell448	0	40	40	12	47	0	46	0	56	0	58	0	49	1	49	0	47	0	60	0
cell449	0	56	35	15	29	15	56	0	56	0	55	0	46	0	53	0	59	0	49	0
cell450	1	48	52	0	37	0	50	0	50	0	43	1	46	1	56	1	35	0	51	0
cell451	0	54	53	0	51	0	58	0	49	0	34	18	47	0	39	6	60	0	55	0
cell452	0	57	53	0	59	0	43	0	50	1	53	4	35	0	43	0	62	2	49	0
cell453	0	52	62	0	48	1	59	0	59	0	4	50	34	12	57	0	54	0	41	1
cell454	0	59	47	0	40	0	59	0	60	0	2	51	55	0	43	0	55	0	41	3
cell455	3	51	47	6	31	3	51	0	61	0	49	0	54	0	54	0	52	0	54	1
cell456	0	47	8	51	12	32	26	12	46	0	57	0	53	1	52	4	48	0	49	0
cell457	0	36	29	13	55	0	46	0	53	0	57	0	44	0	38	6	57	1	47	15
cell458	0	51	10	33	21	22	30	15	44	0	50	0	41	0	45	0	44	0	45	0
cell459	0	51	42	0	46	0	57	0	41	0	2	42	49	0	41	0	27	12	47	1
cell460	0	50	4	49	14	35	36	1	50	0	41	3	46	0	49	0	49	2	46	0
cell461	0	50	42	6	55	0	29	5	49	0	53	0	32	2	54	0	43	0	39	0
cell462	0	58	11	52	29	25	28	16	48	0	52	0	46	0	44	0	51	0	52	0
cell463	0	55	37	6	62	0	61	0	54	0	53	2	62	0	41	0	49	0	41	4
cell464	0	39	11	50	46	3	58	0	52	0	51	1	43	0	45	0	37	0	45	2
cell465	0	51	55	0	46	0	57	0	46	0	3	51	23	20	52	0	59	0	55	0
cell466	0	49	41	0	50	3	45	1	66	0	9	32	66	0	44	0	49	12	44	0
cell467	0	52	21	24	27	23	44	0	45	1	43	0	45	0	46	0	46	0	56	0
cell468	0	55	58	0	56	0	48	0	29	18	41	0	47	0	48	1	45	0	60	0
cell469	0	56	53	0	51	0	70	0	51	0	20	33	49	0	54	2	37	0	50	3
cell470	0	56	44	0	42	0	49	0	50	0	8	59	55	0	39	4	53	1	50	0
cell471	0	47	50	0	58	0	52	0	45	2	38	0	53	0	59	1	49	0	53	0
cell472	0	56	33	0	48	0	52	0	44	0	0	56	61	1	61	0	34	14	55	1
cell473	0	60	46	1	45	0	46	0	66	0	44	7	64	0	51	0	56	0	56	0
cell474	7	40	41	5	51	3	46	0	60	0	14	41	52	2	44	0	46	0	49	0
cell475	2	47	55	0	45	0	45	0	50	0	58	0	45	0	57	0	54	0	64	0
cell476	0	41	55	0	56	0	43	0	57	0	1	50	36	6	53	0	58	0	55	0
cell477	0	48	51	0	45	0	40	0	48	0	31	26	38	11	61	0	54	0	49	0
cell478	0	48	58	0	63	0	32	0	48	0	6	34	64	0	51	0	51	6	49	0
cell479	0	59	57	0	51	4	46	0	54	2	21	39	58	8	48	0	39	0	42	9
cell480	0	50	13	38	18	24	15	18	29	15	53	0	46	0	50	0	52	0	42	0
cell481	2	56	8	45	7	30	17	42	56	3	41	0	50	1	51	0	52	0	46	0
cell482	0	60	13	39	8	48	38	21	55	0	39	0	51	3	48	0	45	0	47	0
cell483	0	47	50	1	40	0	56	1	67	0	10	46	50	18	49	0	56	0	54	4
cell484	0	46	48	0	36	11	53	0	49	0	45	5	48	0	62	0	42	0	64	0
cell485	0	47	51	0	60	0	52	0	54	0	44	0	52	0	45	0	46	0	46	0
cell486	2	49	62	0	46	0	38	1	65	0	22	37	38	6	44	0	38	0	58	0
cell487	0	46	17	33	26	23	35	24	45	0	55	1	41	0	63	0	55	0	58	0
cell488	0	30	30	18	47	2	46	0	35	0	59	2	58	0	55	0	53	0	37	9
cell489	0	51	49	5	60	0	52	0	63	0	60	0	46	0	54	0	53	0	47	1
cell490	0	46	46	0	61	0	53	0	41	0	17	22	41	3	66	2	51	0	58	0
cell491	0	51	59	1	40	3	43	0	46	0	31	21	34	0	53	2	35	2	53	0
cell492	0	47	51	0	43	0	50	0	44	0	8	48	39	0	48	0	58	0	35	20
cell493	0	51	66	0	54	4	52	0	54	0	54	0	60	1	55	0	52	0	40	0
cell494	0	62	23	12	44	0	51	0	50	0	50	0	47	0	64	0	50	2	48	0
cell495	3	48	9	39	32	15	38	13	56	0	49	0	45	0	57	0	45	0	55	0
cell496	1	53	20	29	52	0	44	0	40	1	43	0	49	0	52	0	47	2	35	12
cell497	0	50	49	0	45	0	59	2	62	0	8	31	37	0	30	15	39	0	44	0
cell498	0	47	49	2	54	0	48	0	57	0	53	0	56	0	55	0	41	1	44	0
cell499	0	49	50	0	53	0	45	0	61	0	22	25	46	0	43	18	44	0	62	0
cell500	2	57	58	1	42	0	52	0	54	0	4	49	57	1	53	0	58	0	54	2
