46 0 0 0 2 42 5 0 0 0 0
66 27 11 0 2 0 0 0 0 0 0
50 0 0 0 0 8 0 0 1 0 0
64 34 37 31 9 0 0 0 0 0 0
51 0 0 0 0 42 0 5 9 0 0
54 40 7 3 0 0 0 0 10 0 0
57 38 34 22 22 1 0 0 0 0 0
54 0 0 0 0 28 0 0 0 0 0
44 47 12 4 1 0 0 2 1 0 0
40 0 0 0 0 21 2 0 0 0 0
55 0 0 0 0 46 9 0 0 0 0
56 0 0 0 0 23 1 1 1 5 0
49 52 46 25 1 0 5 1 6 0 0
50 53 39 35 0 0 0 1 0 0 0
45 0 0 0 2 31 2 0 9 0 0
43 35 0 0 0 0 0 0 0 0 0
47 0 0 2 4 31 0 49 0 0 0
48 0 0 0 0 46 0 42 0 0 0
49 0 1 0 0 16 10 0 0 0 0
45 0 0 0 0 0 0 0 0 0 0
57 53 22 23 1 2 0 0 4 0 0
42 1 3 1 0 52 0 0 26 0 0
64 34 0 2 0 0 0 1 1 0 0
40 0 0 0 0 31 0 27 0 2 0
35 1 0 0 0 37 0 0 0 0 0
41 1 0 0 0 9 0 0 5 0 0
51 23 12 0 0 0 0 0 0 0 0
49 38 36 0 0 0 0 0 0 0 0
50 30 0 0 0 0 1 1 8 0 0
39 0 0 0 0 53 0 8 0 3 0
49 4 0 0 0 0 0 9 3 0 0
55 36 10 0 6 1 0 0 0 0 0
46 40 6 16 1 1 0 0 3 0 0
63 46 27 0 0 0 0 1 0 0 0
45 0 6 2 0 21 0 0 32 0 0
43 0 0 1 0 21 9 0 0 0 0
48 0 0 0 0 31 3 4 0 7 0
66 10 0 0 0 18 1 0 0 1 0
60 4 0 0 0 41 6 0 0 28 0
46 46 27 8 0 0 4 0 0 0 0
59 0 0 0 0 28 26 0 0 1 0
57 0 1 0 0 44 0 0 36 3 0
35 4 0 0 1 48 0 16 2 0 0
50 44 44 9 0 0 0 0 0 0 0
40 2 1 0 0 0 1 0 0 0 0
47 35 42 28 20 0 3 0 0 0 0
47 1 0 0 0 47 0 6 0 0 0
47 48 25 13 0 0 0 5 0 0 0
50 0 0 0 0 28 0 0 0 0 0
38 0 0 0 0 0 0 0 0 0 0
58 0 0 3 0 47 23 0 0 0 0
50 0 3 0 0 38 0 0 0 0 0
38 33 22 1 0 0 0 0 0 0 0
32 50 25 22 0 0 1 0 0 0 0
52 2 0 1 0 48 0 30 0 0 0
60 0 0 0 0 42 20 0 0 1 0
61 0 0 0 0 38 0 0 2 20 0
50 12 7 0 0 0 0 4 0 1 0
58 0 0 0 0 27 0 13 0 0 0
59 0 0 0 0 1 0 0 3 0 0
42 8 0 0 0 0 1 0 0 1 0
61 0 0 0 0 26 0 0 14 0 0
43 1 0 0 0 32 0 0 21 0 0
60 1 0 0 0 39 0 8 0 1 0
48 0 0 0 0 22 3 0 2 0 0
34 0 0 0 0 22 5 0 0 0 0
54 43 0 0 0 0 16 0 0 0 0
50 1 0 2 0 32 0 0 19 0 0
50 1 5 2 0 61 22 1 0 16 0
49 54 13 0 1 0 0 0 0 0 0
54 0 0 0 0 37 4 2 0 0 0
40 31 31 1 0 3 5 0 1 0 0
50 0 0 1 0 39 0 16 1 0 0
56 1 0 0 0 0 4 0 3 0 0
54 0 2 0 0 51 0 0 44 0 0
55 0 0 0 0 46 0 0 11 0 0
40 32 32 4 1 2 0 1 0 0 0
51 0 0 1 0 9 0 1 3 0 0
56 39 27 35 12 2 0 0 0 0 0
35 10 0 2 0 7 0 0 0 0 0
41 0 0 0 0 0 0 0 1 0 0
59 46 0 9 1 0 0 0 0 0 0
43 28 0 0 0 0 1 0 0 0 0
57 0 2 0 1 19 1 0 1 0 0
50 40 30 19 0 0 2 0 0 0 0
39 0 0 1 0 41 10 0 1 0 0
43 0 0 0 0 28 0 0 0 0 0
45 11 1 2 0 0 1 3 0 1 0
46 1 0 0 0 40 0 0 21 0 0
44 63 25 27 0 0 2 0 0 0 0
61 0 0 0 0 13 2 0 0 0 0
44 34 5 0 0 0 0 0 3 0 0
44 0 0 0 0 38 27 1 0 5 0
46 52 0 2 0 1 1 0 17 0 0
47 0 0 0 1 20 0 0 1 0 0
55 32 20 4 13 3 0 0 0 0 0
50 0 0 0 1 27 0 0 20 1 0
63 47 19 10 27 3 0 0 0 0 0
50 35 33 19 0 0 6 8 1 0 0
52 6 0 0 3 53 0 0 11 0 0
53 0 0 0 0 36 15 0 0 10 0
40 0 0 0 0 34 0 1 43 0 0
46 0 0 0 0 44 36 0 0 1 0
69 0 0 0 0 38 0 29 0 0 0
31 1 0 0 0 60 12 0 0 0 0
63 0 0 0 0 32 0 0 8 0 0
48 32 2 1 0 0 0 0 0 4 0
50 33 0 0 0 0 0 0 0 2 0
48 0 3 0 0 28 0 2 0 0 0
55 9 8 0 0 0 3 0 0 0 0
44 39 19 0 0 0 0 10 0 0 0
39 0 0 3 0 34 0 3 21 0 0
44 26 11 7 1 1 2 0 0 0 0
51 29 0 0 2 2 0 0 1 0 0
49 2 0 0 1 23 0 0 0 24 0
50 3 0 0 0 24 0 0 0 13 0
67 0 1 0 0 26 0 7 0 0 0
53 1 0 0 0 0 0 0 0 0 0
51 0 0 0 0 25 0 5 21 0 0
65 0 0 1 0 15 19 0 0 0 0
44 0 2 1 0 43 0 1 30 0 0
47 0 0 0 0 47 0 39 0 1 0
63 34 46 16 19 0 0 2 0 0 0
55 0 0 3 0 52 3 0 0 0 0
37 0 0 0 2 43 37 0 0 6 0
56 21 22 4 0 0 0 0 0 0 0
53 0 0 0 2 28 21 0 0 6 0
44 0 2 0 6 56 0 0 4 3 0
44 36 0 0 0 1 0 0 0 0 0
56 35 0 0 1 1 0 0 0 0 0
45 0 8 0 2 2 3 1 0 0 0
57 3 0 0 0 9 0 0 0 0 0
41 46 11 5 2 0 0 0 0 0 0
52 0 0 0 1 0 0 0 0 0 0
42 14 0 0 8 0 0 4 1 0 0
56 0 0 0 0 23 0 0 0 1 0
72 40 0 0 0 0 7 0 0 0 0
40 0 0 0 0 39 28 0 0 0 0
60 0 0 0 0 39 0 0 0 0 0
47 10 0 0 1 0 0 0 2 0 0
31 0 4 0 0 34 0 0 5 6 0
47 12 0 0 0 28 0 5 0 0 0
40 0 0 0 0 0 0 0 0 2 0
49 5 0 0 0 0 0 0 0 0 0
60 4 1 3 5 0 3 0 4 0 0
55 0 0 0 3 27 0 16 0 0 0
45 3 0 0 1 49 9 1 0 0 0
45 47 44 11 11 0 0 0 0 0 0
64 12 0 1 0 0 1 0 0 0 0
52 0 3 0 0 0 0 0 0 1 0
47 0 0 0 0 39 35 0 2 0 0
47 4 0 3 0 21 0 0 0 3 0
46 0 1 0 0 0 0 2 0 0 0
51 0 0 0 0 24 13 1 1 27 0
48 59 38 45 0 0 0 0 0 0 0
50 0 1 0 0 25 0 13 16 0 0
57 46 40 22 3 0 0 0 0 1 0
40 0 0 0 0 60 16 0 0 8 0
46 0 0 0 0 50 0 2 7 0 0
54 24 0 0 1 0 0 0 0 0 0
44 28 31 24 17 0 0 0 0 1 0
51 0 0 0 0 30 0 0 12 0 0
53 0 0 0 2 26 0 1 14 0 0
63 0 0 2 0 9 0 0 0 0 0
43 0 1 0 0 37 45 0 1 0 0
51 1 0 0 5 32 0 1 29 0 0
50 1 0 0 0 21 17 0 0 13 0
48 0 0 1 0 45 12 0 0 15 0
58 0 0 0 4 0 0 0 3 3 0
39 32 15 3 0 0 0 0 0 0 0
52 0 3 0 0 22 0 0 0 0 0
51 0 0 2 0 36 4 0 0 2 0
54 1 0 0 0 42 0 25 0 1 0
48 24 1 0 0 0 3 0 0 0 0
35 0 0 0 1 36 0 0 0 1 0
40 0 1 0 0 22 4 0 0 2 0
52 29 0 0 0 0 0 0 0 0 0
44 4 2 3 0 38 16 0 0 9 0
56 0 0 0 0 20 14 0 4 0 0
47 19 8 8 0 1 0 0 0 0 0
56 1 0 0 0 0 0 0 0 0 0
38 0 0 0 0 0 0 1 1 0 0
49 31 43 13 0 0 0 0 0 0 0
42 0 0 0 0 34 0 1 18 0 0
52 45 0 2 0 0 0 0 3 0 0
61 0 0 2 0 0 0 0 0 2 0
51 48 43 42 1 0 0 0 0 0 0
49 27 0 0 0 2 0 0 0 0 0
42 0 0 0 1 29 0 0 0 0 0
63 0 3 0 0 34 23 4 1 7 0
52 0 0 0 7 46 26 0 0 0 0
45 47 55 22 3 0 0 0 0 0 0
50 0 7 0 1 14 5 0 0 8 0
39 14 0 0 0 1 0 0 0 0 0
44 33 33 27 8 1 0 1 0 0 0
37 0 0 0 0 10 0 0 0 0 0
55 0 0 0 0 17 0 20 0 1 0
58 4 0 3 2 36 15 3 0 2 0
44 51 20 34 26 6 0 1 0 0 0
46 3 0 0 0 0 1 0 0 0 0
59 0 1 0 0 27 17 0 0 2 0
39 1 3 0 1 15 5 0 0 0 0
37 37 0 0 0 0 1 0 0 0 0
42 0 0 0 0 41 40 0 0 0 0
52 0 0 0 0 25 0 18 0 0 0
58 0 0 0 0 31 0 0 2 0 0
55 1 0 0 0 14 8 0 0 0 0
44 0 0 0 0 0 1 0 0 0 0
35 0 1 0 0 27 6 0 0 0 0
53 33 17 3 2 0 0 0 1 0 0
51 37 22 7 0 0 0 0 0 0 0
52 35 30 0 0 0 0 0 0 0 0
46 0 1 1 3 31 0 0 28 0 0
51 7 1 0 0 1 0 0 2 0 0
60 3 0 0 0 40 24 2 0 0 0
32 0 2 0 0 33 0 9 0 0 0
41 21 14 8 0 0 0 0 0 2 0
48 0 0 0 0 39 0 1 0 0 0
47 22 34 0 1 0 1 0 0 1 0
51 34 15 4 1 0 2 0 0 1 0
59 23 3 0 0 0 0 0 0 0 0
48 42 15 11 1 1 0 4 0 0 0
53 0 0 0 8 29 17 0 0 12 0
53 1 0 0 0 52 17 0 0 0 0
49 0 0 0 0 0 5 0 3 0 0
43 2 0 0 0 0 0 2 0 0 0
41 1 2 0 0 6 0 0 0 0 0
43 31 11 0 0 0 0 0 0 0 0
53 0 1 0 1 28 29 0 0 0 0
60 40 34 15 19 0 0 0 0 0 0
45 0 0 1 3 39 5 5 30 1 0
67 7 1 2 0 0 0 1 0 0 0
50 0 0 0 2 0 0 0 1 0 0
50 0 0 0 0 28 18 0 0 4 0
54 40 36 0 0 1 1 0 1 0 0
66 43 30 2 3 1 0 0 0 0 0
41 0 0 0 0 0 1 0 0 0 0
48 40 30 22 10 5 0 0 0 0 0
37 0 1 7 0 56 17 0 0 13 0
57 43 29 32 19 0 0 0 0 1 0
47 47 30 40 10 1 0 0 0 4 0
51 38 13 12 3 0 0 0 0 0 0
40 32 26 16 1 0 2 0 1 9 0
62 0 1 0 0 0 0 0 0 0 0
52 41 47 25 0 0 0 1 0 0 0
65 2 0 0 0 0 3 0 0 0 0
49 29 6 0 0 0 0 0 0 0 0
42 0 0 0 0 8 3 0 0 0 0
41 54 28 13 3 0 0 0 0 0 0
51 0 0 0 0 20 0 0 0 0 0
57 2 1 0 3 34 9 0 0 1 0
51 33 32 42 10 0 0 0 1 0 0
60 0 0 0 0 51 20 0 0 0 0
53 0 0 0 1 43 0 21 0 0 0
60 45 0 0 0 1 0 0 0 0 0
57 0 0 0 0 10 0 5 0 6 0
61 0 0 1 0 20 1 0 0 0 0
58 24 13 9 0 0 0 0 0 0 0
46 0 0 0 1 8 0 0 3 0 0
38 0 0 0 0 18 5 0 2 0 0
42 44 38 3 0 0 0 0 0 0 0
49 0 0 0 0 29 0 17 0 0 0
46 5 0 0 0 5 1 0 0 0 0
49 48 21 16 0 0 0 2 1 0 0
47 0 0 0 0 19 29 0 2 0 0
53 43 27 43 18 0 0 0 0 1 0
38 41 19 1 0 2 0 0 0 1 0
55 52 45 49 22 0 0 0 0 0 0
43 0 0 0 0 0 0 0 0 0 0
37 32 38 41 0 0 0 2 9 0 0
61 0 0 0 0 49 5 3 0 31 0
53 0 0 0 1 0 0 1 0 6 0
45 35 0 0 0 0 0 0 0 0 0
43 0 0 1 0 41 2 12 1 0 0
59 34 15 31 12 0 0 0 0 0 0
54 36 20 2 2 0 0 0 0 0 0
51 0 1 0 0 9 0 2 0 0 0
49 0 0 0 2 43 0 0 21 0 0
52 0 0 0 3 1 0 0 0 0 0
58 29 38 14 5 0 0 0 1 0 0
45 0 0 0 0 39 0 0 0 2 0
36 35 61 9 0 0 0 0 0 0 0
49 0 0 1 1 18 1 15 0 1 0
62 0 3 1 2 38 50 0 2 0 0
47 37 0 0 0 0 0 2 0 0 0
69 0 0 0 1 40 0 6 0 0 0
47 49 42 4 0 0 0 2 1 0 0
56 0 0 0 0 38 26 1 0 0 0
39 39 33 9 0 0 0 0 3 0 0
58 25 0 0 0 1 2 2 0 3 0
44 4 0 4 0 53 0 0 15 0 0
39 29 35 0 0 4 0 0 0 0 0
40 0 0 0 1 40 0 5 23 1 0
43 0 0 0 0 35 46 0 0 0 0
56 0 2 0 3 25 4 1 0 0 0
48 38 0 0 0 0 4 0 0 1 0
63 0 0 0 0 24 0 0 35 0 0
47 0 0 15 0 9 0 0 0 2 0
54 38 42 18 3 0 1 3 0 0 0
58 0 0 0 0 45 2 0 15 0 0
53 2 0 0 1 39 24 1 0 13 0
48 7 0 0 0 0 0 5 0 0 0
48 0 0 1 0 24 0 12 1 0 0
49 0 0 0 8 8 0 0 0 0 0
44 0 5 0 0 38 16 0 0 1 0
44 0 0 0 0 1 0 0 0 0 0
47 0 0 1 6 40 0 0 18 0 0
56 0 3 0 0 0 0 0 0 0 0
47 0 0 0 1 42 11 0 0 24 0
51 0 0 12 0 34 0 26 5 1 0
46 0 0 0 0 46 5 3 0 0 0
50 44 35 30 17 0 0 0 0 2 0
52 0 0 0 0 30 0 0 4 0 0
56 0 0 0 1 56 0 0 49 0 0
50 17 1 0 0 6 1 1 2 0 0
45 10 0 0 0 24 0 0 0 0 0
45 1 0 0 0 57 10 0 0 1 0
61 0 0 3 0 32 8 1 0 10 0
52 0 0 0 0 37 12 0 0 0 0
51 0 1 0 0 42 8 0 0 18 0
44 0 0 0 3 11 0 1 17 0 0
44 0 0 0 0 13 0 0 0 0 0
43 0 0 0 0 24 0 0 0 0 0
56 0 0 0 0 0 0 0 0 0 0
49 37 41 23 12 0 0 0 4 0 0
38 36 2 0 0 0 5 0 0 0 0
59 44 0 0 2 8 5 0 0 0 0
50 2 1 0 0 40 0 0 20 0 0
62 0 0 0 0 44 0 1 31 0 0
59 9 0 0 0 29 3 1 4 6 0
46 35 37 26 0 0 0 0 1 0 0
56 0 0 6 10 27 0 0 16 0 0
45 47 0 0 0 0 1 0 0 0 0
49 0 0 0 0 9 0 0 7 0 0
60 0 0 0 1 33 27 0 0 6 0
48 0 0 0 0 30 0 0 0 0 0
55 10 0 0 0 0 0 6 2 0 0
48 0 9 0 0 45 0 0 24 0 0
57 30 19 14 0 0 0 0 0 0 0
41 0 2 0 1 34 0 0 7 0 0
45 4 0 0 0 44 16 6 0 4 0
53 0 0 0 0 1 0 0 0 0 0
62 0 0 0 0 25 0 2 18 0 0
45 0 0 0 0 28 11 0 6 0 0
47 33 30 4 1 0 4 0 0 0 0
57 0 0 2 0 46 15 0 0 9 0
45 46 0 0 0 0 1 0 3 0 0
52 0 2 1 0 21 0 0 15 0 0
54 35 49 16 3 0 0 0 0 0 0
53 0 0 1 0 0 0 0 0 0 0
46 0 1 0 0 39 1 24 0 0 0
33 0 0 0 0 11 2 0 2 0 0
44 1 0 0 1 38 15 0 0 9 0
55 0 0 0 0 45 0 0 3 2 0
34 34 34 22 3 1 0 0 0 0 0
49 1 0 0 0 35 1 7 2 0 0
48 0 0 0 0 12 0 0 0 0 0
52 0 0 0 0 0 0 1 0 0 0
38 27 25 5 0 1 0 0 0 0 0
54 0 0 0 0 50 1 0 0 0 0
57 0 0 4 0 42 0 0 0 7 0
51 2 1 0 0 28 18 2 0 5 0
49 44 21 6 0 0 0 0 0 0 0
54 26 9 0 0 0 0 0 0 0 0
50 46 0 0 0 0 0 0 0 1 0
48 3 0 0 0 62 14 0 0 9 0
51 0 1 0 0 44 27 0 2 0 0
55 1 0 0 0 16 0 2 0 0 0
35 0 0 0 0 20 39 0 4 14 0
44 0 0 1 0 39 0 2 22 0 0
66 0 0 0 0 16 0 0 0 0 0
49 0 0 0 0 2 0 0 0 0 0
46 2 0 0 0 54 5 0 4 11 0
41 0 2 0 0 0 0 0 0 1 0
50 0 0 0 1 28 0 0 1 0 0
47 50 0 0 0 0 0 0 0 1 0
57 0 0 0 0 0 0 0 0 2 0
36 25 4 0 0 0 0 0 0 0 0
85 31 11 0 0 1 0 4 2 0 0
52 12 14 0 0 0 0 0 0 0 0
61 0 0 1 6 19 0 0 0 0 0
44 32 26 0 0 3 0 0 0 0 0
48 49 27 20 0 0 1 0 0 0 0
39 1 0 0 0 9 12 0 2 2 0
58 0 0 3 1 0 1 0 0 0 0
59 0 0 0 0 39 0 5 0 1 0
42 34 9 3 0 0 0 0 0 1 0
44 42 0 0 0 1 0 0 0 0 0
38 40 0 0 0 0 1 1 0 0 0
49 46 45 14 23 0 0 0 0 0 0
48 0 0 0 0 31 25 0 3 4 0
55 27 36 10 0 0 1 0 0 0 0
41 3 0 0 2 31 20 0 0 0 0
33 36 27 0 1 0 3 0 1 0 0
46 0 0 0 0 40 14 0 1 0 0
61 0 0 0 5 42 1 25 4 0 0
47 35 21 22 3 0 0 0 0 2 0
54 42 34 6 1 7 1 0 0 0 0
33 0 0 0 0 0 0 0 0 1 0
52 0 0 8 0 41 19 0 2 21 0
54 0 1 0 0 11 4 0 4 2 0
46 0 0 0 0 32 3 0 0 0 0
38 39 35 10 3 1 0 0 0 0 0
44 42 24 28 17 3 0 0 0 6 0
49 0 0 0 0 68 0 44 0 0 0
52 34 25 11 0 1 0 0 3 0 0
44 0 0 3 1 1 1 0 1 0 0
46 9 0 0 0 44 0 0 15 0 0
47 0 0 0 1 36 17 0 0 2 0
48 35 32 31 0 0 0 0 0 3 0
44 51 50 33 28 0 0 0 0 7 0
49 0 0 0 0 39 1 6 0 0 0
56 0 1 1 0 3 0 0 0 0 0
52 53 19 2 5 2 1 0 3 0 0
39 1 8 0 0 41 30 1 0 0 0
48 0 0 0 0 6 0 0 0 0 0
50 0 0 0 0 0 0 0 0 0 0
39 0 0 0 0 40 1 0 0 14 0
52 0 0 0 0 30 0 0 28 0 0
59 0 1 0 1 39 0 0 6 0 0
52 5 0 0 0 2 0 0 0 0 0
48 0 0 0 1 1 4 4 0 0 0
61 0 0 0 0 31 0 0 0 0 0
41 1 3 0 0 24 6 0 0 0 0
58 0 0 0 2 45 5 0 0 8 0
54 0 0 0 5 24 0 0 5 2 0
42 0 0 0 0 0 0 2 4 0 0
49 2 0 0 0 42 2 1 0 24 0
41 50 33 7 9 0 0 0 0 0 0
50 32 6 0 0 0 0 0 0 0 0
55 0 0 0 0 30 0 0 17 2 0
49 0 0 0 0 11 0 0 0 2 0
53 0 0 0 0 53 0 0 5 0 0
52 11 7 0 11 0 0 0 0 0 0
43 45 45 29 20 0 2 1 0 0 0
49 3 0 0 0 0 10 0 0 0 0
63 0 0 0 1 39 16 0 4 3 0
48 0 2 0 0 38 0 0 0 0 0
53 58 19 19 1 0 0 1 0 1 0
47 40 27 0 0 0 1 0 1 6 0
62 43 22 23 3 0 3 0 0 0 0
65 42 34 1 1 0 0 0 1 0 0
43 1 0 0 2 14 1 0 1 0 0
56 0 0 0 0 0 0 0 0 0 0
50 47 21 11 20 0 0 0 5 0 0
57 4 0 0 0 41 23 1 1 0 0
46 0 0 1 0 0 0 0 0 2 0
40 12 0 0 0 0 1 0 0 0 0
56 15 15 0 0 0 0 0 0 0 0
48 0 0 0 0 1 1 1 0 0 0
54 0 0 0 0 18 0 6 0 0 0
57 0 0 0 1 4 0 0 2 0 0
52 0 1 0 0 50 12 0 0 1 0
59 0 0 0 0 51 0 0 0 3 0
51 6 3 0 0 0 0 0 0 1 0
47 51 32 12 0 0 1 4 0 0 0
36 13 0 0 0 0 0 6 1 15 0
51 33 22 15 0 0 0 0 0 0 0
51 0 0 0 0 42 0 0 12 1 0
50 49 35 1 0 3 0 0 2 0 0
50 6 0 5 0 0 2 0 0 0 0
58 52 25 16 0 0 0 0 0 0 0
55 6 0 0 0 2 0 0 0 4 0
39 50 3 0 0 1 0 0 0 2 0
51 0 0 0 0 51 20 0 0 0 0
49 0 3 1 0 32 0 0 12 0 0
52 24 23 0 1 0 0 0 0 0 0
55 0 0 0 18 0 0 1 0 0 0
56 0 0 0 0 33 0 2 0 3 0
56 0 0 0 0 59 0 4 1 0 0
47 0 0 0 2 0 0 1 0 0 0
56 0 0 0 0 56 1 0 14 1 0
60 1 0 0 0 7 0 0 0 0 0
40 5 3 0 0 41 2 0 0 0 0
47 0 0 0 0 0 0 0 0 0 0
41 0 0 0 0 50 6 0 0 0 0
48 0 0 0 0 26 11 0 0 0 0
48 0 0 0 0 34 0 0 6 0 0
59 0 4 0 2 39 8 0 0 9 0
50 38 24 18 15 0 0 0 0 0 0
56 45 30 42 3 0 1 0 0 0 0
60 39 48 21 0 0 3 0 0 0 0
47 1 0 1 0 46 18 0 0 4 0
46 0 11 0 0 5 0 0 0 0 0
47 0 0 0 0 0 0 0 0 0 0
49 0 0 1 0 37 6 0 0 0 0
46 33 23 24 0 1 0 0 0 0 0
30 18 2 0 0 2 0 0 0 9 0
51 5 0 0 0 0 0 0 0 1 0
46 0 0 0 0 22 3 2 0 0 0
51 1 3 0 0 21 0 2 2 0 0
47 0 0 0 0 48 0 0 0 20 0
51 0 4 0 0 0 1 0 0 0 0
62 12 0 0 0 0 0 0 2 0 0
48 39 15 13 0 0 0 0 0 0 0
53 29 0 0 1 0 0 0 2 12 0
50 0 0 2 0 31 0 15 0 0 0
47 2 0 0 0 0 0 0 1 0 0
49 0 0 0 0 25 0 18 0 0 0
57 1 0 0 0 49 1 0 0 2 0
