46 60 43 43 65 57 52 38 62 51 0
66 49 54 49 52 55 57 56 54 50 0
50 58 50 49 55 57 33 48 45 38 0
66 49 61 50 43 55 54 43 38 51 0
51 53 45 52 52 52 55 51 36 55 0
54 56 39 52 50 46 45 53 48 48 0
57 52 51 48 47 49 36 55 54 43 0
54 49 46 49 39 38 58 41 47 47 0
44 48 43 47 53 42 48 47 55 54 0
43 52 55 50 50 48 51 49 49 51 0
55 39 51 60 61 54 56 57 49 61 0
56 41 50 47 52 40 45 47 55 41 0
49 58 53 45 60 43 58 52 55 49 0
50 57 61 50 39 48 38 73 53 48 0
45 43 55 45 58 48 54 47 40 58 0
43 46 49 54 58 42 48 60 52 74 0
47 48 66 40 46 50 53 59 57 56 0
48 56 39 45 61 61 62 59 56 51 0
50 35 37 43 61 47 53 52 48 49 0
45 50 55 49 45 43 62 48 48 61 0
57 53 52 50 51 54 51 46 45 62 0
42 51 46 52 60 60 55 50 58 46 0
64 37 52 43 48 46 55 41 54 51 0
41 50 55 54 51 43 47 54 54 54 0
35 39 56 58 41 54 42 67 42 43 0
41 57 50 42 40 49 40 34 54 45 0
51 47 54 48 55 54 58 61 58 47 0
51 49 43 47 46 42 47 50 51 47 0
50 66 36 46 54 48 47 40 64 47 0
39 54 48 57 47 53 54 63 52 51 0
49 41 61 48 58 42 57 55 38 51 0
57 50 54 42 58 48 44 51 46 54 0
46 43 37 61 49 49 46 49 46 46 0
63 65 47 56 35 46 43 56 53 54 0
45 39 57 57 48 57 52 48 56 47 0
43 47 55 48 47 43 49 40 48 51 0
48 52 49 54 44 59 53 49 42 40 0
71 53 53 60 61 48 53 54 63 61 0
60 52 55 59 46 51 55 52 41 64 0
48 49 48 52 43 46 54 55 48 54 0
59 42 53 48 39 50 66 45 58 56 0
58 50 51 68 54 46 39 46 63 35 0
35 50 49 57 46 56 51 50 53 48 0
50 47 61 40 45 51 47 53 58 46 0
40 52 54 56 48 53 60 48 49 62 0
47 48 50 41 61 45 46 45 48 63 0
47 60 49 50 48 55 51 55 60 51 0
51 49 42 56 64 62 46 50 54 47 0
50 50 47 55 63 50 52 57 51 50 0
40 40 52 55 47 52 54 41 37 62 0
58 56 44 44 55 52 49 51 48 67 0
50 54 54 49 39 44 34 46 58 43 0
38 54 48 50 64 46 49 65 44 51 0
41 52 50 56 57 53 51 56 49 39 0
52 38 55 50 51 52 64 46 54 57 0
60 46 55 35 52 46 77 50 61 48 0
61 51 51 41 47 39 40 46 46 49 0
50 42 32 45 56 56 47 48 45 62 0
58 58 47 56 43 54 52 46 56 55 0
59 53 48 42 46 48 51 49 58 49 0
42 53 48 45 59 56 48 35 50 54 0
61 54 58 57 59 55 49 49 63 45 0
43 54 58 44 46 50 51 38 46 45 0
60 54 57 46 52 52 58 56 38 50 0
48 45 61 49 49 46 55 44 42 64 0
34 62 48 48 49 51 43 58 39 56 0
54 56 54 45 42 44 52 49 43 55 0
50 56 46 54 39 40 53 48 51 39 0
50 41 44 42 45 66 44 49 50 56 0
49 55 50 58 52 34 59 53 49 60 0
54 54 55 54 49 47 52 56 51 38 0
41 47 50 50 53 39 57 51 46 54 0
50 62 57 44 45 60 51 52 57 56 0
56 57 47 36 53 45 57 49 50 54 0
54 49 60 56 47 53 39 52 59 43 0
55 52 42 51 50 56 43 35 56 59 0
40 45 46 54 47 59 35 50 54 48 0
51 67 46 56 52 45 49 49 52 57 0
56 56 44 49 52 49 58 51 54 50 0
35 51 36 53 60 50 50 47 44 49 0
43 31 60 52 48 62 49 58 59 46 0
59 55 39 55 44 63 49 52 64 44 0
44 45 47 49 48 42 49 48 34 47 0
57 58 54 47 45 42 48 62 55 43 0
50 48 49 43 49 59 60 57 60 43 0
53 41 45 41 54 58 56 45 50 53 0
43 43 55 51 33 39 43 47 36 50 0
52 45 37 38 60 44 50 65 49 57 0
46 43 70 50 47 50 55 38 46 44 0
44 66 52 50 53 42 54 33 56 56 0
61 52 65 45 63 45 51 58 56 43 0
44 47 59 58 47 55 42 42 45 56 0
44 51 43 46 43 52 58 45 57 45 0
46 61 53 49 51 52 47 66 48 43 0
47 42 48 48 40 49 49 55 58 54 0
55 40 39 46 32 44 46 40 47 43 0
50 39 60 56 52 59 42 45 44 43 0
63 63 63 49 58 40 43 54 58 57 0
53 36 53 63 47 48 46 48 43 57 0
52 54 42 36 57 60 63 55 54 47 0
53 50 48 47 53 38 51 48 48 48 0
43 49 58 48 51 49 45 54 62 57 0
46 56 57 51 47 45 54 56 53 54 0
69 45 54 42 47 60 36 46 50 40 0
34 52 45 41 54 69 54 57 60 62 0
63 37 55 52 33 56 61 58 60 51 0
49 43 36 48 40 60 70 55 55 49 0
50 52 37 42 50 59 40 50 61 65 0
48 46 54 48 45 57 40 49 57 47 0
55 35 55 48 41 54 67 58 40 55 0
44 48 39 51 53 60 41 50 35 53 0
39 40 53 44 52 50 66 60 47 43 0
44 40 41 56 52 55 58 45 47 57 0
53 51 52 57 44 50 65 48 39 42 0
49 52 53 49 55 39 49 49 46 71 0
50 44 44 61 47 50 36 47 56 50 0
67 52 52 54 45 51 45 57 43 45 0
53 68 46 53 46 45 46 49 46 63 0
57 43 47 53 44 33 53 48 58 43 0
65 63 50 46 52 46 45 52 49 50 0
44 40 53 54 46 48 45 36 43 63 0
47 33 47 41 53 47 42 49 43 57 0
63 40 56 48 59 51 49 50 54 47 0
55 59 56 61 44 54 47 49 58 58 0
37 62 67 42 39 49 62 36 66 45 0
56 45 53 50 53 49 53 55 56 44 0
54 53 45 55 55 55 45 65 51 42 0
44 54 46 44 54 61 51 71 49 59 0
44 40 45 56 51 37 47 39 44 59 0
56 47 40 57 35 39 48 46 51 56 0
46 51 34 60 44 48 36 41 59 63 0
58 47 36 51 64 42 59 54 50 56 0
41 46 38 50 60 47 51 50 60 52 0
53 57 43 62 54 51 51 46 54 66 0
42 48 55 55 40 49 42 48 44 38 0
56 50 39 40 57 54 49 44 42 68 0
73 62 48 48 56 35 50 42 48 62 0
40 49 31 51 50 49 51 51 68 44 0
61 47 46 38 55 47 43 59 50 57 0
53 55 54 45 44 53 37 61 47 46 0
31 40 49 50 52 46 46 44 61 40 0
47 57 56 61 41 48 37 45 62 45 0
41 58 48 61 40 53 48 54 40 47 0
50 40 61 48 53 52 48 47 65 62 0
60 36 45 36 46 58 51 60 43 52 0
55 54 44 39 45 47 54 49 38 53 0
45 38 50 50 46 55 55 46 45 39 0
45 54 50 35 43 41 54 54 51 59 0
64 53 50 56 41 48 44 48 52 41 0
52 45 55 45 46 49 51 54 46 57 0
47 44 57 36 45 42 42 54 60 46 0
47 31 59 49 40 49 48 43 54 55 0
46 62 49 51 46 51 56 54 55 43 0
51 62 60 54 43 43 56 52 52 41 0
49 59 43 54 36 40 43 56 44 44 0
50 42 50 37 52 61 43 57 45 53 0
57 53 55 50 40 55 49 50 49 43 0
41 58 46 53 50 64 55 35 71 53 0
47 48 57 45 46 51 47 45 54 48 0
54 53 53 43 46 57 61 45 57 54 0
44 37 48 55 58 47 51 54 55 63 0
51 46 57 41 46 48 58 57 50 37 0
53 43 49 63 40 61 48 60 53 50 0
63 54 46 53 39 47 49 45 48 68 0
43 42 47 53 45 46 63 52 64 47 0
52 40 53 50 61 58 53 39 45 64 0
50 45 51 52 52 45 44 51 53 48 0
48 47 44 57 46 45 54 47 53 38 0
58 57 49 52 49 54 62 46 59 44 0
45 44 57 55 51 53 49 43 37 43 0
52 38 62 59 58 55 38 36 55 53 0
51 46 45 60 41 42 44 46 40 39 0
54 48 53 45 52 43 57 63 65 48 0
50 65 42 54 49 40 57 42 41 63 0
36 53 52 53 52 39 54 50 46 48 0
40 65 56 59 51 47 49 50 54 44 0
52 41 42 55 36 57 59 48 51 52 0
44 60 50 36 53 42 49 47 46 46 0
56 52 57 51 46 53 62 51 55 43 0
47 45 52 49 44 52 49 45 53 51 0
57 49 57 47 52 57 46 49 44 46 0
38 33 53 51 46 52 65 51 57 43 0
49 39 55 45 49 57 49 53 49 42 0
42 47 47 57 50 54 50 48 40 45 0
52 58 34 54 58 56 42 39 46 57 0
61 57 52 54 64 43 54 56 45 49 0
51 51 52 54 47 56 58 47 59 47 0
49 53 43 48 58 50 56 44 54 56 0
42 59 47 54 49 47 43 45 61 42 0
63 46 45 53 48 47 62 48 54 49 0
52 54 56 50 47 52 49 40 45 51 0
45 48 72 49 53 53 48 53 51 57 0
50 63 51 58 49 41 39 71 49 46 0
39 44 51 58 37 40 55 45 34 58 0
46 58 51 35 47 41 62 62 51 56 0
37 46 56 50 55 43 62 46 42 49 0
56 42 45 45 52 47 49 47 34 58 0
58 44 57 40 43 53 50 43 56 51 0
44 51 41 46 47 49 53 49 59 52 0
46 47 40 64 46 50 56 49 41 47 0
70 57 45 43 56 42 42 47 47 51 0
39 56 44 55 49 55 47 44 44 51 0
43 40 49 49 46 55 49 49 51 53 0
42 47 51 42 52 49 54 44 47 41 0
52 61 44 50 64 48 58 56 55 44 0
58 48 39 46 45 43 51 54 46 45 0
57 54 52 52 43 54 66 46 42 40 0
44 60 48 63 45 58 53 59 49 58 0
35 43 45 50 41 44 56 43 50 53 0
53 55 52 58 39 49 51 48 50 57 0
51 46 50 49 55 40 62 42 46 62 0
52 46 57 37 52 49 48 49 46 48 0
47 47 53 58 52 51 56 49 56 58 0
51 53 58 46 37 51 39 57 54 53 0
60 50 43 54 52 58 56 52 58 26 0
37 39 63 49 58 58 64 45 46 55 0
41 53 52 54 49 45 50 54 46 43 0
48 49 39 39 54 53 47 45 56 60 0
47 51 50 54 59 52 46 47 49 48 0
51 65 53 46 55 56 33 51 54 55 0
59 55 40 51 47 44 55 48 49 58 0
48 42 45 46 46 43 48 46 45 46 0
53 55 42 54 39 46 42 53 40 50 0
54 45 52 48 51 54 64 54 46 42 0
49 53 55 57 40 48 50 51 51 44 0
44 30 46 35 42 57 43 35 41 46 0
41 61 46 45 57 55 47 33 55 44 0
43 51 45 41 58 39 61 67 45 47 0
53 49 53 53 35 46 53 60 50 46 0
60 43 45 43 57 49 47 54 43 39 0
45 59 47 45 45 47 46 66 43 49 0
67 45 47 57 55 55 49 55 52 51 0
50 45 58 47 46 48 46 53 48 33 0
51 66 37 59 52 53 51 52 54 49 0
54 49 52 40 46 54 44 53 46 47 0
66 50 64 39 63 63 60 55 59 45 0
41 49 58 46 49 54 51 32 49 65 0
48 43 51 43 47 53 47 45 39 53 0
37 58 50 54 56 67 41 51 48 43 0
57 52 58 66 43 42 47 56 47 47 0
47 61 43 59 60 41 50 53 52 62 0
51 40 52 54 44 53 33 53 50 55 0
49 38 42 35 57 43 52 57 51 60 0
62 41 58 48 44 53 41 53 46 46 0
52 50 60 61 70 44 46 57 37 47 0
65 41 45 54 54 53 34 61 53 46 0
49 42 56 42 52 44 54 55 51 46 0
42 46 51 61 43 52 58 39 38 47 0
45 60 50 58 38 48 61 42 62 59 0
51 57 66 51 53 46 48 36 45 48 0
57 50 56 56 59 39 46 51 49 42 0
51 47 39 47 39 56 48 40 41 59 0
67 46 56 57 47 51 58 50 48 48 0
53 46 58 61 47 48 45 61 39 57 0
62 50 50 48 39 52 56 41 40 58 0
57 42 53 46 47 42 62 57 49 47 0
61 52 39 40 47 41 48 55 54 50 0
58 49 38 71 50 48 43 54 53 48 0
46 58 32 40 50 49 50 39 44 62 0
38 49 43 42 53 45 46 45 43 43 0
42 51 48 46 49 57 45 46 42 60 0
49 50 62 49 50 52 47 46 52 47 0
46 48 52 45 34 59 50 51 50 49 0
49 56 46 40 44 47 56 51 51 42 0
47 44 66 39 53 63 56 51 44 49 0
53 44 42 51 42 48 51 58 47 49 0
38 49 54 44 43 56 53 50 47 51 0
55 56 52 59 33 58 54 50 42 48 0
43 54 65 49 56 39 57 50 53 41 0
37 44 59 52 47 46 56 56 53 51 0
62 50 43 45 58 51 54 54 41 58 0
54 46 50 56 43 61 55 43 46 50 0
48 46 55 45 51 55 57 51 66 49 0
43 64 67 46 59 45 68 55 62 37 0
59 38 42 59 47 58 56 44 43 42 0
54 46 50 68 49 51 50 37 51 48 0
51 58 44 49 56 51 59 38 60 64 0
49 44 44 39 45 48 51 53 47 52 0
52 60 48 42 41 57 55 52 49 35 0
58 44 50 46 46 48 55 42 59 50 0
45 61 49 46 56 41 35 51 56 61 0
36 43 65 45 48 47 45 65 51 61 0
49 48 54 51 31 55 58 56 49 53 0
62 41 57 42 46 42 56 64 53 48 0
47 55 44 45 53 56 57 51 65 52 0
69 54 44 54 51 50 43 51 53 52 0
47 53 65 54 50 55 52 50 52 51 0
57 55 58 55 44 54 59 44 51 48 0
39 40 49 51 52 42 39 60 52 36 0
59 45 37 46 56 50 58 53 63 53 0
44 59 54 44 65 59 57 48 56 46 0
39 50 57 51 44 40 60 52 56 62 0
40 49 58 56 63 40 47 60 57 53 0
43 54 47 47 61 56 62 42 45 57 0
56 53 43 44 54 27 56 55 46 59 0
49 51 45 55 53 44 51 59 49 57 0
63 43 44 46 51 37 49 46 48 44 0
47 55 47 58 44 52 58 45 45 46 0
54 53 44 44 55 53 45 50 55 55 0
58 38 33 68 48 49 53 44 49 65 0
53 48 48 46 38 49 70 48 54 57 0
48 41 43 57 52 67 46 43 53 53 0
54 53 50 48 56 38 46 50 37 55 0
56 50 48 52 65 55 48 45 49 60 0
44 51 59 42 47 38 48 55 47 48 0
44 48 65 53 45 49 44 34 40 48 0
47 48 44 46 56 54 45 53 65 51 0
56 53 57 62 47 54 58 57 59 56 0
47 57 42 50 48 45 53 67 50 56 0
51 47 42 49 52 58 53 48 53 53 0
46 62 47 43 53 50 56 42 50 58 0
50 46 38 42 67 44 54 37 48 46 0
53 45 45 54 51 47 52 46 61 59 0
56 47 49 59 42 56 44 51 66 55 0
50 52 48 67 53 48 56 55 54 42 0
45 56 51 39 47 42 52 41 50 57 0
48 51 43 59 64 58 44 49 49 44 0
61 44 36 58 47 41 46 47 44 48 0
52 49 60 33 45 46 51 57 48 48 0
57 44 49 46 49 47 60 70 63 37 0
45 49 53 43 50 53 41 50 44 49 0
44 45 42 61 48 53 52 52 61 58 0
45 50 45 49 53 44 52 53 41 46 0
56 57 42 47 49 60 45 42 41 53 0
49 48 48 45 35 54 59 48 54 48 0
38 38 53 44 58 56 51 54 48 46 0
59 56 54 35 44 46 52 44 33 50 0
50 45 52 32 63 51 44 42 45 58 0
63 60 54 49 48 46 48 45 54 54 0
59 49 45 62 45 48 52 56 36 56 0
46 46 49 44 45 48 39 57 51 62 0
56 51 53 47 61 49 59 58 48 47 0
45 59 57 58 61 57 49 56 51 59 0
49 49 48 43 37 50 48 55 47 58 0
60 39 66 45 55 46 50 39 44 33 0
48 49 56 47 61 42 51 55 51 49 0
55 48 45 66 49 43 50 65 51 38 0
48 51 50 46 54 49 53 49 53 51 0
57 53 53 49 43 41 52 55 41 54 0
41 30 62 53 52 58 41 41 54 58 0
45 38 52 54 48 48 41 56 41 41 0
53 53 57 44 53 40 55 44 40 40 0
62 58 47 44 46 51 46 44 63 45 0
45 53 43 50 42 61 46 51 54 58 0
47 47 44 52 49 54 58 48 52 38 0
57 51 52 48 48 49 48 40 48 56 0
51 60 47 61 48 62 56 44 59 50 0
52 50 45 58 46 57 62 62 61 37 0
57 50 58 56 55 47 44 57 54 48 0
54 53 49 49 57 32 55 44 63 50 0
46 53 51 50 47 48 53 62 58 51 0
33 53 48 47 50 51 50 51 39 55 0
44 57 43 57 50 50 51 44 54 61 0
55 46 52 39 57 57 51 58 42 53 0
34 48 46 51 53 56 46 45 53 68 0
49 47 43 53 41 51 47 38 45 45 0
48 50 47 58 56 50 38 50 49 53 0
52 62 42 52 56 49 39 48 42 66 0
38 41 52 56 55 51 45 50 49 50 0
56 47 56 63 44 58 52 50 40 35 0
57 45 45 47 48 55 48 60 45 42 0
51 40 48 67 41 46 52 56 56 50 0
49 66 51 40 51 44 49 48 57 60 0
54 59 52 49 53 47 56 51 55 53 0
50 61 57 41 46 51 51 53 44 47 0
48 59 50 53 46 66 47 57 58 59 0
51 43 53 54 59 52 43 52 57 54 0
57 52 51 58 63 49 48 50 48 49 0
35 53 58 49 43 47 54 37 45 52 0
44 53 46 44 51 60 52 50 57 40 0
68 52 45 40 50 51 47 42 52 42 0
49 53 58 43 55 33 53 53 59 54 0
46 48 48 43 48 57 41 42 49 44 0
41 50 49 57 52 48 40 47 51 53 0
51 57 45 43 47 50 49 54 51 66 0
47 55 50 38 45 49 58 66 53 51 0
57 55 63 58 65 49 57 46 48 59 0
36 56 55 53 41 51 39 54 60 56 0
87 55 37 47 45 41 50 68 54 60 0
52 50 49 42 55 57 43 52 48 50 0
61 56 49 50 39 49 54 41 60 45 0
48 55 57 52 55 60 39 60 48 48 0
48 49 55 44 57 42 58 39 50 54 0
39 43 46 56 52 38 56 51 42 60 0
59 64 43 56 73 49 59 43 33 42 0
61 51 52 59 39 60 61 53 49 50 0
42 49 55 69 45 41 53 54 42 54 0
47 42 39 48 57 56 43 58 41 51 0
38 49 47 55 49 55 66 55 36 58 0
50 51 62 59 51 45 47 42 61 51 0
48 44 59 35 52 56 56 58 45 51 0
55 48 44 57 56 46 57 46 54 54 0
43 51 44 44 48 43 37 45 59 58 0
33 41 55 38 42 47 36 48 52 42 0
46 46 52 55 45 51 54 48 39 47 0
62 40 50 47 53 48 49 49 60 54 0
47 56 52 49 44 44 48 51 48 49 0
54 42 44 48 54 44 46 52 60 51 0
33 55 47 56 48 54 51 54 46 47 0
54 49 61 43 48 42 47 51 43 47 0
54 56 52 32 60 50 48 50 56 62 0
46 68 65 53 46 45 50 63 55 58 0
38 45 64 56 52 54 53 37 40 35 0
44 46 56 47 50 52 52 55 54 41 0
54 45 38 45 54 69 37 50 43 50 0
52 53 41 45 42 48 52 40 64 58 0
44 55 51 48 52 45 44 55 54 51 0
46 58 48 46 47 46 46 43 40 55 0
47 52 42 40 54 47 65 48 42 51 0
48 42 41 45 55 52 40 48 41 51 0
44 53 65 55 75 59 55 58 43 47 0
49 47 55 51 53 47 51 44 49 48 0
56 56 60 54 55 44 71 42 71 47 0
52 57 49 47 59 42 59 44 52 52 0
39 40 67 51 45 49 53 56 63 42 0
48 44 39 37 50 44 60 48 39 35 0
50 57 46 50 47 51 50 49 58 56 0
39 60 50 52 52 52 48 58 57 42 0
54 54 44 42 46 46 53 56 49 54 0
59 55 52 51 51 46 54 43 48 54 0
52 55 45 43 45 62 46 50 53 47 0
48 53 63 44 46 51 56 54 51 54 0
62 48 47 55 51 46 47 51 58 43 0
41 57 51 40 49 59 44 54 45 44 0
58 44 50 69 63 46 50 45 41 54 0
54 47 49 58 35 68 49 57 40 49 0
42 58 43 68 55 43 45 57 53 48 0
49 52 39 54 47 48 43 55 51 43 0
41 54 56 45 47 48 46 40 70 42 0
50 57 52 52 56 54 49 39 39 46 0
56 52 56 67 49 54 51 50 58 50 0
49 48 35 43 48 60 47 51 43 56 0
53 40 47 58 44 63 61 44 49 49 0
52 48 44 52 37 65 47 41 52 45 0
43 48 64 65 56 45 59 65 46 46 0
49 39 56 39 47 34 46 44 55 43 0
65 44 55 44 51 46 42 63 46 42 0
48 41 48 40 54 49 44 47 48 42 0
53 65 52 48 52 56 49 41 55 57 0
47 52 53 42 42 57 44 43 47 49 0
62 44 55 51 47 48 63 60 40 45 0
65 49 41 47 45 47 45 55 47 60 0
46 49 55 44 69 55 51 53 56 51 0
56 44 46 47 45 50 44 52 53 56 0
52 54 30 43 49 53 42 45 59 53 0
57 50 53 52 48 42 52 57 54 61 0
47 45 45 36 57 41 54 59 54 54 0
40 52 47 46 56 58 50 49 47 60 0
56 50 44 56 56 55 46 53 59 49 0
49 52 37 50 50 44 47 57 35 51 0
54 53 51 58 49 52 47 45 60 55 0
57 53 59 43 51 57 35 43 64 49 0
52 62 49 59 59 54 46 57 54 42 0
59 47 40 59 60 53 55 43 55 44 0
54 53 34 51 61 49 54 54 52 55 0
47 59 44 38 46 57 54 56 48 49 0
36 42 55 46 53 57 44 44 58 62 0
51 43 43 45 44 50 41 45 44 45 0
51 42 46 57 41 44 49 41 39 48 0
50 53 49 37 50 44 46 49 51 46 0
50 48 55 34 49 53 34 54 43 39 0
58 63 54 44 48 52 46 44 51 52 0
55 43 62 61 54 55 62 41 49 45 0
39 61 49 58 52 52 43 45 37 47 0
51 55 46 57 46 54 43 52 59 55 0
49 41 53 46 66 41 66 44 61 44 0
52 45 50 44 46 43 45 46 46 56 0
55 58 56 48 47 41 47 49 45 60 0
56 53 51 70 51 53 49 56 37 53 0
56 44 42 49 50 67 55 43 54 50 0
47 50 58 52 47 38 53 60 49 53 0
56 33 48 52 44 56 62 61 48 56 0
60 47 45 46 66 51 64 51 56 56 0
47 46 54 46 60 55 54 44 46 49 0
49 55 45 45 50 58 45 57 54 64 0
41 55 56 43 57 51 42 53 58 55 0
48 51 45 40 48 57 49 61 54 49 0
48 58 63 32 48 40 64 51 57 49 0
59 57 55 46 56 60 66 48 39 51 0
50 51 42 33 44 53 46 50 52 42 0
58 53 37 59 59 41 51 51 52 46 0
60 52 56 59 55 39 54 48 45 47 0
47 51 40 57 67 56 68 49 56 58 0
46 48 47 53 49 50 48 62 42 64 0
47 51 60 52 54 44 52 45 46 46 0
51 62 46 39 65 59 44 44 38 58 0
46 50 49 59 45 56 41 63 55 58 0
30 48 49 46 35 61 58 55 53 46 0
51 54 60 52 63 60 46 54 53 48 0
46 46 61 53 41 39 44 68 51 58 0
51 60 43 43 46 52 34 55 37 53 0
47 51 43 50 44 56 39 48 58 55 0
51 66 58 52 54 54 61 55 52 40 0
62 35 44 51 50 50 47 64 52 48 0
51 48 47 51 56 49 45 57 45 55 0
54 49 52 44 41 43 49 52 49 47 0
50 49 45 61 62 39 37 45 39 44 0
47 51 54 48 57 53 56 55 42 44 0
49 50 53 45 61 47 46 61 44 62 0
59 59 42 52 54 53 58 53 58 56 0
