1.0000 0.0000 0.0000 0.0000 0.0308 0.7368 0.0962 0.0000 0.0000 0.0000 0.0000
1.0000 0.5510 0.2037 0.0000 0.0385 0.0000 0.0000 0.0000 0.0000 0.0000 0.0000
1.0000 0.0000 0.0000 0.0000 0.0000 0.1404 0.0000 0.0000 0.0222 0.0000 0.0000
0.9697 0.6939 0.6066 0.6200 0.2093 0.0000 0.0000 0.0000 0.0000 0.0000 0.0000
1.0000 0.0000 0.0000 0.0000 0.0000 0.8077 0.0000 0.0980 0.2500 0.0000 0.0000
1.0000 0.7143 0.1795 0.0577 0.0000 0.0000 0.0000 0.0000 0.2083 0.0000 0.0000
1.0000 0.7308 0.6667 0.4583 0.4681 0.0204 0.0000 0.0000 0.0000 0.0000 0.0000
1.0000 0.0000 0.0000 0.0000 0.0000 0.7368 0.0000 0.0000 0.0000 0.0000 0.0000
1.0000 0.9792 0.2791 0.0851 0.0189 0.0000 0.0000 0.0426 0.0182 0.0000 0.0000
0.9302 0.0000 0.0000 0.0000 0.0000 0.4375 0.0392 0.0000 0.0000 0.0000 0.0000
1.0000 0.0000 0.0000 0.0000 0.0000 0.8519 0.1607 0.0000 0.0000 0.0000 0.0000
1.0000 0.0000 0.0000 0.0000 0.0000 0.5750 0.0222 0.0213 0.0182 0.1220 0.0000
1.0000 0.8966 0.8679 0.5556 0.0167 0.0000 0.0862 0.0192 0.1091 0.0000 0.0000
1.0000 0.9298 0.6393 0.7000 0.0000 0.0000 0.0000 0.0137 0.0000 0.0000 0.0000
1.0000 0.0000 0.0000 0.0000 0.0345 0.6458 0.0370 0.0000 0.2250 0.0000 0.0000
1.0000 0.7609 0.0000 0.0000 0.0000 0.0000 0.0000 0.0000 0.0000 0.0000 0.0000
1.0000 0.0000 0.0000 0.0500 0.0870 0.6200 0.0000 0.8305 0.0000 0.0000 0.0000
1.0000 0.0000 0.0000 0.0000 0.0000 0.7541 0.0000 0.7119 0.0000 0.0000 0.0000
0.9800 0.0000 0.0270 0.0000 0.0000 0.3404 0.1887 0.0000 0.0000 0.0000 0.0000
1.0000 0.0000 0.0000 0.0000 0.0000 0.0000 0.0000 0.0000 0.0000 0.0000 0.0000
1.0000 1.0000 0.4231 0.4600 0.0196 0.0370 0.0000 0.0000 0.0889 0.0000 0.0000
1.0000 0.0196 0.0652 0.0192 0.0000 0.8667 0.0000 0.0000 0.4483 0.0000 0.0000
1.0000 0.9189 0.0000 0.0465 0.0000 0.0000 0.0000 0.0244 0.0185 0.0000 0.0000
0.9756 0.0000 0.0000 0.0000 0.0000 0.7209 0.0000 0.5000 0.0000 0.0370 0.0000
1.0000 0.0256 0.0000 0.0000 0.0000 0.6852 0.0000 0.0000 0.0000 0.0000 0.0000
1.0000 0.0175 0.0000 0.0000 0.0000 0.1837 0.0000 0.0000 0.0926 0.0000 0.0000
1.0000 0.4894 0.2222 0.0000 0.0000 0.0000 0.0000 0.0000 0.0000 0.0000 0.0000
0.9608 0.7755 0.8372 0.0000 0.0000 0.0000 0.0000 0.0000 0.0000 0.0000 0.0000
1.0000 0.4545 0.0000 0.0000 0.0000 0.0000 0.0213 0.0250 0.1250 0.0000 0.0000
1.0000 0.0000 0.0000 0.0000 0.0000 1.0000 0.0000 0.1270 0.0000 0.0588 0.0000
1.0000 0.0976 0.0000 0.0000 0.0000 0.0000 0.0000 0.1636 0.0789 0.0000 0.0000
0.9649 0.7200 0.1852 0.0000 0.1034 0.0208 0.0000 0.0000 0.0000 0.0000 0.0000
1.0000 0.9302 0.1622 0.2623 0.0204 0.0204 0.0000 0.0000 0.0652 0.0000 0.0000
1.0000 0.7077 0.5745 0.0000 0.0000 0.0000 0.0000 0.0179 0.0000 0.0000 0.0000
1.0000 0.0000 0.1053 0.0351 0.0000 0.3684 0.0000 0.0000 0.5714 0.0000 0.0000
1.0000 0.0000 0.0000 0.0208 0.0000 0.4884 0.1837 0.0000 0.0000 0.0000 0.0000
1.0000 0.0000 0.0000 0.0000 0.0000 0.5254 0.0566 0.0816 0.0000 0.1750 0.0000
0.9296 0.1887 0.0000 0.0000 0.0000 0.3750 0.0189 0.0000 0.0000 0.0164 0.0000
1.0000 0.0769 0.0000 0.0000 0.0000 0.8039 0.1091 0.0000 0.0000 0.4375 0.0000
0.9583 0.9388 0.5625 0.1538 0.0000 0.0000 0.0741 0.0000 0.0000 0.0000 0.0000
1.0000 0.0000 0.0000 0.0000 0.0000 0.5600 0.3939 0.0000 0.0000 0.0179 0.0000
0.9828 0.0000 0.0196 0.0000 0.0000 0.9565 0.0000 0.0000 0.5714 0.0857 0.0000
1.0000 0.0800 0.0000 0.0000 0.0217 0.8571 0.0000 0.3200 0.0377 0.0000 0.0000
1.0000 0.9362 0.7213 0.2250 0.0000 0.0000 0.0000 0.0000 0.0000 0.0000 0.0000
1.0000 0.0385 0.0185 0.0000 0.0000 0.0000 0.0167 0.0000 0.0000 0.0000 0.0000
1.0000 0.7292 0.8400 0.6829 0.3279 0.0000 0.0652 0.0000 0.0000 0.0000 0.0000
1.0000 0.0167 0.0000 0.0000 0.0000 0.8545 0.0000 0.1091 0.0000 0.0000 0.0000
0.9216 0.9796 0.5952 0.2321 0.0000 0.0000 0.0000 0.1000 0.0000 0.0000 0.0000
1.0000 0.0000 0.0000 0.0000 0.0000 0.5600 0.0000 0.0000 0.0000 0.0000 0.0000
0.9500 0.0000 0.0000 0.0000 0.0000 0.0000 0.0000 0.0000 0.0000 0.0000 0.0000
1.0000 0.0000 0.0000 0.0682 0.0000 0.9038 0.4694 0.0000 0.0000 0.0000 0.0000
1.0000 0.0000 0.0556 0.0000 0.0000 0.8636 0.0000 0.0000 0.0000 0.0000 0.0000
1.0000 0.6111 0.4583 0.0200 0.0000 0.0000 0.0000 0.0000 0.0000 0.0000 0.0000
0.7805 0.9615 0.5000 0.3929 0.0000 0.0000 0.0196 0.0000 0.0000 0.0000 0.0000
1.0000 0.0526 0.0000 0.0200 0.0000 0.9231 0.0000 0.6522 0.0000 0.0000 0.0000
1.0000 0.0000 0.0000 0.0000 0.0000 0.9130 0.2597 0.0000 0.0000 0.0208 0.0000
1.0000 0.0000 0.0000 0.0000 0.0000 0.9744 0.0000 0.0000 0.0435 0.4082 0.0000
1.0000 0.2857 0.2188 0.0000 0.0000 0.0000 0.0000 0.0833 0.0000 0.0161 0.0000
1.0000 0.0000 0.0000 0.0000 0.0000 0.5000 0.0000 0.2826 0.0000 0.0000 0.0000
1.0000 0.0000 0.0000 0.0000 0.0000 0.0208 0.0000 0.0000 0.0517 0.0000 0.0000
1.0000 0.1509 0.0000 0.0000 0.0000 0.0000 0.0208 0.0000 0.0000 0.0185 0.0000
1.0000 0.0000 0.0000 0.0000 0.0000 0.4727 0.0000 0.0000 0.2222 0.0000 0.0000
1.0000 0.0185 0.0000 0.0000 0.0000 0.6400 0.0000 0.0000 0.4565 0.0000 0.0000
1.0000 0.0185 0.0000 0.0000 0.0000 0.7500 0.0000 0.1429 0.0000 0.0200 0.0000
1.0000 0.0000 0.0000 0.0000 0.0000 0.4783 0.0545 0.0000 0.0476 0.0000 0.0000
1.0000 0.0000 0.0000 0.0000 0.0000 0.4314 0.1163 0.0000 0.0000 0.0000 0.0000
1.0000 0.7679 0.0000 0.0000 0.0000 0.0000 0.3077 0.0000 0.0000 0.0000 0.0000
1.0000 0.0179 0.0000 0.0370 0.0000 0.8000 0.0000 0.0000 0.3725 0.0000 0.0000
1.0000 0.0244 0.1136 0.0476 0.0000 0.9242 0.5000 0.0204 0.0000 0.2857 0.0000
1.0000 0.9818 0.2600 0.0000 0.0192 0.0000 0.0000 0.0000 0.0000 0.0000 0.0000
1.0000 0.0000 0.0000 0.0000 0.0000 0.7872 0.0769 0.0357 0.0000 0.0000 0.0000
0.9756 0.6596 0.6200 0.0200 0.0000 0.0769 0.0877 0.0000 0.0217 0.0000 0.0000
1.0000 0.0000 0.0000 0.0227 0.0000 0.6500 0.0000 0.3077 0.0175 0.0000 0.0000
1.0000 0.0175 0.0000 0.0000 0.0000 0.0000 0.0702 0.0000 0.0600 0.0000 0.0000
1.0000 0.0000 0.0333 0.0000 0.0000 0.9623 0.0000 0.0000 0.7458 0.0000 0.0000
1.0000 0.0000 0.0000 0.0000 0.0000 0.8214 0.0000 0.0000 0.1964 0.0000 0.0000
1.0000 0.7111 0.6957 0.0741 0.0213 0.0339 0.0000 0.0200 0.0000 0.0000 0.0000
1.0000 0.0000 0.0000 0.0179 0.0000 0.2000 0.0000 0.0204 0.0577 0.0000 0.0000
1.0000 0.6964 0.6136 0.7143 0.2308 0.0408 0.0000 0.0000 0.0000 0.0000 0.0000
1.0000 0.1961 0.0000 0.0377 0.0000 0.1400 0.0000 0.0000 0.0000 0.0000 0.0000
0.9535 0.0000 0.0000 0.0000 0.0000 0.0000 0.0000 0.0000 0.0169 0.0000 0.0000
1.0000 0.8364 0.0000 0.1636 0.0227 0.0000 0.0000 0.0000 0.0000 0.0000 0.0000
0.9773 0.6222 0.0000 0.0000 0.0000 0.0000 0.0204 0.0000 0.0000 0.0000 0.0000
1.0000 0.0000 0.0370 0.0000 0.0222 0.4524 0.0208 0.0000 0.0182 0.0000 0.0000
1.0000 0.8333 0.6122 0.4419 0.0000 0.0000 0.0333 0.0000 0.0000 0.0000 0.0000
0.7358 0.0000 0.0000 0.0244 0.0000 0.7069 0.1786 0.0000 0.0200 0.0000 0.0000
1.0000 0.0000 0.0000 0.0000 0.0000 0.7179 0.0000 0.0000 0.0000 0.0000 0.0000
0.8654 0.2444 0.0270 0.0526 0.0000 0.0000 0.0200 0.0462 0.0000 0.0175 0.0000
1.0000 0.0233 0.0000 0.0000 0.0000 0.8000 0.0000 0.0000 0.4565 0.0000 0.0000
1.0000 0.9545 0.4808 0.5400 0.0000 0.0000 0.0370 0.0000 0.0000 0.0000 0.0000
1.0000 0.0000 0.0000 0.0000 0.0000 0.2889 0.0392 0.0000 0.0000 0.0000 0.0000
1.0000 0.7234 0.0847 0.0000 0.0000 0.0000 0.0000 0.0000 0.0667 0.0000 0.0000
1.0000 0.0000 0.0000 0.0000 0.0000 0.7308 0.4655 0.0222 0.0000 0.1111 0.0000
1.0000 0.8525 0.0000 0.0408 0.0000 0.0192 0.0213 0.0000 0.3542 0.0000 0.0000
1.0000 0.0000 0.0000 0.0000 0.0250 0.4082 0.0000 0.0000 0.0172 0.0000 0.0000
1.0000 0.8000 0.5128 0.0870 0.4062 0.0682 0.0000 0.0000 0.0000 0.0000 0.0000
1.0000 0.0000 0.0000 0.0000 0.0192 0.4576 0.0000 0.0000 0.4545 0.0233 0.0000
1.0000 0.7460 0.3016 0.2041 0.4655 0.0750 0.0000 0.0000 0.0000 0.0000 0.0000
0.9434 0.9722 0.6226 0.3016 0.0000 0.0000 0.1304 0.1667 0.0233 0.0000 0.0000
1.0000 0.1111 0.0000 0.0000 0.0526 0.8833 0.0000 0.0000 0.2037 0.0000 0.0000
1.0000 0.0000 0.0000 0.0000 0.0000 0.9474 0.2941 0.0000 0.0000 0.2083 0.0000
0.9302 0.0000 0.0000 0.0000 0.0000 0.6939 0.0000 0.0185 0.6935 0.0000 0.0000
1.0000 0.0000 0.0000 0.0000 0.0000 0.9778 0.6667 0.0000 0.0000 0.0185 0.0000
1.0000 0.0000 0.0000 0.0000 0.0000 0.6333 0.0000 0.6304 0.0000 0.0000 0.0000
0.9118 0.0192 0.0000 0.0000 0.0000 0.8696 0.2222 0.0000 0.0000 0.0000 0.0000
1.0000 0.0000 0.0000 0.0000 0.0000 0.5714 0.0000 0.0000 0.1333 0.0000 0.0000
0.9796 0.7442 0.0556 0.0208 0.0000 0.0000 0.0000 0.0000 0.0000 0.0816 0.0000
1.0000 0.6346 0.0000 0.0000 0.0000 0.0000 0.0000 0.0000 0.0000 0.0308 0.0000
1.0000 0.0000 0.0556 0.0000 0.0000 0.4912 0.0000 0.0408 0.0000 0.0000 0.0000
1.0000 0.2571 0.1455 0.0000 0.0000 0.0000 0.0448 0.0000 0.0000 0.0000 0.0000
1.0000 0.8125 0.4872 0.0000 0.0000 0.0000 0.0000 0.2000 0.0000 0.0000 0.0000
1.0000 0.0000 0.0000 0.0682 0.0000 0.6800 0.0000 0.0500 0.4468 0.0000 0.0000
1.0000 0.6500 0.2683 0.1250 0.0192 0.0182 0.0345 0.0000 0.0000 0.0000 0.0000
0.9623 0.5686 0.0000 0.0000 0.0455 0.0400 0.0000 0.0000 0.0256 0.0000 0.0000
1.0000 0.0385 0.0000 0.0000 0.0182 0.5897 0.0000 0.0000 0.0000 0.3380 0.0000
1.0000 0.0682 0.0000 0.0000 0.0000 0.4800 0.0000 0.0000 0.0000 0.2600 0.0000
1.0000 0.0000 0.0192 0.0000 0.0000 0.5098 0.0000 0.1228 0.0000 0.0000 0.0000
1.0000 0.0147 0.0000 0.0000 0.0000 0.0000 0.0000 0.0000 0.0000 0.0000 0.0000
0.8947 0.0000 0.0000 0.0000 0.0000 0.7576 0.0000 0.1042 0.3621 0.0000 0.0000
1.0000 0.0000 0.0000 0.0217 0.0000 0.3261 0.4222 0.0000 0.0000 0.0000 0.0000
1.0000 0.0000 0.0377 0.0185 0.0000 0.8958 0.0000 0.0278 0.6977 0.0000 0.0000
1.0000 0.0000 0.0000 0.0000 0.0000 1.0000 0.0000 0.7959 0.0000 0.0175 0.0000
1.0000 0.8500 0.8214 0.3333 0.3220 0.0000 0.0000 0.0400 0.0000 0.0000 0.0000
1.0000 0.0000 0.0000 0.0492 0.0000 0.9630 0.0638 0.0000 0.0000 0.0000 0.0000
1.0000 0.0000 0.0000 0.0000 0.0513 0.8776 0.5968 0.0000 0.0000 0.1333 0.0000
1.0000 0.4667 0.4151 0.0800 0.0000 0.0000 0.0000 0.0000 0.0000 0.0000 0.0000
0.9815 0.0000 0.0000 0.0000 0.0364 0.5091 0.4667 0.0000 0.0000 0.1429 0.0000
1.0000 0.0000 0.0435 0.0000 0.1111 0.9180 0.0000 0.0000 0.0816 0.0508 0.0000
1.0000 0.9000 0.0000 0.0000 0.0000 0.0270 0.0000 0.0000 0.0000 0.0000 0.0000
1.0000 0.7447 0.0000 0.0000 0.0286 0.0256 0.0000 0.0000 0.0000 0.0000 0.0000
0.9783 0.0000 0.2353 0.0000 0.0455 0.0417 0.0833 0.0244 0.0000 0.0000 0.0000
0.9828 0.0638 0.0000 0.0000 0.0000 0.2143 0.0000 0.0000 0.0000 0.0000 0.0000
1.0000 1.0000 0.2895 0.1000 0.0333 0.0000 0.0000 0.0000 0.0000 0.0000 0.0000
0.9811 0.0000 0.0000 0.0000 0.0185 0.0000 0.0000 0.0000 0.0000 0.0000 0.0000
1.0000 0.2917 0.0000 0.0000 0.2000 0.0000 0.0000 0.0833 0.0227 0.0000 0.0000
1.0000 0.0000 0.0000 0.0000 0.0000 0.4259 0.0000 0.0000 0.0000 0.0147 0.0000
0.9863 0.6452 0.0000 0.0000 0.0000 0.0000 0.1400 0.0000 0.0000 0.0000 0.0000
1.0000 0.0000 0.0000 0.0000 0.0000 0.7959 0.5490 0.0000 0.0000 0.0000 0.0000
0.9836 0.0000 0.0000 0.0000 0.0000 0.8298 0.0000 0.0000 0.0000 0.0000 0.0000
0.8868 0.1818 0.0000 0.0000 0.0227 0.0000 0.0000 0.0000 0.0426 0.0000 0.0000
1.0000 0.0000 0.0816 0.0000 0.0000 0.7391 0.0000 0.0000 0.0820 0.1500 0.0000
1.0000 0.2105 0.0000 0.0000 0.0000 0.5833 0.0000 0.1111 0.0000 0.0000 0.0000
0.9756 0.0000 0.0000 0.0000 0.0000 0.0000 0.0000 0.0000 0.0000 0.0426 0.0000
0.9800 0.1250 0.0000 0.0000 0.0000 0.0000 0.0000 0.0000 0.0000 0.0000 0.0000
1.0000 0.1111 0.0222 0.0833 0.1087 0.0000 0.0588 0.0000 0.0930 0.0000 0.0000
1.0000 0.0000 0.0000 0.0000 0.0667 0.5745 0.0000 0.3265 0.0000 0.0000 0.0000
1.0000 0.0789 0.0000 0.0000 0.0217 0.8909 0.1636 0.0217 0.0000 0.0000 0.0000
1.0000 0.8704 0.8800 0.3143 0.2558 0.0000 0.0000 0.0000 0.0000 0.0000 0.0000
1.0000 0.2264 0.0000 0.0179 0.0000 0.0000 0.0227 0.0000 0.0000 0.0000 0.0000
1.0000 0.0000 0.0545 0.0000 0.0000 0.0000 0.0000 0.0000 0.0000 0.0175 0.0000
1.0000 0.0000 0.0000 0.0000 0.0000 0.9286 0.8333 0.0000 0.0333 0.0000 0.0000
1.0000 0.1290 0.0000 0.0612 0.0000 0.4286 0.0000 0.0000 0.0000 0.0545 0.0000
1.0000 0.0000 0.0204 0.0000 0.0000 0.0000 0.0000 0.0370 0.0000 0.0000 0.0000
1.0000 0.0000 0.0000 0.0000 0.0000 0.5581 0.2321 0.0192 0.0192 0.6585 0.0000
0.9796 1.0000 0.8837 0.8333 0.0000 0.0000 0.0000 0.0000 0.0000 0.0000 0.0000
1.0000 0.0000 0.0200 0.0000 0.0000 0.4098 0.0000 0.2281 0.3556 0.0000 0.0000
1.0000 0.8679 0.7273 0.4400 0.0750 0.0000 0.0000 0.0000 0.0000 0.0233 0.0000
0.9756 0.0000 0.0000 0.0000 0.0000 0.9375 0.2909 0.0000 0.0000 0.1509 0.0000
0.9787 0.0000 0.0000 0.0000 0.0000 0.9804 0.0000 0.0444 0.1296 0.0000 0.0000
1.0000 0.4528 0.0000 0.0000 0.0217 0.0000 0.0000 0.0000 0.0000 0.0000 0.0000
1.0000 0.7568 0.6458 0.4364 0.2931 0.0000 0.0000 0.0000 0.0000 0.0159 0.0000
1.0000 0.0000 0.0000 0.0000 0.0000 0.6250 0.0000 0.0000 0.2400 0.0000 0.0000
1.0000 0.0000 0.0000 0.0000 0.0500 0.4262 0.0000 0.0167 0.2642 0.0000 0.0000
1.0000 0.0000 0.0000 0.0377 0.0000 0.1915 0.0000 0.0000 0.0000 0.0000 0.0000
1.0000 0.0000 0.0213 0.0000 0.0000 0.8043 0.7143 0.0000 0.0156 0.0000 0.0000
0.9808 0.0250 0.0000 0.0000 0.0820 0.5517 0.0000 0.0256 0.6444 0.0000 0.0000
1.0000 0.0222 0.0000 0.0000 0.0000 0.4667 0.3864 0.0000 0.0000 0.2708 0.0000
1.0000 0.0000 0.0000 0.0175 0.0000 1.0000 0.2222 0.0000 0.0000 0.3947 0.0000
1.0000 0.0000 0.0000 0.0000 0.0816 0.0000 0.0000 0.0000 0.0508 0.0682 0.0000
0.8667 0.7273 0.2632 0.0545 0.0000 0.0000 0.0000 0.0000 0.0000 0.0000 0.0000
1.0000 0.0000 0.0484 0.0000 0.0000 0.4000 0.0000 0.0000 0.0000 0.0000 0.0000
1.0000 0.0000 0.0000 0.0333 0.0000 0.8571 0.0909 0.0000 0.0000 0.0513 0.0000
1.0000 0.0208 0.0000 0.0000 0.0000 0.9767 0.0000 0.3968 0.0000 0.0208 0.0000
0.9600 0.3692 0.0238 0.0000 0.0000 0.0000 0.0526 0.0000 0.0000 0.0000 0.0000
0.9722 0.0000 0.0000 0.0000 0.0192 0.9231 0.0000 0.0000 0.0000 0.0208 0.0000
1.0000 0.0000 0.0179 0.0000 0.0000 0.4681 0.0816 0.0000 0.0000 0.0455 0.0000
1.0000 0.7073 0.0000 0.0000 0.0000 0.0000 0.0000 0.0000 0.0000 0.0000 0.0000
1.0000 0.0667 0.0400 0.0833 0.0000 0.9048 0.3265 0.0000 0.0000 0.1957 0.0000
1.0000 0.0000 0.0000 0.0000 0.0000 0.3774 0.2258 0.0000 0.0727 0.0000 0.0000
1.0000 0.4222 0.1538 0.1633 0.0000 0.0192 0.0000 0.0000 0.0000 0.0000 0.0000
0.9825 0.0204 0.0000 0.0000 0.0000 0.0000 0.0000 0.0000 0.0000 0.0000 0.0000
1.0000 0.0000 0.0000 0.0000 0.0000 0.0000 0.0000 0.0196 0.0175 0.0000 0.0000
1.0000 0.7949 0.7818 0.2889 0.0000 0.0000 0.0000 0.0000 0.0000 0.0000 0.0000
1.0000 0.0000 0.0000 0.0000 0.0000 0.6296 0.0000 0.0208 0.4500 0.0000 0.0000
1.0000 0.7759 0.0000 0.0370 0.0000 0.0000 0.0000 0.0000 0.0652 0.0000 0.0000
1.0000 0.0000 0.0000 0.0370 0.0000 0.0000 0.0000 0.0000 0.0000 0.0408 0.0000
1.0000 0.9412 0.8269 0.7778 0.0213 0.0000 0.0000 0.0000 0.0000 0.0000 0.0000
1.0000 0.5094 0.0000 0.0000 0.0000 0.0400 0.0000 0.0000 0.0000 0.0000 0.0000
1.0000 0.0000 0.0000 0.0000 0.0204 0.6170 0.0000 0.0000 0.0000 0.0000 0.0000
1.0000 0.0000 0.0667 0.0000 0.0000 0.7234 0.3710 0.0833 0.0185 0.1429 0.0000
1.0000 0.0000 0.0000 0.0000 0.1489 0.8846 0.5306 0.0000 0.0000 0.0000 0.0000
1.0000 0.9792 0.7639 0.4490 0.0566 0.0000 0.0000 0.0000 0.0000 0.0000 0.0000
1.0000 0.0000 0.1373 0.0000 0.0204 0.3415 0.1282 0.0000 0.0000 0.1739 0.0000
1.0000 0.3182 0.0000 0.0000 0.0000 0.0250 0.0000 0.0000 0.0000 0.0000 0.0000
0.9565 0.5690 0.6471 0.7714 0.1702 0.0244 0.0000 0.0161 0.0000 0.0000 0.0000
1.0000 0.0000 0.0000 0.0000 0.0000 0.2326 0.0000 0.0000 0.0000 0.0000 0.0000
0.9821 0.0000 0.0000 0.0000 0.0000 0.3617 0.0000 0.4255 0.0000 0.0172 0.0000
1.0000 0.0909 0.0000 0.0750 0.0465 0.6792 0.3000 0.0698 0.0000 0.0392 0.0000
1.0000 1.0000 0.4878 0.7391 0.5532 0.1224 0.0000 0.0204 0.0000 0.0000 0.0000
1.0000 0.0638 0.0000 0.0000 0.0000 0.0000 0.0179 0.0000 0.0000 0.0000 0.0000
0.8429 0.0000 0.0222 0.0000 0.0000 0.6429 0.4048 0.0000 0.0000 0.0392 0.0000
1.0000 0.0179 0.0682 0.0000 0.0204 0.2727 0.1064 0.0000 0.0000 0.0000 0.0000
0.8605 0.9250 0.0000 0.0000 0.0000 0.0000 0.0204 0.0000 0.0000 0.0000 0.0000
1.0000 0.0000 0.0000 0.0000 0.0000 0.8367 0.7407 0.0000 0.0000 0.0000 0.0000
1.0000 0.0000 0.0000 0.0000 0.0000 0.5208 0.0000 0.3214 0.0000 0.0000 0.0000
1.0000 0.0000 0.0000 0.0000 0.0000 0.7209 0.0000 0.0000 0.0435 0.0000 0.0000
0.9649 0.0185 0.0000 0.0000 0.0000 0.2593 0.1212 0.0000 0.0000 0.0000 0.0000
1.0000 0.0000 0.0000 0.0000 0.0000 0.0000 0.0189 0.0000 0.0000 0.0000 0.0000
1.0000 0.0000 0.0222 0.0000 0.0000 0.6136 0.1071 0.0000 0.0000 0.0000 0.0000
1.0000 0.6000 0.3269 0.0517 0.0513 0.0000 0.0000 0.0000 0.0200 0.0000 0.0000
1.0000 0.8043 0.4400 0.1429 0.0000 0.0000 0.0000 0.0000 0.0000 0.0000 0.0000
1.0000 0.7609 0.5263 0.0000 0.0000 0.0000 0.0000 0.0000 0.0000 0.0000 0.0000
0.9787 0.0000 0.0189 0.0172 0.0577 0.6078 0.0000 0.0000 0.5000 0.0000 0.0000
1.0000 0.1321 0.0172 0.0000 0.0000 0.0196 0.0000 0.0000 0.0370 0.0000 0.0000
1.0000 0.0600 0.0000 0.0000 0.0000 0.6897 0.4286 0.0385 0.0000 0.0000 0.0000
0.8649 0.0000 0.0317 0.0000 0.0000 0.5690 0.0000 0.2000 0.0000 0.0000 0.0000
1.0000 0.3962 0.2692 0.1481 0.0000 0.0000 0.0000 0.0000 0.0000 0.0465 0.0000
1.0000 0.0000 0.0000 0.0000 0.0000 0.7358 0.0000 0.0222 0.0000 0.0000 0.0000
1.0000 0.4314 0.6800 0.0000 0.0169 0.0000 0.0217 0.0000 0.0000 0.0208 0.0000
1.0000 0.5231 0.2830 0.0870 0.0182 0.0000 0.0606 0.0000 0.0000 0.0182 0.0000
1.0000 0.4182 0.0750 0.0000 0.0000 0.0000 0.0000 0.0000 0.0000 0.0000 0.0000
1.0000 1.0000 0.3333 0.2391 0.0217 0.0233 0.0000 0.0870 0.0000 0.0000 0.0000
1.0000 0.0000 0.0000 0.0000 0.2051 0.6304 0.4048 0.0000 0.0000 0.2400 0.0000
0.9815 0.0222 0.0000 0.0000 0.0000 0.9630 0.2656 0.0000 0.0000 0.0000 0.0000
1.0000 0.0000 0.0000 0.0000 0.0000 0.0000 0.1000 0.0000 0.0588 0.0000 0.0000
0.9773 0.0667 0.0000 0.0000 0.0000 0.0000 0.0000 0.0571 0.0000 0.0000 0.0000
1.0000 0.0164 0.0435 0.0000 0.0000 0.1091 0.0000 0.0000 0.0000 0.0000 0.0000
1.0000 0.6078 0.2444 0.0000 0.0000 0.0000 0.0000 0.0000 0.0000 0.0000 0.0000
1.0000 0.0000 0.0189 0.0000 0.0286 0.6087 0.5472 0.0000 0.0000 0.0000 0.0000
1.0000 0.9302 0.7556 0.3488 0.3333 0.0000 0.0000 0.0000 0.0000 0.0000 0.0000
1.0000 0.0000 0.0000 0.0222 0.0667 0.8298 0.1087 0.0758 0.6977 0.0204 0.0000
1.0000 0.1556 0.0213 0.0351 0.0000 0.0000 0.0000 0.0182 0.0000 0.0000 0.0000
1.0000 0.0000 0.0000 0.0000 0.0435 0.0000 0.0000 0.0000 0.0208 0.0000 0.0000
0.9804 0.0000 0.0000 0.0000 0.0000 0.5283 0.3529 0.0000 0.0000 0.0816 0.0000
1.0000 0.8163 0.6923 0.0000 0.0000 0.0185 0.0227 0.0000 0.0217 0.0000 0.0000
1.0000 0.8600 0.4688 0.0513 0.0476 0.0159 0.0000 0.0000 0.0000 0.0000 0.0000
1.0000 0.0000 0.0000 0.0000 0.0000 0.0000 0.0196 0.0000 0.0000 0.0000 0.0000
1.0000 0.9302 0.5882 0.5116 0.2128 0.0943 0.0000 0.0000 0.0000 0.0000 0.0000
1.0000 0.0000 0.0200 0.1296 0.0000 0.8358 0.4146 0.0000 0.0000 0.3023 0.0000
1.0000 0.8269 0.5000 0.4848 0.4419 0.0000 0.0000 0.0000 0.0000 0.0213 0.0000
1.0000 0.7705 0.6977 0.6780 0.1667 0.0244 0.0000 0.0000 0.0000 0.0645 0.0000
1.0000 0.9500 0.2500 0.2222 0.0682 0.0000 0.0000 0.0000 0.0000 0.0000 0.0000
0.8163 0.8421 0.6190 0.4571 0.0175 0.0000 0.0385 0.0000 0.0196 0.1500 0.0000
1.0000 0.0000 0.0172 0.0000 0.0000 0.0000 0.0000 0.0000 0.0000 0.0000 0.0000
1.0000 0.8200 0.7833 0.4098 0.0000 0.0000 0.0000 0.0175 0.0000 0.0000 0.0000
1.0000 0.0488 0.0000 0.0000 0.0000 0.0000 0.0882 0.0000 0.0000 0.0000 0.0000
1.0000 0.6905 0.1071 0.0000 0.0000 0.0000 0.0000 0.0000 0.0000 0.0000 0.0000
1.0000 0.0000 0.0000 0.0000 0.0000 0.1538 0.0517 0.0000 0.0000 0.0000 0.0000
0.9111 0.9000 0.5600 0.2241 0.0789 0.0000 0.0000 0.0000 0.0000 0.0000 0.0000
1.0000 0.0000 0.0000 0.0000 0.0000 0.4348 0.0000 0.0000 0.0000 0.0000 0.0000
1.0000 0.0400 0.0179 0.0000 0.0508 0.8718 0.1957 0.0000 0.0000 0.0238 0.0000
1.0000 0.7021 0.8205 0.8936 0.2564 0.0000 0.0000 0.0000 0.0244 0.0000 0.0000
0.8955 0.0000 0.0000 0.0000 0.0000 1.0000 0.3448 0.0000 0.0000 0.0000 0.0000
1.0000 0.0000 0.0000 0.0000 0.0213 0.8958 0.0000 0.3443 0.0000 0.0000 0.0000
0.9677 0.9000 0.0000 0.0000 0.0000 0.0192 0.0000 0.0000 0.0000 0.0000 0.0000
1.0000 0.0000 0.0000 0.0000 0.0000 0.2381 0.0000 0.0877 0.0000 0.1277 0.0000
1.0000 0.0000 0.0000 0.0250 0.0000 0.4878 0.0208 0.0000 0.0000 0.0000 0.0000
1.0000 0.4898 0.3421 0.1268 0.0000 0.0000 0.0000 0.0000 0.0000 0.0000 0.0000
1.0000 0.0000 0.0000 0.0000 0.0200 0.1633 0.0000 0.0000 0.0682 0.0000 0.0000
1.0000 0.0000 0.0000 0.0000 0.0000 0.4000 0.1087 0.0000 0.0465 0.0000 0.0000
1.0000 0.8627 0.7917 0.0652 0.0000 0.0000 0.0000 0.0000 0.0000 0.0000 0.0000
1.0000 0.0000 0.0000 0.0000 0.0000 0.5577 0.0000 0.3696 0.0000 0.0000 0.0000
1.0000 0.1042 0.0000 0.0000 0.0000 0.0847 0.0200 0.0000 0.0000 0.0000 0.0000
1.0000 0.8571 0.4565 0.4000 0.0000 0.0000 0.0000 0.0392 0.0196 0.0000 0.0000
1.0000 0.0000 0.0000 0.0000 0.0000 0.3016 0.5179 0.0000 0.0455 0.0000 0.0000
1.0000 0.9773 0.6429 0.8431 0.4286 0.0000 0.0000 0.0000 0.0000 0.0204 0.0000
1.0000 0.8367 0.3519 0.0227 0.0000 0.0357 0.0000 0.0000 0.0000 0.0196 0.0000
1.0000 0.9286 0.8654 0.8305 0.6667 0.0000 0.0000 0.0000 0.0000 0.0000 0.0000
1.0000 0.0000 0.0000 0.0000 0.0000 0.0000 0.0000 0.0000 0.0000 0.0000 0.0000
1.0000 0.7273 0.6441 0.7885 0.0000 0.0000 0.0000 0.0357 0.1698 0.0000 0.0000
0.9839 0.0000 0.0000 0.0000 0.0000 0.9608 0.0926 0.0556 0.0000 0.5345 0.0000
0.9815 0.0000 0.0000 0.0000 0.0233 0.0000 0.0000 0.0233 0.0000 0.1200 0.0000
0.9375 0.7609 0.0000 0.0000 0.0000 0.0000 0.0000 0.0000 0.0000 0.0000 0.0000
1.0000 0.0000 0.0000 0.0217 0.0000 0.9111 0.0294 0.2182 0.0161 0.0000 0.0000
1.0000 0.8947 0.3571 0.5254 0.2553 0.0000 0.0000 0.0000 0.0000 0.0000 0.0000
1.0000 0.7826 0.4000 0.0294 0.0408 0.0000 0.0000 0.0000 0.0000 0.0000 0.0000
1.0000 0.0000 0.0227 0.0000 0.0000 0.1765 0.0000 0.0526 0.0000 0.0000 0.0000
1.0000 0.0000 0.0000 0.0000 0.0444 0.8958 0.0000 0.0000 0.4468 0.0000 0.0000
1.0000 0.0000 0.0000 0.0000 0.0732 0.0175 0.0000 0.0000 0.0000 0.0000 0.0000
1.0000 0.6591 0.7600 0.3043 0.1087 0.0000 0.0000 0.0000 0.0169 0.0000 0.0000
1.0000 0.0000 0.0000 0.0000 0.0000 0.9512 0.0000 0.0000 0.0000 0.0328 0.0000
1.0000 0.8140 0.9385 0.2000 0.0000 0.0000 0.0000 0.0000 0.0000 0.0000 0.0000
1.0000 0.0000 0.0000 0.0196 0.0323 0.3273 0.0172 0.2679 0.0000 0.0189 0.0000
1.0000 0.0000 0.0526 0.0238 0.0435 0.9048 0.8929 0.0000 0.0377 0.0000 0.0000
1.0000 0.6727 0.0000 0.0000 0.0000 0.0000 0.0000 0.0392 0.0000 0.0000 0.0000
1.0000 0.0000 0.0000 0.0000 0.0196 0.8000 0.0000 0.1176 0.0000 0.0000 0.0000
1.0000 0.9245 0.6462 0.0741 0.0000 0.0000 0.0000 0.0400 0.0192 0.0000 0.0000
0.9825 0.0000 0.0000 0.0000 0.0000 0.7037 0.4407 0.0227 0.0000 0.0000 0.0000
1.0000 0.9750 0.6735 0.1765 0.0000 0.0000 0.0000 0.0000 0.0577 0.0000 0.0000
0.9831 0.5556 0.0000 0.0000 0.0000 0.0200 0.0345 0.0377 0.0000 0.0566 0.0000
1.0000 0.0678 0.0000 0.0909 0.0000 0.8983 0.0000 0.0000 0.2679 0.0000 0.0000
1.0000 0.5800 0.6140 0.0000 0.0000 0.1000 0.0000 0.0000 0.0000 0.0000 0.0000
1.0000 0.0000 0.0000 0.0000 0.0159 1.0000 0.0000 0.0833 0.4035 0.0189 0.0000
1.0000 0.0000 0.0000 0.0000 0.0000 0.6250 0.7419 0.0000 0.0000 0.0000 0.0000
1.0000 0.0000 0.0465 0.0000 0.0556 0.9259 0.0714 0.0182 0.0000 0.0000 0.0000
0.9796 0.7451 0.0000 0.0000 0.0000 0.0000 0.0784 0.0000 0.0000 0.0175 0.0000
1.0000 0.0000 0.0000 0.0000 0.0000 0.6486 0.0000 0.0000 0.7292 0.0000 0.0000
1.0000 0.0000 0.0000 0.2586 0.0000 0.1731 0.0000 0.0000 0.0000 0.0435 0.0000
1.0000 0.7170 0.9545 0.4091 0.0545 0.0000 0.0222 0.0600 0.0000 0.0000 0.0000
1.0000 0.0000 0.0000 0.0000 0.0000 0.9184 0.0377 0.0000 0.3061 0.0000 0.0000
1.0000 0.0417 0.0000 0.0000 0.0263 0.7959 0.3429 0.0208 0.0000 0.2281 0.0000
1.0000 0.1707 0.0000 0.0000 0.0000 0.0000 0.0000 0.1163 0.0000 0.0000 0.0000
0.8889 0.0000 0.0000 0.0208 0.0000 0.6316 0.0000 0.2400 0.0270 0.0000 0.0000
0.8750 0.0000 0.0000 0.0000 0.1231 0.1455 0.0000 0.0000 0.0000 0.0000 0.0000
1.0000 0.0000 0.0847 0.0000 0.0000 1.0000 0.3333 0.0000 0.0000 0.0208 0.0000
1.0000 0.0000 0.0000 0.0000 0.0000 0.0204 0.0000 0.0000 0.0000 0.0000 0.0000
1.0000 0.0000 0.0000 0.0217 0.1071 0.7407 0.0000 0.0000 0.2769 0.0000 0.0000
1.0000 0.0000 0.0526 0.0000 0.0000 0.0000 0.0000 0.0000 0.0000 0.0000 0.0000
1.0000 0.0000 0.0000 0.0000 0.0208 0.9333 0.2075 0.0000 0.0000 0.4286 0.0000
1.0000 0.0000 0.0000 0.2449 0.0000 0.5862 0.0000 0.5417 0.0943 0.0189 0.0000
1.0000 0.0000 0.0000 0.0000 0.0000 0.9200 0.0893 0.0714 0.0000 0.0000 0.0000
1.0000 0.9565 0.9211 0.7143 0.2537 0.0000 0.0000 0.0000 0.0000 0.0435 0.0000
0.9811 0.0000 0.0000 0.0000 0.0000 0.6383 0.0000 0.0000 0.0656 0.0000 0.0000
1.0000 0.0000 0.0000 0.0000 0.0238 1.0000 0.0000 0.0000 0.7424 0.0000 0.0000
1.0000 0.3269 0.0208 0.0000 0.0000 0.1250 0.0179 0.0182 0.0370 0.0000 0.0000
1.0000 0.1786 0.0000 0.0000 0.0000 0.5714 0.0000 0.0000 0.0000 0.0000 0.0000
0.9375 0.0196 0.0000 0.0000 0.0000 0.9828 0.2273 0.0000 0.0000 0.0227 0.0000
1.0000 0.0000 0.0000 0.0517 0.0000 0.7805 0.1739 0.0213 0.0000 0.2083 0.0000
1.0000 0.0000 0.0000 0.0000 0.0000 0.8043 0.2353 0.0000 0.0000 0.0000 0.0000
0.8947 0.0000 0.0204 0.0000 0.0000 0.8936 0.1333 0.0000 0.0000 0.4865 0.0000
0.9778 0.0000 0.0000 0.0000 0.0600 0.2075 0.0000 0.0200 0.3864 0.0000 0.0000
1.0000 0.0000 0.0000 0.0000 0.0000 0.2453 0.0000 0.0000 0.0000 0.0000 0.0000
0.9556 0.0000 0.0000 0.0000 0.0000 0.5455 0.0000 0.0000 0.0000 0.0000 0.0000
1.0000 0.0000 0.0000 0.0000 0.0000 0.0000 0.0000 0.0000 0.0000 0.0000 0.0000
1.0000 0.7708 0.8542 0.5111 0.3429 0.0000 0.0000 0.0000 0.0741 0.0000 0.0000
1.0000 0.9474 0.0377 0.0000 0.0000 0.0000 0.0980 0.0000 0.0000 0.0000 0.0000
1.0000 0.7857 0.0000 0.0000 0.0455 0.1739 0.0962 0.0000 0.0000 0.0000 0.0000
1.0000 0.0444 0.0192 0.0000 0.0000 0.7843 0.0000 0.0000 0.4444 0.0000 0.0000
0.9841 0.0000 0.0000 0.0000 0.0000 0.9565 0.0000 0.0222 0.5741 0.0000 0.0000
1.0000 0.1837 0.0000 0.0000 0.0000 0.6042 0.0577 0.0179 0.1111 0.1071 0.0000
1.0000 0.7609 0.7551 0.5909 0.0000 0.0000 0.0000 0.0000 0.0196 0.0000 0.0000
1.0000 0.0000 0.0000 0.1277 0.1639 0.5510 0.0000 0.0000 0.3333 0.0000 0.0000
1.0000 0.7966 0.0000 0.0000 0.0000 0.0000 0.0204 0.0000 0.0000 0.0000 0.0000
1.0000 0.0000 0.0000 0.0000 0.0000 0.1800 0.0000 0.0000 0.1489 0.0000 0.0000
1.0000 0.0000 0.0000 0.0000 0.0182 0.7174 0.5400 0.0000 0.0000 0.1818 0.0000
1.0000 0.0000 0.0000 0.0000 0.0000 0.7143 0.0000 0.0000 0.0000 0.0000 0.0000
1.0000 0.2083 0.0000 0.0000 0.0000 0.0000 0.0000 0.0923 0.0392 0.0000 0.0000
1.0000 0.0000 0.1800 0.0000 0.0000 0.9184 0.0000 0.0000 0.4528 0.0000 0.0000
1.0000 0.5660 0.3585 0.2857 0.0000 0.0000 0.0000 0.0000 0.0000 0.0000 0.0000
1.0000 0.0000 0.0323 0.0000 0.0192 0.5862 0.0000 0.0000 0.1296 0.0000 0.0000
1.0000 0.1053 0.0000 0.0000 0.0000 0.9167 0.3902 0.1071 0.0000 0.0976 0.0000
1.0000 0.0000 0.0000 0.0000 0.0000 0.0250 0.0000 0.0000 0.0000 0.0000 0.0000
1.0000 0.0000 0.0000 0.0000 0.0000 0.4902 0.0000 0.0455 0.2857 0.0000 0.0000
1.0000 0.0000 0.0000 0.0000 0.0000 0.4590 0.2391 0.0000 0.1111 0.0000 0.0000
1.0000 0.7021 0.6818 0.0769 0.0204 0.0000 0.0690 0.0000 0.0000 0.0000 0.0000
1.0000 0.0000 0.0000 0.0417 0.0000 0.9388 0.3125 0.0000 0.0000 0.1607 0.0000
0.8824 0.7667 0.0000 0.0000 0.0000 0.0000 0.0179 0.0000 0.0508 0.0000 0.0000
1.0000 0.0000 0.0444 0.0172 0.0000 0.3684 0.0000 0.0000 0.2459 0.0000 0.0000
0.9474 0.7000 0.8448 0.2857 0.0545 0.0000 0.0000 0.0000 0.0000 0.0000 0.0000
0.9815 0.0000 0.0000 0.0204 0.0000 0.0000 0.0000 0.0000 0.0000 0.0000 0.0000
1.0000 0.0000 0.0196 0.0000 0.0000 0.8125 0.0189 0.3871 0.0000 0.0000 0.0000
1.0000 0.0000 0.0000 0.0000 0.0000 0.2157 0.0400 0.0000 0.0513 0.0000 0.0000
1.0000 0.0175 0.0000 0.0000 0.0200 0.7600 0.2941 0.0000 0.0000 0.1475 0.0000
1.0000 0.0000 0.0000 0.0000 0.0000 0.7895 0.0000 0.0000 0.0714 0.0377 0.0000
1.0000 0.7083 0.7391 0.4314 0.0566 0.0179 0.0000 0.0000 0.0000 0.0000 0.0000
1.0000 0.0213 0.0000 0.0000 0.0000 0.6863 0.0213 0.1842 0.0444 0.0000 0.0000
1.0000 0.0000 0.0000 0.0000 0.0000 0.2400 0.0000 0.0000 0.0000 0.0000 0.0000
1.0000 0.0000 0.0000 0.0000 0.0000 0.0000 0.0000 0.0208 0.0000 0.0000 0.0000
1.0000 0.6585 0.4808 0.0893 0.0000 0.0196 0.0000 0.0000 0.0000 0.0000 0.0000
0.9643 0.0000 0.0000 0.0000 0.0000 0.8621 0.0192 0.0000 0.0000 0.0000 0.0000
1.0000 0.0000 0.0000 0.0851 0.0000 0.7636 0.0000 0.0000 0.0000 0.1667 0.0000
1.0000 0.0500 0.0208 0.0000 0.0000 0.6087 0.3462 0.0357 0.0000 0.1000 0.0000
1.0000 0.6667 0.4118 0.1500 0.0000 0.0000 0.0000 0.0000 0.0000 0.0000 0.0000
1.0000 0.4407 0.1731 0.0000 0.0000 0.0000 0.0000 0.0000 0.0000 0.0000 0.0000
1.0000 0.7541 0.0000 0.0000 0.0000 0.0000 0.0000 0.0000 0.0000 0.0213 0.0000
1.0000 0.0508 0.0000 0.0000 0.0000 0.9394 0.2979 0.0000 0.0000 0.1525 0.0000
1.0000 0.0000 0.0189 0.0000 0.0000 0.8462 0.6279 0.0000 0.0351 0.0000 0.0000
0.9649 0.0192 0.0000 0.0000 0.0000 0.3265 0.0000 0.0400 0.0000 0.0000 0.0000
1.0000 0.0000 0.0000 0.0000 0.0000 0.4255 0.7222 0.0000 0.0889 0.2692 0.0000
1.0000 0.0000 0.0000 0.0227 0.0000 0.6500 0.0000 0.0400 0.3860 0.0000 0.0000
0.9706 0.0000 0.0000 0.0000 0.0000 0.3137 0.0000 0.0000 0.0000 0.0000 0.0000
1.0000 0.0000 0.0000 0.0000 0.0000 0.0606 0.0000 0.0000 0.0000 0.0000 0.0000
1.0000 0.0417 0.0000 0.0000 0.0000 0.9474 0.1220 0.0000 0.0816 0.2500 0.0000
1.0000 0.0000 0.0408 0.0000 0.0000 0.0000 0.0000 0.0000 0.0000 0.0189 0.0000
0.9804 0.0000 0.0000 0.0000 0.0213 0.5600 0.0000 0.0000 0.0196 0.0000 0.0000
1.0000 0.9091 0.0000 0.0000 0.0000 0.0000 0.0000 0.0000 0.0000 0.0196 0.0000
1.0000 0.0000 0.0000 0.0000 0.0000 0.0000 0.0000 0.0000 0.0000 0.0339 0.0000
1.0000 0.4464 0.0727 0.0000 0.0000 0.0000 0.0000 0.0000 0.0000 0.0000 0.0000
0.9770 0.5636 0.2973 0.0000 0.0000 0.0244 0.0000 0.0588 0.0370 0.0000 0.0000
1.0000 0.2400 0.2857 0.0000 0.0000 0.0000 0.0000 0.0000 0.0000 0.0000 0.0000
1.0000 0.0000 0.0000 0.0200 0.1538 0.3878 0.0000 0.0000 0.0000 0.0000 0.0000
0.9167 0.5818 0.4561 0.0000 0.0000 0.0500 0.0000 0.0000 0.0000 0.0000 0.0000
1.0000 1.0000 0.4909 0.4545 0.0000 0.0000 0.0172 0.0000 0.0000 0.0000 0.0000
1.0000 0.0233 0.0000 0.0000 0.0000 0.2368 0.2143 0.0000 0.0476 0.0333 0.0000
0.9831 0.0000 0.0000 0.0536 0.0137 0.0000 0.0169 0.0000 0.0000 0.0000 0.0000
0.9672 0.0000 0.0000 0.0000 0.0000 0.6500 0.0000 0.0943 0.0000 0.0200 0.0000
1.0000 0.6939 0.1636 0.0435 0.0000 0.0000 0.0000 0.0000 0.0000 0.0185 0.0000
0.9362 1.0000 0.0000 0.0000 0.0000 0.0179 0.0000 0.0000 0.0000 0.0000 0.0000
1.0000 0.8163 0.0000 0.0000 0.0000 0.0000 0.0152 0.0182 0.0000 0.0000 0.0000
0.9800 0.9020 0.7258 0.2373 0.4510 0.0000 0.0000 0.0000 0.0000 0.0000 0.0000
1.0000 0.0000 0.0000 0.0000 0.0000 0.5536 0.4464 0.0000 0.0667 0.0784 0.0000
1.0000 0.5625 0.8182 0.1754 0.0000 0.0000 0.0175 0.0000 0.0000 0.0000 0.0000
0.9535 0.0588 0.0000 0.0000 0.0417 0.7209 0.5405 0.0000 0.0000 0.0000 0.0000
1.0000 0.8780 0.4909 0.0000 0.0238 0.0000 0.0833 0.0000 0.0192 0.0000 0.0000
1.0000 0.0000 0.0000 0.0000 0.0000 0.7843 0.2593 0.0000 0.0256 0.0000 0.0000
0.9839 0.0000 0.0000 0.0000 0.0943 0.8750 0.0204 0.5102 0.0667 0.0000 0.0000
1.0000 0.6250 0.4038 0.4490 0.0682 0.0000 0.0000 0.0000 0.0000 0.0408 0.0000
1.0000 1.0000 0.7727 0.1250 0.0185 0.1591 0.0217 0.0000 0.0000 0.0000 0.0000
1.0000 0.0000 0.0000 0.0000 0.0000 0.0000 0.0000 0.0000 0.0000 0.0213 0.0000
0.9630 0.0000 0.0000 0.1860 0.0000 0.9762 0.4043 0.0000 0.0465 0.4468 0.0000
1.0000 0.0000 0.0192 0.0000 0.0000 0.2200 0.0833 0.0000 0.0714 0.0323 0.0000
1.0000 0.0000 0.0000 0.0000 0.0000 0.7111 0.0600 0.0000 0.0000 0.0000 0.0000
1.0000 0.8667 0.5469 0.1786 0.0577 0.0185 0.0000 0.0000 0.0000 0.0000 0.0000
1.0000 0.9130 0.4286 0.5957 0.3400 0.0577 0.0000 0.0000 0.0000 0.1463 0.0000
0.9074 0.0000 0.0000 0.0000 0.0000 0.9855 0.0000 0.8800 0.0000 0.0000 0.0000
1.0000 0.6415 0.6098 0.2444 0.0000 0.0208 0.0000 0.0000 0.0469 0.0000 0.0000
1.0000 0.0000 0.0000 0.0625 0.0192 0.0222 0.0227 0.0000 0.0185 0.0000 0.0000
1.0000 0.1552 0.0000 0.0000 0.0000 0.9565 0.0000 0.0000 0.3750 0.0000 0.0000
1.0000 0.0000 0.0000 0.0000 0.0185 0.7660 0.2615 0.0000 0.0000 0.0392 0.0000
1.0000 0.8333 0.7805 0.6889 0.0000 0.0000 0.0000 0.0000 0.0000 0.0588 0.0000
1.0000 0.9623 0.7692 0.6000 0.3733 0.0000 0.0000 0.0000 0.0000 0.1489 0.0000
1.0000 0.0000 0.0000 0.0000 0.0000 0.8298 0.0196 0.1364 0.0000 0.0000 0.0000
1.0000 0.0000 0.0167 0.0185 0.0000 0.0682 0.0000 0.0000 0.0000 0.0000 0.0000
1.0000 0.9298 0.3878 0.0426 0.0847 0.0476 0.0169 0.0000 0.0577 0.0000 0.0000
1.0000 0.0250 0.1194 0.0000 0.0000 0.8367 0.5660 0.0179 0.0000 0.0000 0.0000
1.0000 0.0000 0.0000 0.0000 0.0000 0.1364 0.0000 0.0000 0.0000 0.0000 0.0000
1.0000 0.0000 0.0000 0.0000 0.0000 0.0000 0.0000 0.0000 0.0000 0.0000 0.0000
1.0000 0.0000 0.0000 0.0000 0.0000 0.7692 0.0208 0.0000 0.0000 0.3333 0.0000
0.9630 0.0000 0.0000 0.0000 0.0000 0.6522 0.0000 0.0000 0.5714 0.0000 0.0000
1.0000 0.0000 0.0192 0.0000 0.0196 0.8478 0.0000 0.0000 0.1250 0.0000 0.0000
1.0000 0.0909 0.0000 0.0000 0.0000 0.0323 0.0000 0.0000 0.0000 0.0000 0.0000
1.0000 0.0000 0.0000 0.0000 0.0217 0.0196 0.0714 0.0741 0.0000 0.0000 0.0000
0.9839 0.0000 0.0000 0.0000 0.0000 0.6739 0.0000 0.0000 0.0000 0.0000 0.0000
1.0000 0.0175 0.0588 0.0000 0.0000 0.4068 0.1364 0.0000 0.0000 0.0000 0.0000
1.0000 0.0000 0.0000 0.0000 0.0317 0.9783 0.1000 0.0000 0.0000 0.1481 0.0000
1.0000 0.0000 0.0000 0.0000 0.1429 0.3529 0.0000 0.0000 0.1250 0.0408 0.0000
1.0000 0.0000 0.0000 0.0000 0.0000 0.0000 0.0000 0.0351 0.0755 0.0000 0.0000
1.0000 0.0385 0.0000 0.0000 0.0000 0.8750 0.0465 0.0182 0.0000 0.5581 0.0000
1.0000 0.9259 0.5893 0.1556 0.1915 0.0000 0.0000 0.0000 0.0000 0.0000 0.0000
1.0000 0.5614 0.1154 0.0000 0.0000 0.0000 0.0000 0.0000 0.0000 0.0000 0.0000
0.9821 0.0000 0.0000 0.0000 0.0000 0.5556 0.0000 0.0000 0.2931 0.0400 0.0000
1.0000 0.0000 0.0000 0.0000 0.0000 0.1833 0.0000 0.0000 0.0000 0.0357 0.0000
1.0000 0.0000 0.0000 0.0000 0.0000 0.8413 0.0000 0.0000 0.1020 0.0000 0.0000
1.0000 0.2292 0.1591 0.0000 0.2973 0.0000 0.0000 0.0000 0.0000 0.0000 0.0000
1.0000 0.9375 0.7031 0.4462 0.3571 0.0000 0.0339 0.0154 0.0000 0.0000 0.0000
1.0000 0.0769 0.0000 0.0000 0.0000 0.0000 0.2174 0.0000 0.0000 0.0000 0.0000
0.9692 0.0000 0.0000 0.0000 0.0196 0.8478 0.3810 0.0000 0.0870 0.0714 0.0000
1.0000 0.0000 0.0417 0.0000 0.0000 0.7755 0.0000 0.0000 0.0000 0.0000 0.0000
1.0000 0.8923 0.3654 0.3958 0.0192 0.0000 0.0000 0.0244 0.0000 0.0175 0.0000
1.0000 0.7692 0.5094 0.0000 0.0000 0.0000 0.0227 0.0000 0.0213 0.1224 0.0000
1.0000 0.9773 0.4000 0.4510 0.0638 0.0000 0.0476 0.0000 0.0000 0.0000 0.0000
1.0000 0.8571 0.8293 0.0213 0.0222 0.0000 0.0000 0.0000 0.0213 0.0000 0.0000
0.9348 0.0204 0.0000 0.0000 0.0290 0.2545 0.0196 0.0000 0.0179 0.0000 0.0000
1.0000 0.0000 0.0000 0.0000 0.0000 0.0000 0.0000 0.0000 0.0000 0.0000 0.0000
0.9615 0.8704 0.7000 0.2558 0.4082 0.0000 0.0000 0.0000 0.0847 0.0000 0.0000
1.0000 0.0800 0.0000 0.0000 0.0000 0.9762 0.4423 0.0175 0.0185 0.0000 0.0000
0.9787 0.0000 0.0000 0.0278 0.0000 0.0000 0.0000 0.0000 0.0000 0.0370 0.0000
1.0000 0.2308 0.0000 0.0000 0.0000 0.0000 0.0200 0.0000 0.0000 0.0000 0.0000
1.0000 0.3000 0.3409 0.0000 0.0000 0.0000 0.0000 0.0000 0.0000 0.0000 0.0000
0.9796 0.0000 0.0000 0.0000 0.0000 0.0227 0.0213 0.0175 0.0000 0.0000 0.0000
1.0000 0.0000 0.0000 0.0000 0.0000 0.3462 0.0000 0.1333 0.0000 0.0000 0.0000
1.0000 0.0000 0.0000 0.0000 0.0196 0.0702 0.0000 0.0000 0.0312 0.0000 0.0000
1.0000 0.0000 0.0204 0.0000 0.0000 0.9259 0.2609 0.0000 0.0000 0.0238 0.0000
1.0000 0.0000 0.0000 0.0000 0.0000 0.9623 0.0000 0.0000 0.0000 0.0682 0.0000
0.9444 0.1132 0.0882 0.0000 0.0000 0.0000 0.0000 0.0000 0.0000 0.0182 0.0000
1.0000 0.8644 0.7273 0.3158 0.0000 0.0000 0.0185 0.0714 0.0000 0.0000 0.0000
1.0000 0.3095 0.0000 0.0000 0.0000 0.0000 0.0000 0.1364 0.0172 0.2419 0.0000
1.0000 0.7674 0.5116 0.3333 0.0000 0.0000 0.0000 0.0000 0.0000 0.0000 0.0000
1.0000 0.0000 0.0000 0.0000 0.0000 0.9545 0.0000 0.0000 0.3077 0.0208 0.0000
1.0000 0.9245 0.7143 0.0270 0.0000 0.0682 0.0000 0.0000 0.0392 0.0000 0.0000
1.0000 0.1250 0.0000 0.1471 0.0000 0.0000 0.0588 0.0000 0.0000 0.0000 0.0000
1.0000 0.8254 0.4630 0.3636 0.0000 0.0000 0.0000 0.0000 0.0000 0.0000 0.0000
1.0000 0.1395 0.0000 0.0000 0.0000 0.0364 0.0000 0.0000 0.0000 0.0889 0.0000
1.0000 0.8197 0.0612 0.0000 0.0000 0.0192 0.0000 0.0000 0.0000 0.0426 0.0000
1.0000 0.0000 0.0000 0.0000 0.0000 0.9444 0.4651 0.0000 0.0000 0.0000 0.0000
1.0000 0.0000 0.0566 0.0217 0.0000 0.7805 0.0000 0.0000 0.1967 0.0000 0.0000
1.0000 0.5333 0.4600 0.0000 0.0217 0.0000 0.0000 0.0000 0.0000 0.0000 0.0000
1.0000 0.0000 0.0000 0.0000 0.3830 0.0000 0.0000 0.0204 0.0000 0.0000 0.0000
1.0000 0.0000 0.0000 0.0000 0.0000 0.6226 0.0000 0.0357 0.0000 0.0566 0.0000
1.0000 0.0000 0.0000 0.0000 0.0000 0.8806 0.0000 0.0930 0.0185 0.0000 0.0000
1.0000 0.0000 0.0000 0.0000 0.0426 0.0000 0.0000 0.0167 0.0000 0.0000 0.0000
1.0000 0.0000 0.0000 0.0000 0.0000 1.0000 0.0161 0.0000 0.2917 0.0179 0.0000
1.0000 0.0213 0.0000 0.0000 0.0000 0.1373 0.0000 0.0000 0.0000 0.0000 0.0000
0.8511 0.1087 0.0556 0.0000 0.0000 0.7455 0.0370 0.0000 0.0000 0.0000 0.0000
0.9592 0.0000 0.0000 0.0000 0.0000 0.0000 0.0000 0.0000 0.0000 0.0000 0.0000
1.0000 0.0000 0.0000 0.0000 0.0000 0.9804 0.1429 0.0000 0.0000 0.0000 0.0000
1.0000 0.0000 0.0000 0.0000 0.0000 0.4561 0.2245 0.0000 0.0000 0.0000 0.0000
1.0000 0.0000 0.0000 0.0000 0.0000 0.8500 0.0000 0.0000 0.1053 0.0000 0.0000
1.0000 0.0000 0.0727 0.0000 0.0357 0.6500 0.1212 0.0000 0.0000 0.1765 0.0000
1.0000 0.7451 0.5714 0.5455 0.3409 0.0000 0.0000 0.0000 0.0000 0.0000 0.0000
0.9655 0.8491 0.8108 0.7119 0.0508 0.0000 0.0196 0.0000 0.0000 0.0000 0.0000
1.0000 0.7500 0.8571 0.3559 0.0000 0.0000 0.0556 0.0000 0.0000 0.0000 0.0000
1.0000 0.0196 0.0000 0.0175 0.0000 0.8214 0.2647 0.0000 0.0000 0.0690 0.0000
1.0000 0.0000 0.2340 0.0000 0.0000 0.1000 0.0000 0.0000 0.0000 0.0000 0.0000
1.0000 0.0000 0.0000 0.0000 0.0000 0.0000 0.0000 0.0000 0.0000 0.0000 0.0000
0.9608 0.0000 0.0000 0.0256 0.0000 0.6271 0.1364 0.0000 0.0000 0.0000 0.0000
1.0000 0.6600 0.4694 0.4068 0.0000 0.0179 0.0000 0.0000 0.0000 0.0000 0.0000
1.0000 0.3750 0.0408 0.0000 0.0000 0.0328 0.0000 0.0000 0.0000 0.1957 0.0000
1.0000 0.0926 0.0000 0.0000 0.0000 0.0000 0.0000 0.0000 0.0000 0.0208 0.0000
1.0000 0.0000 0.0000 0.0000 0.0000 0.5641 0.0682 0.0294 0.0000 0.0000 0.0000
1.0000 0.0167 0.0698 0.0000 0.0000 0.4038 0.0000 0.0364 0.0541 0.0000 0.0000
1.0000 0.0000 0.0000 0.0000 0.0000 0.8571 0.0000 0.0000 0.0000 0.3636 0.0000
1.0000 0.0000 0.0690 0.0000 0.0000 0.0000 0.0164 0.0000 0.0000 0.0000 0.0000
1.0000 0.3429 0.0000 0.0000 0.0000 0.0000 0.0000 0.0000 0.0385 0.0000 0.0000
0.9412 0.8125 0.3191 0.2549 0.0000 0.0000 0.0000 0.0000 0.0000 0.0000 0.0000
0.9815 0.5918 0.0000 0.0000 0.0244 0.0000 0.0000 0.0000 0.0408 0.2553 0.0000
1.0000 0.0000 0.0000 0.0328 0.0000 0.7949 0.0000 0.3333 0.0000 0.0000 0.0000
1.0000 0.0392 0.0000 0.0000 0.0000 0.0000 0.0000 0.0000 0.0238 0.0000 0.0000
1.0000 0.0000 0.0000 0.0000 0.0000 0.5319 0.0000 0.2951 0.0000 0.0000 0.0000
0.9661 0.0169 0.0000 0.0000 0.0000 0.9245 0.0172 0.0000 0.0000 0.0357 0.0000
