0.4842 0.0000 0.0000 0.0000 0.0000 0.2825 0.1407 0.0000 0.0000 0.0926
0.2991 0.5544 0.0897 0.0568 0.0000 0.0000 0.0000 0.0000 0.0000 0.0000
0.7462 0.0000 0.0000 0.0000 0.0000 0.2538 0.0000 0.0000 0.0000 0.0000
0.2371 0.0880 0.2430 0.2376 0.1942 0.0000 0.0000 0.0000 0.0000 0.0000
0.1080 0.0000 0.0000 0.0000 0.0000 0.6262 0.0000 0.0000 0.2658 0.0000
0.4869 0.2636 0.2495 0.0000 0.0000 0.0000 0.0000 0.0000 0.0000 0.0000
0.1527 0.1234 0.2321 0.0929 0.3989 0.0000 0.0000 0.0000 0.0000 0.0000
0.2676 0.0000 0.0000 0.0000 0.0000 0.7324 0.0000 0.0000 0.0000 0.0000
0.1605 0.4763 0.0782 0.1780 0.1069 0.0000 0.0000 0.0000 0.0000 0.0000
0.4223 0.0000 0.0000 0.0000 0.0000 0.5061 0.0716 0.0000 0.0000 0.0000
0.1796 0.0000 0.0000 0.0000 0.0000 0.4224 0.3980 0.0000 0.0000 0.0000
0.5964 0.0000 0.0000 0.0000 0.0000 0.1847 0.1058 0.0000 0.0000 0.1130
0.1127 0.1487 0.4469 0.2301 0.0616 0.0000 0.0000 0.0000 0.0000 0.0000
0.0593 0.2893 0.1249 0.5265 0.0000 0.0000 0.0000 0.0000 0.0000 0.0000
0.5903 0.0000 0.0000 0.0000 0.0000 0.4097 0.0000 0.0000 0.0000 0.0000
0.2525 0.6315 0.0573 0.0587 0.0000 0.0000 0.0000 0.0000 0.0000 0.0000
0.3254 0.0000 0.0000 0.0000 0.0000 0.2595 0.0000 0.4151 0.0000 0.0000
0.1244 0.0000 0.0000 0.0000 0.0000 0.3011 0.0000 0.5745 0.0000 0.0000
0.5394 0.0000 0.0000 0.0000 0.0000 0.3934 0.0672 0.0000 0.0000 0.0000
1.0000 0.0000 0.0000 0.0000 0.0000 0.0000 0.0000 0.0000 0.0000 0.0000
0.0564 0.3796 0.0532 0.5109 0.0000 0.0000 0.0000 0.0000 0.0000 0.0000
0.2001 0.0000 0.0000 0.0000 0.0000 0.4025 0.0000 0.0000 0.3975 0.0000
0.0800 0.9200 0.0000 0.0000 0.0000 0.0000 0.0000 0.0000 0.0000 0.0000
0.2548 0.0000 0.0000 0.0000 0.0000 0.3138 0.0000 0.4314 0.0000 0.0000
0.3753 0.0000 0.0000 0.0000 0.0000 0.6247 0.0000 0.0000 0.0000 0.0000
0.5958 0.0000 0.0000 0.0000 0.0000 0.1660 0.0000 0.0000 0.2382 0.0000
0.3352 0.3949 0.2699 0.0000 0.0000 0.0000 0.0000 0.0000 0.0000 0.0000
0.1839 0.1574 0.6587 0.0000 0.0000 0.0000 0.0000 0.0000 0.0000 0.0000
0.6119 0.3881 0.0000 0.0000 0.0000 0.0000 0.0000 0.0000 0.0000 0.0000
0.0512 0.0000 0.0000 0.0000 0.0000 0.9488 0.0000 0.0000 0.0000 0.0000
0.7923 0.0000 0.0000 0.0000 0.0000 0.0664 0.0000 0.1413 0.0000 0.0000
0.4035 0.4441 0.1524 0.0000 0.0000 0.0000 0.0000 0.0000 0.0000 0.0000
0.1175 0.5121 0.1986 0.1183 0.0535 0.0000 0.0000 0.0000 0.0000 0.0000
0.3554 0.2335 0.4111 0.0000 0.0000 0.0000 0.0000 0.0000 0.0000 0.0000
0.6026 0.0000 0.0000 0.0000 0.0000 0.0738 0.0000 0.0000 0.3236 0.0000
0.6275 0.0000 0.0000 0.0000 0.0000 0.1808 0.1917 0.0000 0.0000 0.0000
0.2947 0.0000 0.0000 0.0000 0.0000 0.4429 0.0681 0.0000 0.0000 0.1943
0.6955 0.0000 0.0000 0.0000 0.0000 0.3045 0.0000 0.0000 0.0000 0.0000
0.2630 0.0000 0.0000 0.0000 0.0000 0.2777 0.1412 0.0000 0.0000 0.3181
0.0710 0.2297 0.5061 0.1932 0.0000 0.0000 0.0000 0.0000 0.0000 0.0000
0.3968 0.0000 0.0000 0.0000 0.0000 0.1522 0.4510 0.0000 0.0000 0.0000
0.3169 0.0000 0.0000 0.0000 0.0000 0.3037 0.0000 0.0000 0.3794 0.0000
0.1551 0.0000 0.0000 0.0000 0.0000 0.4807 0.0000 0.3643 0.0000 0.0000
0.1356 0.1148 0.4434 0.3062 0.0000 0.0000 0.0000 0.0000 0.0000 0.0000
1.0000 0.0000 0.0000 0.0000 0.0000 0.0000 0.0000 0.0000 0.0000 0.0000
0.1380 0.0629 0.4339 0.2369 0.1284 0.0000 0.0000 0.0000 0.0000 0.0000
0.1434 0.0000 0.0000 0.0000 0.0000 0.7728 0.0000 0.0838 0.0000 0.0000
0.1033 0.3129 0.3003 0.2835 0.0000 0.0000 0.0000 0.0000 0.0000 0.0000
0.4762 0.0000 0.0000 0.0000 0.0000 0.5238 0.0000 0.0000 0.0000 0.0000
1.0000 0.0000 0.0000 0.0000 0.0000 0.0000 0.0000 0.0000 0.0000 0.0000
0.1191 0.0000 0.0000 0.0000 0.0000 0.3439 0.5370 0.0000 0.0000 0.0000
0.0765 0.0000 0.0000 0.0000 0.0000 0.9235 0.0000 0.0000 0.0000 0.0000
0.3312 0.1640 0.5048 0.0000 0.0000 0.0000 0.0000 0.0000 0.0000 0.0000
0.1227 0.2953 0.2886 0.1879 0.1055 0.0000 0.0000 0.0000 0.0000 0.0000
0.0510 0.0000 0.0000 0.0000 0.0000 0.3204 0.0000 0.6286 0.0000 0.0000
0.2142 0.0000 0.0000 0.0000 0.0000 0.2184 0.3873 0.0000 0.0000 0.1801
0.0621 0.0000 0.0000 0.0000 0.0000 0.4816 0.0744 0.0000 0.0000 0.3819
0.6892 0.1622 0.1486 0.0000 0.0000 0.0000 0.0000 0.0000 0.0000 0.0000
0.5439 0.0000 0.0000 0.0000 0.0000 0.0791 0.0000 0.3770 0.0000 0.0000
1.0000 0.0000 0.0000 0.0000 0.0000 0.0000 0.0000 0.0000 0.0000 0.0000
0.5879 0.4121 0.0000 0.0000 0.0000 0.0000 0.0000 0.0000 0.0000 0.0000
0.5697 0.0000 0.0000 0.0000 0.0000 0.3005 0.0000 0.0000 0.1298 0.0000
0.0953 0.0000 0.0000 0.0000 0.0000 0.5595 0.0000 0.0000 0.3452 0.0000
0.2945 0.0000 0.0000 0.0000 0.0000 0.6191 0.0000 0.0865 0.0000 0.0000
0.4926 0.0000 0.0000 0.0000 0.0000 0.4001 0.0000 0.0000 0.1073 0.0000
0.4676 0.0000 0.0000 0.0000 0.0000 0.2854 0.2471 0.0000 0.0000 0.0000
0.2470 0.7530 0.0000 0.0000 0.0000 0.0000 0.0000 0.0000 0.0000 0.0000
0.2443 0.0000 0.0000 0.0000 0.0000 0.4167 0.0000 0.0000 0.3390 0.0000
0.1451 0.0000 0.0000 0.0000 0.0000 0.1572 0.5636 0.0000 0.0000 0.1341
0.0541 0.5752 0.3708 0.0000 0.0000 0.0000 0.0000 0.0000 0.0000 0.0000
0.1490 0.0000 0.0000 0.0000 0.0000 0.7369 0.0000 0.1141 0.0000 0.0000
0.2536 0.0826 0.6638 0.0000 0.0000 0.0000 0.0000 0.0000 0.0000 0.0000
0.3025 0.0000 0.0000 0.0000 0.0000 0.3804 0.0000 0.3171 0.0000 0.0000
1.0000 0.0000 0.0000 0.0000 0.0000 0.0000 0.0000 0.0000 0.0000 0.0000
0.1471 0.0000 0.0000 0.0000 0.0000 0.0569 0.0000 0.0000 0.7960 0.0000
0.0833 0.0000 0.0000 0.0000 0.0000 0.7125 0.0000 0.0000 0.2042 0.0000
0.2266 0.1893 0.5841 0.0000 0.0000 0.0000 0.0000 0.0000 0.0000 0.0000
0.6467 0.0000 0.0000 0.0000 0.0000 0.1220 0.0000 0.0000 0.2314 0.0000
0.3856 0.0541 0.0718 0.0825 0.4061 0.0000 0.0000 0.0000 0.0000 0.0000
0.6404 0.3596 0.0000 0.0000 0.0000 0.0000 0.0000 0.0000 0.0000 0.0000
1.0000 0.0000 0.0000 0.0000 0.0000 0.0000 0.0000 0.0000 0.0000 0.0000
0.2448 0.7552 0.0000 0.0000 0.0000 0.0000 0.0000 0.0000 0.0000 0.0000
0.6010 0.3990 0.0000 0.0000 0.0000 0.0000 0.0000 0.0000 0.0000 0.0000
0.6810 0.0000 0.0000 0.0000 0.0000 0.3190 0.0000 0.0000 0.0000 0.0000
0.1026 0.1959 0.2207 0.4807 0.0000 0.0000 0.0000 0.0000 0.0000 0.0000
0.5163 0.0000 0.0000 0.0000 0.0000 0.3162 0.1675 0.0000 0.0000 0.0000
0.2456 0.0000 0.0000 0.0000 0.0000 0.6854 0.0690 0.0000 0.0000 0.0000
0.9274 0.0726 0.0000 0.0000 0.0000 0.0000 0.0000 0.0000 0.0000 0.0000
0.0985 0.0000 0.0000 0.0000 0.0000 0.2054 0.0000 0.0000 0.6962 0.0000
0.0656 0.3222 0.1108 0.5014 0.0000 0.0000 0.0000 0.0000 0.0000 0.0000
0.6951 0.0000 0.0000 0.0000 0.0000 0.3049 0.0000 0.0000 0.0000 0.0000
0.4062 0.4929 0.1009 0.0000 0.0000 0.0000 0.0000 0.0000 0.0000 0.0000
0.2357 0.0000 0.0000 0.0000 0.0000 0.1031 0.5727 0.0000 0.0000 0.0885
0.2802 0.7198 0.0000 0.0000 0.0000 0.0000 0.0000 0.0000 0.0000 0.0000
0.6162 0.0000 0.0000 0.0000 0.0000 0.3838 0.0000 0.0000 0.0000 0.0000
0.1419 0.4845 0.0808 0.2152 0.0776 0.0000 0.0000 0.0000 0.0000 0.0000
0.3970 0.0000 0.0000 0.0000 0.0000 0.1649 0.0000 0.0000 0.4381 0.0000
0.3098 0.3228 0.1382 0.0885 0.1406 0.0000 0.0000 0.0000 0.0000 0.0000
0.0957 0.2050 0.4149 0.2844 0.0000 0.0000 0.0000 0.0000 0.0000 0.0000
0.1823 0.0000 0.0000 0.0000 0.0000 0.7561 0.0000 0.0000 0.0616 0.0000
0.1842 0.0000 0.0000 0.0000 0.0000 0.2024 0.3169 0.0000 0.0000 0.2965
0.2324 0.0000 0.0000 0.0000 0.0000 0.0708 0.0000 0.0000 0.6968 0.0000
0.0707 0.0000 0.0000 0.0000 0.0000 0.2324 0.6970 0.0000 0.0000 0.0000
0.2316 0.0000 0.0000 0.0000 0.0000 0.1411 0.0000 0.6274 0.0000 0.0000
0.3077 0.0000 0.0000 0.0000 0.0000 0.3183 0.3739 0.0000 0.0000 0.0000
0.3407 0.0000 0.0000 0.0000 0.0000 0.5929 0.0000 0.0000 0.0664 0.0000
0.2370 0.7630 0.0000 0.0000 0.0000 0.0000 0.0000 0.0000 0.0000 0.0000
0.5642 0.4358 0.0000 0.0000 0.0000 0.0000 0.0000 0.0000 0.0000 0.0000
0.8175 0.0000 0.0000 0.0000 0.0000 0.1825 0.0000 0.0000 0.0000 0.0000
0.7075 0.1475 0.1450 0.0000 0.0000 0.0000 0.0000 0.0000 0.0000 0.0000
0.0596 0.5788 0.3615 0.0000 0.0000 0.0000 0.0000 0.0000 0.0000 0.0000
0.4904 0.0000 0.0000 0.0000 0.0000 0.2198 0.0000 0.0000 0.2898 0.0000
0.3041 0.3270 0.1116 0.2573 0.0000 0.0000 0.0000 0.0000 0.0000 0.0000
0.4825 0.5175 0.0000 0.0000 0.0000 0.0000 0.0000 0.0000 0.0000 0.0000
0.5161 0.0000 0.0000 0.0000 0.0000 0.0781 0.0855 0.0000 0.0000 0.3203
0.4255 0.0000 0.0000 0.0000 0.0000 0.5022 0.0723 0.0000 0.0000 0.0000
0.7435 0.0000 0.0000 0.0000 0.0000 0.1146 0.0000 0.1418 0.0000 0.0000
1.0000 0.0000 0.0000 0.0000 0.0000 0.0000 0.0000 0.0000 0.0000 0.0000
0.2918 0.0000 0.0000 0.0000 0.0000 0.4799 0.0000 0.0000 0.2284 0.0000
0.4464 0.0000 0.0000 0.0000 0.0000 0.1387 0.4150 0.0000 0.0000 0.0000
0.1356 0.0000 0.0000 0.0000 0.0000 0.2599 0.0000 0.0000 0.6045 0.0000
0.0785 0.0000 0.0000 0.0000 0.0000 0.1501 0.0000 0.7714 0.0000 0.0000
0.2498 0.1668 0.1782 0.2481 0.1572 0.0000 0.0000 0.0000 0.0000 0.0000
0.0727 0.0000 0.0000 0.0000 0.0000 0.7080 0.2193 0.0000 0.0000 0.0000
0.2017 0.0000 0.0000 0.0000 0.0000 0.2022 0.5961 0.0000 0.0000 0.0000
0.3664 0.2619 0.2034 0.1682 0.0000 0.0000 0.0000 0.0000 0.0000 0.0000
0.4763 0.0000 0.0000 0.0000 0.0000 0.2015 0.2417 0.0000 0.0000 0.0806
0.2160 0.0000 0.0000 0.0000 0.0000 0.7176 0.0000 0.0000 0.0663 0.0000
0.1400 0.8600 0.0000 0.0000 0.0000 0.0000 0.0000 0.0000 0.0000 0.0000
0.3987 0.6013 0.0000 0.0000 0.0000 0.0000 0.0000 0.0000 0.0000 0.0000
1.0000 0.0000 0.0000 0.0000 0.0000 0.0000 0.0000 0.0000 0.0000 0.0000
0.7505 0.0000 0.0000 0.0000 0.0000 0.2495 0.0000 0.0000 0.0000 0.0000
0.1216 0.4946 0.2457 0.1381 0.0000 0.0000 0.0000 0.0000 0.0000 0.0000
1.0000 0.0000 0.0000 0.0000 0.0000 0.0000 0.0000 0.0000 0.0000 0.0000
0.5808 0.4192 0.0000 0.0000 0.0000 0.0000 0.0000 0.0000 0.0000 0.0000
0.2885 0.0000 0.0000 0.0000 0.0000 0.7115 0.0000 0.0000 0.0000 0.0000
0.5343 0.4657 0.0000 0.0000 0.0000 0.0000 0.0000 0.0000 0.0000 0.0000
0.1938 0.0000 0.0000 0.0000 0.0000 0.4292 0.3770 0.0000 0.0000 0.0000
0.4412 0.0000 0.0000 0.0000 0.0000 0.4032 0.0901 0.0000 0.0000 0.0654
0.5759 0.4241 0.0000 0.0000 0.0000 0.0000 0.0000 0.0000 0.0000 0.0000
0.3008 0.0000 0.0000 0.0000 0.0000 0.5939 0.0000 0.0000 0.1053 0.0000
0.5815 0.0000 0.0000 0.0000 0.0000 0.4185 0.0000 0.0000 0.0000 0.0000
1.0000 0.0000 0.0000 0.0000 0.0000 0.0000 0.0000 0.0000 0.0000 0.0000
0.7396 0.2604 0.0000 0.0000 0.0000 0.0000 0.0000 0.0000 0.0000 0.0000
0.6910 0.3090 0.0000 0.0000 0.0000 0.0000 0.0000 0.0000 0.0000 0.0000
0.5533 0.0000 0.0000 0.0000 0.0000 0.1230 0.0000 0.3237 0.0000 0.0000
0.1409 0.0000 0.0000 0.0000 0.0000 0.7018 0.1573 0.0000 0.0000 0.0000
0.0777 0.1599 0.3024 0.1900 0.2701 0.0000 0.0000 0.0000 0.0000 0.0000
0.7775 0.2225 0.0000 0.0000 0.0000 0.0000 0.0000 0.0000 0.0000 0.0000
1.0000 0.0000 0.0000 0.0000 0.0000 0.0000 0.0000 0.0000 0.0000 0.0000
0.0544 0.0000 0.0000 0.0000 0.0000 0.2964 0.6492 0.0000 0.0000 0.0000
0.7076 0.0000 0.0000 0.0000 0.0000 0.2924 0.0000 0.0000 0.0000 0.0000
1.0000 0.0000 0.0000 0.0000 0.0000 0.0000 0.0000 0.0000 0.0000 0.0000
0.2772 0.0000 0.0000 0.0000 0.0000 0.0846 0.0885 0.0000 0.0000 0.5497
0.0526 0.1519 0.1655 0.5550 0.0750 0.0000 0.0000 0.0000 0.0000 0.0000
0.5212 0.0000 0.0000 0.0000 0.0000 0.1020 0.0000 0.0000 0.3767 0.0000
0.1346 0.1532 0.1347 0.5262 0.0513 0.0000 0.0000 0.0000 0.0000 0.0000
0.0828 0.0000 0.0000 0.0000 0.0000 0.4266 0.2983 0.0000 0.0000 0.1923
0.1210 0.0000 0.0000 0.0000 0.0000 0.7106 0.0000 0.0000 0.1684 0.0000
0.4859 0.5141 0.0000 0.0000 0.0000 0.0000 0.0000 0.0000 0.0000 0.0000
0.1306 0.2586 0.3685 0.1020 0.1403 0.0000 0.0000 0.0000 0.0000 0.0000
0.2829 0.0000 0.0000 0.0000 0.0000 0.3055 0.0000 0.0000 0.4115 0.0000
0.4599 0.0000 0.0000 0.0000 0.0000 0.4453 0.0000 0.0000 0.0948 0.0000
0.8056 0.0000 0.0000 0.0000 0.0000 0.1316 0.0628 0.0000 0.0000 0.0000
0.1749 0.0000 0.0000 0.0000 0.0000 0.1454 0.6797 0.0000 0.0000 0.0000
0.2716 0.0000 0.0000 0.0000 0.0000 0.3360 0.0000 0.0000 0.3924 0.0000
0.3730 0.0000 0.0000 0.0000 0.0000 0.1578 0.3783 0.0000 0.0000 0.0909
0.0598 0.0000 0.0000 0.0000 0.0000 0.4213 0.1843 0.0000 0.0000 0.3346
1.0000 0.0000 0.0000 0.0000 0.0000 0.0000 0.0000 0.0000 0.0000 0.0000
0.2212 0.1847 0.5940 0.0000 0.0000 0.0000 0.0000 0.0000 0.0000 0.0000
0.5532 0.0000 0.0000 0.0000 0.0000 0.4468 0.0000 0.0000 0.0000 0.0000
0.1383 0.0000 0.0000 0.0000 0.0000 0.7635 0.0983 0.0000 0.0000 0.0000
0.0987 0.0000 0.0000 0.0000 0.0000 0.4023 0.0000 0.4989 0.0000 0.0000
0.6259 0.3741 0.0000 0.0000 0.0000 0.0000 0.0000 0.0000 0.0000 0.0000
0.1886 0.0000 0.0000 0.0000 0.0000 0.8114 0.0000 0.0000 0.0000 0.0000
0.4595 0.0000 0.0000 0.0000 0.0000 0.2146 0.1295 0.0000 0.0000 0.1965
0.1793 0.8207 0.0000 0.0000 0.0000 0.0000 0.0000 0.0000 0.0000 0.0000
0.0523 0.0000 0.0000 0.0000 0.0000 0.6854 0.1687 0.0000 0.0000 0.0936
0.5702 0.0000 0.0000 0.0000 0.0000 0.4298 0.0000 0.0000 0.0000 0.0000
0.5044 0.1975 0.1892 0.1089 0.0000 0.0000 0.0000 0.0000 0.0000 0.0000
1.0000 0.0000 0.0000 0.0000 0.0000 0.0000 0.0000 0.0000 0.0000 0.0000
1.0000 0.0000 0.0000 0.0000 0.0000 0.0000 0.0000 0.0000 0.0000 0.0000
0.2544 0.0900 0.2581 0.3974 0.0000 0.0000 0.0000 0.0000 0.0000 0.0000
0.4625 0.0000 0.0000 0.0000 0.0000 0.0663 0.0000 0.0000 0.4712 0.0000
0.0883 0.9117 0.0000 0.0000 0.0000 0.0000 0.0000 0.0000 0.0000 0.0000
1.0000 0.0000 0.0000 0.0000 0.0000 0.0000 0.0000 0.0000 0.0000 0.0000
0.0919 0.1991 0.1527 0.5564 0.0000 0.0000 0.0000 0.0000 0.0000 0.0000
0.5217 0.4783 0.0000 0.0000 0.0000 0.0000 0.0000 0.0000 0.0000 0.0000
0.3558 0.0000 0.0000 0.0000 0.0000 0.6442 0.0000 0.0000 0.0000 0.0000
0.2636 0.0000 0.0000 0.0000 0.0000 0.0985 0.4300 0.0000 0.0000 0.2080
0.3080 0.0000 0.0000 0.0000 0.0000 0.1734 0.5186 0.0000 0.0000 0.0000
0.0706 0.3019 0.1727 0.2383 0.2166 0.0000 0.0000 0.0000 0.0000 0.0000
0.6536 0.0000 0.0000 0.0000 0.0000 0.1005 0.1345 0.0000 0.0000 0.1114
0.6877 0.3123 0.0000 0.0000 0.0000 0.0000 0.0000 0.0000 0.0000 0.0000
0.1965 0.2630 0.0839 0.3198 0.1368 0.0000 0.0000 0.0000 0.0000 0.0000
0.9341 0.0000 0.0000 0.0000 0.0000 0.0659 0.0000 0.0000 0.0000 0.0000
0.7618 0.0000 0.0000 0.0000 0.0000 0.0621 0.0000 0.1761 0.0000 0.0000
0.4650 0.0000 0.0000 0.0000 0.0000 0.2801 0.1084 0.0000 0.0000 0.1466
0.0841 0.1753 0.1605 0.1063 0.4737 0.0000 0.0000 0.0000 0.0000 0.0000
1.0000 0.0000 0.0000 0.0000 0.0000 0.0000 0.0000 0.0000 0.0000 0.0000
0.3936 0.0000 0.0000 0.0000 0.0000 0.1073 0.3363 0.0000 0.0000 0.1628
0.5744 0.0000 0.0000 0.0000 0.0000 0.4256 0.0000 0.0000 0.0000 0.0000
0.1322 0.8678 0.0000 0.0000 0.0000 0.0000 0.0000 0.0000 0.0000 0.0000
0.1545 0.0000 0.0000 0.0000 0.0000 0.1567 0.6888 0.0000 0.0000 0.0000
0.2705 0.0000 0.0000 0.0000 0.0000 0.2313 0.0000 0.4982 0.0000 0.0000
0.2865 0.0000 0.0000 0.0000 0.0000 0.6395 0.0000 0.0000 0.0740 0.0000
0.7967 0.0000 0.0000 0.0000 0.0000 0.0543 0.1490 0.0000 0.0000 0.0000
1.0000 0.0000 0.0000 0.0000 0.0000 0.0000 0.0000 0.0000 0.0000 0.0000
0.3159 0.0000 0.0000 0.0000 0.0000 0.4256 0.2585 0.0000 0.0000 0.0000
0.3497 0.2004 0.1599 0.2212 0.0687 0.0000 0.0000 0.0000 0.0000 0.0000
0.0616 0.4361 0.4246 0.0777 0.0000 0.0000 0.0000 0.0000 0.0000 0.0000
0.2121 0.2621 0.5258 0.0000 0.0000 0.0000 0.0000 0.0000 0.0000 0.0000
0.2023 0.0000 0.0000 0.0000 0.0000 0.3353 0.0000 0.0000 0.4625 0.0000
0.7587 0.2413 0.0000 0.0000 0.0000 0.0000 0.0000 0.0000 0.0000 0.0000
0.3802 0.0000 0.0000 0.0000 0.0000 0.3152 0.3046 0.0000 0.0000 0.0000
0.4617 0.0000 0.0000 0.0000 0.0000 0.2636 0.0000 0.2747 0.0000 0.0000
0.4168 0.2509 0.1874 0.1449 0.0000 0.0000 0.0000 0.0000 0.0000 0.0000
0.3428 0.0000 0.0000 0.0000 0.0000 0.6572 0.0000 0.0000 0.0000 0.0000
0.5951 0.0810 0.3238 0.0000 0.0000 0.0000 0.0000 0.0000 0.0000 0.0000
0.3339 0.2477 0.2234 0.1950 0.0000 0.0000 0.0000 0.0000 0.0000 0.0000
0.4673 0.2986 0.1130 0.1211 0.0000 0.0000 0.0000 0.0000 0.0000 0.0000
0.1804 0.2786 0.3146 0.1594 0.0670 0.0000 0.0000 0.0000 0.0000 0.0000
0.2051 0.0000 0.0000 0.0000 0.0000 0.0788 0.3124 0.0000 0.0000 0.4038
0.1258 0.0000 0.0000 0.0000 0.0000 0.7078 0.1664 0.0000 0.0000 0.0000
1.0000 0.0000 0.0000 0.0000 0.0000 0.0000 0.0000 0.0000 0.0000 0.0000
1.0000 0.0000 0.0000 0.0000 0.0000 0.0000 0.0000 0.0000 0.0000 0.0000
0.6914 0.0000 0.0000 0.0000 0.0000 0.3086 0.0000 0.0000 0.0000 0.0000
0.4667 0.1649 0.2377 0.0639 0.0668 0.0000 0.0000 0.0000 0.0000 0.0000
0.3276 0.0000 0.0000 0.0000 0.0000 0.2239 0.4485 0.0000 0.0000 0.0000
0.1272 0.0669 0.3005 0.2653 0.2401 0.0000 0.0000 0.0000 0.0000 0.0000
0.2220 0.0000 0.0000 0.0000 0.0000 0.4512 0.0000 0.0000 0.3268 0.0000
0.6200 0.3800 0.0000 0.0000 0.0000 0.0000 0.0000 0.0000 0.0000 0.0000
1.0000 0.0000 0.0000 0.0000 0.0000 0.0000 0.0000 0.0000 0.0000 0.0000
0.6477 0.0000 0.0000 0.0000 0.0000 0.0544 0.0857 0.0000 0.0000 0.2122
0.1122 0.2822 0.6057 0.0000 0.0000 0.0000 0.0000 0.0000 0.0000 0.0000
0.4194 0.2294 0.2511 0.1001 0.0000 0.0000 0.0000 0.0000 0.0000 0.0000
0.8779 0.0000 0.0000 0.0000 0.0000 0.1221 0.0000 0.0000 0.0000 0.0000
0.1739 0.1027 0.2241 0.0880 0.4112 0.0000 0.0000 0.0000 0.0000 0.0000
0.0659 0.0000 0.0000 0.0000 0.0000 0.2005 0.2293 0.0000 0.0000 0.5043
0.1661 0.2591 0.0528 0.0883 0.4337 0.0000 0.0000 0.0000 0.0000 0.0000
0.1847 0.1021 0.1324 0.3271 0.2537 0.0000 0.0000 0.0000 0.0000 0.0000
0.1181 0.2565 0.5213 0.1041 0.0000 0.0000 0.0000 0.0000 0.0000 0.0000
0.1084 0.3640 0.0855 0.4421 0.0000 0.0000 0.0000 0.0000 0.0000 0.0000
1.0000 0.0000 0.0000 0.0000 0.0000 0.0000 0.0000 0.0000 0.0000 0.0000
0.0793 0.1998 0.2953 0.4257 0.0000 0.0000 0.0000 0.0000 0.0000 0.0000
0.8508 0.1492 0.0000 0.0000 0.0000 0.0000 0.0000 0.0000 0.0000 0.0000
0.4311 0.3397 0.2292 0.0000 0.0000 0.0000 0.0000 0.0000 0.0000 0.0000
0.8275 0.0000 0.0000 0.0000 0.0000 0.1725 0.0000 0.0000 0.0000 0.0000
0.2361 0.2742 0.1686 0.2143 0.1068 0.0000 0.0000 0.0000 0.0000 0.0000
0.3560 0.0000 0.0000 0.0000 0.0000 0.6440 0.0000 0.0000 0.0000 0.0000
0.0933 0.0000 0.0000 0.0000 0.0000 0.7278 0.1140 0.0000 0.0000 0.0650
0.1904 0.0534 0.1930 0.1970 0.3662 0.0000 0.0000 0.0000 0.0000 0.0000
0.0684 0.0000 0.0000 0.0000 0.0000 0.6565 0.2751 0.0000 0.0000 0.0000
0.0682 0.0000 0.0000 0.0000 0.0000 0.4326 0.0000 0.4992 0.0000 0.0000
0.1029 0.8971 0.0000 0.0000 0.0000 0.0000 0.0000 0.0000 0.0000 0.0000
0.8575 0.0000 0.0000 0.0000 0.0000 0.1425 0.0000 0.0000 0.0000 0.0000
0.6389 0.0000 0.0000 0.0000 0.0000 0.3611 0.0000 0.0000 0.0000 0.0000
0.2422 0.4664 0.1421 0.0851 0.0642 0.0000 0.0000 0.0000 0.0000 0.0000
0.8185 0.0000 0.0000 0.0000 0.0000 0.1815 0.0000 0.0000 0.0000 0.0000
0.7274 0.0000 0.0000 0.0000 0.0000 0.1531 0.1195 0.0000 0.0000 0.0000
0.1867 0.1989 0.6143 0.0000 0.0000 0.0000 0.0000 0.0000 0.0000 0.0000
0.3235 0.0000 0.0000 0.0000 0.0000 0.1958 0.0000 0.4807 0.0000 0.0000
1.0000 0.0000 0.0000 0.0000 0.0000 0.0000 0.0000 0.0000 0.0000 0.0000
0.2196 0.2095 0.2171 0.3537 0.0000 0.0000 0.0000 0.0000 0.0000 0.0000
0.5036 0.0000 0.0000 0.0000 0.0000 0.0973 0.3991 0.0000 0.0000 0.0000
0.1416 0.1748 0.2424 0.2624 0.1787 0.0000 0.0000 0.0000 0.0000 0.0000
0.2407 0.4399 0.2557 0.0637 0.0000 0.0000 0.0000 0.0000 0.0000 0.0000
0.1422 0.0907 0.1147 0.0914 0.5611 0.0000 0.0000 0.0000 0.0000 0.0000
1.0000 0.0000 0.0000 0.0000 0.0000 0.0000 0.0000 0.0000 0.0000 0.0000
0.1359 0.2705 0.0875 0.5060 0.0000 0.0000 0.0000 0.0000 0.0000 0.0000
0.1793 0.0000 0.0000 0.0000 0.0000 0.1759 0.0787 0.0000 0.0000 0.5661
1.0000 0.0000 0.0000 0.0000 0.0000 0.0000 0.0000 0.0000 0.0000 0.0000
0.1600 0.8400 0.0000 0.0000 0.0000 0.0000 0.0000 0.0000 0.0000 0.0000
0.1996 0.0000 0.0000 0.0000 0.0000 0.5833 0.0000 0.2171 0.0000 0.0000
0.3053 0.1739 0.0985 0.1374 0.2849 0.0000 0.0000 0.0000 0.0000 0.0000
0.2048 0.1109 0.6843 0.0000 0.0000 0.0000 0.0000 0.0000 0.0000 0.0000
0.7055 0.0000 0.0000 0.0000 0.0000 0.1641 0.0000 0.1304 0.0000 0.0000
0.1622 0.0000 0.0000 0.0000 0.0000 0.2415 0.0000 0.0000 0.5964 0.0000
1.0000 0.0000 0.0000 0.0000 0.0000 0.0000 0.0000 0.0000 0.0000 0.0000
0.0696 0.2822 0.2753 0.2011 0.1718 0.0000 0.0000 0.0000 0.0000 0.0000
0.0526 0.0000 0.0000 0.0000 0.0000 0.9474 0.0000 0.0000 0.0000 0.0000
0.0750 0.2614 0.5053 0.1583 0.0000 0.0000 0.0000 0.0000 0.0000 0.0000
0.6611 0.0000 0.0000 0.0000 0.0000 0.0668 0.0000 0.2721 0.0000 0.0000
0.2012 0.0000 0.0000 0.0000 0.0000 0.1352 0.6636 0.0000 0.0000 0.0000
0.1865 0.8135 0.0000 0.0000 0.0000 0.0000 0.0000 0.0000 0.0000 0.0000
0.2915 0.0000 0.0000 0.0000 0.0000 0.7085 0.0000 0.0000 0.0000 0.0000
0.0547 0.5262 0.2947 0.1244 0.0000 0.0000 0.0000 0.0000 0.0000 0.0000
0.1253 0.0000 0.0000 0.0000 0.0000 0.5384 0.3364 0.0000 0.0000 0.0000
0.1687 0.0836 0.5303 0.2174 0.0000 0.0000 0.0000 0.0000 0.0000 0.0000
0.6446 0.3554 0.0000 0.0000 0.0000 0.0000 0.0000 0.0000 0.0000 0.0000
0.1376 0.0000 0.0000 0.0000 0.0000 0.5473 0.0000 0.0000 0.3152 0.0000
0.3724 0.2225 0.4051 0.0000 0.0000 0.0000 0.0000 0.0000 0.0000 0.0000
0.0860 0.0000 0.0000 0.0000 0.0000 0.5954 0.0000 0.0000 0.3186 0.0000
0.1752 0.0000 0.0000 0.0000 0.0000 0.0800 0.7448 0.0000 0.0000 0.0000
0.0628 0.0000 0.0000 0.0000 0.0000 0.7989 0.1383 0.0000 0.0000 0.0000
0.4281 0.5719 0.0000 0.0000 0.0000 0.0000 0.0000 0.0000 0.0000 0.0000
0.2869 0.0000 0.0000 0.0000 0.0000 0.2399 0.0000 0.0000 0.4733 0.0000
0.7886 0.0000 0.0000 0.0000 0.0000 0.1283 0.0000 0.0831 0.0000 0.0000
0.1149 0.1013 0.2471 0.4110 0.1257 0.0000 0.0000 0.0000 0.0000 0.0000
0.1171 0.0000 0.0000 0.0000 0.0000 0.6833 0.0000 0.0000 0.1996 0.0000
0.4211 0.0000 0.0000 0.0000 0.0000 0.0568 0.3633 0.0000 0.0000 0.1588
0.7221 0.2779 0.0000 0.0000 0.0000 0.0000 0.0000 0.0000 0.0000 0.0000
0.1086 0.0000 0.0000 0.0000 0.0000 0.2899 0.0000 0.6015 0.0000 0.0000
0.7580 0.0000 0.0000 0.0000 0.0000 0.2420 0.0000 0.0000 0.0000 0.0000
0.0597 0.0000 0.0000 0.0000 0.0000 0.4136 0.4471 0.0000 0.0000 0.0796
0.8531 0.0000 0.0000 0.0000 0.0000 0.0949 0.0000 0.0520 0.0000 0.0000
0.1863 0.0000 0.0000 0.0000 0.0000 0.3689 0.0000 0.0000 0.4448 0.0000
1.0000 0.0000 0.0000 0.0000 0.0000 0.0000 0.0000 0.0000 0.0000 0.0000
0.0808 0.0000 0.0000 0.0000 0.0000 0.1814 0.3411 0.0000 0.0000 0.3966
0.2620 0.0000 0.0000 0.0000 0.0000 0.2355 0.0000 0.5026 0.0000 0.0000
0.1193 0.0000 0.0000 0.0000 0.0000 0.8192 0.0000 0.0615 0.0000 0.0000
0.0880 0.0526 0.1473 0.5013 0.2108 0.0000 0.0000 0.0000 0.0000 0.0000
0.3280 0.0000 0.0000 0.0000 0.0000 0.6130 0.0000 0.0000 0.0590 0.0000
0.1250 0.0000 0.0000 0.0000 0.0000 0.2609 0.0000 0.0000 0.6140 0.0000
0.4656 0.5344 0.0000 0.0000 0.0000 0.0000 0.0000 0.0000 0.0000 0.0000
0.4075 0.0000 0.0000 0.0000 0.0000 0.5925 0.0000 0.0000 0.0000 0.0000
0.1319 0.0000 0.0000 0.0000 0.0000 0.5665 0.3016 0.0000 0.0000 0.0000
0.2428 0.0000 0.0000 0.0000 0.0000 0.4199 0.0758 0.0000 0.0000 0.2616
0.0828 0.0000 0.0000 0.0000 0.0000 0.6657 0.2515 0.0000 0.0000 0.0000
0.1204 0.0000 0.0000 0.0000 0.0000 0.1447 0.1909 0.0000 0.0000 0.5440
0.6241 0.0000 0.0000 0.0000 0.0000 0.1261 0.0000 0.0000 0.2498 0.0000
0.8437 0.0000 0.0000 0.0000 0.0000 0.1563 0.0000 0.0000 0.0000 0.0000
0.4718 0.0000 0.0000 0.0000 0.0000 0.4673 0.0000 0.0000 0.0609 0.0000
1.0000 0.0000 0.0000 0.0000 0.0000 0.0000 0.0000 0.0000 0.0000 0.0000
0.2032 0.0617 0.1403 0.1458 0.4489 0.0000 0.0000 0.0000 0.0000 0.0000
0.2126 0.5856 0.2018 0.0000 0.0000 0.0000 0.0000 0.0000 0.0000 0.0000
0.2611 0.7389 0.0000 0.0000 0.0000 0.0000 0.0000 0.0000 0.0000 0.0000
0.1120 0.0000 0.0000 0.0000 0.0000 0.3364 0.0000 0.0000 0.5515 0.0000
0.0920 0.0000 0.0000 0.0000 0.0000 0.2775 0.0000 0.0000 0.6305 0.0000
0.5100 0.0000 0.0000 0.0000 0.0000 0.1918 0.0787 0.0000 0.0000 0.2195
0.2980 0.0515 0.2629 0.3877 0.0000 0.0000 0.0000 0.0000 0.0000 0.0000
0.4601 0.0000 0.0000 0.0000 0.0000 0.4081 0.0000 0.0000 0.1319 0.0000
0.4156 0.5844 0.0000 0.0000 0.0000 0.0000 0.0000 0.0000 0.0000 0.0000
0.6635 0.0000 0.0000 0.0000 0.0000 0.2320 0.0000 0.0000 0.1046 0.0000
0.2815 0.0000 0.0000 0.0000 0.0000 0.0923 0.3173 0.0000 0.0000 0.3090
0.3404 0.0000 0.0000 0.0000 0.0000 0.6596 0.0000 0.0000 0.0000 0.0000
0.8391 0.1609 0.0000 0.0000 0.0000 0.0000 0.0000 0.0000 0.0000 0.0000
0.1755 0.0000 0.0000 0.0000 0.0000 0.4369 0.0000 0.0000 0.3876 0.0000
0.3726 0.1193 0.1390 0.3691 0.0000 0.0000 0.0000 0.0000 0.0000 0.0000
0.5743 0.0000 0.0000 0.0000 0.0000 0.1321 0.0000 0.0000 0.2936 0.0000
0.3669 0.0000 0.0000 0.0000 0.0000 0.0777 0.3526 0.0000 0.0000 0.2028
1.0000 0.0000 0.0000 0.0000 0.0000 0.0000 0.0000 0.0000 0.0000 0.0000
0.1783 0.0000 0.0000 0.0000 0.0000 0.4461 0.0000 0.0000 0.3756 0.0000
0.6231 0.0000 0.0000 0.0000 0.0000 0.1353 0.2415 0.0000 0.0000 0.0000
0.2854 0.0745 0.3348 0.1711 0.1342 0.0000 0.0000 0.0000 0.0000 0.0000
0.2508 0.0000 0.0000 0.0000 0.0000 0.2363 0.3328 0.0000 0.0000 0.1801
0.2319 0.7681 0.0000 0.0000 0.0000 0.0000 0.0000 0.0000 0.0000 0.0000
0.7713 0.0000 0.0000 0.0000 0.0000 0.1230 0.0000 0.0000 0.1058 0.0000
0.1738 0.1521 0.2793 0.3949 0.0000 0.0000 0.0000 0.0000 0.0000 0.0000
1.0000 0.0000 0.0000 0.0000 0.0000 0.0000 0.0000 0.0000 0.0000 0.0000
0.3420 0.0000 0.0000 0.0000 0.0000 0.3092 0.0000 0.3488 0.0000 0.0000
0.7629 0.0000 0.0000 0.0000 0.0000 0.1206 0.1165 0.0000 0.0000 0.0000
0.3098 0.0000 0.0000 0.0000 0.0000 0.2292 0.3050 0.0000 0.0000 0.1560
0.2430 0.0000 0.0000 0.0000 0.0000 0.6179 0.0000 0.0000 0.1390 0.0000
0.1877 0.0646 0.4094 0.1457 0.1927 0.0000 0.0000 0.0000 0.0000 0.0000
0.2912 0.0000 0.0000 0.0000 0.0000 0.4537 0.0000 0.2552 0.0000 0.0000
0.6508 0.0000 0.0000 0.0000 0.0000 0.3492 0.0000 0.0000 0.0000 0.0000
1.0000 0.0000 0.0000 0.0000 0.0000 0.0000 0.0000 0.0000 0.0000 0.0000
0.3470 0.2007 0.2328 0.2196 0.0000 0.0000 0.0000 0.0000 0.0000 0.0000
0.0756 0.0000 0.0000 0.0000 0.0000 0.9244 0.0000 0.0000 0.0000 0.0000
0.4052 0.0000 0.0000 0.0000 0.0000 0.2646 0.1190 0.0000 0.0000 0.2112
0.4060 0.0000 0.0000 0.0000 0.0000 0.2706 0.2097 0.0000 0.0000 0.1137
0.2369 0.2803 0.4066 0.0762 0.0000 0.0000 0.0000 0.0000 0.0000 0.0000
0.4567 0.5433 0.0000 0.0000 0.0000 0.0000 0.0000 0.0000 0.0000 0.0000
0.4248 0.5752 0.0000 0.0000 0.0000 0.0000 0.0000 0.0000 0.0000 0.0000
0.0724 0.0000 0.0000 0.0000 0.0000 0.4411 0.3354 0.0000 0.0000 0.1511
0.1092 0.0000 0.0000 0.0000 0.0000 0.2937 0.5972 0.0000 0.0000 0.0000
0.6375 0.0000 0.0000 0.0000 0.0000 0.3625 0.0000 0.0000 0.0000 0.0000
0.2705 0.0000 0.0000 0.0000 0.0000 0.0705 0.4931 0.0000 0.0000 0.1658
0.3057 0.0000 0.0000 0.0000 0.0000 0.2654 0.0000 0.0000 0.4289 0.0000
0.6277 0.0000 0.0000 0.0000 0.0000 0.3723 0.0000 0.0000 0.0000 0.0000
0.8059 0.0000 0.0000 0.0000 0.0000 0.1941 0.0000 0.0000 0.0000 0.0000
0.1053 0.0000 0.0000 0.0000 0.0000 0.7258 0.0871 0.0000 0.0000 0.0819
1.0000 0.0000 0.0000 0.0000 0.0000 0.0000 0.0000 0.0000 0.0000 0.0000
0.3883 0.0000 0.0000 0.0000 0.0000 0.6117 0.0000 0.0000 0.0000 0.0000
0.1279 0.8721 0.0000 0.0000 0.0000 0.0000 0.0000 0.0000 0.0000 0.0000
1.0000 0.0000 0.0000 0.0000 0.0000 0.0000 0.0000 0.0000 0.0000 0.0000
0.4505 0.4084 0.1411 0.0000 0.0000 0.0000 0.0000 0.0000 0.0000 0.0000
0.4631 0.2563 0.2806 0.0000 0.0000 0.0000 0.0000 0.0000 0.0000 0.0000
0.5891 0.1000 0.3109 0.0000 0.0000 0.0000 0.0000 0.0000 0.0000 0.0000
0.5963 0.0000 0.0000 0.0000 0.0000 0.4037 0.0000 0.0000 0.0000 0.0000
0.5689 0.0722 0.3588 0.0000 0.0000 0.0000 0.0000 0.0000 0.0000 0.0000
0.1383 0.5049 0.0601 0.2967 0.0000 0.0000 0.0000 0.0000 0.0000 0.0000
0.5764 0.0000 0.0000 0.0000 0.0000 0.2751 0.1485 0.0000 0.0000 0.0000
1.0000 0.0000 0.0000 0.0000 0.0000 0.0000 0.0000 0.0000 0.0000 0.0000
0.5077 0.0000 0.0000 0.0000 0.0000 0.2808 0.0000 0.2115 0.0000 0.0000
0.4163 0.2583 0.1846 0.1408 0.0000 0.0000 0.0000 0.0000 0.0000 0.0000
0.0747 0.8561 0.0691 0.0000 0.0000 0.0000 0.0000 0.0000 0.0000 0.0000
0.1480 0.8520 0.0000 0.0000 0.0000 0.0000 0.0000 0.0000 0.0000 0.0000
0.0996 0.3209 0.1859 0.2792 0.1144 0.0000 0.0000 0.0000 0.0000 0.0000
0.2909 0.0000 0.0000 0.0000 0.0000 0.3750 0.3341 0.0000 0.0000 0.0000
0.3332 0.0538 0.1869 0.4260 0.0000 0.0000 0.0000 0.0000 0.0000 0.0000
0.0706 0.0000 0.0000 0.0000 0.0000 0.3577 0.5717 0.0000 0.0000 0.0000
0.2778 0.3069 0.4154 0.0000 0.0000 0.0000 0.0000 0.0000 0.0000 0.0000
0.1772 0.0000 0.0000 0.0000 0.0000 0.4489 0.3739 0.0000 0.0000 0.0000
0.1812 0.0000 0.0000 0.0000 0.0000 0.4432 0.0000 0.3756 0.0000 0.0000
0.2898 0.2312 0.0726 0.0969 0.3095 0.0000 0.0000 0.0000 0.0000 0.0000
0.1184 0.0719 0.6662 0.1435 0.0000 0.0000 0.0000 0.0000 0.0000 0.0000
1.0000 0.0000 0.0000 0.0000 0.0000 0.0000 0.0000 0.0000 0.0000 0.0000
0.0570 0.0000 0.0000 0.0000 0.0000 0.2545 0.3695 0.0000 0.0000 0.3190
0.6731 0.0000 0.0000 0.0000 0.0000 0.2294 0.0975 0.0000 0.0000 0.0000
0.0923 0.0000 0.0000 0.0000 0.0000 0.9077 0.0000 0.0000 0.0000 0.0000
0.1430 0.4274 0.1740 0.0896 0.1660 0.0000 0.0000 0.0000 0.0000 0.0000
0.1722 0.1494 0.2212 0.1193 0.3379 0.0000 0.0000 0.0000 0.0000 0.0000
0.1379 0.0000 0.0000 0.0000 0.0000 0.1776 0.0000 0.6846 0.0000 0.0000
0.3882 0.1387 0.2510 0.1631 0.0590 0.0000 0.0000 0.0000 0.0000 0.0000
1.0000 0.0000 0.0000 0.0000 0.0000 0.0000 0.0000 0.0000 0.0000 0.0000
0.0712 0.0000 0.0000 0.0000 0.0000 0.4777 0.0000 0.0000 0.4511 0.0000
0.3140 0.0000 0.0000 0.0000 0.0000 0.3749 0.2196 0.0000 0.0000 0.0914
0.1559 0.0937 0.0568 0.6936 0.0000 0.0000 0.0000 0.0000 0.0000 0.0000
0.0952 0.2140 0.2047 0.1972 0.2888 0.0000 0.0000 0.0000 0.0000 0.0000
0.3291 0.0000 0.0000 0.0000 0.0000 0.4310 0.0000 0.2399 0.0000 0.0000
1.0000 0.0000 0.0000 0.0000 0.0000 0.0000 0.0000 0.0000 0.0000 0.0000
0.1045 0.6721 0.0702 0.1532 0.0000 0.0000 0.0000 0.0000 0.0000 0.0000
0.1218 0.0000 0.0000 0.0000 0.0000 0.2241 0.6541 0.0000 0.0000 0.0000
0.5291 0.0000 0.0000 0.0000 0.0000 0.4709 0.0000 0.0000 0.0000 0.0000
1.0000 0.0000 0.0000 0.0000 0.0000 0.0000 0.0000 0.0000 0.0000 0.0000
0.3865 0.0000 0.0000 0.0000 0.0000 0.1542 0.1133 0.0000 0.0000 0.3460
0.3276 0.0000 0.0000 0.0000 0.0000 0.1618 0.0000 0.0000 0.5106 0.0000
0.3169 0.0000 0.0000 0.0000 0.0000 0.5763 0.0000 0.0000 0.1068 0.0000
0.7460 0.2540 0.0000 0.0000 0.0000 0.0000 0.0000 0.0000 0.0000 0.0000
1.0000 0.0000 0.0000 0.0000 0.0000 0.0000 0.0000 0.0000 0.0000 0.0000
0.4358 0.0000 0.0000 0.0000 0.0000 0.5642 0.0000 0.0000 0.0000 0.0000
0.6602 0.0000 0.0000 0.0000 0.0000 0.1332 0.2066 0.0000 0.0000 0.0000
0.0765 0.0000 0.0000 0.0000 0.0000 0.7907 0.0594 0.0000 0.0000 0.0734
0.6580 0.0000 0.0000 0.0000 0.0000 0.1095 0.0000 0.0000 0.2326 0.0000
1.0000 0.0000 0.0000 0.0000 0.0000 0.0000 0.0000 0.0000 0.0000 0.0000
0.1403 0.0000 0.0000 0.0000 0.0000 0.1461 0.0681 0.0000 0.0000 0.6456
0.0703 0.5590 0.1351 0.0644 0.1712 0.0000 0.0000 0.0000 0.0000 0.0000
0.2581 0.6578 0.0841 0.0000 0.0000 0.0000 0.0000 0.0000 0.0000 0.0000
0.4232 0.0000 0.0000 0.0000 0.0000 0.3437 0.0000 0.0000 0.2331 0.0000
0.6201 0.0000 0.0000 0.0000 0.0000 0.3799 0.0000 0.0000 0.0000 0.0000
0.4012 0.0000 0.0000 0.0000 0.0000 0.5988 0.0000 0.0000 0.0000 0.0000
0.5598 0.3673 0.0729 0.0000 0.0000 0.0000 0.0000 0.0000 0.0000 0.0000
0.0509 0.3880 0.1183 0.2768 0.1660 0.0000 0.0000 0.0000 0.0000 0.0000
0.8482 0.1518 0.0000 0.0000 0.0000 0.0000 0.0000 0.0000 0.0000 0.0000
0.0819 0.0000 0.0000 0.0000 0.0000 0.4674 0.4507 0.0000 0.0000 0.0000
0.3304 0.0000 0.0000 0.0000 0.0000 0.6696 0.0000 0.0000 0.0000 0.0000
0.1376 0.3588 0.0589 0.4447 0.0000 0.0000 0.0000 0.0000 0.0000 0.0000
0.3760 0.3190 0.3050 0.0000 0.0000 0.0000 0.0000 0.0000 0.0000 0.0000
0.0734 0.4302 0.1674 0.2774 0.0517 0.0000 0.0000 0.0000 0.0000 0.0000
0.1366 0.1990 0.6086 0.0558 0.0000 0.0000 0.0000 0.0000 0.0000 0.0000
0.5122 0.0000 0.0000 0.0000 0.0000 0.4297 0.0581 0.0000 0.0000 0.0000
1.0000 0.0000 0.0000 0.0000 0.0000 0.0000 0.0000 0.0000 0.0000 0.0000
0.1234 0.2066 0.4145 0.0596 0.1959 0.0000 0.0000 0.0000 0.0000 0.0000
0.0682 0.0000 0.0000 0.0000 0.0000 0.4115 0.5204 0.0000 0.0000 0.0000
1.0000 0.0000 0.0000 0.0000 0.0000 0.0000 0.0000 0.0000 0.0000 0.0000
0.7205 0.2795 0.0000 0.0000 0.0000 0.0000 0.0000 0.0000 0.0000 0.0000
0.5136 0.1406 0.3458 0.0000 0.0000 0.0000 0.0000 0.0000 0.0000 0.0000
1.0000 0.0000 0.0000 0.0000 0.0000 0.0000 0.0000 0.0000 0.0000 0.0000
0.4624 0.0000 0.0000 0.0000 0.0000 0.2066 0.0000 0.3310 0.0000 0.0000
1.0000 0.0000 0.0000 0.0000 0.0000 0.0000 0.0000 0.0000 0.0000 0.0000
0.0846 0.0000 0.0000 0.0000 0.0000 0.6402 0.2752 0.0000 0.0000 0.0000
0.1172 0.0000 0.0000 0.0000 0.0000 0.8828 0.0000 0.0000 0.0000 0.0000
0.9212 0.0788 0.0000 0.0000 0.0000 0.0000 0.0000 0.0000 0.0000 0.0000
0.1136 0.0759 0.5532 0.2573 0.0000 0.0000 0.0000 0.0000 0.0000 0.0000
0.7753 0.2247 0.0000 0.0000 0.0000 0.0000 0.0000 0.0000 0.0000 0.0000
0.1360 0.3458 0.1523 0.3659 0.0000 0.0000 0.0000 0.0000 0.0000 0.0000
0.2176 0.0000 0.0000 0.0000 0.0000 0.3819 0.0000 0.0000 0.4005 0.0000
0.1549 0.2542 0.5910 0.0000 0.0000 0.0000 0.0000 0.0000 0.0000 0.0000
0.8102 0.1898 0.0000 0.0000 0.0000 0.0000 0.0000 0.0000 0.0000 0.0000
0.0961 0.3247 0.0633 0.5160 0.0000 0.0000 0.0000 0.0000 0.0000 0.0000
0.7522 0.2478 0.0000 0.0000 0.0000 0.0000 0.0000 0.0000 0.0000 0.0000
0.3160 0.5636 0.1204 0.0000 0.0000 0.0000 0.0000 0.0000 0.0000 0.0000
0.0833 0.0000 0.0000 0.0000 0.0000 0.3780 0.5386 0.0000 0.0000 0.0000
0.4413 0.0000 0.0000 0.0000 0.0000 0.2807 0.0000 0.0000 0.2781 0.0000
0.2593 0.3921 0.1098 0.2388 0.0000 0.0000 0.0000 0.0000 0.0000 0.0000
1.0000 0.0000 0.0000 0.0000 0.0000 0.0000 0.0000 0.0000 0.0000 0.0000
0.2485 0.0000 0.0000 0.0000 0.0000 0.6685 0.0000 0.0830 0.0000 0.0000
0.3519 0.0000 0.0000 0.0000 0.0000 0.5563 0.0000 0.0919 0.0000 0.0000
1.0000 0.0000 0.0000 0.0000 0.0000 0.0000 0.0000 0.0000 0.0000 0.0000
0.1244 0.0000 0.0000 0.0000 0.0000 0.6589 0.0000 0.0000 0.2167 0.0000
0.7270 0.0000 0.0000 0.0000 0.0000 0.2730 0.0000 0.0000 0.0000 0.0000
0.2075 0.0000 0.0000 0.0000 0.0000 0.6457 0.1468 0.0000 0.0000 0.0000
1.0000 0.0000 0.0000 0.0000 0.0000 0.0000 0.0000 0.0000 0.0000 0.0000
0.0965 0.0000 0.0000 0.0000 0.0000 0.6798 0.2237 0.0000 0.0000 0.0000
0.5095 0.0000 0.0000 0.0000 0.0000 0.2996 0.1909 0.0000 0.0000 0.0000
0.3541 0.0000 0.0000 0.0000 0.0000 0.5482 0.0000 0.0000 0.0978 0.0000
0.3319 0.0000 0.0000 0.0000 0.0000 0.0512 0.4118 0.0000 0.0000 0.2051
0.3280 0.0793 0.0534 0.0786 0.4608 0.0000 0.0000 0.0000 0.0000 0.0000
0.1193 0.0852 0.1362 0.2839 0.3755 0.0000 0.0000 0.0000 0.0000 0.0000
0.1274 0.2761 0.2399 0.2661 0.0906 0.0000 0.0000 0.0000 0.0000 0.0000
0.2811 0.0000 0.0000 0.0000 0.0000 0.1130 0.3407 0.0000 0.0000 0.2652
0.8790 0.0000 0.0000 0.0000 0.0000 0.1210 0.0000 0.0000 0.0000 0.0000
1.0000 0.0000 0.0000 0.0000 0.0000 0.0000 0.0000 0.0000 0.0000 0.0000
0.5719 0.0000 0.0000 0.0000 0.0000 0.0568 0.3714 0.0000 0.0000 0.0000
0.2669 0.2651 0.1015 0.2830 0.0835 0.0000 0.0000 0.0000 0.0000 0.0000
0.4994 0.5006 0.0000 0.0000 0.0000 0.0000 0.0000 0.0000 0.0000 0.0000
0.9177 0.0823 0.0000 0.0000 0.0000 0.0000 0.0000 0.0000 0.0000 0.0000
0.5627 0.0000 0.0000 0.0000 0.0000 0.4373 0.0000 0.0000 0.0000 0.0000
0.8414 0.0000 0.0000 0.0000 0.0000 0.1586 0.0000 0.0000 0.0000 0.0000
0.1110 0.0000 0.0000 0.0000 0.0000 0.5404 0.0608 0.0000 0.0000 0.2878
1.0000 0.0000 0.0000 0.0000 0.0000 0.0000 0.0000 0.0000 0.0000 0.0000
0.4849 0.5151 0.0000 0.0000 0.0000 0.0000 0.0000 0.0000 0.0000 0.0000
0.1973 0.1630 0.2129 0.4269 0.0000 0.0000 0.0000 0.0000 0.0000 0.0000
0.6775 0.3225 0.0000 0.0000 0.0000 0.0000 0.0000 0.0000 0.0000 0.0000
0.0616 0.0000 0.0000 0.0000 0.0000 0.5245 0.0000 0.4139 0.0000 0.0000
1.0000 0.0000 0.0000 0.0000 0.0000 0.0000 0.0000 0.0000 0.0000 0.0000
0.2518 0.0000 0.0000 0.0000 0.0000 0.5056 0.0000 0.2426 0.0000 0.0000
0.1461 0.0000 0.0000 0.0000 0.0000 0.6043 0.1335 0.0000 0.0000 0.1161
