	mut10	mut10	mut1	mut1	mut2	mut2	mut3	mut3	mut4	mut4	mut5	mut5	mut6	mut6	mut7	mut7	mut8	mut8	mut9	mut9
cell1	0	49	45	6	47	0	39	2	49	0	36	11	47	0	49	7	60	0	39	14
cell2	0	45	7	49	46	0	45	4	59	0	54	0	36	0	50	0	50	0	50	0
cell3	1	49	43	17	57	0	50	3	55	0	13	32	39	0	47	0	45	2	42	0
cell4	1	39	1	43	22	34	34	9	45	0	52	1	54	0	56	0	53	0	47	0
cell5	0	49	0	62	41	0	62	0	44	0	43	8	57	0	50	0	43	0	56	0
cell6	0	50	25	34	55	0	61	0	51	0	20	27	47	0	56	0	38	0	57	0
cell7	0	54	17	33	52	0	49	0	49	0	44	14	52	0	39	13	52	0	37	0
cell8	0	50	8	35	27	32	26	8	29	13	55	0	64	0	51	1	39	0	51	1
cell9	0	56	7	31	41	0	42	3	59	0	51	1	64	0	41	0	54	0	49	0
cell10	0	52	44	2	40	1	50	0	41	2	5	23	46	0	15	21	55	0	52	9
cell11	0	49	17	31	46	0	39	0	47	16	23	12	59	0	52	0	51	0	48	1
cell12	0	43	67	0	43	0	40	0	51	0	65	1	37	0	46	0	60	0	49	0
cell13	0	50	39	2	53	0	38	0	52	0	32	21	46	2	50	0	52	2	48	0
cell14	0	42	34	20	54	0	52	0	57	0	35	6	36	12	43	0	58	0	55	0
cell15	0	44	24	27	43	8	45	17	38	15	50	0	52	3	49	0	50	2	50	0
cell16	0	56	45	15	61	0	58	3	39	2	49	0	53	0	66	0	42	0	50	0
cell17	0	50	8	54	28	23	13	39	48	3	35	4	55	1	53	0	45	1	51	0
cell18	0	48	21	24	55	0	58	1	48	0	45	2	50	3	42	0	46	0	42	0
cell19	3	37	31	18	46	10	67	3	55	0	59	0	62	0	49	1	52	0	45	2
cell20	0	44	38	0	58	0	38	0	48	0	15	36	40	16	45	0	25	25	52	1
cell21	0	64	46	4	34	0	45	0	48	0	4	43	55	0	48	5	44	1	43	10
cell22	4	46	45	10	53	0	43	0	46	0	21	34	58	1	37	4	54	0	47	0
cell23	1	48	54	2	46	0	53	2	49	0	18	31	53	5	66	0	49	0	49	0
cell24	0	40	28	14	47	0	43	5	48	0	14	44	44	1	55	0	23	27	48	2
cell25	0	53	21	50	23	27	38	5	54	3	37	0	58	0	61	0	49	0	49	0
cell26	0	43	36	18	57	0	47	2	43	0	22	35	45	2	46	1	44	0	47	0
cell27	0	51	2	51	34	27	60	2	43	0	44	0	40	0	44	0	45	0	39	0
cell28	0	48	23	15	53	0	48	0	53	0	49	8	31	20	59	0	44	4	43	0
cell29	0	53	51	4	52	0	51	0	58	0	7	37	29	15	41	0	45	8	51	0
cell30	0	49	31	19	59	1	37	9	50	0	46	6	34	12	51	0	49	0	54	2
cell31	0	36	36	6	50	0	51	0	47	0	19	26	51	0	39	0	47	0	51	0
cell32	0	46	23	34	54	0	61	0	50	0	38	9	56	1	54	0	50	0	42	1
cell33	0	53	59	2	47	1	51	1	40	0	24	29	42	4	56	0	34	9	49	0
cell34	0	48	53	8	37	0	50	0	46	0	31	12	55	0	22	26	43	0	40	12
cell35	0	66	29	20	51	0	44	0	50	0	14	27	56	1	48	0	45	1	59	0
cell36	0	51	41	8	44	0	45	1	40	0	18	35	52	1	59	1	40	0	44	0
cell37	0	46	8	48	51	1	36	0	55	3	49	0	56	0	49	0	44	0	50	1
cell38	0	50	29	22	23	19	49	0	50	0	47	0	53	0	61	0	52	0	59	0
cell39	0	44	5	46	19	33	36	15	56	0	54	0	47	0	52	0	50	0	63	0
cell40	1	60	39	0	51	0	52	2	55	0	40	0	47	0	48	1	63	0	55	0
cell41	0	51	5	36	28	32	42	1	53	3	51	0	45	0	51	0	41	0	41	0
cell42	1	50	14	25	31	17	45	0	56	3	48	0	55	0	48	0	45	0	48	0
cell43	0	39	0	57	17	39	55	0	46	0	59	0	59	0	46	0	37	1	48	0
cell44	1	49	31	18	53	0	39	0	50	0	35	16	50	0	43	3	45	0	45	4
cell45	4	47	20	22	42	0	57	0	44	0	38	13	53	0	40	16	49	0	42	0
cell46	0	50	30	17	44	9	45	0	48	0	56	0	57	2	51	0	64	0	43	0
cell47	0	51	48	5	57	0	36	0	44	0	30	19	54	0	22	29	57	0	47	0
cell48	0	60	27	24	53	0	45	0	63	0	55	2	44	0	48	0	46	1	51	1
cell49	0	47	44	7	46	0	52	0	42	0	42	21	34	8	55	0	36	18	38	0
cell50	0	56	25	27	60	0	51	0	45	0	27	10	58	0	52	0	55	0	62	1
cell51	0	42	43	11	43	0	47	0	46	6	18	28	33	25	60	0	49	2	41	0
cell52	0	44	22	36	11	32	40	14	61	2	44	1	47	1	48	0	39	0	38	0
cell53	0	51	36	12	10	34	46	3	36	0	50	0	47	0	52	3	57	0	49	0
cell54	0	56	27	23	43	0	50	0	53	0	37	9	55	0	63	3	42	1	48	0
cell55	0	51	49	0	51	0	60	0	51	0	40	0	50	0	54	0	46	1	47	1
cell56	0	43	19	35	43	0	52	0	45	0	47	4	57	0	52	2	36	1	49	0
cell57	0	51	42	12	49	0	57	8	45	0	46	0	48	0	38	0	59	0	51	0
cell58	0	47	44	1	57	0	46	6	57	0	20	35	44	0	14	34	37	0	40	5
cell59	0	62	52	4	53	0	47	0	53	0	10	48	54	0	30	17	49	1	41	1
cell60	0	49	17	24	56	0	44	0	46	0	43	10	53	0	35	7	53	0	45	0
cell61	0	52	43	13	54	0	54	0	46	0	17	37	56	9	43	0	40	1	51	1
cell62	0	51	46	0	50	0	47	0	47	0	40	0	52	0	58	0	63	0	57	0
cell63	0	60	16	32	47	0	36	0	44	1	35	0	54	0	44	0	60	0	60	0
cell64	0	32	21	27	59	0	52	2	66	0	42	0	50	4	50	0	52	0	41	0
cell65	0	55	33	13	42	1	49	1	42	0	28	11	48	0	44	0	55	0	46	0
cell66	0	45	6	40	9	38	35	21	46	1	51	2	49	3	45	0	38	0	48	0
cell67	6	51	48	3	66	0	56	0	51	2	18	38	23	29	47	0	51	0	51	0
cell68	0	56	50	3	44	0	52	0	45	0	12	35	50	1	57	0	44	4	53	0
cell69	0	46	36	2	65	0	56	2	45	0	20	40	20	32	50	0	46	8	42	0
cell70	0	40	51	0	62	0	52	0	41	0	9	33	41	5	43	4	59	1	68	2
cell71	0	45	5	41	15	42	43	11	56	0	43	0	44	0	49	0	54	0	48	0
cell72	0	49	18	33	25	17	56	0	41	0	45	0	50	0	60	0	53	0	62	0
cell73	0	45	3	50	12	34	31	15	64	0	52	0	49	2	50	0	54	0	58	0
cell74	4	64	51	4	53	0	58	0	49	0	28	25	43	13	58	1	43	3	38	0
cell75	0	43	6	42	12	34	33	18	31	12	40	2	38	0	45	0	45	4	60	0
cell76	0	42	37	5	58	0	52	0	51	1	29	16	48	4	34	11	58	0	50	0
cell77	0	37	38	17	50	0	39	0	50	0	14	28	57	6	54	0	48	0	39	4
cell78	0	44	35	14	54	0	38	0	48	0	27	24	50	3	41	1	31	0	64	0
cell79	0	42	45	1	63	0	32	1	44	0	37	31	27	7	48	0	35	0	44	2
cell80	0	41	39	11	55	3	38	0	43	0	37	5	50	0	37	3	52	0	52	0
cell81	0	52	35	16	57	5	50	0	49	4	20	23	41	0	36	20	56	0	48	4
cell82	0	40	13	28	35	10	32	22	39	16	44	0	44	0	41	1	62	3	43	0
cell83	0	57	21	41	14	30	43	5	56	0	49	0	48	0	51	0	59	0	56	0
cell84	1	46	43	10	50	1	57	0	41	0	25	25	42	1	44	9	39	0	51	2
cell85	0	56	29	9	29	14	38	0	48	0	42	0	46	0	49	0	52	0	51	2
cell86	0	55	15	24	59	0	55	0	58	0	50	1	46	1	56	1	50	0	41	0
cell87	0	48	53	9	49	0	57	1	53	1	10	28	42	4	67	0	50	3	56	0
cell88	0	37	24	25	39	0	51	1	52	0	38	1	46	0	50	0	63	0	60	0
cell89	0	46	41	2	44	0	44	0	49	0	28	33	43	0	30	27	53	0	49	0
cell90	0	38	37	16	51	0	68	0	43	0	38	12	68	0	44	4	49	0	43	0
cell91	0	50	18	25	53	0	41	0	49	0	51	1	47	0	62	0	53	0	54	0
cell92	0	42	51	0	56	0	46	0	42	5	42	0	65	0	36	0	60	0	53	0
cell93	0	53	37	6	46	0	48	0	63	0	54	2	52	0	49	0	62	0	49	0
cell94	0	40	5	54	18	34	39	10	43	2	49	0	61	0	60	0	69	0	53	0
cell95	0	44	36	6	50	0	49	0	44	0	46	0	50	0	56	2	58	0	43	0
cell96	0	48	49	0	54	0	44	0	50	0	51	0	54	5	33	0	48	0	54	0
cell97	0	55	14	39	57	4	44	2	51	0	40	20	44	6	51	0	56	0	44	0
cell98	0	47	39	12	53	0	49	6	52	0	10	40	56	0	34	18	42	4	35	11
cell99	0	52	54	9	50	0	45	0	54	0	21	28	45	2	47	0	25	19	57	0
cell100	0	42	48	7	43	0	34	0	52	0	48	0	49	2	46	0	50	2	49	0
