49 51 47 41 49 47 47 56 60 53 0
45 56 46 49 59 54 36 50 50 50 0
50 60 57 53 55 45 39 47 47 42 0
40 44 56 43 45 53 54 56 53 47 0
49 62 41 62 44 51 57 50 43 56 0
50 59 55 61 51 47 47 56 38 57 0
54 50 52 49 49 58 52 52 52 37 0
50 43 59 34 42 55 64 52 39 52 0
56 38 41 45 59 52 64 41 54 49 0
52 46 41 50 43 28 46 36 55 61 0
49 48 46 39 63 35 59 52 51 49 0
43 67 43 40 51 66 37 46 60 49 0
50 41 53 38 52 53 48 50 54 48 0
42 54 54 52 57 41 48 43 58 55 0
44 51 51 62 53 50 55 49 52 50 0
56 60 61 61 41 49 53 66 42 50 0
50 62 51 52 51 39 56 53 46 51 0
48 45 55 59 48 47 53 42 46 42 0
40 49 56 70 55 59 62 50 52 47 0
44 38 58 38 48 51 56 45 50 53 0
64 50 34 45 48 47 55 53 45 53 0
50 55 53 43 46 55 59 41 54 47 0
49 56 46 55 49 49 58 66 49 49 0
40 42 47 48 48 58 45 55 50 50 0
53 71 50 43 57 37 58 61 49 49 0
43 54 57 49 43 57 47 47 44 47 0
51 53 61 62 43 44 40 44 45 39 0
48 38 53 48 53 57 51 59 48 43 0
53 55 52 51 58 44 44 41 53 51 0
49 50 60 46 50 52 46 51 49 56 0
36 42 50 51 47 45 51 39 47 51 0
46 57 54 61 50 47 57 54 50 43 0
53 61 48 52 40 53 46 56 43 49 0
48 61 37 50 46 43 55 48 43 52 0
66 49 51 44 50 41 57 48 46 59 0
51 49 44 46 40 53 53 60 40 44 0
46 56 52 36 58 49 56 49 44 51 0
50 51 42 49 50 47 53 61 52 59 0
44 51 52 51 56 54 47 52 50 63 0
61 39 51 54 55 40 47 49 63 55 0
51 41 60 43 56 51 45 51 41 41 0
51 39 48 45 59 48 55 48 45 48 0
39 57 56 55 46 59 59 46 38 48 0
50 49 53 39 50 51 50 46 45 49 0
51 42 42 57 44 51 53 56 49 42 0
50 47 53 45 48 56 59 51 64 43 0
51 53 57 36 44 49 54 51 57 47 0
60 51 53 45 63 57 44 48 47 52 0
47 51 46 52 42 63 42 55 54 38 0
56 52 60 51 45 37 58 52 55 63 0
42 54 43 47 52 46 58 60 51 41 0
44 58 43 54 63 45 48 48 39 38 0
51 48 44 49 36 50 47 55 57 49 0
56 50 43 50 53 46 55 66 43 48 0
51 49 51 60 51 40 50 54 47 48 0
43 54 43 52 45 51 57 54 37 49 0
51 54 49 65 45 46 48 38 59 51 0
47 45 57 52 57 55 44 48 37 45 0
62 56 53 47 53 58 54 47 50 42 0
49 41 56 44 46 53 53 42 53 45 0
52 56 54 54 46 54 65 43 41 52 0
51 46 50 47 47 40 52 58 63 57 0
60 48 47 36 45 35 54 44 60 60 0
32 48 59 54 66 42 54 50 52 41 0
55 46 43 50 42 39 48 44 55 46 0
45 46 47 56 47 53 52 45 38 48 0
57 51 66 56 53 56 52 47 51 51 0
56 53 44 52 45 47 51 57 48 53 0
46 38 65 58 45 60 52 50 54 42 0
40 51 62 52 41 42 46 47 60 70 0
45 46 57 54 56 43 44 49 54 48 0
49 51 42 56 41 45 50 60 53 62 0
45 53 46 46 64 52 51 50 54 58 0
68 55 53 58 49 53 56 59 46 38 0
43 48 46 51 43 42 38 45 49 60 0
42 42 58 52 52 45 52 45 58 50 0
37 55 50 39 50 42 63 54 48 43 0
44 49 54 38 48 51 53 42 31 64 0
42 46 63 33 44 68 34 48 35 46 0
41 50 58 38 43 42 50 40 52 52 0
52 51 62 50 53 43 41 56 56 52 0
40 41 45 54 55 44 44 42 65 43 0
57 62 44 48 56 49 48 51 59 56 0
47 53 51 57 41 50 43 53 39 53 0
56 38 43 38 48 42 46 49 52 53 0
55 39 59 55 58 51 47 57 50 41 0
48 62 49 58 54 38 46 67 53 56 0
37 49 39 52 52 39 46 50 63 60 0
46 43 44 44 49 61 43 57 53 49 0
38 53 51 68 43 50 68 48 49 43 0
50 43 53 41 49 52 47 62 53 54 0
42 51 56 46 47 42 65 36 60 53 0
53 43 46 48 63 56 52 49 62 49 0
40 59 52 49 45 49 61 60 69 53 0
44 42 50 49 44 46 50 58 58 43 0
48 49 54 44 50 51 59 33 48 54 0
55 53 61 46 51 60 50 51 56 44 0
47 51 53 55 52 50 56 52 46 46 0
52 63 50 45 54 49 47 47 44 57 0
42 55 43 34 52 48 51 46 52 49 0
