49 6 0 2 0 11 0 7 0 14 0
45 49 0 4 0 0 0 0 0 0 0
49 17 0 3 0 32 0 0 2 0 0
39 43 34 9 0 1 0 0 0 0 0
49 62 0 0 0 8 0 0 0 0 0
50 34 0 0 0 27 0 0 0 0 0
54 33 0 0 0 14 0 13 0 0 0
50 35 32 8 13 0 0 1 0 1 0
56 31 0 3 0 1 0 0 0 0 0
52 2 1 0 2 23 0 21 0 9 0
49 31 0 0 16 12 0 0 0 1 0
43 0 0 0 0 1 0 0 0 0 0
50 2 0 0 0 21 2 0 2 0 0
42 20 0 0 0 6 12 0 0 0 0
44 27 8 17 15 0 3 0 2 0 0
56 15 0 3 2 0 0 0 0 0 0
50 54 23 39 3 4 1 0 1 0 0
48 24 0 1 0 2 3 0 0 0 0
37 18 10 3 0 0 0 1 0 2 0
44 0 0 0 0 36 16 0 25 1 0
64 4 0 0 0 43 0 5 1 10 0
46 10 0 0 0 34 1 4 0 0 0
48 2 0 2 0 31 5 0 0 0 0
40 14 0 5 0 44 1 0 27 2 0
53 50 27 5 3 0 0 0 0 0 0
43 18 0 2 0 35 2 1 0 0 0
51 51 27 2 0 0 0 0 0 0 0
48 15 0 0 0 8 20 0 4 0 0
53 4 0 0 0 37 15 0 8 0 0
49 19 1 9 0 6 12 0 0 2 0
36 6 0 0 0 26 0 0 0 0 0
46 34 0 0 0 9 1 0 0 1 0
53 2 1 1 0 29 4 0 9 0 0
48 8 0 0 0 12 0 26 0 12 0
66 20 0 0 0 27 1 0 1 0 0
51 8 0 1 0 35 1 1 0 0 0
46 48 1 0 3 0 0 0 0 1 0
50 22 19 0 0 0 0 0 0 0 0
44 46 33 15 0 0 0 0 0 0 0
60 0 0 2 0 0 0 1 0 0 0
51 36 32 1 3 0 0 0 0 0 0
50 25 17 0 3 0 0 0 0 0 0
39 57 39 0 0 0 0 0 1 0 0
49 18 0 0 0 16 0 3 0 4 0
47 22 0 0 0 13 0 16 0 0 0
50 17 9 0 0 0 2 0 0 0 0
51 5 0 0 0 19 0 29 0 0 0
60 24 0 0 0 2 0 0 1 1 0
47 7 0 0 0 21 8 0 18 0 0
56 27 0 0 0 10 0 0 0 1 0
42 11 0 0 6 28 25 0 2 0 0
44 36 32 14 2 1 1 0 0 0 0
51 12 34 3 0 0 0 3 0 0 0
56 23 0 0 0 9 0 3 1 0 0
51 0 0 0 0 0 0 0 1 1 0
43 35 0 0 0 4 0 2 1 0 0
51 12 0 8 0 0 0 0 0 0 0
47 1 0 6 0 35 0 34 0 5 0
62 4 0 0 0 48 0 17 1 1 0
49 24 0 0 0 10 0 7 0 0 0
52 13 0 0 0 37 9 0 1 1 0
51 0 0 0 0 0 0 0 0 0 0
60 32 0 0 1 0 0 0 0 0 0
32 27 0 2 0 0 4 0 0 0 0
55 13 1 1 0 11 0 0 0 0 0
45 40 38 21 1 2 3 0 0 0 0
51 3 0 0 2 38 29 0 0 0 0
56 3 0 0 0 35 1 0 4 0 0
46 2 0 2 0 40 32 0 8 0 0
40 0 0 0 0 33 5 4 1 2 0
45 41 42 11 0 0 0 0 0 0 0
49 33 17 0 0 0 0 0 0 0 0
45 50 34 15 0 0 2 0 0 0 0
64 4 0 0 0 25 13 1 3 0 0
43 42 34 18 12 2 0 0 4 0 0
42 5 0 0 1 16 4 11 0 0 0
37 17 0 0 0 28 6 0 0 4 0
44 14 0 0 0 24 3 1 0 0 0
42 1 0 1 0 31 7 0 0 2 0
41 11 3 0 0 5 0 3 0 0 0
52 16 5 0 4 23 0 20 0 4 0
40 28 10 22 16 0 0 1 3 0 0
57 41 30 5 0 0 0 0 0 0 0
46 10 1 0 0 25 1 9 0 2 0
56 9 14 0 0 0 0 0 0 2 0
55 24 0 0 0 1 1 1 0 0 0
48 9 0 1 1 28 4 0 3 0 0
37 25 0 1 0 1 0 0 0 0 0
46 2 0 0 0 33 0 27 0 0 0
38 16 0 0 0 12 0 4 0 0 0
50 25 0 0 0 1 0 0 0 0 0
42 0 0 0 5 0 0 0 0 0 0
53 6 0 0 0 2 0 0 0 0 0
40 54 34 10 2 0 0 0 0 0 0
44 6 0 0 0 0 0 2 0 0 0
48 0 0 0 0 0 5 0 0 0 0
55 39 4 2 0 20 6 0 0 0 0
47 12 0 6 0 40 0 18 4 11 0
52 9 0 0 0 28 2 0 19 0 0
42 7 0 0 0 0 2 0 2 0 0
