1.0000 0.1176 0.0000 0.0488 0.0000 0.2340 0.0000 0.1250 0.0000 0.2642 0.0000
1.0000 0.8750 0.0000 0.0816 0.0000 0.0000 0.0000 0.0000 0.0000 0.0000 0.0000
0.9800 0.2833 0.0000 0.0566 0.0000 0.7111 0.0000 0.0000 0.0426 0.0000 0.0000
0.9750 0.9773 0.6071 0.2093 0.0000 0.0189 0.0000 0.0000 0.0000 0.0000 0.0000
1.0000 1.0000 0.0000 0.0000 0.0000 0.1569 0.0000 0.0000 0.0000 0.0000 0.0000
1.0000 0.5763 0.0000 0.0000 0.0000 0.5745 0.0000 0.0000 0.0000 0.0000 0.0000
1.0000 0.6600 0.0000 0.0000 0.0000 0.2414 0.0000 0.2500 0.0000 0.0000 0.0000
1.0000 0.8140 0.5424 0.2353 0.3095 0.0000 0.0000 0.0192 0.0000 0.0192 0.0000
1.0000 0.8158 0.0000 0.0667 0.0000 0.0192 0.0000 0.0000 0.0000 0.0000 0.0000
1.0000 0.0435 0.0244 0.0000 0.0465 0.8214 0.0000 0.5833 0.0000 0.1475 0.0000
1.0000 0.6458 0.0000 0.0000 0.2540 0.3429 0.0000 0.0000 0.0000 0.0204 0.0000
1.0000 0.0000 0.0000 0.0000 0.0000 0.0152 0.0000 0.0000 0.0000 0.0000 0.0000
1.0000 0.0488 0.0000 0.0000 0.0000 0.3962 0.0417 0.0000 0.0370 0.0000 0.0000
1.0000 0.3704 0.0000 0.0000 0.0000 0.1463 0.2500 0.0000 0.0000 0.0000 0.0000
1.0000 0.5294 0.1569 0.2742 0.2830 0.0000 0.0545 0.0000 0.0385 0.0000 0.0000
1.0000 0.2500 0.0000 0.0492 0.0488 0.0000 0.0000 0.0000 0.0000 0.0000 0.0000
1.0000 0.8710 0.4510 0.7500 0.0588 0.1026 0.0179 0.0000 0.0217 0.0000 0.0000
1.0000 0.5333 0.0000 0.0169 0.0000 0.0426 0.0566 0.0000 0.0000 0.0000 0.0000
0.9250 0.3673 0.1786 0.0429 0.0000 0.0000 0.0000 0.0200 0.0000 0.0426 0.0000
1.0000 0.0000 0.0000 0.0000 0.0000 0.7059 0.2857 0.0000 0.5000 0.0189 0.0000
1.0000 0.0800 0.0000 0.0000 0.0000 0.9149 0.0000 0.0943 0.0222 0.1887 0.0000
0.9200 0.1818 0.0000 0.0000 0.0000 0.6182 0.0169 0.0976 0.0000 0.0000 0.0000
0.9796 0.0357 0.0000 0.0364 0.0000 0.6327 0.0862 0.0000 0.0000 0.0000 0.0000
1.0000 0.3333 0.0000 0.1042 0.0000 0.7586 0.0222 0.0000 0.5400 0.0400 0.0000
1.0000 0.7042 0.5400 0.1163 0.0526 0.0000 0.0000 0.0000 0.0000 0.0000 0.0000
1.0000 0.3333 0.0000 0.0408 0.0000 0.6140 0.0426 0.0213 0.0000 0.0000 0.0000
1.0000 0.9623 0.4426 0.0323 0.0000 0.0000 0.0000 0.0000 0.0000 0.0000 0.0000
1.0000 0.3947 0.0000 0.0000 0.0000 0.1404 0.3922 0.0000 0.0833 0.0000 0.0000
1.0000 0.0727 0.0000 0.0000 0.0000 0.8409 0.3409 0.0000 0.1509 0.0000 0.0000
1.0000 0.3800 0.0167 0.1957 0.0000 0.1154 0.2609 0.0000 0.0000 0.0357 0.0000
1.0000 0.1429 0.0000 0.0000 0.0000 0.5778 0.0000 0.0000 0.0000 0.0000 0.0000
1.0000 0.5965 0.0000 0.0000 0.0000 0.1915 0.0175 0.0000 0.0000 0.0233 0.0000
1.0000 0.0328 0.0208 0.0192 0.0000 0.5472 0.0870 0.0000 0.2093 0.0000 0.0000
1.0000 0.1311 0.0000 0.0000 0.0000 0.2791 0.0000 0.5417 0.0000 0.2308 0.0000
1.0000 0.4082 0.0000 0.0000 0.0000 0.6585 0.0175 0.0000 0.0217 0.0000 0.0000
1.0000 0.1633 0.0000 0.0217 0.0000 0.6604 0.0189 0.0167 0.0000 0.0000 0.0000
1.0000 0.8571 0.0192 0.0000 0.0517 0.0000 0.0000 0.0000 0.0000 0.0196 0.0000
1.0000 0.4314 0.4524 0.0000 0.0000 0.0000 0.0000 0.0000 0.0000 0.0000 0.0000
1.0000 0.9020 0.6346 0.2941 0.0000 0.0000 0.0000 0.0000 0.0000 0.0000 0.0000
0.9836 0.0000 0.0000 0.0370 0.0000 0.0000 0.0000 0.0204 0.0000 0.0000 0.0000
1.0000 0.8780 0.5333 0.0233 0.0536 0.0000 0.0000 0.0000 0.0000 0.0000 0.0000
0.9804 0.6410 0.3542 0.0000 0.0508 0.0000 0.0000 0.0000 0.0000 0.0000 0.0000
1.0000 1.0000 0.6964 0.0000 0.0000 0.0000 0.0000 0.0000 0.0263 0.0000 0.0000
0.9800 0.3673 0.0000 0.0000 0.0000 0.3137 0.0000 0.0652 0.0000 0.0816 0.0000
0.9216 0.5238 0.0000 0.0000 0.0000 0.2549 0.0000 0.2857 0.0000 0.0000 0.0000
1.0000 0.3617 0.1698 0.0000 0.0000 0.0000 0.0339 0.0000 0.0000 0.0000 0.0000
1.0000 0.0943 0.0000 0.0000 0.0000 0.3878 0.0000 0.5686 0.0000 0.0000 0.0000
1.0000 0.4706 0.0000 0.0000 0.0000 0.0351 0.0000 0.0000 0.0213 0.0192 0.0000
1.0000 0.1373 0.0000 0.0000 0.0000 0.3333 0.1905 0.0000 0.3333 0.0000 0.0000
1.0000 0.5192 0.0000 0.0000 0.0000 0.2703 0.0000 0.0000 0.0000 0.0159 0.0000
1.0000 0.2037 0.0000 0.0000 0.1154 0.6087 0.4310 0.0000 0.0392 0.0000 0.0000
1.0000 0.6207 0.7442 0.2593 0.0317 0.0222 0.0208 0.0000 0.0000 0.0000 0.0000
1.0000 0.2500 0.7727 0.0612 0.0000 0.0000 0.0000 0.0545 0.0000 0.0000 0.0000
1.0000 0.4600 0.0000 0.0000 0.0000 0.1957 0.0000 0.0455 0.0233 0.0000 0.0000
1.0000 0.0000 0.0000 0.0000 0.0000 0.0000 0.0000 0.0000 0.0213 0.0208 0.0000
1.0000 0.6481 0.0000 0.0000 0.0000 0.0784 0.0000 0.0370 0.0270 0.0000 0.0000
1.0000 0.2222 0.0000 0.1231 0.0000 0.0000 0.0000 0.0000 0.0000 0.0000 0.0000
1.0000 0.0222 0.0000 0.1154 0.0000 0.6364 0.0000 0.7083 0.0000 0.1111 0.0000
1.0000 0.0714 0.0000 0.0000 0.0000 0.8276 0.0000 0.3617 0.0200 0.0238 0.0000
1.0000 0.5854 0.0000 0.0000 0.0000 0.1887 0.0000 0.1667 0.0000 0.0000 0.0000
1.0000 0.2321 0.0000 0.0000 0.0000 0.6852 0.1385 0.0000 0.0244 0.0192 0.0000
1.0000 0.0000 0.0000 0.0000 0.0000 0.0000 0.0000 0.0000 0.0000 0.0000 0.0000
1.0000 0.6667 0.0000 0.0000 0.0222 0.0000 0.0000 0.0000 0.0000 0.0000 0.0000
1.0000 0.5625 0.0000 0.0370 0.0000 0.0000 0.0741 0.0000 0.0000 0.0000 0.0000
1.0000 0.2826 0.0233 0.0200 0.0000 0.2821 0.0000 0.0000 0.0000 0.0000 0.0000
1.0000 0.8696 0.8085 0.3750 0.0213 0.0377 0.0577 0.0000 0.0000 0.0000 0.0000
0.8947 0.0588 0.0000 0.0000 0.0377 0.6786 0.5577 0.0000 0.0000 0.0000 0.0000
1.0000 0.0566 0.0000 0.0000 0.0000 0.7447 0.0196 0.0000 0.0833 0.0000 0.0000
1.0000 0.0526 0.0000 0.0345 0.0000 0.6667 0.6154 0.0000 0.1481 0.0000 0.0000
1.0000 0.0000 0.0000 0.0000 0.0000 0.7857 0.1087 0.0851 0.0167 0.0286 0.0000
1.0000 0.8913 0.7368 0.2037 0.0000 0.0000 0.0000 0.0000 0.0000 0.0000 0.0000
1.0000 0.6471 0.4048 0.0000 0.0000 0.0000 0.0000 0.0000 0.0000 0.0000 0.0000
1.0000 0.9434 0.7391 0.3261 0.0000 0.0000 0.0392 0.0000 0.0000 0.0000 0.0000
0.9412 0.0727 0.0000 0.0000 0.0000 0.4717 0.2321 0.0169 0.0652 0.0000 0.0000
1.0000 0.8750 0.7391 0.3529 0.2791 0.0476 0.0000 0.0000 0.0816 0.0000 0.0000
1.0000 0.1190 0.0000 0.0000 0.0192 0.3556 0.0769 0.2444 0.0000 0.0000 0.0000
1.0000 0.3091 0.0000 0.0000 0.0000 0.6667 0.0952 0.0000 0.0000 0.0930 0.0000
1.0000 0.2857 0.0000 0.0000 0.0000 0.4706 0.0566 0.0238 0.0000 0.0000 0.0000
1.0000 0.0217 0.0000 0.0303 0.0000 0.4559 0.2059 0.0000 0.0000 0.0435 0.0000
1.0000 0.2200 0.0517 0.0000 0.0000 0.1190 0.0000 0.0750 0.0000 0.0000 0.0000
1.0000 0.3137 0.0806 0.0000 0.0755 0.5349 0.0000 0.3571 0.0000 0.0769 0.0000
1.0000 0.6829 0.2222 0.4074 0.2909 0.0000 0.0000 0.0238 0.0462 0.0000 0.0000
1.0000 0.6613 0.6818 0.1042 0.0000 0.0000 0.0000 0.0000 0.0000 0.0000 0.0000
0.9787 0.1887 0.0196 0.0000 0.0000 0.5000 0.0233 0.1698 0.0000 0.0377 0.0000
1.0000 0.2368 0.3256 0.0000 0.0000 0.0000 0.0000 0.0000 0.0000 0.0377 0.0000
1.0000 0.6154 0.0000 0.0000 0.0000 0.0196 0.0213 0.0175 0.0000 0.0000 0.0000
1.0000 0.1452 0.0000 0.0172 0.0185 0.7368 0.0870 0.0000 0.0566 0.0000 0.0000
1.0000 0.5102 0.0000 0.0192 0.0000 0.0256 0.0000 0.0000 0.0000 0.0000 0.0000
1.0000 0.0465 0.0000 0.0000 0.0000 0.5410 0.0000 0.4737 0.0000 0.0000 0.0000
1.0000 0.3019 0.0000 0.0000 0.0000 0.2400 0.0000 0.0833 0.0000 0.0000 0.0000
1.0000 0.5814 0.0000 0.0000 0.0000 0.0192 0.0000 0.0000 0.0000 0.0000 0.0000
1.0000 0.0000 0.0000 0.0000 0.1064 0.0000 0.0000 0.0000 0.0000 0.0000 0.0000
1.0000 0.1395 0.0000 0.0000 0.0000 0.0357 0.0000 0.0000 0.0000 0.0000 0.0000
1.0000 0.9153 0.6538 0.2041 0.0444 0.0000 0.0000 0.0000 0.0000 0.0000 0.0000
1.0000 0.1429 0.0000 0.0000 0.0000 0.0000 0.0000 0.0345 0.0000 0.0000 0.0000
1.0000 0.0000 0.0000 0.0000 0.0000 0.0000 0.0847 0.0000 0.0000 0.0000 0.0000
1.0000 0.7358 0.0656 0.0435 0.0000 0.3333 0.1200 0.0000 0.0000 0.0000 0.0000
1.0000 0.2353 0.0000 0.1091 0.0000 0.8000 0.0000 0.3462 0.0870 0.2391 0.0000
1.0000 0.1429 0.0000 0.0000 0.0000 0.5714 0.0426 0.0000 0.4318 0.0000 0.0000
1.0000 0.1273 0.0000 0.0000 0.0000 0.0000 0.0392 0.0000 0.0385 0.0000 0.0000
