0.3374 0.1969 0.0000 0.0000 0.0000 0.0980 0.0000 0.0645 0.0000 0.3031
0.2991 0.5544 0.0897 0.0568 0.0000 0.0000 0.0000 0.0000 0.0000 0.0000
0.1943 0.2830 0.0000 0.0000 0.0000 0.5227 0.0000 0.0000 0.0000 0.0000
0.1001 0.3468 0.0845 0.4686 0.0000 0.0000 0.0000 0.0000 0.0000 0.0000
0.1257 0.8743 0.0000 0.0000 0.0000 0.0000 0.0000 0.0000 0.0000 0.0000
0.1548 0.4273 0.0000 0.0000 0.0000 0.4179 0.0000 0.0000 0.0000 0.0000
0.0921 0.4421 0.0000 0.0000 0.0000 0.2393 0.0000 0.2265 0.0000 0.0000
0.1527 0.1234 0.2321 0.0929 0.3989 0.0000 0.0000 0.0000 0.0000 0.0000
0.2542 0.6955 0.0000 0.0000 0.0000 0.0503 0.0000 0.0000 0.0000 0.0000
0.0835 0.1901 0.0000 0.0000 0.0000 0.1142 0.0000 0.4393 0.0000 0.1729
0.1775 0.4605 0.0000 0.0000 0.0000 0.3620 0.0000 0.0000 0.0000 0.0000
1.0000 0.0000 0.0000 0.0000 0.0000 0.0000 0.0000 0.0000 0.0000 0.0000
0.5059 0.0652 0.0000 0.0000 0.0000 0.1535 0.1446 0.0000 0.1307 0.0000
0.2826 0.4867 0.0000 0.0000 0.0000 0.1033 0.1274 0.0000 0.0000 0.0000
0.4232 0.2179 0.0583 0.1018 0.1988 0.0000 0.0000 0.0000 0.0000 0.0000
0.6850 0.3150 0.0000 0.0000 0.0000 0.0000 0.0000 0.0000 0.0000 0.0000
0.2502 0.1838 0.0653 0.4392 0.0616 0.0000 0.0000 0.0000 0.0000 0.0000
0.1946 0.6445 0.0000 0.0000 0.0000 0.0534 0.1074 0.0000 0.0000 0.0000
0.6798 0.1227 0.0989 0.0986 0.0000 0.0000 0.0000 0.0000 0.0000 0.0000
0.2299 0.0641 0.0000 0.0000 0.0000 0.0919 0.2055 0.0000 0.4086 0.0000
0.1509 0.1528 0.0000 0.0000 0.0000 0.2149 0.0000 0.2905 0.0000 0.1909
0.3172 0.4115 0.0000 0.0000 0.0000 0.0504 0.0000 0.2210 0.0000 0.0000
0.0658 0.0698 0.0000 0.0000 0.0000 0.6498 0.2146 0.0000 0.0000 0.0000
0.1201 0.2928 0.0000 0.0000 0.0000 0.3334 0.0576 0.0000 0.1961 0.0000
0.3428 0.2108 0.2746 0.1216 0.0502 0.0000 0.0000 0.0000 0.0000 0.0000
0.2997 0.3080 0.0000 0.0000 0.0000 0.3070 0.0853 0.0000 0.0000 0.0000
0.1086 0.3349 0.5566 0.0000 0.0000 0.0000 0.0000 0.0000 0.0000 0.0000
0.4418 0.1686 0.0000 0.0000 0.0000 0.1195 0.2107 0.0000 0.0593 0.0000
0.1528 0.1464 0.0000 0.0000 0.0000 0.1829 0.3278 0.0000 0.1900 0.0000
0.0717 0.6754 0.0000 0.0000 0.0000 0.1369 0.1160 0.0000 0.0000 0.0000
0.6022 0.2167 0.0000 0.0000 0.0000 0.1812 0.0000 0.0000 0.0000 0.0000
0.2643 0.5251 0.0000 0.0000 0.0000 0.2105 0.0000 0.0000 0.0000 0.0000
0.1919 0.0631 0.0000 0.0000 0.0000 0.4598 0.0715 0.0000 0.2137 0.0000
0.2358 0.2594 0.0000 0.0000 0.0000 0.1092 0.0000 0.2967 0.0000 0.0989
0.1100 0.3175 0.0000 0.0000 0.0000 0.4959 0.0767 0.0000 0.0000 0.0000
0.2454 0.1533 0.0000 0.0000 0.0000 0.6013 0.0000 0.0000 0.0000 0.0000
0.1185 0.8216 0.0599 0.0000 0.0000 0.0000 0.0000 0.0000 0.0000 0.0000
0.5698 0.0553 0.3244 0.0505 0.0000 0.0000 0.0000 0.0000 0.0000 0.0000
0.1219 0.3978 0.2968 0.1835 0.0000 0.0000 0.0000 0.0000 0.0000 0.0000
1.0000 0.0000 0.0000 0.0000 0.0000 0.0000 0.0000 0.0000 0.0000 0.0000
0.1577 0.3311 0.3271 0.1079 0.0763 0.0000 0.0000 0.0000 0.0000 0.0000
0.3804 0.2753 0.3442 0.0000 0.0000 0.0000 0.0000 0.0000 0.0000 0.0000
0.0557 0.1551 0.7892 0.0000 0.0000 0.0000 0.0000 0.0000 0.0000 0.0000
0.1227 0.2953 0.0000 0.0000 0.0000 0.2886 0.0000 0.1879 0.0000 0.1055
0.0621 0.4816 0.0000 0.0000 0.0000 0.0744 0.0000 0.3819 0.0000 0.0000
0.6892 0.1622 0.1486 0.0000 0.0000 0.0000 0.0000 0.0000 0.0000 0.0000
0.3707 0.0539 0.0000 0.0000 0.0000 0.2570 0.0000 0.3184 0.0000 0.0000
0.5879 0.4121 0.0000 0.0000 0.0000 0.0000 0.0000 0.0000 0.0000 0.0000
0.3222 0.1700 0.0000 0.0000 0.0000 0.0735 0.2874 0.0000 0.1469 0.0000
0.2614 0.2743 0.0000 0.0000 0.0000 0.4643 0.0000 0.0000 0.0000 0.0000
0.0669 0.2348 0.0000 0.0000 0.0000 0.3853 0.3129 0.0000 0.0000 0.0000
0.1094 0.1035 0.2575 0.5296 0.0000 0.0000 0.0000 0.0000 0.0000 0.0000
0.5580 0.0634 0.3132 0.0653 0.0000 0.0000 0.0000 0.0000 0.0000 0.0000
0.2684 0.3891 0.0000 0.0000 0.0000 0.1762 0.0000 0.1663 0.0000 0.0000
1.0000 0.0000 0.0000 0.0000 0.0000 0.0000 0.0000 0.0000 0.0000 0.0000
0.2021 0.6971 0.0000 0.0000 0.0000 0.1008 0.0000 0.0000 0.0000 0.0000
0.6829 0.3171 0.0000 0.0000 0.0000 0.0000 0.0000 0.0000 0.0000 0.0000
0.0876 0.1101 0.0000 0.0000 0.0000 0.0918 0.0000 0.6442 0.0000 0.0663
0.1017 0.1412 0.0000 0.0000 0.0000 0.2439 0.0000 0.4317 0.0000 0.0814
0.3415 0.4965 0.0000 0.0000 0.0000 0.0696 0.0000 0.0924 0.0000 0.0000
0.4547 0.1018 0.0000 0.0000 0.0000 0.2840 0.1595 0.0000 0.0000 0.0000
1.0000 0.0000 0.0000 0.0000 0.0000 0.0000 0.0000 0.0000 0.0000 0.0000
0.2448 0.7552 0.0000 0.0000 0.0000 0.0000 0.0000 0.0000 0.0000 0.0000
0.6010 0.3990 0.0000 0.0000 0.0000 0.0000 0.0000 0.0000 0.0000 0.0000
0.5634 0.2640 0.0000 0.0000 0.0000 0.1726 0.0000 0.0000 0.0000 0.0000
0.1026 0.1959 0.2207 0.4807 0.0000 0.0000 0.0000 0.0000 0.0000 0.0000
0.0508 0.0553 0.0000 0.0000 0.0000 0.2560 0.6380 0.0000 0.0000 0.0000
0.0652 0.1484 0.0000 0.0000 0.0000 0.2512 0.2112 0.0000 0.3240 0.0000
0.2698 0.0974 0.0000 0.0000 0.0000 0.1522 0.3396 0.0000 0.1410 0.0000
0.2726 0.0557 0.0000 0.0000 0.0000 0.4492 0.2226 0.0000 0.0000 0.0000
0.0952 0.2172 0.5029 0.1846 0.0000 0.0000 0.0000 0.0000 0.0000 0.0000
0.3762 0.2410 0.3828 0.0000 0.0000 0.0000 0.0000 0.0000 0.0000 0.0000
0.0957 0.2050 0.4149 0.2844 0.0000 0.0000 0.0000 0.0000 0.0000 0.0000
0.3117 0.3308 0.0000 0.0000 0.0000 0.0836 0.1899 0.0000 0.0840 0.0000
0.2075 0.1686 0.2070 0.2537 0.1631 0.0000 0.0000 0.0000 0.0000 0.0000
0.5035 0.0776 0.0000 0.0000 0.0000 0.0961 0.0000 0.3228 0.0000 0.0000
0.1469 0.2489 0.0000 0.0000 0.0000 0.4093 0.1948 0.0000 0.0000 0.0000
0.4033 0.1253 0.0000 0.0000 0.0000 0.3749 0.0964 0.0000 0.0000 0.0000
0.4837 0.1180 0.0000 0.0000 0.0000 0.2117 0.1866 0.0000 0.0000 0.0000
0.6547 0.2173 0.0000 0.0000 0.0000 0.1280 0.0000 0.0000 0.0000 0.0000
0.1551 0.2567 0.0000 0.0000 0.0000 0.2715 0.0000 0.2003 0.0000 0.1164
0.2711 0.2242 0.0530 0.1976 0.2540 0.0000 0.0000 0.0000 0.0000 0.0000
0.3158 0.1053 0.5789 0.0000 0.0000 0.0000 0.0000 0.0000 0.0000 0.0000
0.2274 0.1251 0.0000 0.0000 0.0000 0.2772 0.0000 0.2434 0.0000 0.1269
0.4709 0.3339 0.1952 0.0000 0.0000 0.0000 0.0000 0.0000 0.0000 0.0000
0.5759 0.4241 0.0000 0.0000 0.0000 0.0000 0.0000 0.0000 0.0000 0.0000
0.1836 0.3059 0.0000 0.0000 0.0000 0.1062 0.2990 0.0000 0.1053 0.0000
0.6910 0.3090 0.0000 0.0000 0.0000 0.0000 0.0000 0.0000 0.0000 0.0000
0.3730 0.0829 0.0000 0.0000 0.0000 0.2182 0.0000 0.3258 0.0000 0.0000
0.4452 0.2824 0.0000 0.0000 0.0000 0.0948 0.0000 0.1776 0.0000 0.0000
0.4291 0.5709 0.0000 0.0000 0.0000 0.0000 0.0000 0.0000 0.0000 0.0000
1.0000 0.0000 0.0000 0.0000 0.0000 0.0000 0.0000 0.0000 0.0000 0.0000
0.8121 0.1879 0.0000 0.0000 0.0000 0.0000 0.0000 0.0000 0.0000 0.0000
0.1733 0.3279 0.2060 0.2928 0.0000 0.0000 0.0000 0.0000 0.0000 0.0000
0.7775 0.2225 0.0000 0.0000 0.0000 0.0000 0.0000 0.0000 0.0000 0.0000
1.0000 0.0000 0.0000 0.0000 0.0000 0.0000 0.0000 0.0000 0.0000 0.0000
0.0533 0.6196 0.0000 0.0000 0.0000 0.2040 0.1231 0.0000 0.0000 0.0000
0.1993 0.0608 0.0000 0.0000 0.0000 0.0636 0.0000 0.3952 0.0000 0.2812
0.1590 0.1025 0.0000 0.0000 0.0000 0.0889 0.0945 0.0000 0.5551 0.0000
1.0000 0.0000 0.0000 0.0000 0.0000 0.0000 0.0000 0.0000 0.0000 0.0000
