	mut15	mut15	mut1	mut1	mut2	mut2	mut3	mut3	mut4	mut4	mut5	mut5	mut6	mut6	mut7	mut7	mut8	mut8	mut9	mut9	mut10	mut10	mut11	mut11	mut12	mut12	mut13	mut13	mut14	mut14
cell1	1	48	18	21	28	21	51	2	61	0	46	0	57	0	45	0	47	0	54	0	44	4	63	0	48	0	41	0	50	1
cell2	1	52	19	31	51	0	47	0	62	0	54	1	43	2	41	0	46	1	54	0	59	0	65	0	55	0	54	0	51	0
cell3	0	52	16	20	50	0	42	0	42	0	60	0	34	0	44	19	42	6	48	0	68	0	43	0	55	0	43	0	63	0
cell4	2	46	18	29	44	1	36	1	42	1	49	0	62	0	41	1	43	0	22	23	48	2	55	0	53	0	45	0	56	12
cell5	0	60	29	14	65	0	53	0	53	0	54	1	50	0	46	0	47	0	44	7	67	0	51	1	42	0	54	0	48	1
cell6	0	50	30	11	48	0	43	0	51	1	51	0	68	2	41	16	42	2	49	0	46	0	51	0	57	0	66	1	41	0
cell7	0	45	32	21	54	0	33	9	44	0	56	0	37	19	69	0	59	0	48	1	52	0	58	0	69	0	56	0	38	0
cell8	0	48	3	40	48	0	42	0	54	0	49	6	39	0	31	0	46	1	17	31	37	2	47	0	34	10	49	0	36	17
cell9	0	66	28	23	54	0	24	7	44	0	39	0	47	0	51	0	39	0	39	0	41	0	49	0	68	0	45	0	51	0
cell10	0	49	49	1	53	0	47	0	55	2	55	0	48	0	20	34	39	10	44	0	40	0	53	0	45	0	31	18	40	0
cell11	0	49	37	4	40	3	48	0	55	0	47	0	23	27	47	0	47	0	37	3	56	0	51	0	55	0	47	0	44	0
cell12	0	51	55	4	44	0	39	5	54	0	52	5	40	1	11	33	43	9	43	9	46	0	52	0	48	0	50	0	50	0
cell13	0	42	29	18	59	0	50	0	59	0	51	0	58	0	36	12	63	0	61	0	45	1	54	0	42	0	55	0	59	0
cell14	2	43	34	22	50	1	52	1	56	2	41	0	60	0	48	9	56	0	47	0	57	0	43	0	47	1	54	0	54	0
cell15	1	57	1	44	62	1	44	0	46	0	40	0	54	0	46	0	49	0	2	48	42	2	47	0	44	0	47	0	46	0
cell16	0	64	12	28	54	0	54	0	43	0	42	18	22	20	46	1	44	0	45	1	49	0	37	0	61	0	44	0	48	5
cell17	1	58	7	36	37	0	41	0	50	0	56	0	49	0	37	0	32	8	28	24	53	0	43	0	39	0	45	0	38	0
cell18	6	43	18	47	54	0	51	0	55	0	58	0	56	0	33	21	52	4	37	0	46	0	50	0	42	1	56	0	51	0
cell19	0	49	51	5	53	0	47	0	67	0	49	0	43	0	22	21	44	0	52	0	48	0	48	5	41	0	56	0	49	0
cell20	0	46	46	10	55	0	40	0	37	3	43	0	55	0	14	27	32	20	42	0	53	1	60	0	59	5	44	0	40	0
cell21	0	51	14	43	47	0	58	0	52	0	29	2	54	0	49	0	49	0	23	14	50	1	56	0	62	2	42	0	49	1
cell22	0	53	16	33	44	0	55	4	41	2	32	0	64	0	40	0	59	0	50	0	50	1	57	0	53	0	51	0	52	0
cell23	0	50	3	38	31	15	52	0	54	0	51	5	48	0	59	1	47	0	48	0	36	0	45	0	53	0	41	0	46	1
cell24	0	58	0	57	26	33	44	0	61	5	43	0	55	0	49	2	54	0	60	1	51	0	48	0	47	1	51	0	51	0
cell25	0	51	25	13	47	0	54	0	40	1	47	0	49	0	30	19	39	7	46	0	47	0	34	4	41	0	28	22	53	0
cell26	0	41	18	17	43	0	50	0	57	0	48	0	53	0	14	45	53	0	44	0	51	0	50	0	49	0	50	0	57	0
cell27	0	48	2	47	45	0	49	0	57	0	55	0	48	0	55	0	56	0	41	0	59	0	56	0	50	0	62	0	44	1
cell28	0	49	14	42	44	0	45	0	53	0	65	0	64	0	63	0	59	0	12	35	56	0	50	0	50	0	63	0	54	0
cell29	0	43	23	21	46	0	46	0	46	0	40	0	41	0	40	0	47	2	46	13	42	3	47	0	52	0	47	2	62	0
cell30	0	43	11	60	50	0	51	0	52	0	46	0	38	0	52	0	55	0	6	41	26	17	39	0	36	9	55	0	51	0
cell31	0	45	35	28	41	0	56	1	37	0	45	1	9	32	42	0	50	0	48	4	56	0	20	34	42	0	67	0	53	0
cell32	6	53	28	18	58	0	40	5	46	1	50	0	27	25	41	0	40	0	59	0	66	0	53	0	59	0	52	0	54	0
cell33	0	46	27	29	49	0	53	0	58	0	49	2	41	11	56	0	54	0	57	0	37	0	52	0	49	5	60	0	46	0
cell34	0	40	47	0	44	1	51	0	44	0	57	0	49	0	41	0	48	1	40	0	45	0	39	0	38	0	54	0	66	0
cell35	0	57	26	17	48	0	55	0	56	0	30	7	63	1	54	0	47	0	36	9	56	0	55	0	64	0	52	1	42	0
cell36	1	43	23	32	30	6	43	0	47	0	58	1	36	14	53	1	49	0	56	8	46	0	68	0	41	0	47	0	38	1
cell37	0	49	24	12	54	0	43	4	48	0	38	1	47	0	30	12	49	2	52	0	54	0	48	0	57	4	51	0	48	1
cell38	0	42	22	22	45	0	54	0	65	1	58	0	34	0	54	1	43	0	28	31	55	0	47	0	51	2	45	0	46	0
cell39	0	55	40	3	41	0	41	0	52	0	46	0	59	0	1	34	40	0	52	0	54	0	55	0	50	0	46	2	55	0
cell40	0	53	24	26	12	36	50	0	21	20	61	0	40	1	50	0	54	0	54	0	54	0	54	0	58	2	64	0	48	2
cell41	0	48	35	7	39	7	38	0	38	0	48	0	28	18	53	0	45	0	50	1	61	0	50	5	47	0	41	0	46	0
cell42	0	51	0	52	8	43	56	0	38	21	53	0	52	0	59	2	42	0	44	0	51	0	50	0	56	0	39	0	42	0
cell43	0	52	38	10	53	1	45	0	51	0	59	0	52	1	22	21	35	17	54	1	42	0	55	0	45	1	47	0	38	1
cell44	0	49	19	32	51	0	49	0	51	0	44	0	46	6	54	1	47	0	27	21	45	16	38	10	46	5	42	0	59	0
cell45	0	40	17	27	63	0	39	3	36	2	57	0	38	15	51	0	38	0	46	3	50	0	63	0	35	0	44	1	57	3
cell46	0	48	2	43	52	0	34	0	39	2	52	5	34	0	52	0	39	0	26	5	48	0	52	0	51	0	50	0	33	0
cell47	0	50	24	20	24	13	50	0	50	0	52	0	41	1	56	0	50	0	43	2	45	0	31	8	39	1	51	0	52	0
cell48	0	49	61	1	50	0	53	0	49	3	55	0	65	0	3	47	38	12	53	0	39	0	58	0	43	0	40	15	54	0
cell49	1	50	35	15	42	1	17	33	54	0	42	2	53	1	63	0	43	0	45	1	46	0	55	0	44	0	45	0	49	1
cell50	0	55	11	35	21	29	46	0	44	1	49	3	49	0	55	0	43	0	53	0	55	0	43	0	52	0	52	0	49	3
cell51	0	39	13	36	8	33	46	8	43	2	52	0	46	0	44	1	43	0	46	0	47	2	60	0	50	0	55	0	50	0
cell52	0	43	23	34	39	0	39	2	46	0	52	0	56	1	52	0	40	2	34	27	41	1	51	0	36	6	42	2	49	0
cell53	0	38	29	8	49	0	43	1	50	1	47	0	58	3	35	15	43	0	63	0	52	0	44	0	51	0	48	0	53	0
cell54	0	43	41	2	41	0	38	0	54	0	44	0	58	0	44	0	43	2	55	4	49	0	51	0	42	1	56	0	50	0
cell55	0	47	8	45	45	0	43	0	58	0	59	0	43	1	56	0	47	1	26	23	35	14	53	0	36	0	41	0	56	0
cell56	0	60	6	26	54	0	55	0	49	0	51	0	59	0	47	0	40	0	21	32	50	5	55	1	62	0	46	0	57	0
cell57	0	50	28	12	43	0	49	0	53	4	53	0	37	0	29	22	50	5	50	0	47	0	53	0	47	0	52	2	41	0
cell58	0	38	2	56	41	0	51	2	47	4	40	0	46	2	48	0	50	0	29	1	54	0	36	4	51	0	52	0	45	0
cell59	0	48	45	10	62	0	52	0	42	0	58	0	21	23	62	0	46	0	45	0	48	0	54	0	44	1	50	0	42	2
cell60	0	62	0	45	48	14	39	0	55	0	44	0	59	0	40	0	43	1	70	0	64	0	53	0	49	0	59	0	57	0
cell61	0	41	31	19	47	0	58	0	46	0	64	0	60	0	13	37	27	27	38	6	48	0	52	0	55	1	49	6	57	0
cell62	1	44	8	60	22	34	43	0	39	18	42	0	45	0	51	0	49	2	54	1	47	0	51	0	47	0	60	0	30	5
cell63	0	53	49	4	40	0	59	0	49	0	52	3	42	15	58	0	43	0	36	0	50	0	48	0	46	0	50	0	52	0
cell64	0	58	24	35	60	0	53	0	36	2	53	0	58	0	26	22	46	0	41	1	53	1	52	2	48	0	49	0	33	0
cell65	0	49	15	20	25	27	51	0	18	27	51	0	41	0	46	0	52	0	55	0	49	0	52	0	57	1	44	0	37	21
cell66	2	58	64	0	59	0	42	0	45	0	48	0	47	0	49	0	43	0	48	0	56	0	46	0	44	0	52	0	47	0
cell67	0	42	55	0	51	4	51	1	52	0	55	0	52	1	1	47	41	11	47	8	62	0	44	0	61	0	33	17	46	0
cell68	4	47	11	44	57	0	38	4	51	1	41	10	34	1	48	0	50	0	41	0	55	0	52	0	45	0	58	0	51	0
cell69	0	47	44	9	48	0	52	3	55	0	45	0	49	0	39	7	37	14	49	0	44	0	45	0	49	1	41	6	40	0
cell70	0	44	10	48	41	0	53	0	48	0	58	0	44	0	49	0	57	0	6	34	46	8	46	0	56	9	53	0	57	6
cell71	0	48	12	29	46	0	51	1	52	0	45	0	36	0	57	0	57	0	31	9	44	6	54	0	43	7	46	0	45	0
cell72	0	59	16	24	55	0	52	0	40	1	55	0	50	0	48	0	45	0	8	38	37	17	44	0	53	2	54	0	50	0
cell73	0	45	4	49	43	13	47	2	23	28	63	0	51	0	47	0	47	0	58	1	48	0	45	1	63	0	49	0	39	7
cell74	0	38	21	34	64	0	43	0	44	0	36	2	41	0	46	0	46	0	49	0	53	0	58	3	46	0	58	0	61	2
cell75	3	56	30	16	58	0	50	0	43	0	45	0	6	52	47	0	61	0	43	0	42	7	30	22	56	0	35	0	45	0
cell76	0	48	13	39	37	0	44	1	51	0	55	0	53	0	53	0	47	0	30	27	55	3	50	0	38	0	56	0	42	0
cell77	1	46	8	46	28	38	42	0	18	15	33	1	53	0	48	0	49	0	51	0	53	1	42	0	56	0	50	0	25	16
cell78	0	44	4	34	45	0	54	1	48	0	55	0	46	0	50	0	58	0	13	30	41	19	43	0	46	0	44	0	52	2
cell79	0	52	45	9	48	0	55	0	58	0	42	0	53	0	55	0	48	0	48	2	51	0	54	1	48	2	50	1	57	0
cell80	0	59	31	24	57	0	63	0	41	0	49	0	53	0	30	20	33	2	52	0	56	0	51	0	47	0	54	6	47	0
cell81	1	57	20	28	62	0	51	0	41	0	44	1	43	2	31	20	47	0	50	0	45	0	52	0	52	2	43	1	52	0
cell82	2	46	4	47	9	27	60	4	41	10	57	0	52	0	49	0	37	0	36	1	48	0	47	0	44	0	54	0	52	5
cell83	0	48	26	18	48	7	43	0	51	0	48	0	41	0	58	0	48	0	38	7	49	0	59	0	48	0	58	0	51	0
cell84	1	53	24	23	42	0	56	2	55	2	57	0	42	0	54	0	46	0	48	2	43	0	37	0	49	1	42	0	43	0
cell85	0	65	7	48	56	0	46	0	53	2	60	6	64	0	53	3	41	0	28	25	47	6	52	1	39	15	53	3	56	0
cell86	0	59	41	6	47	2	41	4	41	0	40	0	60	1	21	22	50	0	51	0	59	0	58	0	55	0	58	0	44	0
cell87	0	57	33	13	49	0	50	0	59	2	55	0	48	0	17	35	49	3	58	0	41	0	38	0	40	0	34	10	51	1
cell88	0	53	0	61	9	41	56	0	22	18	37	0	49	1	61	0	41	0	50	0	57	0	54	0	37	0	46	0	45	5
cell89	0	56	34	16	55	1	49	0	46	3	54	0	53	0	34	19	44	0	54	0	35	0	52	0	44	2	53	0	45	1
cell90	0	50	43	8	44	2	54	0	64	0	53	0	39	1	37	17	46	3	49	0	41	0	48	0	47	0	32	21	59	0
cell91	0	57	48	5	61	0	54	0	38	0	41	2	54	0	23	33	46	5	39	0	39	1	40	0	69	0	36	6	54	0
cell92	1	61	28	26	41	0	50	1	54	1	56	0	49	0	50	0	55	0	35	12	40	20	51	0	47	14	64	0	51	0
cell93	0	41	29	12	44	0	44	4	49	0	50	0	48	6	8	38	8	27	46	4	53	0	52	7	60	6	65	0	42	0
cell94	0	45	23	18	52	2	40	0	46	8	42	0	46	0	52	1	52	0	44	0	32	0	51	0	45	0	46	0	34	0
cell95	0	52	47	3	46	0	45	2	56	0	41	0	59	2	17	46	28	23	46	0	56	0	45	0	53	0	54	0	56	2
cell96	0	49	34	14	47	0	61	0	64	0	48	0	47	0	31	14	58	0	51	0	55	0	63	0	54	0	44	0	50	1
cell97	2	55	45	6	43	0	44	1	42	0	44	0	47	0	30	27	59	0	55	0	53	0	39	6	58	0	46	0	44	1
cell98	6	38	32	20	15	27	60	0	27	23	46	0	58	0	46	0	48	0	57	2	43	0	40	0	50	0	52	0	49	0
cell99	0	44	33	36	48	0	44	2	50	0	49	0	44	0	54	0	52	3	14	30	53	5	40	9	44	4	68	0	52	0
cell100	0	48	59	0	54	0	40	0	51	0	49	0	67	0	58	0	40	1	55	0	48	0	45	0	66	0	55	0	42	0
cell101	0	50	19	21	53	0	49	0	49	1	58	0	37	0	61	0	42	2	25	34	37	12	49	0	55	5	47	0	50	0
cell102	0	49	63	0	55	0	57	0	47	1	47	0	55	1	51	0	41	2	43	2	52	0	44	1	41	0	53	0	41	0
cell103	4	46	58	3	46	0	32	0	59	0	53	0	38	23	42	0	46	0	43	2	46	8	53	0	41	1	49	1	48	0
cell104	0	57	20	28	64	2	55	0	54	0	46	0	50	1	28	18	40	20	37	0	62	0	40	0	68	0	42	4	37	0
cell105	0	52	51	0	44	1	53	0	41	1	57	0	39	0	44	0	58	1	56	0	51	0	40	3	48	0	43	0	60	0
cell106	0	50	40	15	38	0	51	0	46	0	50	0	33	18	51	0	44	2	56	0	49	5	39	8	57	0	56	0	52	0
cell107	0	49	0	53	51	0	59	0	60	0	50	11	47	0	52	0	44	0	30	27	29	18	46	0	37	12	50	1	49	0
cell108	0	48	44	12	58	0	54	0	58	1	55	6	25	23	44	0	49	0	54	0	37	0	51	0	63	1	36	0	38	0
cell109	0	55	33	11	53	0	51	0	56	0	56	0	40	0	12	29	51	3	63	0	52	1	58	0	44	0	30	16	44	1
cell110	1	52	9	48	15	31	40	0	10	36	43	0	47	0	52	0	54	0	39	2	33	0	45	0	43	0	50	0	17	29
cell111	0	54	12	44	9	43	60	3	44	3	43	0	57	0	50	6	55	2	49	0	47	0	43	0	48	1	50	0	41	6
cell112	0	42	5	35	57	0	52	2	47	1	49	0	42	0	49	0	58	1	19	31	22	22	54	0	38	6	54	1	64	0
cell113	0	50	52	5	49	0	48	0	53	0	43	0	45	0	48	0	52	3	59	1	69	0	46	0	53	0	62	0	55	2
cell114	0	61	5	32	34	11	59	0	34	13	34	1	39	0	40	3	52	0	48	1	48	0	39	0	39	0	69	0	49	0
cell115	2	49	12	40	62	2	44	0	55	0	49	1	47	0	43	0	48	0	28	25	55	10	39	0	35	21	39	0	56	0
cell116	0	58	13	37	41	0	52	0	39	0	28	29	49	2	70	0	59	0	45	0	51	0	36	7	48	0	47	2	48	0
cell117	0	43	17	27	59	0	43	0	50	0	43	0	45	0	63	1	45	0	28	12	46	0	50	0	53	3	46	0	49	0
cell118	1	46	26	24	29	25	54	0	40	5	45	0	52	0	37	2	52	0	42	0	55	1	58	0	55	0	54	0	54	0
cell119	0	40	0	44	15	34	42	0	16	24	44	0	49	0	57	0	46	0	42	3	47	0	43	0	44	0	58	0	27	8
cell120	0	46	5	45	54	6	46	0	55	0	48	0	43	1	42	1	66	0	10	42	34	11	55	0	48	9	61	0	42	4
cell121	0	64	26	42	29	13	56	6	37	3	46	1	45	0	58	0	50	1	52	0	58	0	45	0	56	0	57	0	65	0
cell122	1	47	6	39	35	0	53	0	63	0	52	0	46	1	51	0	57	2	17	44	30	23	40	0	40	6	59	0	52	0
cell123	0	54	10	34	48	0	52	0	36	2	28	15	42	9	57	0	62	0	47	6	47	0	47	0	44	0	49	0	60	0
cell124	0	50	38	11	47	0	44	0	46	0	38	0	58	0	12	49	38	15	49	0	52	0	44	0	49	1	45	2	48	0
cell125	0	57	8	40	30	5	55	0	52	0	53	0	58	0	40	0	48	0	51	0	41	0	38	0	42	0	44	0	50	0
cell126	0	38	6	52	25	30	69	1	32	7	43	0	35	0	43	0	43	0	42	0	45	0	50	0	51	0	47	0	36	0
cell127	1	42	32	15	53	0	60	0	50	1	62	0	53	2	51	0	55	0	46	0	50	0	45	0	53	0	57	0	38	0
cell128	0	58	16	30	35	6	50	0	45	0	50	0	45	0	50	0	43	0	48	0	41	0	48	0	41	0	46	0	51	5
cell129	1	37	56	7	56	0	52	0	54	0	53	2	50	1	44	0	57	7	53	0	43	2	64	4	61	0	47	0	56	0
cell130	1	53	13	36	52	0	45	2	51	2	56	0	50	0	55	0	45	0	11	42	44	17	54	1	43	0	46	0	42	0
cell131	0	51	48	0	66	0	49	2	42	0	58	0	59	0	44	0	55	1	56	0	38	0	49	4	59	0	57	0	48	0
cell132	0	41	11	40	44	1	52	0	47	0	48	0	51	0	43	0	59	0	32	11	40	0	47	0	44	0	64	0	43	5
cell133	0	56	41	9	56	0	51	0	47	5	44	0	22	30	45	3	48	0	49	0	55	0	42	7	45	0	65	0	59	0
cell134	0	49	31	1	46	2	57	0	45	0	56	0	53	0	47	10	57	0	57	0	40	6	55	0	53	0	40	1	48	0
cell135	0	45	33	21	54	0	56	0	51	1	45	0	54	1	31	23	44	11	60	0	43	0	55	0	42	0	51	0	68	0
cell136	0	48	39	10	47	0	48	0	55	0	53	0	46	0	40	0	60	0	45	0	35	0	51	0	40	0	55	0	47	0
cell137	0	55	26	17	52	2	46	1	48	0	36	8	35	1	25	18	57	0	46	0	52	0	42	3	47	1	49	0	49	0
cell138	1	54	12	24	49	0	44	0	44	0	52	2	44	7	41	0	43	0	52	0	58	0	43	0	43	0	50	0	39	0
cell139	12	44	17	37	31	0	40	0	51	0	49	0	63	0	48	0	54	0	43	0	56	0	50	0	60	0	42	0	58	0
cell140	0	63	38	10	48	0	56	0	51	0	41	0	19	27	60	0	59	0	61	0	49	0	37	3	47	0	49	0	41	0
cell141	0	56	46	1	54	0	57	0	42	0	50	0	57	0	48	1	49	2	50	0	46	4	46	0	43	0	49	0	64	0
cell142	0	45	45	0	60	0	46	0	46	5	48	1	49	0	23	30	56	0	48	0	49	0	51	0	44	0	49	0	55	0
cell143	2	39	25	22	45	2	48	0	51	0	47	0	32	0	41	0	62	0	33	1	55	0	53	2	41	0	48	0	44	1
cell144	0	45	1	38	27	29	57	0	26	23	51	1	54	0	55	0	51	0	59	0	38	0	43	0	58	0	58	0	25	14
cell145	0	45	39	6	48	0	53	0	55	0	56	0	52	3	26	27	44	5	46	0	54	3	48	4	56	0	59	0	40	0
cell146	0	29	13	21	50	0	47	0	55	0	62	0	49	0	34	18	47	2	59	0	65	3	63	0	52	0	55	8	51	0
cell147	0	49	13	16	41	5	54	1	60	0	60	0	16	29	41	5	46	7	53	0	46	0	55	0	49	1	47	1	52	0
cell148	0	47	21	21	54	0	57	0	51	0	51	0	26	18	58	0	43	2	46	0	49	0	37	6	51	0	37	6	49	0
cell149	0	46	7	37	58	0	49	1	45	0	65	0	53	1	51	1	62	0	41	16	36	0	48	0	36	1	50	0	43	0
cell150	0	51	41	0	54	0	47	0	54	0	53	1	48	0	47	5	46	0	44	0	50	0	45	0	49	0	50	0	65	0
cell151	0	60	3	55	29	13	60	4	45	2	53	0	56	0	55	0	52	0	49	0	41	0	46	2	58	0	54	0	56	0
cell152	1	49	33	16	56	0	45	0	43	0	47	0	50	4	24	13	46	0	57	0	38	1	56	0	60	0	47	0	37	0
cell153	0	57	42	13	57	0	42	2	49	0	42	1	42	0	12	34	36	8	47	2	42	0	56	0	47	1	53	7	43	0
cell154	0	53	28	21	57	0	41	3	47	0	45	0	56	1	33	20	44	1	60	0	52	0	46	1	51	0	51	0	48	0
cell155	0	60	7	52	13	33	59	0	48	0	52	0	47	0	44	17	52	0	56	0	66	0	61	0	60	0	56	0	40	0
cell156	0	55	51	0	46	2	48	0	48	0	52	0	48	0	52	2	49	0	45	0	48	0	63	0	45	1	48	0	47	3
cell157	0	49	23	26	47	0	56	0	55	1	52	0	48	6	59	0	51	0	48	0	58	0	54	0	45	0	45	0	44	0
cell158	1	45	55	4	37	0	46	2	44	0	38	0	15	30	63	1	57	0	37	0	58	0	33	25	31	0	51	1	49	0
cell159	0	44	34	11	42	0	36	0	56	0	56	0	49	0	4	58	32	31	42	0	52	2	59	1	42	0	45	0	48	2
cell160	0	54	10	27	60	0	68	0	59	0	47	0	64	0	50	0	51	0	19	36	27	17	47	0	39	18	53	0	51	1
cell161	0	60	21	37	34	8	43	4	50	0	46	0	60	0	50	0	62	0	47	4	38	0	36	0	45	0	51	0	60	0
cell162	1	58	52	3	60	0	39	0	57	0	49	0	47	0	12	36	35	19	51	0	58	0	54	0	52	0	45	0	52	0
cell163	0	44	8	44	53	0	41	0	40	0	59	0	34	0	46	0	51	2	64	0	50	0	59	0	43	0	48	0	58	0
cell164	0	39	24	23	51	1	47	0	50	0	41	0	52	0	53	0	51	0	51	0	48	1	51	0	49	0	55	3	49	0
cell165	0	57	11	39	18	26	42	0	31	24	35	3	51	0	40	3	44	0	46	0	47	0	43	1	50	0	49	1	32	10
cell166	0	64	44	10	54	0	63	0	46	0	48	0	27	13	45	0	52	0	41	6	59	0	54	0	41	0	47	0	43	0
cell167	0	44	11	43	56	0	26	22	54	0	54	0	57	7	37	0	57	0	46	0	42	1	45	0	53	0	46	0	65	0
cell168	0	53	44	3	54	0	56	0	45	0	53	0	27	16	38	1	47	0	42	0	63	0	30	20	44	2	62	0	50	0
cell169	0	52	41	2	49	10	43	0	48	0	45	0	52	0	35	14	30	15	48	0	50	0	43	11	43	0	37	1	46	0
cell170	0	58	16	42	48	15	52	0	46	8	46	1	47	0	69	0	61	0	41	1	53	1	52	0	50	0	42	0	48	5
cell171	0	50	39	19	46	0	55	0	51	0	64	0	61	0	40	0	51	0	40	20	64	0	54	2	53	0	50	0	49	0
cell172	3	44	10	37	19	31	45	0	21	46	40	0	51	0	52	0	49	0	48	2	42	0	58	0	51	0	62	0	35	12
cell173	0	50	7	57	41	0	51	0	44	0	51	0	50	0	49	0	47	0	20	21	43	5	37	0	32	4	55	2	50	0
cell174	0	55	3	48	43	0	59	0	56	0	51	0	46	0	49	0	47	0	19	30	43	10	44	0	33	4	45	3	55	0
cell175	2	50	51	1	41	0	58	0	47	6	60	0	52	0	18	41	50	11	39	7	51	0	46	0	47	0	46	12	50	0
cell176	0	36	32	16	33	0	58	0	52	0	51	4	31	14	47	0	48	0	56	0	48	0	49	0	48	0	65	0	50	0
cell177	0	51	8	40	49	0	57	0	52	2	38	1	58	0	52	0	41	1	36	19	39	16	57	2	52	0	61	0	59	1
cell178	0	63	24	33	26	24	37	3	37	19	41	0	44	1	51	0	49	0	54	0	62	7	52	0	36	6	57	1	41	10
cell179	0	58	42	0	48	2	47	0	60	0	53	1	41	0	50	0	43	1	43	0	59	0	37	0	43	0	58	0	52	0
cell180	2	42	4	51	5	39	34	0	21	32	45	0	49	0	43	0	44	3	45	0	54	0	38	0	51	0	51	2	51	3
cell181	0	39	37	10	48	10	41	0	45	5	54	0	59	0	46	0	50	0	45	0	49	3	43	1	47	0	45	0	56	0
cell182	0	53	0	46	26	23	46	0	47	0	50	0	59	0	53	0	41	0	51	0	54	0	47	0	42	0	48	0	53	0
cell183	0	53	46	2	38	0	50	0	36	1	56	0	53	0	21	45	17	24	46	0	53	0	55	0	43	0	56	0	40	0
cell184	0	54	7	43	46	1	45	1	56	0	29	32	47	4	49	0	53	0	48	0	58	0	42	0	52	0	44	2	54	0
cell185	0	52	22	31	34	4	47	1	41	3	56	0	50	0	51	0	44	0	38	0	53	0	61	1	69	0	47	0	43	0
cell186	0	47	57	0	38	0	45	0	51	0	53	0	36	0	55	0	44	0	48	5	58	0	44	0	46	0	46	0	52	0
cell187	0	47	17	43	49	1	68	0	56	3	53	0	40	6	33	8	40	0	51	0	47	3	51	0	48	0	57	0	45	1
cell188	2	43	34	15	48	1	48	0	60	2	43	0	65	0	50	0	53	0	49	0	50	0	47	0	52	0	51	0	48	0
cell189	0	49	52	0	49	0	41	0	51	0	60	0	38	0	50	0	49	0	52	0	58	0	36	5	35	0	47	0	50	1
cell190	0	39	11	35	19	42	61	0	35	19	47	0	37	1	55	0	37	0	42	1	60	0	47	0	54	2	49	5	49	1
cell191	0	43	3	40	41	17	49	0	44	0	54	0	51	0	62	0	49	1	51	0	49	0	38	0	43	0	40	0	60	0
cell192	3	40	41	13	24	20	46	0	34	1	35	0	49	0	48	0	52	0	45	0	38	0	50	0	41	0	44	1	64	0
cell193	1	45	31	3	61	0	53	2	58	0	46	0	48	1	27	18	33	17	37	7	43	0	50	0	41	1	62	0	58	0
cell194	0	59	5	49	42	0	56	0	33	1	54	2	38	0	58	2	55	0	10	59	39	0	52	0	49	0	51	0	45	1
cell195	0	46	39	18	56	0	51	0	50	4	43	0	60	1	56	0	57	0	45	0	49	0	31	0	52	0	49	0	68	0
cell196	2	40	16	31	54	0	8	36	60	1	43	0	49	7	38	0	54	0	52	0	51	0	50	0	45	0	46	0	41	1
cell197	0	57	2	48	45	0	38	0	43	0	47	0	37	8	46	0	49	0	4	48	51	2	49	1	49	0	49	0	38	0
cell198	13	46	9	41	60	0	52	0	50	0	47	0	67	5	55	0	44	0	24	38	38	15	62	1	54	0	52	0	48	0
cell199	0	47	5	43	43	11	48	0	49	0	56	0	44	6	37	1	48	0	51	0	45	0	47	0	51	0	52	0	60	0
cell200	4	53	5	45	7	49	39	0	42	13	50	0	51	0	54	0	56	0	44	0	46	0	39	7	51	0	50	1	41	10
cell201	0	59	22	24	52	1	48	1	55	0	49	0	34	17	57	0	50	0	49	0	52	0	25	24	43	0	51	0	39	7
cell202	0	52	45	0	51	0	55	0	46	0	43	2	41	0	59	2	56	0	38	0	42	0	33	1	59	0	46	0	51	0
cell203	0	45	24	24	50	3	51	0	55	0	48	0	45	0	38	14	40	8	60	0	53	0	53	4	54	0	60	0	47	0
cell204	0	56	8	48	31	15	49	0	44	0	55	1	48	0	56	0	52	0	50	3	49	0	66	0	42	1	51	0	41	0
cell205	0	38	17	35	44	0	63	2	38	3	57	0	42	0	29	12	55	0	51	0	59	0	50	1	59	0	54	0	44	0
cell206	0	45	37	2	40	2	47	0	51	0	40	0	43	0	24	25	47	6	51	0	40	0	45	0	37	4	42	0	38	0
cell207	0	54	66	0	37	8	57	0	49	0	59	0	54	0	52	0	44	0	38	0	49	0	60	0	57	0	53	0	43	0
cell208	0	49	28	19	59	1	50	8	46	0	67	0	32	17	53	0	51	0	54	0	46	0	44	2	51	0	56	0	48	3
cell209	0	43	26	29	55	0	45	0	35	0	62	4	12	33	53	0	53	0	50	0	53	0	52	0	46	2	54	0	43	0
cell210	0	55	9	45	3	49	47	0	26	22	51	0	47	0	43	0	41	0	43	0	47	1	50	1	47	0	50	0	27	11
cell211	2	42	35	10	55	0	50	1	60	0	57	0	25	19	61	0	45	0	58	0	55	1	38	10	60	0	48	0	58	1
cell212	0	58	50	6	46	0	40	0	60	0	54	3	60	0	45	12	46	0	43	0	55	0	56	0	53	2	53	0	52	0
cell213	0	40	31	23	24	15	52	0	55	0	64	0	54	0	51	0	56	1	43	0	61	0	45	0	51	1	45	4	51	4
cell214	3	45	37	15	49	15	42	0	50	0	41	0	51	3	47	1	55	0	44	0	52	0	53	0	31	0	41	0	53	1
cell215	0	53	41	6	45	1	51	1	44	0	43	2	52	0	26	22	25	42	56	0	50	0	53	0	47	0	43	3	42	0
cell216	0	55	29	17	53	2	56	3	54	0	49	0	46	2	29	19	48	0	36	0	64	0	55	0	57	0	36	0	57	0
cell217	0	56	19	33	32	15	36	0	33	7	54	0	53	0	51	0	57	0	54	0	47	0	41	0	50	0	48	1	45	0
cell218	0	57	9	43	51	3	41	0	60	0	55	1	36	0	39	4	54	0	37	0	46	0	42	0	41	0	37	0	36	1
cell219	0	58	42	18	50	0	43	0	38	0	48	0	46	0	48	0	48	0	52	0	46	4	54	0	48	0	42	0	64	0
cell220	1	45	46	8	31	7	56	0	49	1	59	2	6	55	50	0	50	0	42	0	36	0	20	32	49	0	48	0	49	1
cell221	0	63	6	32	35	13	56	0	43	0	55	0	58	0	48	0	43	0	48	0	51	0	51	0	52	0	41	0	53	0
cell222	0	50	16	30	61	0	47	1	58	0	45	0	43	0	70	0	49	0	45	9	52	4	63	0	50	2	54	0	44	4
cell223	0	54	18	35	41	0	50	0	56	0	26	12	49	2	58	0	44	0	47	1	48	0	54	0	49	1	55	0	52	0
cell224	0	58	20	39	39	9	44	4	52	0	19	34	55	3	52	0	58	1	47	0	40	0	42	0	48	0	55	0	48	2
cell225	1	39	4	30	45	3	48	0	55	0	50	0	55	0	48	0	55	0	40	0	45	0	44	0	52	1	55	0	53	0
cell226	0	56	57	5	46	0	45	0	49	0	55	0	40	1	41	2	48	0	49	0	46	0	42	0	54	0	47	0	68	0
cell227	2	64	14	48	39	0	13	33	53	0	52	0	43	2	46	6	54	0	52	0	55	0	55	2	56	0	58	0	51	4
cell228	0	50	43	0	42	1	45	0	54	0	55	0	61	0	42	0	58	0	58	0	47	1	51	0	47	5	55	0	63	0
cell229	0	48	43	0	48	0	48	0	46	2	52	0	55	0	14	27	47	0	59	0	55	1	51	0	51	0	32	16	56	0
cell230	0	49	2	50	12	49	56	2	25	34	32	0	41	0	59	7	46	0	37	2	45	2	53	0	47	0	54	0	33	26
cell231	0	48	32	19	56	0	46	0	41	0	51	0	53	0	49	1	51	0	52	6	38	0	44	0	57	0	40	1	56	0
cell232	0	49	13	39	28	17	58	0	21	35	41	0	52	0	54	0	52	0	53	0	47	2	62	0	45	0	53	0	35	14
cell233	0	55	25	34	49	0	68	0	46	0	53	1	41	4	54	0	46	5	34	0	47	0	50	0	47	0	44	0	40	11
cell234	0	52	9	52	47	13	37	0	26	22	47	0	46	0	67	0	58	0	53	2	49	0	36	0	46	0	60	0	56	0
cell235	0	40	13	43	26	28	46	0	36	12	43	1	44	2	46	3	49	0	63	0	48	2	53	0	54	0	59	0	50	1
cell236	0	56	51	2	38	1	60	0	55	0	50	0	38	23	42	0	44	0	48	0	54	0	36	8	52	0	49	3	64	0
cell237	3	46	0	50	47	0	47	0	48	3	45	0	63	0	57	0	60	0	56	0	44	0	44	0	46	0	62	0	33	4
cell238	0	49	37	21	57	0	34	16	54	1	57	3	34	16	48	0	42	1	44	0	42	0	37	5	46	0	58	0	55	0
cell239	0	48	33	20	46	0	45	0	52	1	31	0	32	5	55	0	56	0	52	0	56	0	65	0	39	0	42	0	67	1
cell240	3	48	22	32	48	1	55	0	44	0	52	0	50	0	58	0	59	0	42	0	49	0	59	0	44	0	41	0	50	0
cell241	0	44	7	51	44	0	40	0	45	0	40	1	54	0	52	0	54	0	19	33	17	24	56	0	45	0	42	5	45	0
cell242	1	45	8	47	20	24	43	0	53	0	46	0	45	0	43	0	47	0	41	2	51	0	56	0	57	0	41	0	49	0
cell243	0	54	22	26	58	0	25	27	43	0	47	0	44	6	54	0	54	0	61	0	54	0	52	6	45	0	49	0	49	0
cell244	0	42	3	48	46	0	47	0	36	0	55	0	42	0	52	0	58	0	19	33	38	9	59	0	49	0	57	0	51	0
cell245	0	61	29	4	58	0	53	0	55	0	42	0	13	23	38	1	53	0	48	2	54	0	54	0	43	0	33	0	43	0
cell246	0	41	31	22	48	1	38	0	53	0	40	0	57	0	41	10	56	5	36	0	52	1	63	0	52	0	52	1	44	1
cell247	0	58	34	9	52	0	50	0	47	0	51	0	43	4	37	8	47	0	48	0	60	0	46	0	55	0	55	0	43	0
cell248	0	41	10	42	55	0	53	0	50	0	36	0	50	0	41	12	59	0	65	0	46	0	60	0	50	0	54	0	52	0
cell249	0	46	35	18	42	2	57	0	60	0	43	1	46	0	25	28	43	4	47	2	53	0	61	0	45	1	52	0	56	0
cell250	2	48	12	35	48	3	52	0	46	0	41	5	41	0	57	0	54	0	44	4	43	0	56	0	64	0	40	1	43	0
cell251	0	54	41	13	51	0	50	0	52	0	53	0	59	0	39	5	44	0	36	0	40	0	45	0	45	0	62	0	54	0
cell252	0	43	37	4	61	0	57	1	39	0	45	1	27	25	40	0	43	0	44	0	45	0	32	24	50	0	51	0	43	0
cell253	0	56	7	42	55	0	55	0	51	0	54	1	59	0	50	0	57	0	21	27	54	0	45	0	43	0	53	2	38	0
cell254	3	44	4	53	3	46	52	0	20	28	51	0	47	0	40	0	46	0	45	0	52	0	55	0	45	0	55	0	35	20
cell255	0	52	5	41	57	0	42	0	63	1	49	0	66	0	57	0	62	0	31	17	29	16	58	0	53	3	53	0	44	0
cell256	0	45	39	8	54	0	48	1	52	0	41	0	44	0	17	30	50	0	45	1	58	7	61	0	42	9	52	1	41	0
cell257	0	42	3	47	57	0	56	0	54	1	53	4	43	0	54	0	40	2	6	39	47	2	57	0	34	10	56	0	47	0
cell258	0	35	11	45	59	0	53	0	56	0	55	0	54	0	47	0	47	0	39	11	48	2	37	0	58	0	61	0	44	0
cell259	0	62	25	20	52	0	59	0	47	0	50	0	47	0	52	2	53	0	47	1	49	0	56	0	50	1	54	0	57	0
cell260	0	43	0	44	33	25	54	0	35	23	46	0	42	1	51	0	41	0	52	0	55	0	55	0	46	0	51	0	42	0
cell261	0	46	13	34	15	34	57	0	25	28	47	2	64	0	40	0	53	2	54	1	54	2	57	0	66	0	46	0	30	26
cell262	0	62	11	41	56	0	52	0	55	0	49	0	52	0	49	0	43	0	26	24	43	0	47	0	43	0	51	1	38	0
cell263	0	56	35	20	32	20	47	0	39	11	48	1	42	1	49	0	56	0	44	0	52	2	62	0	55	0	40	1	66	0
cell264	0	42	9	37	26	27	44	0	51	2	52	1	43	0	49	0	52	0	51	2	38	2	59	2	59	0	46	1	62	0
cell265	0	51	28	19	55	1	62	2	51	0	51	0	53	0	26	18	33	15	52	0	53	3	51	0	45	0	51	0	54	1
cell266	0	50	35	24	66	0	49	0	46	0	51	0	58	1	7	37	33	17	43	1	44	1	53	1	58	0	53	0	49	0
cell267	0	53	12	39	36	28	72	0	31	23	52	1	56	0	37	0	45	3	55	0	51	0	53	0	52	0	34	3	53	2
cell268	0	50	4	52	46	0	51	0	47	0	37	7	30	8	57	0	40	1	48	0	40	0	46	1	39	0	45	0	48	7
cell269	0	47	5	56	48	0	69	0	40	0	45	0	48	2	42	0	52	0	34	12	59	0	55	0	42	0	57	0	46	0
cell270	1	43	16	26	46	0	54	0	37	1	50	0	40	0	49	3	55	0	46	6	59	0	43	0	54	0	43	0	46	0
cell271	0	44	45	21	55	0	38	6	51	0	65	0	41	8	47	0	55	0	52	0	51	0	57	0	61	0	54	0	45	0
cell272	0	57	17	23	18	36	56	0	34	5	37	1	51	0	32	0	49	0	69	0	44	0	46	0	47	0	50	0	42	0
cell273	0	44	41	3	46	2	49	0	42	2	55	0	19	27	38	0	60	0	51	0	70	0	45	0	55	0	44	0	35	0
cell274	0	56	41	7	49	0	48	0	54	0	37	0	58	0	5	46	11	38	45	1	55	0	42	0	51	0	45	16	48	0
cell275	0	54	17	34	44	11	49	0	55	0	37	1	40	0	46	0	41	0	46	0	53	0	53	0	31	5	61	0	57	0
cell276	0	45	36	29	39	0	55	0	45	0	45	6	12	44	47	0	57	0	56	0	49	0	22	13	49	0	60	0	68	0
cell277	1	48	21	37	62	0	44	0	41	0	49	0	60	0	48	0	57	0	23	24	36	15	50	0	46	0	57	0	34	0
cell278	0	46	20	23	50	1	46	4	51	2	54	0	33	5	32	1	40	0	56	0	57	0	42	0	46	0	54	0	50	0
cell279	0	63	10	47	12	38	49	0	38	5	43	0	51	0	59	0	55	0	51	1	51	1	62	0	61	0	39	0	53	0
cell280	1	47	9	37	56	1	52	0	55	0	49	0	47	0	41	0	46	0	7	32	17	31	36	0	41	15	49	0	46	0
cell281	2	46	33	2	56	0	43	0	50	0	38	0	50	0	15	39	59	0	47	0	46	0	66	0	47	0	52	0	51	0
cell282	0	39	18	24	45	0	47	0	54	4	61	0	50	6	58	0	59	0	45	0	56	1	41	0	47	1	42	0	42	0
cell283	0	58	11	44	44	0	54	0	40	3	49	0	47	0	49	0	44	4	19	32	39	11	50	0	18	32	58	0	59	1
cell284	0	51	37	9	69	0	56	0	37	2	73	0	64	1	41	7	31	2	47	1	52	0	49	0	48	0	54	0	50	0
cell285	2	42	12	37	28	25	41	0	45	0	44	0	47	1	45	0	49	0	54	0	51	0	49	0	54	0	53	0	54	0
cell286	0	47	31	13	46	0	45	0	46	0	53	0	49	0	28	24	27	15	56	0	40	0	57	0	42	0	50	0	49	1
cell287	0	45	21	31	54	0	40	0	58	0	48	0	42	3	43	0	52	0	36	11	42	8	40	0	48	1	52	0	56	2
cell288	0	49	37	22	51	0	49	0	47	0	56	0	55	0	41	10	56	0	53	0	53	0	50	2	52	1	45	1	51	0
cell289	0	50	47	11	44	0	43	2	52	0	40	0	10	39	44	7	43	0	50	0	49	0	39	8	53	0	43	0	58	0
cell290	0	59	16	44	57	0	12	32	37	0	47	1	51	0	39	0	57	0	45	0	52	0	58	1	42	0	50	2	47	0
cell291	0	54	50	4	54	0	37	3	53	0	53	0	13	37	54	0	38	0	55	2	48	0	66	0	46	0	40	0	44	0
cell292	0	54	39	4	60	0	42	2	46	0	54	1	25	17	39	1	48	5	52	5	60	0	30	0	48	0	55	0	43	0
cell293	0	64	18	26	46	0	53	0	54	1	49	0	46	0	36	0	57	0	44	9	44	4	54	0	60	0	33	0	56	0
cell294	0	61	3	53	24	30	46	7	34	14	36	1	50	0	56	0	40	0	41	0	60	0	50	0	54	0	35	6	46	0
cell295	0	49	30	19	52	0	54	0	41	0	58	0	40	1	19	30	51	2	40	0	54	0	48	1	53	0	41	3	43	2
cell296	2	46	7	35	25	30	48	0	55	3	50	0	54	0	40	0	50	0	48	0	46	0	43	0	45	0	45	0	36	0
cell297	0	53	30	20	44	1	42	0	58	0	53	0	46	1	27	21	41	4	51	2	55	1	45	1	50	0	33	7	51	0
cell298	1	54	44	5	57	0	38	3	51	0	56	1	45	0	19	25	40	0	46	0	48	0	53	0	48	0	54	0	41	2
cell299	0	51	20	36	51	0	39	10	56	0	57	1	36	8	40	0	55	0	46	0	43	0	65	2	52	0	40	2	53	0
cell300	2	44	48	0	41	0	43	0	49	0	53	0	50	1	50	1	52	0	47	0	55	0	57	0	50	0	53	0	43	0
cell301	1	52	41	1	49	0	44	0	55	0	65	0	43	0	53	0	41	0	53	0	47	0	52	0	48	1	59	1	34	1
cell302	0	48	15	36	50	0	45	0	46	0	35	0	56	0	24	27	43	0	46	0	52	0	38	0	43	0	51	0	50	0
cell303	0	49	11	39	27	19	40	0	39	13	52	0	66	0	48	0	50	4	65	0	54	0	48	0	53	0	60	0	41	0
cell304	8	47	0	57	47	0	42	0	46	0	51	1	52	0	42	2	51	0	20	28	25	22	44	1	40	4	56	2	44	0
cell305	0	35	8	37	38	0	45	0	56	0	49	5	27	30	47	0	51	0	44	0	55	0	48	0	55	0	50	0	48	0
cell306	0	57	11	46	51	0	47	0	47	0	52	0	56	0	59	0	49	0	15	28	46	16	60	0	47	0	54	0	52	0
cell307	0	55	21	30	38	0	51	0	45	5	38	0	49	0	46	0	48	0	27	24	46	10	60	0	28	15	58	0	49	0
cell308	0	50	50	1	40	0	50	3	46	0	51	5	60	0	33	9	55	0	52	0	38	3	58	0	36	0	52	0	47	0
cell309	0	48	30	25	49	0	53	0	49	0	43	0	34	6	47	0	47	1	54	0	61	0	38	0	45	0	49	0	55	0
cell310	1	40	12	48	20	28	41	0	43	8	48	0	53	0	55	1	43	0	55	0	51	0	38	0	42	0	53	0	44	8
cell311	0	42	7	34	32	15	43	0	50	6	64	0	52	0	46	0	51	0	42	7	34	2	50	0	43	0	54	0	46	3
cell312	0	46	47	1	55	0	54	0	38	0	44	0	62	0	49	0	36	0	50	5	53	2	60	0	38	0	47	0	51	0
cell313	0	47	21	33	45	0	45	1	36	0	49	0	59	0	32	4	54	0	42	4	38	1	50	2	43	2	55	0	42	0
cell314	0	35	50	5	53	0	25	12	43	0	41	0	29	28	43	0	48	3	53	0	35	5	51	2	57	0	47	2	53	0
cell315	1	53	32	15	51	0	49	0	56	0	47	0	32	15	46	0	52	0	45	0	56	1	49	0	47	0	48	0	41	1
cell316	0	66	2	47	18	20	46	3	47	5	44	0	41	0	53	1	58	5	40	0	55	2	59	0	48	0	52	0	40	0
cell317	2	42	17	40	44	2	41	0	57	0	24	32	39	8	44	0	58	0	46	1	49	0	39	0	52	1	38	0	45	0
cell318	1	43	48	0	42	0	66	2	51	0	43	2	39	3	46	0	53	0	45	0	47	0	46	0	65	0	39	0	47	0
cell319	3	60	7	52	53	0	39	12	41	0	61	3	58	7	46	0	61	0	46	0	45	0	45	0	52	0	53	0	47	0
cell320	6	42	8	36	44	0	42	1	43	0	50	0	52	0	41	0	56	0	22	26	58	0	50	0	49	0	45	2	45	0
cell321	1	58	18	37	9	48	45	0	18	30	39	0	54	0	46	0	52	3	52	0	38	0	46	0	59	0	63	0	37	18
cell322	0	43	53	6	39	0	53	0	54	0	54	7	35	10	54	0	37	2	29	0	47	0	46	0	53	0	41	0	41	0
cell323	1	53	9	50	49	0	47	0	66	2	54	0	45	0	43	0	46	0	38	5	51	0	44	3	45	0	52	0	42	0
cell324	3	67	53	1	49	0	58	0	54	1	41	0	45	0	6	44	39	21	45	0	54	3	46	0	54	0	54	0	49	0
cell325	0	44	43	6	53	2	65	0	55	1	49	0	57	0	16	18	39	19	51	0	52	0	49	0	54	0	56	4	62	0
cell326	0	41	22	35	33	0	47	11	57	0	56	0	37	10	34	0	45	1	43	1	39	0	38	0	46	0	46	0	53	0
cell327	0	53	44	9	46	0	45	1	50	0	50	0	3	54	41	0	40	0	56	0	53	0	39	13	47	0	45	0	56	0
cell328	0	44	16	32	25	24	36	0	15	33	46	1	48	1	44	0	52	0	57	0	53	1	42	0	41	0	43	0	49	6
cell329	1	49	6	41	51	0	60	0	43	0	46	2	58	3	49	0	42	0	51	0	47	0	62	1	54	0	58	0	49	0
cell330	4	51	14	40	41	0	54	5	51	0	48	0	56	0	43	7	47	0	61	0	48	0	47	0	45	0	58	0	56	2
cell331	0	50	7	34	31	22	47	0	34	19	56	0	63	0	49	0	48	0	35	0	62	0	48	0	51	0	41	0	44	0
cell332	6	39	3	52	48	0	45	2	56	0	64	0	47	0	52	0	51	0	45	5	44	0	58	0	48	0	53	0	36	0
cell333	0	54	57	0	38	7	60	0	53	0	45	6	44	4	51	2	50	0	58	0	45	1	46	0	45	2	43	0	49	0
cell334	0	53	35	24	37	0	55	2	54	0	47	0	50	0	21	17	43	0	49	0	51	0	55	0	45	2	39	1	55	0
cell335	0	47	45	13	52	1	41	0	51	0	44	0	46	0	42	0	52	0	55	0	45	0	45	3	50	0	42	0	42	0
cell336	0	48	21	24	45	9	51	0	36	0	55	0	55	0	45	0	44	0	59	0	63	0	50	0	53	0	35	0	56	0
cell337	2	44	52	4	56	0	41	0	60	0	51	0	14	32	41	0	52	0	54	0	52	0	36	8	49	0	41	11	52	0
cell338	2	35	40	4	57	0	41	0	65	0	49	0	48	0	43	6	43	4	45	0	51	0	47	0	48	0	46	7	59	2
cell339	0	56	24	25	50	0	57	0	56	0	44	1	60	2	50	4	45	0	42	5	58	0	48	0	55	0	46	0	60	0
cell340	0	58	45	0	46	0	47	0	44	1	50	0	64	0	46	1	55	0	47	0	53	0	49	1	47	2	59	0	57	0
cell341	0	47	11	31	29	9	45	0	41	0	45	0	50	0	41	1	45	0	50	0	59	0	42	0	47	0	47	0	48	0
cell342	2	43	40	17	46	0	41	0	41	1	43	11	32	9	55	0	48	0	52	0	46	2	42	0	56	0	63	0	43	0
cell343	1	41	58	0	42	0	50	0	46	0	46	0	50	0	58	0	65	0	45	3	46	0	48	0	47	0	68	0	53	1
cell344	0	62	5	51	20	23	48	2	52	5	49	0	51	1	51	0	50	0	40	0	56	0	43	0	54	1	45	3	44	1
cell345	0	49	28	14	45	2	52	0	46	2	52	0	50	0	35	5	49	0	52	0	51	0	39	0	53	0	46	0	60	0
cell346	0	45	48	0	60	4	53	0	42	2	54	0	43	0	38	0	45	0	44	0	56	0	46	0	53	6	47	0	48	1
cell347	0	65	14	41	62	0	45	2	44	0	46	0	55	0	63	0	55	0	14	20	41	9	60	0	62	0	51	0	49	0
cell348	0	55	31	10	63	0	46	0	49	2	50	0	32	8	48	0	46	0	40	0	61	0	43	0	46	0	44	1	66	0
cell349	0	53	5	43	49	0	44	2	63	0	44	6	47	0	58	0	59	0	30	16	35	6	56	0	45	6	39	0	44	0
cell350	0	46	34	19	64	0	27	0	46	0	46	3	38	17	54	0	51	2	64	0	47	0	29	19	45	0	61	0	48	0
cell351	1	56	56	13	51	0	43	1	48	0	53	0	38	12	48	0	53	0	40	0	62	0	52	2	64	1	47	0	50	0
cell352	0	51	17	32	62	0	47	0	51	0	66	0	53	0	41	3	47	0	35	0	52	1	50	0	43	0	33	0	53	0
cell353	0	64	12	34	37	0	57	0	55	0	73	0	53	0	40	0	56	0	34	14	38	9	45	0	39	0	49	2	38	0
cell354	0	49	53	0	48	6	65	0	59	0	48	0	45	0	47	0	49	0	60	0	50	0	45	1	49	0	53	0	46	1
cell355	1	49	38	4	48	3	57	0	59	1	47	0	35	8	62	0	47	0	56	0	45	1	53	0	52	0	44	0	48	0
cell356	2	50	55	0	58	0	46	0	59	2	46	0	63	0	46	0	54	0	47	16	57	0	60	0	49	0	35	0	55	0
cell357	0	48	56	0	68	0	50	2	55	0	62	0	55	0	51	8	39	0	39	0	45	0	54	0	49	2	47	0	51	0
cell358	1	39	4	51	12	31	46	0	36	2	41	0	49	12	39	0	55	0	40	0	44	1	43	2	41	2	48	0	44	0
cell359	0	48	55	1	49	0	63	0	62	1	56	0	55	0	34	17	44	1	35	0	46	0	63	0	39	1	26	19	43	0
cell360	5	48	32	13	60	0	54	0	51	0	61	0	25	31	46	0	43	1	45	0	49	0	48	6	49	0	57	0	47	0
cell361	2	45	3	47	46	0	53	2	42	0	53	1	47	0	50	0	41	1	18	36	52	1	44	0	38	0	53	0	50	0
cell362	0	45	48	0	51	0	51	0	45	0	49	0	48	0	9	44	40	4	62	0	55	0	60	1	40	0	26	14	57	1
cell363	0	59	10	37	15	32	63	0	32	18	51	0	59	0	54	0	48	0	54	0	60	0	39	0	56	0	46	0	55	0
cell364	0	47	14	45	58	0	46	8	50	8	47	0	43	1	52	0	50	0	19	28	39	7	41	0	35	15	53	0	50	0
cell365	0	54	11	36	25	16	46	0	49	0	46	0	49	0	47	0	52	1	55	2	47	0	49	5	56	0	45	0	41	0
cell366	0	52	17	30	56	0	51	1	40	0	48	0	54	0	43	0	48	0	19	28	58	0	51	0	43	2	46	0	37	1
cell367	0	50	15	27	26	24	59	0	45	0	52	3	59	0	56	0	42	0	57	2	54	0	44	1	57	0	58	0	55	0
cell368	0	41	19	32	59	0	40	11	39	0	41	0	35	19	59	0	53	0	46	1	50	0	40	0	39	0	55	0	42	4
cell369	1	43	4	52	37	8	39	0	44	7	51	0	54	0	70	0	45	6	62	0	51	0	48	0	54	0	43	0	68	0
cell370	0	55	20	29	38	10	38	0	35	7	48	0	51	0	49	0	41	5	48	0	47	0	55	0	44	0	58	0	49	0
cell371	0	40	4	41	50	2	69	0	40	0	58	0	45	0	60	0	53	1	18	42	44	8	41	1	10	37	40	0	54	0
cell372	0	45	33	5	44	5	47	0	40	0	48	0	49	2	12	34	36	17	55	0	54	0	55	0	53	0	39	16	56	0
cell373	0	52	31	26	39	0	51	0	57	1	50	0	57	2	52	0	50	0	26	20	39	12	50	0	57	0	40	0	59	0
cell374	0	56	50	9	45	0	44	15	64	0	50	0	49	0	14	33	20	29	57	0	53	0	49	0	50	2	50	0	49	0
cell375	2	49	36	18	63	0	40	0	39	4	37	0	32	24	45	0	55	0	40	1	51	0	38	11	45	0	57	0	51	0
cell376	0	50	50	7	53	0	39	1	52	0	48	0	39	9	49	0	58	0	61	0	44	7	44	2	62	0	60	0	38	0
cell377	0	61	2	35	11	40	33	0	33	20	47	0	58	0	48	0	54	0	53	3	47	0	45	0	52	0	46	0	45	1
cell378	0	54	32	21	59	0	56	0	53	0	59	0	64	0	21	19	33	3	41	0	47	0	48	1	39	0	34	8	51	0
cell379	1	38	28	25	23	28	44	0	52	12	44	0	40	0	55	0	68	2	46	0	64	0	47	1	55	0	41	0	56	2
cell380	0	58	50	0	46	0	58	0	44	0	57	0	51	0	47	0	50	0	48	3	54	0	46	1	36	7	52	0	41	1
cell381	0	42	1	44	43	0	45	0	49	0	58	0	47	0	54	0	36	0	6	41	28	12	38	0	61	0	58	0	42	0
cell382	0	48	30	18	61	0	42	1	63	0	51	0	30	26	44	0	59	0	54	0	35	2	48	0	58	0	52	0	56	0
cell383	0	43	44	1	49	0	42	5	46	1	62	0	45	0	55	0	57	0	48	0	53	0	40	3	48	0	47	0	52	0
cell384	0	40	27	29	63	0	45	0	47	0	55	0	44	0	40	0	55	0	23	12	31	17	55	0	49	0	48	0	55	2
cell385	0	40	43	13	50	0	49	1	56	0	50	0	43	0	55	6	39	7	55	0	57	2	55	0	48	1	45	0	51	0
cell386	0	55	29	19	51	0	52	0	39	0	43	0	57	7	46	0	75	0	48	0	51	0	55	0	39	0	46	1	63	0
cell387	0	48	13	41	30	27	58	3	38	15	54	0	39	0	52	0	41	0	52	0	44	0	44	3	51	0	56	0	43	8
cell388	0	52	33	17	43	0	45	0	57	0	59	0	54	0	38	12	32	14	42	0	54	0	58	0	42	0	51	0	56	0
cell389	0	62	31	13	43	0	51	1	43	0	42	0	47	3	38	0	51	0	31	0	57	0	52	1	53	0	49	0	68	0
cell390	0	41	5	36	54	0	46	0	60	0	60	0	37	0	59	0	51	0	2	47	39	10	55	0	21	36	40	4	46	0
cell391	0	53	0	41	34	14	63	0	53	2	45	1	54	0	43	0	51	0	50	0	55	0	45	0	55	0	44	0	62	1
cell392	0	45	31	10	45	0	50	0	32	0	56	0	39	8	46	0	53	0	34	0	44	0	55	0	56	0	54	0	66	1
cell393	0	57	22	28	39	0	39	10	43	0	48	3	38	7	44	0	47	0	51	0	61	0	44	0	58	0	47	0	69	0
cell394	1	49	57	4	53	0	54	0	43	0	55	0	59	1	30	20	51	4	43	0	41	0	46	1	53	2	48	0	59	0
cell395	0	53	26	36	44	0	55	3	43	0	47	0	40	15	45	0	39	1	52	0	43	0	25	15	49	3	52	0	42	0
cell396	0	37	0	55	6	46	57	0	60	0	47	2	55	11	46	1	45	0	52	1	62	0	29	0	54	0	50	0	54	0
cell397	2	53	24	41	52	0	55	2	41	3	55	0	42	8	46	0	46	0	40	2	43	0	43	0	40	0	56	0	53	0
cell398	0	46	53	1	49	0	53	0	45	2	43	0	44	0	21	31	38	1	53	0	57	0	59	0	47	0	38	18	60	0
cell399	0	37	44	4	58	0	54	0	64	2	45	0	15	35	44	0	47	0	49	0	57	0	63	0	58	0	48	0	49	0
cell400	0	43	15	33	38	1	36	0	47	0	47	10	31	23	53	0	46	0	47	0	53	0	36	10	60	2	59	0	62	0
cell401	0	40	5	46	60	0	55	0	53	0	64	0	45	1	51	0	44	2	12	39	47	5	48	0	56	1	59	0	64	0
cell402	0	48	22	21	56	0	53	0	51	0	45	1	23	31	40	2	31	2	55	4	58	0	48	6	47	0	53	0	43	2
cell403	0	46	18	24	46	0	43	0	42	0	34	0	21	39	40	1	47	0	47	0	54	0	54	3	48	1	41	0	49	0
cell404	0	54	25	26	47	0	23	32	36	0	43	4	29	20	42	0	56	0	52	0	50	0	60	2	45	0	49	0	56	3
cell405	7	36	1	50	40	0	53	0	51	0	40	0	44	3	48	0	63	0	60	0	37	2	38	0	49	0	32	2	42	0
cell406	0	48	39	8	45	0	51	0	48	0	46	1	49	0	56	0	48	0	34	34	43	4	42	0	58	0	46	0	52	0
cell407	1	53	17	25	48	0	41	0	61	0	59	0	49	2	48	0	46	3	45	0	48	0	60	0	61	0	51	2	55	0
cell408	1	49	13	39	47	0	40	0	46	0	53	3	38	2	46	0	56	0	53	0	51	1	48	0	38	2	52	1	35	0
cell409	0	53	7	34	42	0	58	0	46	0	55	0	48	0	49	0	43	0	29	23	40	0	54	0	62	0	42	0	41	1
cell410	0	43	36	13	49	0	53	0	56	0	37	0	48	1	52	0	63	0	50	0	49	1	43	6	55	0	49	0	59	0
cell411	0	48	20	29	57	5	42	7	50	0	43	3	52	0	42	26	47	3	44	1	60	0	41	0	45	0	50	4	47	0
cell412	1	45	23	24	25	33	56	0	70	0	53	0	53	0	46	3	49	0	46	0	45	0	51	0	51	1	50	0	60	0
cell413	0	48	4	41	60	0	54	0	49	0	54	0	49	0	44	0	55	0	24	26	49	1	54	0	37	21	62	0	51	0
cell414	0	52	2	57	59	3	36	0	47	0	65	0	43	0	51	0	50	0	12	37	46	10	55	0	39	3	47	0	40	0
cell415	0	54	56	0	45	0	52	0	55	3	49	0	42	1	46	0	57	2	48	0	50	0	46	0	49	1	51	0	42	0
cell416	0	50	10	37	54	0	52	0	43	1	46	0	49	0	52	0	48	0	18	17	41	7	50	4	46	1	54	0	58	0
cell417	0	51	33	18	43	0	55	0	44	0	48	0	49	0	38	3	47	0	33	10	35	12	52	0	48	0	59	0	49	0
cell418	0	43	28	28	49	1	38	0	52	0	42	2	52	0	50	0	52	0	59	5	50	0	53	0	51	1	48	0	50	0
cell419	1	51	56	0	57	1	59	0	58	0	48	7	48	0	50	0	44	0	42	0	55	0	51	0	59	0	48	0	43	1
cell420	0	59	15	25	35	0	41	7	51	0	54	0	42	13	50	0	47	0	54	2	43	0	57	0	56	0	46	0	49	0
cell421	0	41	7	40	43	1	48	0	40	1	57	0	40	0	48	0	54	0	52	0	49	0	50	0	53	0	42	1	50	0
cell422	0	48	33	27	48	0	60	0	54	0	46	0	61	0	33	0	60	0	38	12	51	0	50	0	37	2	35	1	50	0
cell423	0	49	44	9	36	0	47	0	57	0	42	0	51	0	43	4	46	0	54	0	42	0	43	0	41	0	36	0	40	0
cell424	1	58	57	5	47	0	47	0	53	0	61	0	37	7	48	3	55	2	56	0	48	3	49	0	42	0	39	3	54	1
cell425	0	51	18	14	54	0	50	0	54	0	44	0	47	1	43	0	43	0	17	31	52	11	45	0	34	22	58	1	40	1
cell426	0	42	47	14	53	0	44	8	45	6	47	0	36	8	57	0	50	0	46	0	42	3	33	3	48	0	51	4	62	0
cell427	0	51	57	0	39	1	48	0	39	0	61	3	39	0	48	0	58	0	54	0	55	0	35	0	60	0	43	0	38	0
cell428	0	54	35	4	58	0	51	0	51	0	48	0	35	0	48	12	31	5	48	1	53	0	35	7	48	5	45	4	56	5
cell429	2	57	17	24	12	32	53	2	36	6	56	0	53	0	55	0	45	0	43	1	55	0	51	2	52	0	46	0	35	7
cell430	0	54	48	4	46	0	50	0	54	0	52	0	45	0	37	13	51	0	57	0	53	1	65	0	51	0	62	0	43	0
cell431	0	49	43	1	46	0	41	1	45	0	51	0	48	2	18	22	53	0	65	0	55	0	58	2	53	0	46	0	53	5
cell432	1	51	9	37	59	0	51	0	46	0	54	0	60	1	48	0	43	0	28	31	50	3	55	0	26	3	45	0	41	0
cell433	0	60	6	40	53	8	51	0	55	0	40	1	53	0	50	0	49	0	35	5	52	0	44	0	47	0	45	0	47	0
cell434	0	41	30	19	45	1	45	0	55	0	48	0	48	0	20	24	32	1	55	0	59	0	45	0	41	0	56	0	37	0
cell435	0	58	51	1	46	5	54	3	43	0	53	0	52	0	36	2	65	2	51	0	51	0	52	0	54	0	56	2	48	0
cell436	0	51	17	43	54	0	47	0	58	0	55	0	50	0	46	0	43	0	41	18	46	9	51	0	47	0	45	0	54	0
cell437	0	47	14	32	28	30	38	6	40	0	46	0	49	1	63	0	55	0	47	3	44	0	38	0	55	1	37	0	57	0
cell438	0	56	20	21	48	0	41	0	55	0	42	0	47	0	51	0	42	0	49	0	63	0	46	0	45	0	42	0	54	0
cell439	0	53	18	36	45	0	52	0	45	0	52	0	44	0	43	0	54	0	24	35	46	9	44	0	50	9	52	0	51	0
cell440	1	45	40	9	60	0	49	0	49	0	60	1	40	0	57	0	58	0	55	1	48	0	45	0	71	0	46	0	45	0
cell441	0	45	56	0	67	0	42	5	47	0	45	4	33	1	39	4	46	2	62	0	46	0	44	0	57	0	65	0	60	0
cell442	2	53	4	43	59	4	41	0	52	0	54	0	74	0	62	0	42	0	5	30	18	34	41	0	63	0	55	0	42	0
cell443	0	49	10	53	53	0	37	6	39	0	66	0	50	0	44	0	53	1	29	26	24	15	36	1	48	0	47	0	45	0
cell444	0	52	1	39	49	0	45	0	57	0	50	0	60	0	46	0	66	4	2	59	14	48	41	3	47	7	53	0	48	1
cell445	0	44	38	6	56	0	52	0	53	0	57	0	46	4	32	27	40	13	33	4	56	0	44	0	56	0	41	2	52	1
cell446	2	39	32	14	52	0	49	0	53	1	48	0	52	0	43	0	49	0	26	20	50	8	43	0	24	14	50	0	53	3
cell447	0	58	20	46	58	0	37	7	58	0	64	2	41	13	41	0	35	0	48	0	44	0	53	1	53	0	50	6	46	0
cell448	0	61	43	12	51	0	49	0	55	2	51	0	32	16	44	0	44	0	50	1	40	0	36	0	46	0	35	6	51	0
cell449	0	47	14	33	43	0	45	0	47	0	45	0	46	6	49	0	49	0	47	0	45	0	52	1	62	0	45	2	52	0
cell450	4	47	20	16	61	0	41	20	53	0	37	0	34	18	42	5	51	0	62	0	61	0	50	2	39	0	54	1	42	0
cell451	6	49	51	9	48	1	60	0	48	0	60	0	14	38	33	0	48	0	47	1	44	0	43	0	37	6	53	0	53	0
cell452	0	36	53	7	53	0	55	0	48	0	57	0	10	40	59	0	47	5	46	0	46	0	62	2	56	1	53	3	39	0
cell453	0	53	23	27	41	0	61	0	43	0	44	2	31	12	54	0	44	0	53	0	47	0	70	0	50	0	42	0	53	0
cell454	0	43	17	34	44	2	52	0	61	0	56	0	50	1	52	0	48	1	42	0	41	1	58	0	37	0	48	0	43	0
cell455	1	54	30	11	49	0	48	3	45	0	57	0	15	34	57	0	60	1	47	0	44	0	47	0	37	0	59	0	51	0
cell456	0	61	42	9	45	0	43	0	53	0	38	6	34	5	45	0	56	0	49	0	51	1	41	0	47	0	37	0	43	1
cell457	0	53	17	33	58	0	57	2	46	0	52	0	33	13	59	0	47	0	46	0	50	0	64	0	52	0	42	0	60	0
cell458	1	41	46	6	43	0	52	2	58	0	61	0	57	0	23	27	23	35	53	0	45	1	52	0	52	0	50	0	47	1
cell459	0	61	7	36	51	0	60	2	42	0	43	0	47	0	50	0	57	0	48	5	53	0	66	0	62	0	54	0	43	1
cell460	3	46	58	0	51	0	39	1	38	3	50	0	48	0	42	3	53	0	48	0	41	4	50	0	58	0	46	0	49	0
cell461	1	51	9	28	50	0	45	0	48	0	56	0	54	0	36	10	51	3	51	0	49	0	46	1	48	0	56	6	53	0
cell462	0	60	14	31	36	0	53	0	58	0	48	0	26	20	40	0	53	0	41	1	58	0	37	22	51	1	47	1	42	4
cell463	1	53	19	33	34	0	44	0	64	0	50	0	46	0	51	2	60	0	20	28	22	17	47	0	46	1	45	0	70	0
cell464	0	52	0	45	35	17	45	0	55	0	62	0	37	0	39	0	65	1	43	0	61	0	52	0	66	0	50	0	49	0
cell465	0	52	44	13	51	1	54	0	55	0	54	0	55	3	53	7	47	0	51	0	47	0	42	0	53	0	53	2	38	0
cell466	5	49	35	8	41	0	48	0	51	0	40	1	37	13	45	0	45	0	42	0	55	3	47	0	50	2	52	0	48	0
cell467	0	69	26	19	49	0	62	0	49	2	50	0	51	0	27	13	46	1	49	0	64	0	48	1	57	0	52	0	39	4
cell468	0	42	35	13	49	0	37	0	56	0	42	0	44	0	45	0	71	0	42	10	76	0	47	0	54	0	52	0	55	0
cell469	0	76	39	16	54	0	62	0	35	0	45	0	39	0	19	23	52	0	43	2	48	0	52	0	48	0	54	0	41	0
cell470	0	50	3	46	52	0	48	0	43	0	42	3	53	0	52	0	46	0	26	34	10	20	50	0	60	0	44	0	45	0
cell471	0	42	10	41	58	0	52	0	48	0	50	22	38	5	34	10	49	0	71	0	42	0	61	0	48	0	49	1	46	0
cell472	0	49	1	48	44	7	59	2	34	13	48	1	54	0	51	0	45	0	48	0	36	0	52	0	55	3	52	0	41	1
cell473	0	61	39	7	51	0	62	0	65	0	61	0	63	0	49	8	39	15	40	2	36	0	53	0	63	0	39	0	49	0
cell474	0	37	27	24	46	0	49	0	58	0	44	0	53	0	15	33	39	2	49	0	59	0	55	0	60	4	37	13	51	0
cell475	1	40	35	14	61	1	49	2	52	0	46	0	20	32	44	0	45	0	52	0	50	0	47	0	53	0	46	0	46	0
cell476	0	54	13	37	46	0	42	4	46	0	58	4	54	0	40	4	45	0	52	0	42	0	43	0	39	0	34	3	37	0
cell477	0	50	6	52	23	27	45	0	58	0	46	0	44	0	47	2	51	0	42	0	52	2	50	0	59	1	44	0	50	0
cell478	1	45	43	12	58	0	59	0	44	0	43	0	49	0	8	51	23	24	54	1	47	0	42	0	46	0	31	2	52	0
cell479	0	45	51	13	44	1	44	12	44	0	55	0	49	15	62	0	48	0	55	2	48	0	49	0	42	0	51	1	51	0
cell480	0	47	45	5	52	0	53	0	48	0	50	0	47	7	41	0	54	0	57	0	44	0	47	0	50	0	56	0	43	2
cell481	0	35	52	8	54	0	54	0	48	0	43	0	52	0	44	17	47	2	51	0	49	0	54	0	44	0	50	5	55	0
cell482	0	56	25	42	59	1	52	0	42	0	57	1	39	10	43	0	51	0	61	0	57	0	47	0	46	2	45	0	57	0
cell483	0	62	30	21	17	31	41	7	36	16	49	5	43	1	52	0	47	0	47	4	54	5	49	0	50	0	56	0	44	6
cell484	1	44	48	3	48	3	57	0	54	0	53	0	59	2	48	0	50	0	47	2	61	0	48	7	44	0	51	0	43	0
cell485	0	46	25	30	43	1	49	0	53	0	50	0	44	0	56	1	63	0	15	40	42	3	43	0	45	1	47	0	61	0
cell486	0	46	31	18	46	0	47	7	47	0	32	26	54	1	58	0	63	0	43	0	56	0	51	0	49	0	54	0	52	0
cell487	0	31	40	6	48	1	62	0	54	0	51	1	50	0	38	0	45	1	44	7	40	1	44	0	54	0	51	0	53	0
cell488	0	52	25	22	48	0	50	1	52	0	59	1	59	0	54	0	44	1	51	0	52	0	43	0	61	0	39	0	38	0
cell489	0	44	46	1	43	0	47	1	55	0	50	0	13	35	53	0	42	0	61	1	46	0	58	2	49	0	46	0	56	0
cell490	0	56	0	44	72	0	57	0	49	0	56	3	49	3	60	1	49	2	31	19	28	14	61	0	57	0	61	0	47	0
cell491	0	43	36	15	45	0	60	0	57	0	41	0	34	22	54	0	47	0	43	0	41	0	44	2	42	1	62	0	63	0
cell492	0	59	2	52	3	46	50	0	18	29	43	0	40	0	53	0	43	3	38	0	65	0	47	0	55	0	51	0	26	13
cell493	0	40	44	0	53	0	50	0	56	0	63	0	52	0	10	60	29	18	46	0	51	1	56	0	40	1	50	0	52	4
cell494	1	47	27	16	54	1	48	0	50	0	44	10	44	9	44	0	53	0	47	0	33	1	44	0	53	0	47	0	49	0
cell495	0	58	37	5	51	0	51	0	43	2	33	0	54	0	8	36	24	22	45	1	53	3	42	1	59	0	57	0	40	1
cell496	0	43	55	5	52	0	56	1	53	2	37	21	41	4	51	0	67	0	61	1	40	0	50	0	43	0	41	2	49	0
cell497	0	54	14	48	52	1	60	0	48	1	22	28	49	9	49	0	52	0	53	0	46	2	49	0	50	0	56	0	48	0
cell498	1	51	18	34	48	0	44	7	45	0	52	1	68	0	45	2	66	0	45	0	49	0	50	0	41	3	53	0	62	0
cell499	0	50	21	24	29	14	62	0	39	15	43	1	48	0	40	0	70	0	56	0	42	2	38	0	41	0	48	0	39	6
cell500	0	43	9	37	54	0	46	2	46	0	48	0	44	0	59	0	46	0	40	11	46	5	55	0	54	3	50	0	59	0
