49 39 49 53 61 46 57 45 47 54 48 63 48 41 51 0
53 50 51 47 62 55 45 41 47 54 59 65 55 54 51 0
52 36 50 42 42 60 34 63 48 48 68 43 55 43 63 0
48 47 45 37 43 49 62 42 43 45 50 55 53 45 68 0
60 43 65 53 53 55 50 46 47 51 67 52 42 54 49 0
50 41 48 43 52 51 70 57 44 49 46 51 57 67 41 0
45 53 54 42 44 56 56 69 59 49 52 58 69 56 38 0
48 43 48 42 54 55 39 31 47 48 39 47 44 49 53 0
66 51 54 31 44 39 47 51 39 39 41 49 68 45 51 0
49 50 53 47 57 55 48 54 49 44 40 53 45 49 40 0
49 41 43 48 55 47 50 47 47 40 56 51 55 47 44 0
51 59 44 44 54 57 41 44 52 52 46 52 48 50 50 0
42 47 59 50 59 51 58 48 63 61 46 54 42 55 59 0
45 56 51 53 58 41 60 57 56 47 57 43 48 54 54 0
58 45 63 44 46 40 54 46 49 50 44 47 44 47 46 0
64 40 54 54 43 60 42 47 44 46 49 37 61 44 53 0
59 43 37 41 50 56 49 37 40 52 53 43 39 45 38 0
49 65 54 51 55 58 56 54 56 37 46 50 43 56 51 0
49 56 53 47 67 49 43 43 44 52 48 53 41 56 49 0
46 56 55 40 40 43 55 41 52 42 54 60 64 44 40 0
51 57 47 58 52 31 54 49 49 37 51 56 64 42 50 0
53 49 44 59 43 32 64 40 59 50 51 57 53 51 52 0
50 41 46 52 54 56 48 60 47 48 36 45 53 41 47 0
58 57 59 44 66 43 55 51 54 61 51 48 48 51 51 0
51 38 47 54 41 47 49 49 46 46 47 38 41 50 53 0
41 35 43 50 57 48 53 59 53 44 51 50 49 50 57 0
48 49 45 49 57 55 48 55 56 41 59 56 50 62 45 0
49 56 44 45 53 65 64 63 59 47 56 50 50 63 54 0
43 44 46 46 46 40 41 40 49 59 45 47 52 49 62 0
43 71 50 51 52 46 38 52 55 47 43 39 45 55 51 0
45 63 41 57 37 46 41 42 50 52 56 54 42 67 53 0
59 46 58 45 47 50 52 41 40 59 66 53 59 52 54 0
46 56 49 53 58 51 52 56 54 57 37 52 54 60 46 0
40 47 45 51 44 57 49 41 49 40 45 39 38 54 66 0
57 43 48 55 56 37 64 54 47 45 56 55 64 53 42 0
44 55 36 43 47 59 50 54 49 64 46 68 41 47 39 0
49 36 54 47 48 39 47 42 51 52 54 48 61 51 49 0
42 44 45 54 66 58 34 55 43 59 55 47 53 45 46 0
55 43 41 41 52 46 59 35 40 52 54 55 50 48 55 0
53 50 48 50 41 61 41 50 54 54 54 54 60 64 50 0
48 42 46 38 38 48 46 53 45 51 61 55 47 41 46 0
51 52 51 56 59 53 52 61 42 44 51 50 56 39 42 0
52 48 54 45 51 59 53 43 52 55 42 55 46 47 39 0
49 51 51 49 51 44 52 55 47 48 61 48 51 42 59 0
40 44 63 42 38 57 53 51 38 49 50 63 35 45 60 0
48 45 52 34 41 57 34 52 39 31 48 52 51 50 33 0
50 44 37 50 50 52 42 56 50 45 45 39 40 51 52 0
49 62 50 53 52 55 65 50 50 53 39 58 43 55 54 0
51 50 43 50 54 44 54 63 43 46 46 55 44 45 50 0
55 46 50 46 45 52 49 55 43 53 55 43 52 52 52 0
39 49 41 54 45 52 46 45 43 46 49 60 50 55 50 0
43 57 39 41 46 52 57 52 42 61 42 51 42 44 49 0
38 37 49 44 51 47 61 50 43 63 52 44 51 48 53 0
43 43 41 38 54 44 58 44 45 59 49 51 43 56 50 0
47 53 45 43 58 59 44 56 48 49 49 53 36 41 56 0
60 32 54 55 49 51 59 47 40 53 55 56 62 46 57 0
50 40 43 49 57 53 37 51 55 50 47 53 47 54 41 0
38 58 41 53 51 40 48 48 50 30 54 40 51 52 45 0
48 55 62 52 42 58 44 62 46 45 48 54 45 50 44 0
62 45 62 39 55 44 59 40 44 70 64 53 49 59 57 0
41 50 47 58 46 64 60 50 54 44 48 52 56 55 57 0
45 68 56 43 57 42 45 51 51 55 47 51 47 60 35 0
53 53 40 59 49 55 57 58 43 36 50 48 46 50 52 0
58 59 60 53 38 53 58 48 46 42 54 54 48 49 33 0
49 35 52 51 45 51 41 46 52 55 49 52 58 44 58 0
60 64 59 42 45 48 47 49 43 48 56 46 44 52 47 0
42 55 55 52 52 55 53 48 52 55 62 44 61 50 46 0
51 55 57 42 52 51 35 48 50 41 55 52 45 58 51 0
47 53 48 55 55 45 49 46 51 49 44 45 50 47 40 0
44 58 41 53 48 58 44 49 57 40 54 46 65 53 63 0
48 41 46 52 52 45 36 57 57 40 50 54 50 46 45 0
59 40 55 52 41 55 50 48 45 46 54 44 55 54 50 0
45 53 56 49 51 63 51 47 47 59 48 46 63 49 46 0
38 55 64 43 44 38 41 46 46 49 53 61 46 58 63 0
59 46 58 50 43 45 58 47 61 43 49 52 56 35 45 0
48 52 37 45 51 55 53 53 47 57 58 50 38 56 42 0
47 54 66 42 33 34 53 48 49 51 54 42 56 50 41 0
44 38 45 55 48 55 46 50 58 43 60 43 46 44 54 0
52 54 48 55 58 42 53 55 48 50 51 55 50 51 57 0
59 55 57 63 41 49 53 50 35 52 56 51 47 60 47 0
58 48 62 51 41 45 45 51 47 50 45 52 54 44 52 0
48 51 36 64 51 57 52 49 37 37 48 47 44 54 57 0
48 44 55 43 51 48 41 58 48 45 49 59 48 58 51 0
54 47 42 58 57 57 42 54 46 50 43 37 50 42 43 0
65 55 56 46 55 66 64 56 41 53 53 53 54 56 56 0
59 47 49 45 41 40 61 43 50 51 59 58 55 58 44 0
57 46 49 50 61 55 48 52 52 58 41 38 40 44 52 0
53 61 50 56 40 37 50 61 41 50 57 54 37 46 50 0
56 50 56 49 49 54 53 53 44 54 35 52 46 53 46 0
50 51 46 54 64 53 40 54 49 49 41 48 47 53 59 0
57 53 61 54 38 43 54 56 51 39 40 40 69 42 54 0
62 54 41 51 55 56 49 50 55 47 60 51 61 64 51 0
41 41 44 48 49 50 54 46 35 50 53 59 66 65 42 0
45 41 54 40 54 42 46 53 52 44 32 51 45 46 34 0
52 50 46 47 56 41 61 63 51 46 56 45 53 54 58 0
49 48 47 61 64 48 47 45 58 51 55 63 54 44 51 0
57 51 43 45 42 44 47 57 59 55 53 45 58 46 45 0
44 52 42 60 50 46 58 46 48 59 43 40 50 52 49 0
44 69 48 46 50 49 44 54 55 44 58 49 48 68 52 0
48 59 54 40 51 49 67 58 41 55 48 45 66 55 42 0
50 40 53 49 50 58 37 61 44 59 49 49 60 47 50 0
49 63 55 57 48 47 56 51 43 45 52 45 41 53 41 0
50 61 46 32 59 53 61 42 46 45 54 53 42 50 48 0
57 48 66 55 54 46 51 46 60 37 62 40 68 46 37 0
52 51 45 53 42 57 39 44 59 56 51 43 48 43 60 0
50 55 38 51 46 50 51 51 46 56 54 47 57 56 52 0
49 53 51 59 60 61 47 52 44 57 47 46 49 51 49 0
48 56 58 54 59 61 48 44 49 54 37 51 64 36 38 0
55 44 53 51 56 56 40 41 54 63 53 58 44 46 45 0
53 57 46 40 46 43 47 52 54 41 33 45 43 50 46 0
54 56 52 63 47 43 57 56 57 49 47 43 49 50 47 0
42 40 57 54 48 49 42 49 59 50 44 54 44 55 64 0
50 57 49 48 53 43 45 48 55 60 69 46 53 62 57 0
61 37 45 59 47 35 39 43 52 49 48 39 39 69 49 0
51 52 64 44 55 50 47 43 48 53 65 39 56 39 56 0
58 50 41 52 39 57 51 70 59 45 51 43 48 49 48 0
43 44 59 43 50 43 45 64 45 40 46 50 56 46 49 0
47 50 54 54 45 45 52 39 52 42 56 58 55 54 54 0
40 44 49 42 40 44 49 57 46 45 47 43 44 58 35 0
46 50 60 46 55 48 44 43 66 52 45 55 57 61 46 0
64 68 42 62 40 47 45 58 51 52 58 45 56 57 65 0
48 45 35 53 63 52 47 51 59 61 53 40 46 59 52 0
54 44 48 52 38 43 51 57 62 53 47 47 44 49 60 0
50 49 47 44 46 38 58 61 53 49 52 44 50 47 48 0
57 48 35 55 52 53 58 40 48 51 41 38 42 44 50 0
38 58 55 70 39 43 35 43 43 42 45 50 51 47 36 0
43 47 53 60 51 62 55 51 55 46 50 45 53 57 38 0
58 46 41 50 45 50 45 50 43 48 41 48 41 46 56 0
38 63 56 52 54 55 51 44 64 53 45 68 61 47 56 0
54 49 52 47 53 56 50 55 45 53 61 55 43 46 42 0
51 48 66 51 42 58 59 44 56 56 38 53 59 57 48 0
41 51 45 52 47 48 51 43 59 43 40 47 44 64 48 0
56 50 56 51 52 44 52 48 48 49 55 49 45 65 59 0
49 32 48 57 45 56 53 57 57 57 46 55 53 41 48 0
45 54 54 56 52 45 55 54 55 60 43 55 42 51 68 0
48 49 47 48 55 53 46 40 60 45 35 51 40 55 47 0
55 43 54 47 48 44 36 43 57 46 52 45 48 49 49 0
55 36 49 44 44 54 51 41 43 52 58 43 43 50 39 0
56 54 31 40 51 49 63 48 54 43 56 50 60 42 58 0
63 48 48 56 51 41 46 60 59 61 49 40 47 49 41 0
56 47 54 57 42 50 57 49 51 50 50 46 43 49 64 0
45 45 60 46 51 49 49 53 56 48 49 51 44 49 55 0
41 47 47 48 51 47 32 41 62 34 55 55 41 48 45 0
45 39 56 57 49 52 54 55 51 59 38 43 58 58 39 0
45 45 48 53 55 56 55 53 49 46 57 52 56 59 40 0
29 34 50 47 55 62 49 52 49 59 68 63 52 63 51 0
49 29 46 55 60 60 45 46 53 53 46 55 50 48 52 0
47 42 54 57 51 51 44 58 45 46 49 43 51 43 49 0
46 44 58 50 45 65 54 52 62 57 36 48 37 50 43 0
51 41 54 47 54 54 48 52 46 44 50 45 49 50 65 0
60 58 42 64 47 53 56 55 52 49 41 48 58 54 56 0
50 49 56 45 43 47 54 37 46 57 39 56 60 47 37 0
57 55 57 44 49 43 42 46 44 49 42 56 48 60 43 0
53 49 57 44 47 45 57 53 45 60 52 47 51 51 48 0
60 59 46 59 48 52 47 61 52 56 66 61 60 56 40 0
55 51 48 48 48 52 48 54 49 45 48 63 46 48 50 0
49 49 47 56 56 52 54 59 51 48 58 54 45 45 44 0
46 59 37 48 44 38 45 64 57 37 58 58 31 52 49 0
44 45 42 36 56 56 49 62 63 42 54 60 42 45 50 0
54 37 60 68 59 47 64 50 51 55 44 47 57 53 52 0
60 58 42 47 50 46 60 50 62 51 38 36 45 51 60 0
59 55 60 39 57 49 47 48 54 51 58 54 52 45 52 0
44 52 53 41 40 59 34 46 53 64 50 59 43 48 58 0
39 47 52 47 50 41 52 53 51 51 49 51 49 58 49 0
57 50 44 42 55 38 51 43 44 46 47 44 50 50 42 0
64 54 54 63 46 48 40 45 52 47 59 54 41 47 43 0
44 54 56 48 54 54 64 37 57 46 43 45 53 46 65 0
53 47 54 56 45 53 43 39 47 42 63 50 46 62 50 0
52 43 59 43 48 45 52 49 45 48 50 54 43 38 46 0
58 58 63 52 54 47 47 69 61 42 54 52 50 42 53 0
50 58 46 55 51 64 61 40 51 60 64 56 53 50 49 0
47 47 50 45 67 40 51 52 49 50 42 58 51 62 47 0
50 64 41 51 44 51 50 49 47 41 48 37 36 57 50 0
55 51 43 59 56 51 46 49 47 49 53 44 37 48 55 0
52 52 41 58 53 60 52 59 61 46 51 46 47 58 50 0
36 48 33 58 52 55 45 47 48 56 48 49 48 65 50 0
51 48 49 57 54 39 58 52 42 55 55 59 52 61 60 0
63 57 50 40 56 41 45 51 49 54 69 52 42 58 51 0
58 42 50 47 60 54 41 50 44 43 59 37 43 58 52 0
44 55 44 34 53 45 49 43 47 45 54 38 51 53 54 0
39 47 58 41 50 54 59 46 50 45 52 44 47 45 56 0
53 46 49 46 47 50 59 53 41 51 54 47 42 48 53 0
53 48 38 50 37 56 53 66 41 46 53 55 43 56 40 0
54 50 47 46 56 61 51 49 53 48 58 42 52 46 54 0
52 53 38 48 44 56 50 51 44 38 53 62 69 47 43 0
47 57 38 45 51 53 36 55 44 53 58 44 46 46 52 0
47 60 50 68 59 53 46 41 40 51 50 51 48 57 46 0
45 49 49 48 62 43 65 50 53 49 50 47 52 51 48 0
49 52 49 41 51 60 38 50 49 52 58 41 35 47 51 0
39 46 61 61 54 47 38 55 37 43 60 47 56 54 50 0
43 43 58 49 44 54 51 62 50 51 49 38 43 40 60 0
43 54 44 46 35 35 49 48 52 45 38 50 41 45 64 0
46 34 61 55 58 46 49 45 50 44 43 50 42 62 58 0
59 54 42 56 34 56 38 60 55 69 39 52 49 51 46 0
46 57 56 51 54 43 61 56 57 45 49 31 52 49 68 0
42 47 54 44 61 43 56 38 54 52 51 50 45 46 42 0
57 50 45 38 43 47 45 46 49 52 53 50 49 49 38 0
59 50 60 52 50 47 72 55 44 62 53 63 54 52 48 0
47 48 54 48 49 56 50 38 48 51 45 47 51 52 60 0
57 50 56 39 55 50 51 54 56 44 46 46 51 51 51 0
59 46 53 49 55 49 51 57 50 49 52 49 43 51 46 0
52 45 51 55 46 45 41 61 56 38 42 34 59 46 51 0
45 48 53 51 55 48 45 52 48 60 53 57 54 60 47 0
56 56 46 49 44 56 48 56 52 53 49 66 43 51 41 0
38 52 44 65 41 57 42 41 55 51 59 51 59 54 44 0
45 39 42 47 51 40 43 49 53 51 40 45 41 42 38 0
54 66 45 57 49 59 54 52 44 38 49 60 57 53 43 0
49 47 60 58 46 67 49 53 51 54 46 46 51 56 51 0
43 55 55 45 35 66 45 53 53 50 53 52 48 54 43 0
55 54 52 47 48 51 47 43 41 43 48 51 47 50 38 0
44 45 55 51 60 57 44 61 45 58 56 48 60 48 59 0
58 56 46 40 60 57 60 57 46 43 55 56 55 53 52 0
40 54 39 52 55 64 54 51 57 43 61 45 52 49 55 0
48 52 64 42 50 41 54 48 55 44 52 53 31 41 54 0
53 47 46 52 44 45 52 48 67 56 50 53 47 46 42 0
55 46 55 59 54 49 48 48 48 36 64 55 57 36 57 0
56 52 47 36 40 54 53 51 57 54 47 41 50 49 45 0
57 52 54 41 60 56 36 43 54 37 46 42 41 37 37 0
58 60 50 43 38 48 46 48 48 52 50 54 48 42 64 0
46 54 38 56 50 61 61 50 50 42 36 52 49 48 50 0
63 38 48 56 43 55 58 48 43 48 51 51 52 41 53 0
50 46 61 48 58 45 43 70 49 54 56 63 52 54 48 0
54 53 41 50 56 38 51 58 44 48 48 54 50 55 52 0
58 59 48 48 52 53 58 52 59 47 40 42 48 55 50 0
40 34 48 48 55 50 55 48 55 40 45 44 53 55 53 0
56 62 46 45 49 55 41 43 48 49 46 42 54 47 68 0
66 62 39 46 53 52 45 52 54 52 55 57 56 58 55 0
50 43 43 45 54 55 61 42 58 58 48 51 52 55 63 0
48 43 48 48 48 52 55 41 47 59 56 51 51 48 56 0
49 52 61 58 59 32 41 66 46 39 47 53 47 54 59 0
48 51 56 46 41 51 53 50 51 58 38 44 57 41 56 0
49 52 45 58 56 41 52 54 52 53 49 62 45 53 49 0
55 59 49 68 46 54 45 54 51 34 47 50 47 44 51 0
52 61 60 37 48 47 46 67 58 55 49 36 46 60 56 0
40 56 54 46 48 44 46 49 49 63 50 53 54 59 51 0
56 53 39 60 55 50 61 42 44 48 54 44 52 52 64 0
49 50 47 47 51 45 63 57 60 56 44 44 46 62 37 0
49 58 57 50 55 60 50 48 43 44 42 42 46 58 55 0
48 53 46 45 53 31 37 55 56 52 56 65 39 42 68 0
51 54 49 55 44 52 50 58 59 42 49 59 44 41 50 0
44 58 44 40 45 41 54 52 54 52 41 56 45 47 45 0
46 55 44 43 53 46 45 43 47 43 51 56 57 41 49 0
54 48 58 52 43 47 50 54 54 61 54 58 45 49 49 0
42 51 46 47 36 55 42 52 58 52 47 59 49 57 51 0
61 33 58 53 55 42 36 39 53 50 54 54 43 33 43 0
41 53 49 38 53 40 57 51 61 36 53 63 52 53 45 0
58 43 52 50 47 51 47 45 47 48 60 46 55 55 43 0
41 52 55 53 50 36 50 53 59 65 46 60 50 54 52 0
46 53 44 57 60 44 46 53 47 49 53 61 46 52 56 0
50 47 51 52 46 46 41 57 54 48 43 56 64 41 43 0
54 54 51 50 52 53 59 44 44 36 40 45 45 62 54 0
43 41 61 58 39 46 52 40 43 44 45 56 50 51 43 0
56 49 55 55 51 55 59 50 57 48 54 45 43 55 38 0
47 57 49 52 48 51 47 40 46 45 52 55 45 55 55 0
52 46 57 42 64 49 66 57 62 48 45 58 56 53 44 0
45 47 54 49 52 41 44 47 50 46 65 61 51 53 41 0
42 50 57 56 55 57 43 54 42 45 49 57 44 56 47 0
35 56 59 53 56 55 54 47 47 50 50 37 58 61 44 0
62 45 52 59 47 50 47 54 53 48 49 56 51 54 57 0
43 44 58 54 58 46 43 51 41 52 55 55 46 51 42 0
46 47 49 57 53 49 64 40 55 55 56 57 66 46 56 0
62 52 56 52 55 49 52 49 43 50 43 47 43 52 38 0
56 55 52 47 50 49 43 49 56 44 54 62 55 41 66 0
42 46 53 44 53 53 43 49 52 53 40 61 59 47 62 0
51 47 56 64 51 51 53 44 48 52 56 51 45 51 55 0
50 59 66 49 46 51 59 44 50 44 45 54 58 53 49 0
53 51 64 72 54 53 56 37 48 55 51 53 52 37 55 0
50 56 46 51 47 44 38 57 41 48 40 47 39 45 55 0
47 61 48 69 40 45 50 42 52 46 59 55 42 57 46 0
44 42 46 54 38 50 40 52 55 52 59 43 54 43 46 0
44 66 55 44 51 65 49 47 55 52 51 57 61 54 45 0
57 40 54 56 39 38 51 32 49 69 44 46 47 50 42 0
44 44 48 49 44 55 46 38 60 51 70 45 55 44 35 0
56 48 49 48 54 37 58 51 49 46 55 42 51 61 48 0
54 51 55 49 55 38 40 46 41 46 53 53 36 61 57 0
45 65 39 55 45 51 56 47 57 56 49 35 49 60 68 0
49 58 62 44 41 49 60 48 57 47 51 50 46 57 34 0
46 43 51 50 53 54 38 33 40 56 57 42 46 54 50 0
63 57 50 49 43 43 51 59 55 52 52 62 61 39 53 0
48 46 57 52 55 49 47 41 46 39 48 36 56 49 46 0
48 35 56 43 50 38 50 54 59 47 46 66 47 52 51 0
39 42 45 47 58 61 56 58 59 45 57 41 48 42 42 0
58 55 44 54 43 49 47 49 48 51 50 50 50 58 60 0
51 46 69 56 39 73 65 48 33 48 52 49 48 54 50 0
44 49 53 41 45 44 48 45 49 54 51 49 54 53 54 0
47 44 46 45 46 53 49 52 42 56 40 57 42 50 50 0
45 52 54 40 58 48 45 43 52 47 50 40 49 52 58 0
49 59 51 49 47 56 55 51 56 53 53 52 53 46 51 0
50 58 44 45 52 40 49 51 43 50 49 47 53 43 58 0
59 60 57 44 37 48 51 39 57 45 52 59 42 52 47 0
54 54 54 40 53 53 50 54 38 57 48 66 46 40 44 0
54 43 60 44 46 55 42 40 53 57 60 30 48 55 43 0
64 44 46 53 55 49 46 36 57 53 48 54 60 33 56 0
61 56 54 53 48 37 50 56 40 41 60 50 54 41 46 0
49 49 52 54 41 58 41 49 53 40 54 49 53 44 45 0
48 42 55 48 58 50 54 40 50 48 46 43 45 45 36 0
53 50 45 42 58 53 47 48 45 53 56 46 50 40 51 0
55 49 57 41 51 57 45 44 40 46 48 53 48 54 43 0
51 56 51 49 56 58 44 40 55 46 43 67 52 42 53 0
46 48 41 43 49 53 51 51 52 47 55 57 50 53 43 0
53 42 49 44 55 65 43 53 41 53 47 52 49 60 35 0
48 51 50 45 46 35 56 51 43 46 52 38 43 51 50 0
49 50 46 40 52 52 66 48 54 65 54 48 53 60 41 0
55 57 47 42 46 52 52 44 51 48 47 45 44 58 44 0
35 45 38 45 56 54 57 47 51 44 55 48 55 50 48 0
57 57 51 47 47 52 56 59 49 43 62 60 47 54 52 0
55 51 38 51 50 38 49 46 48 51 56 60 43 58 49 0
50 51 40 53 46 56 60 42 55 52 41 58 36 52 47 0
48 55 49 53 49 43 40 47 48 54 61 38 45 49 55 0
41 60 48 41 51 48 53 56 43 55 51 38 42 53 52 0
42 41 47 43 56 64 52 46 51 49 36 50 43 54 49 0
46 48 55 54 38 44 62 49 36 55 55 60 38 47 51 0
47 54 45 46 36 49 59 36 54 46 39 52 45 55 42 0
35 55 53 37 43 41 57 43 51 53 40 53 57 49 53 0
54 47 51 49 56 47 47 46 52 45 57 49 47 48 42 0
66 49 38 49 52 44 41 54 63 40 57 59 48 52 40 0
44 57 46 41 57 56 47 44 58 47 49 39 53 38 45 0
44 48 42 68 51 45 42 46 53 45 47 46 65 39 47 0
63 59 53 51 41 64 65 46 61 46 45 45 52 53 47 0
48 44 44 43 43 50 52 41 56 48 58 50 49 47 45 0
59 55 57 45 48 39 54 46 55 52 38 46 59 63 55 0
43 59 39 53 54 61 45 54 39 29 47 46 53 41 41 0
54 59 49 47 68 54 45 43 46 43 51 47 45 52 42 0
70 54 49 58 55 41 45 50 60 45 57 46 54 54 49 0
44 49 55 65 56 49 57 34 58 51 52 49 54 60 62 0
41 57 33 58 57 56 47 34 46 44 39 38 46 46 53 0
53 53 46 46 50 50 57 41 40 56 53 52 47 45 56 0
44 48 49 36 48 47 49 44 52 57 54 42 41 43 55 0
50 47 51 60 43 48 61 49 42 51 47 63 54 58 49 0
55 54 41 59 51 48 56 50 47 61 48 47 45 58 58 0
50 41 53 47 53 56 63 49 48 35 62 48 51 41 44 0
45 55 48 47 56 64 47 52 51 50 44 58 48 53 36 0
54 57 45 60 53 51 48 53 50 58 46 46 47 43 49 0
53 59 37 57 54 47 50 38 43 49 51 55 47 40 55 0
47 58 53 41 51 44 46 42 52 55 45 48 50 42 42 0
48 45 54 51 36 55 55 45 44 59 63 50 53 35 56 0
46 56 56 41 60 51 46 41 52 54 52 44 49 52 52 0
37 44 57 41 65 49 48 49 47 45 51 47 48 53 61 0
56 49 50 57 56 45 62 54 45 47 58 48 55 46 60 0
58 45 46 47 45 50 64 47 55 47 53 50 49 59 57 0
47 42 38 45 41 45 50 42 45 50 59 42 47 47 48 0
45 57 46 41 42 54 41 55 48 52 48 42 56 63 43 0
42 58 42 50 46 46 50 58 65 48 46 48 47 68 54 0
62 56 43 50 57 49 52 51 50 40 56 43 55 48 45 0
49 42 47 52 48 52 50 40 49 52 51 39 53 46 60 0
45 48 64 53 44 54 43 38 45 44 56 46 59 47 49 0
65 55 62 47 44 46 55 63 55 34 50 60 62 51 49 0
55 41 63 46 51 50 40 48 46 40 61 43 46 45 66 0
53 48 49 46 63 50 47 58 59 46 41 56 51 39 44 0
46 53 64 27 46 49 55 54 53 64 47 48 45 61 48 0
57 69 51 44 48 53 50 48 53 40 62 54 65 47 50 0
51 49 62 47 51 66 53 44 47 35 53 50 43 33 53 0
64 46 37 57 55 73 53 40 56 48 47 45 39 51 38 0
49 53 54 65 59 48 45 47 49 60 50 46 49 53 47 0
50 42 51 57 60 47 43 62 47 56 46 53 52 44 48 0
52 55 58 46 61 46 63 46 54 63 57 60 49 35 55 0
48 56 68 52 55 62 55 59 39 39 45 54 51 47 51 0
40 55 43 46 38 41 61 39 55 40 45 45 43 48 44 0
48 56 49 63 63 56 55 51 45 35 46 63 40 45 43 0
53 45 60 54 51 61 56 46 44 45 49 54 49 57 47 0
47 50 46 55 42 54 47 50 42 54 53 44 38 53 50 0
45 48 51 51 45 49 48 53 44 62 55 61 40 40 58 0
59 47 47 63 50 51 59 54 48 54 60 39 56 46 55 0
47 59 58 54 58 47 44 52 50 47 46 41 50 53 50 0
54 47 41 46 49 46 49 47 53 57 47 54 56 45 41 0
52 47 56 52 40 48 54 43 48 47 58 51 45 46 38 0
50 42 50 59 45 55 59 56 42 59 54 45 57 58 55 0
41 51 59 51 39 41 54 59 53 47 50 40 39 55 46 0
44 56 45 39 51 51 54 70 51 62 51 48 54 43 68 0
55 49 48 38 42 48 51 49 46 48 47 55 44 58 49 0
40 45 52 69 40 58 45 60 54 60 52 42 47 40 54 0
45 38 49 47 40 48 51 46 53 55 54 55 53 55 56 0
52 57 39 51 58 50 59 52 50 46 51 50 57 40 59 0
56 59 45 59 64 50 49 47 49 57 53 49 52 50 49 0
51 54 63 40 43 37 56 45 55 41 51 49 45 57 51 0
50 57 53 40 52 48 48 49 58 61 51 46 62 60 38 0
61 37 51 33 53 47 58 48 54 56 47 45 52 46 46 0
54 53 59 56 53 59 64 40 36 41 47 49 39 42 51 0
39 53 51 44 64 44 40 55 70 46 64 48 55 41 58 0
58 50 46 58 44 57 51 47 50 51 54 47 43 52 42 0
42 45 43 45 49 58 47 54 36 47 40 38 61 58 42 0
48 48 61 43 63 51 56 44 59 54 37 48 58 52 56 0
43 45 49 47 47 62 45 55 57 48 53 43 48 47 52 0
40 56 63 45 47 55 44 40 55 35 48 55 49 48 57 0
40 56 50 50 56 50 43 61 46 55 59 55 49 45 51 0
55 48 51 52 39 43 64 46 75 48 51 55 39 47 63 0
48 54 57 61 53 54 39 52 41 52 44 47 51 56 51 0
52 50 43 45 57 59 54 50 46 42 54 58 42 51 56 0
62 44 43 52 43 42 50 38 51 31 57 53 53 49 68 0
41 41 54 46 60 60 37 59 51 49 49 55 57 44 46 0
53 41 48 63 55 46 54 43 51 50 55 45 55 44 63 0
45 41 45 50 32 56 47 46 53 34 44 55 56 54 67 0
57 50 39 49 43 51 45 44 47 51 61 44 58 47 69 0
50 61 53 54 43 55 60 50 55 43 41 47 55 48 59 0
53 62 44 58 43 47 55 45 40 52 43 40 52 52 42 0
37 55 52 57 60 49 66 47 45 53 62 29 54 50 54 0
55 65 52 57 44 55 50 46 46 42 43 43 40 56 53 0
46 54 49 53 47 43 44 52 39 53 57 59 47 56 60 0
37 48 58 54 66 45 50 44 47 49 57 63 58 48 49 0
43 48 39 36 47 57 54 53 46 47 53 46 62 59 62 0
40 51 60 55 53 64 46 51 46 51 52 48 57 59 64 0
48 43 56 53 51 46 54 42 33 59 58 54 47 53 45 0
46 42 46 43 42 34 60 41 47 47 54 57 49 41 49 0
54 51 47 55 36 47 49 42 56 52 50 62 45 49 59 0
43 51 40 53 51 40 47 48 63 60 39 38 49 34 42 0
48 47 45 51 48 47 49 56 48 68 47 42 58 46 52 0
54 42 48 41 61 59 51 48 49 45 48 60 61 53 55 0
50 52 47 40 46 56 40 46 56 53 52 48 40 53 35 0
53 41 42 58 46 55 48 49 43 52 40 54 62 42 42 0
43 49 49 53 56 37 49 52 63 50 50 49 55 49 59 0
48 49 62 49 50 46 52 68 50 45 60 41 45 54 47 0
46 47 58 56 70 53 53 49 49 46 45 51 52 50 60 0
48 45 60 54 49 54 49 44 55 50 50 54 58 62 51 0
52 59 62 36 47 65 43 51 50 49 56 55 42 47 40 0
54 56 45 52 58 49 43 46 59 48 50 46 50 51 42 0
50 47 54 52 44 46 49 52 48 35 48 54 47 54 58 0
51 51 43 55 44 48 49 41 47 43 47 52 48 59 49 0
43 56 50 38 52 44 52 50 52 64 50 53 52 48 50 0
52 56 58 59 58 55 48 50 44 42 55 51 59 48 44 0
59 40 35 48 51 54 55 50 47 56 43 57 56 46 49 0
41 47 44 48 41 57 40 48 54 52 49 50 53 43 50 0
48 60 48 60 54 46 61 33 60 50 51 50 39 36 50 0
49 53 36 47 57 42 51 47 46 54 42 43 41 36 40 0
59 62 47 47 53 61 44 51 57 56 51 49 42 42 55 0
51 32 54 50 54 44 48 43 43 48 63 45 56 59 41 0
42 61 53 52 51 47 44 57 50 46 45 36 48 55 62 0
51 57 40 48 39 64 39 48 58 54 55 35 60 43 38 0
54 39 58 51 51 48 35 60 36 49 53 42 53 49 61 0
59 41 44 55 42 56 53 55 45 44 55 53 52 46 42 0
54 52 46 50 54 52 45 50 51 57 54 65 51 62 43 0
49 44 46 42 45 51 50 40 53 65 55 60 53 46 58 0
52 46 59 51 46 54 61 48 43 59 53 55 29 45 41 0
60 46 61 51 55 41 53 50 49 40 52 44 47 45 47 0
41 49 46 45 55 48 48 44 33 55 59 45 41 56 37 0
58 52 51 57 43 53 52 38 67 51 51 52 54 58 48 0
51 60 54 47 58 55 50 46 43 59 55 51 47 45 54 0
47 46 58 44 40 46 50 63 55 50 44 38 56 37 57 0
56 41 48 41 55 42 47 51 42 49 63 46 45 42 54 0
53 54 45 52 45 52 44 43 54 59 55 44 59 52 51 0
46 49 60 49 49 61 40 57 58 56 48 45 71 46 45 0
45 56 67 47 47 49 34 43 48 62 46 44 57 65 60 0
55 47 63 41 52 54 74 62 42 35 52 41 63 55 42 0
49 63 53 43 39 66 50 44 54 55 39 37 48 47 45 0
52 40 49 45 57 50 60 46 70 61 62 44 54 53 49 0
44 44 56 52 53 57 50 59 53 37 56 44 56 43 53 0
41 46 52 49 54 48 52 43 49 46 58 43 38 50 56 0
58 66 58 44 58 66 54 41 35 48 44 54 53 56 46 0
61 55 51 49 57 51 48 44 44 51 40 36 46 41 51 0
47 47 43 45 47 45 52 49 49 47 45 53 62 47 52 0
51 36 61 61 53 37 52 47 51 62 61 52 39 55 42 0
55 60 49 60 48 60 52 33 48 48 44 43 43 53 53 0
36 60 53 55 48 57 50 59 52 46 46 64 57 56 39 0
53 50 41 61 43 46 43 54 44 53 47 70 50 42 53 0
43 51 46 52 61 56 51 52 49 42 42 58 37 48 43 0
55 41 49 51 45 57 49 57 61 47 44 47 37 59 51 0
61 51 45 43 53 44 39 45 56 49 52 41 47 37 44 0
53 50 58 59 46 52 46 59 47 46 50 64 52 42 60 0
42 52 43 54 58 61 57 50 58 53 46 52 52 50 48 0
61 43 51 62 42 43 47 50 57 53 53 66 62 54 44 0
49 58 51 40 41 50 48 45 53 48 45 50 58 46 49 0
52 37 50 45 48 56 54 46 54 51 49 47 48 62 53 0
60 45 36 53 58 48 46 40 53 42 58 59 52 48 46 0
54 52 34 44 64 50 46 53 60 48 39 47 47 45 70 0
52 45 52 45 55 62 37 39 66 43 61 52 66 50 49 0
52 57 52 54 55 54 58 60 47 51 47 42 53 55 38 0
54 43 41 48 51 41 50 45 45 42 58 47 52 52 48 0
69 45 49 62 51 50 51 40 47 49 64 49 57 52 43 0
42 48 49 37 56 42 44 45 71 52 76 47 54 52 55 0
76 55 54 62 35 45 39 42 52 45 48 52 48 54 41 0
50 49 52 48 43 45 53 52 46 60 30 50 60 44 45 0
42 51 58 52 48 72 43 44 49 71 42 61 48 50 46 0
49 49 51 61 47 49 54 51 45 48 36 52 58 52 42 0
61 46 51 62 65 61 63 57 54 42 36 53 63 39 49 0
37 51 46 49 58 44 53 48 41 49 59 55 64 50 51 0
41 49 62 51 52 46 52 44 45 52 50 47 53 46 46 0
54 50 46 46 46 62 54 44 45 52 42 43 39 37 37 0
50 58 50 45 58 46 44 49 51 42 54 50 60 44 50 0
46 55 58 59 44 43 49 59 47 55 47 42 46 33 52 0
45 64 45 56 44 55 64 62 48 57 48 49 42 52 51 0
47 50 52 53 48 50 54 41 54 57 44 47 50 56 45 0
35 60 54 54 48 43 52 61 49 51 49 54 44 55 55 0
56 67 60 52 42 58 49 43 51 61 57 47 48 45 57 0
62 51 48 48 52 54 44 52 47 51 59 49 50 56 50 0
45 51 51 57 54 53 61 48 50 49 61 55 44 51 43 0
46 55 44 49 53 50 44 57 63 55 45 43 46 47 61 0
46 49 46 54 47 58 55 58 63 43 56 51 49 54 52 0
31 46 49 62 54 52 50 38 46 51 41 44 54 51 53 0
52 47 48 51 52 60 59 54 45 51 52 43 61 39 38 0
44 47 43 48 55 50 48 53 42 62 46 60 49 46 56 0
56 44 72 57 49 59 52 61 51 50 42 61 57 61 47 0
43 51 45 60 57 41 56 54 47 43 41 46 43 62 63 0
59 54 49 50 47 43 40 53 46 38 65 47 55 51 39 0
40 44 53 50 56 63 52 70 47 46 52 56 41 50 56 0
48 43 55 48 50 54 53 44 53 47 34 44 53 47 49 0
58 42 51 51 45 33 54 44 46 46 56 43 59 57 41 0
43 60 52 57 55 58 45 51 67 62 40 50 43 43 49 0
54 62 53 60 49 50 58 49 52 53 48 49 50 56 48 0
52 52 48 51 45 53 68 47 66 45 49 50 44 53 62 0
50 45 43 62 54 44 48 40 70 56 44 38 41 48 45 0
43 46 54 48 46 48 44 59 46 51 51 55 57 50 59 0
