48 21 21 2 0 0 0 0 0 0 4 0 0 0 1 0
52 31 0 0 0 1 2 0 1 0 0 0 0 0 0 0
52 20 0 0 0 0 0 19 6 0 0 0 0 0 0 0
46 29 1 1 1 0 0 1 0 23 2 0 0 0 12 0
60 14 0 0 0 1 0 0 0 7 0 1 0 0 1 0
50 11 0 0 1 0 2 16 2 0 0 0 0 1 0 0
45 21 0 9 0 0 19 0 0 1 0 0 0 0 0 0
48 40 0 0 0 6 0 0 1 31 2 0 10 0 17 0
66 23 0 7 0 0 0 0 0 0 0 0 0 0 0 0
49 1 0 0 2 0 0 34 10 0 0 0 0 18 0 0
49 4 3 0 0 0 27 0 0 3 0 0 0 0 0 0
51 4 0 5 0 5 1 33 9 9 0 0 0 0 0 0
42 18 0 0 0 0 0 12 0 0 1 0 0 0 0 0
43 22 1 1 2 0 0 9 0 0 0 0 1 0 0 0
57 44 1 0 0 0 0 0 0 48 2 0 0 0 0 0
64 28 0 0 0 18 20 1 0 1 0 0 0 0 5 0
58 36 0 0 0 0 0 0 8 24 0 0 0 0 0 0
43 47 0 0 0 0 0 21 4 0 0 0 1 0 0 0
49 5 0 0 0 0 0 21 0 0 0 5 0 0 0 0
46 10 0 0 3 0 0 27 20 0 1 0 5 0 0 0
51 43 0 0 0 2 0 0 0 14 1 0 2 0 1 0
53 33 0 4 2 0 0 0 0 0 1 0 0 0 0 0
50 38 15 0 0 5 0 1 0 0 0 0 0 0 1 0
58 57 33 0 5 0 0 2 0 1 0 0 1 0 0 0
51 13 0 0 1 0 0 19 7 0 0 4 0 22 0 0
41 17 0 0 0 0 0 45 0 0 0 0 0 0 0 0
48 47 0 0 0 0 0 0 0 0 0 0 0 0 1 0
49 42 0 0 0 0 0 0 0 35 0 0 0 0 0 0
43 21 0 0 0 0 0 0 2 13 3 0 0 2 0 0
43 60 0 0 0 0 0 0 0 41 17 0 9 0 0 0
45 28 0 1 0 1 32 0 0 4 0 34 0 0 0 0
53 18 0 5 1 0 25 0 0 0 0 0 0 0 0 0
46 29 0 0 0 2 11 0 0 0 0 0 5 0 0 0
40 0 1 0 0 0 0 0 1 0 0 0 0 0 0 0
57 17 0 0 0 7 1 0 0 9 0 0 0 1 0 0
43 32 6 0 0 1 14 1 0 8 0 0 0 0 1 0
49 12 0 4 0 1 0 12 2 0 0 0 4 0 1 0
42 22 0 0 1 0 0 1 0 31 0 0 2 0 0 0
55 3 0 0 0 0 0 34 0 0 0 0 0 2 0 0
53 26 36 0 20 0 1 0 0 0 0 0 2 0 2 0
48 7 7 0 0 0 18 0 0 1 0 5 0 0 0 0
51 52 43 0 21 0 0 2 0 0 0 0 0 0 0 0
52 10 1 0 0 0 1 21 17 1 0 0 1 0 1 0
49 32 0 0 0 0 6 1 0 21 16 10 5 0 0 0
40 27 0 3 2 0 15 0 0 3 0 0 0 1 3 0
48 43 0 0 2 5 0 0 0 5 0 0 0 0 0 0
50 20 13 0 0 0 1 0 0 2 0 8 1 0 0 0
49 1 0 0 3 0 0 47 12 0 0 0 0 15 0 0
50 15 1 33 0 2 1 0 0 1 0 0 0 0 1 0
55 35 29 0 1 3 0 0 0 0 0 0 0 0 3 0
39 36 33 8 2 0 0 1 0 0 2 0 0 0 0 0
43 34 0 2 0 0 1 0 2 27 1 0 6 2 0 0
38 8 0 1 1 0 3 15 0 0 0 0 0 0 0 0
43 2 0 0 0 0 0 0 2 4 0 0 1 0 0 0
47 45 0 0 0 0 1 0 1 23 14 0 0 0 0 0
60 26 0 0 0 0 0 0 0 32 5 1 0 0 0 0
50 12 0 0 4 0 0 22 5 0 0 0 0 2 0 0
38 56 0 2 4 0 2 0 0 1 0 4 0 0 0 0
48 10 0 0 0 0 23 0 0 0 0 0 1 0 2 0
62 45 14 0 0 0 0 0 1 0 0 0 0 0 0 0
41 19 0 0 0 0 0 37 27 6 0 0 1 6 0 0
44 60 34 0 18 0 0 0 2 1 0 0 0 0 5 0
53 4 0 0 0 3 15 0 0 0 0 0 0 0 0 0
58 35 0 0 2 0 0 22 0 1 1 2 0 0 0 0
49 20 27 0 27 0 0 0 0 0 0 0 1 0 21 0
58 0 0 0 0 0 0 0 0 0 0 0 0 0 0 0
42 0 4 1 0 0 1 47 11 8 0 0 0 17 0 0
47 44 0 4 1 10 1 0 0 0 0 0 0 0 0 0
47 9 0 3 0 0 0 7 14 0 0 0 1 6 0 0
44 48 0 0 0 0 0 0 0 34 8 0 9 0 6 0
48 29 0 1 0 0 0 0 0 9 6 0 7 0 0 0
59 24 0 0 1 0 0 0 0 38 17 0 2 0 0 0
45 49 13 2 28 0 0 0 0 1 0 1 0 0 7 0
38 34 0 0 0 2 0 0 0 0 0 3 0 0 2 0
56 16 0 0 0 0 52 0 0 0 7 22 0 0 0 0
48 39 0 1 0 0 0 0 0 27 3 0 0 0 0 0
46 46 38 0 15 1 0 0 0 0 1 0 0 0 16 0
44 34 0 1 0 0 0 0 0 30 19 0 0 0 2 0
52 9 0 0 0 0 0 0 0 2 0 1 2 1 0 0
59 24 0 0 0 0 0 20 2 0 0 0 0 6 0 0
57 28 0 0 0 1 2 20 0 0 0 0 2 1 0 0
46 47 27 4 10 0 0 0 0 1 0 0 0 0 5 0
48 18 7 0 0 0 0 0 0 7 0 0 0 0 0 0
53 23 0 2 2 0 0 0 0 2 0 0 1 0 0 0
65 48 0 0 2 6 0 3 0 25 6 1 15 3 0 0
59 6 2 4 0 0 1 22 0 0 0 0 0 0 0 0
57 13 0 0 2 0 0 35 3 0 0 0 0 10 1 0
53 61 41 0 18 0 1 0 0 0 0 0 0 0 5 0
56 16 1 0 3 0 0 19 0 0 0 0 2 0 1 0
50 8 2 0 0 0 1 17 3 0 0 0 0 21 0 0
57 5 0 0 0 2 0 33 5 0 1 0 0 6 0 0
61 26 0 1 1 0 0 0 0 12 20 0 14 0 0 0
41 12 0 4 0 0 6 38 27 4 0 7 6 0 0 0
45 18 2 0 8 0 0 1 0 0 0 0 0 0 0 0
52 3 0 2 0 0 2 46 23 0 0 0 0 0 2 0
49 14 0 0 0 0 0 14 0 0 0 0 0 0 1 0
55 6 0 1 0 0 0 27 0 0 0 6 0 0 1 0
38 20 27 0 23 0 0 0 0 2 0 0 0 0 0 0
44 36 0 2 0 0 0 0 3 30 5 9 4 0 0 0
48 0 0 0 0 0 0 0 1 0 0 0 0 0 0 0
50 21 0 0 1 0 0 0 2 34 12 0 5 0 0 0
49 0 0 0 1 0 1 0 2 2 0 1 0 0 0 0
46 3 0 0 0 0 23 0 0 2 8 0 1 1 0 0
57 28 2 0 0 0 1 18 20 0 0 0 0 4 0 0
52 0 1 0 1 0 0 0 1 0 0 3 0 0 0 0
50 15 0 0 0 0 18 0 2 0 5 8 0 0 0 0
49 53 0 0 0 11 0 0 0 27 18 0 12 1 0 0
48 12 0 0 1 6 23 0 0 0 0 0 1 0 0 0
55 11 0 0 0 0 0 29 3 0 1 0 0 16 1 0
52 48 31 0 36 0 0 0 0 2 0 0 0 0 29 0
54 44 43 3 3 0 0 6 2 0 0 0 1 0 6 0
42 35 0 2 1 0 0 0 1 31 22 0 6 1 0 0
50 5 0 0 0 0 0 0 3 1 0 0 0 0 2 0
61 32 11 0 13 1 0 3 0 1 0 0 0 0 0 0
49 40 2 0 0 1 0 0 0 25 10 0 21 0 0 0
58 37 0 0 0 29 2 0 0 0 0 7 0 2 0 0
43 27 0 0 0 0 0 1 0 12 0 0 3 0 0 0
46 24 25 0 5 0 0 2 0 0 1 0 0 0 0 0
40 44 34 0 24 0 0 0 0 3 0 0 0 0 8 0
46 45 6 0 0 0 1 1 0 42 11 0 9 0 4 0
64 42 13 6 3 1 0 0 1 0 0 0 0 0 0 0
47 39 0 0 0 0 1 0 2 44 23 0 6 0 0 0
54 34 0 0 2 15 9 0 0 6 0 0 0 0 0 0
50 11 0 0 0 0 0 49 15 0 0 0 1 2 0 0
57 40 5 0 0 0 0 0 0 0 0 0 0 0 0 0
38 52 30 1 7 0 0 0 0 0 0 0 0 0 0 0
42 15 0 0 1 0 2 0 0 0 0 0 0 0 0 0
58 30 6 0 0 0 0 0 0 0 0 0 0 0 5 0
37 7 0 0 0 2 1 0 7 0 2 4 0 0 0 0
53 36 0 2 2 0 0 0 0 42 17 1 0 0 0 0
51 0 0 2 0 0 0 0 1 0 0 4 0 0 0 0
41 40 1 0 0 0 0 0 0 11 0 0 0 0 5 0
56 9 0 0 5 0 30 3 0 0 0 7 0 0 0 0
49 1 2 0 0 0 0 10 0 0 6 0 0 1 0 0
45 21 0 0 1 0 1 23 11 0 0 0 0 0 0 0
48 10 0 0 0 0 0 0 0 0 0 0 0 0 0 0
55 17 2 1 0 8 1 18 0 0 0 3 1 0 0 0
54 24 0 0 0 2 7 0 0 0 0 0 0 0 0 0
44 37 0 0 0 0 0 0 0 0 0 0 0 0 0 0
63 10 0 0 0 0 27 0 0 0 0 3 0 0 0 0
56 1 0 0 0 0 0 1 2 0 4 0 0 0 0 0
45 0 0 0 5 1 0 30 0 0 0 0 0 0 0 0
39 22 2 0 0 0 0 0 0 1 0 2 0 0 1 0
45 38 29 0 23 1 0 0 0 0 0 0 0 0 14 0
45 6 0 0 0 0 3 27 5 0 3 4 0 0 0 0
29 21 0 0 0 0 0 18 2 0 3 0 0 8 0 0
49 16 5 1 0 0 29 5 7 0 0 0 1 1 0 0
47 21 0 0 0 0 18 0 2 0 0 6 0 6 0 0
46 37 0 1 0 0 1 1 0 16 0 0 1 0 0 0
51 0 0 0 0 1 0 5 0 0 0 0 0 0 0 0
60 55 13 4 2 0 0 0 0 0 0 2 0 0 0 0
49 16 0 0 0 0 4 13 0 0 1 0 0 0 0 0
57 13 0 2 0 1 0 34 8 2 0 0 1 7 0 0
53 21 0 3 0 0 1 20 1 0 0 1 0 0 0 0
60 52 33 0 0 0 0 17 0 0 0 0 0 0 0 0
55 0 2 0 0 0 0 2 0 0 0 0 1 0 3 0
49 26 0 0 1 0 6 0 0 0 0 0 0 0 0 0
45 4 0 2 0 0 30 1 0 0 0 25 0 1 0 0
44 11 0 0 0 0 0 58 31 0 2 1 0 0 2 0
54 27 0 0 0 0 0 0 0 36 17 0 18 0 1 0
60 37 8 4 0 0 0 0 0 4 0 0 0 0 0 0
58 3 0 0 0 0 0 36 19 0 0 0 0 0 0 0
44 44 0 0 0 0 0 0 2 0 0 0 0 0 0 0
39 23 1 0 0 0 0 0 0 0 1 0 0 3 0 0
57 39 26 0 24 3 0 3 0 0 0 1 0 1 10 0
64 10 0 0 0 0 13 0 0 6 0 0 0 0 0 0
44 43 0 22 0 0 7 0 0 0 1 0 0 0 0 0
53 3 0 0 0 0 16 1 0 0 0 20 2 0 0 0
52 2 10 0 0 0 0 14 15 0 0 11 0 1 0 0
58 42 15 0 8 1 0 0 0 1 1 0 0 0 5 0
50 19 0 0 0 0 0 0 0 20 0 2 0 0 0 0
44 37 31 0 46 0 0 0 0 2 0 0 0 0 12 0
50 57 0 0 0 0 0 0 0 21 5 0 4 2 0 0
55 48 0 0 0 0 0 0 0 30 10 0 4 3 0 0
50 1 0 0 6 0 0 41 11 7 0 0 0 12 0 0
36 16 0 0 0 4 14 0 0 0 0 0 0 0 0 0
51 40 0 0 2 1 0 0 1 19 16 2 0 0 1 0
63 33 24 3 19 0 1 0 0 0 7 0 6 1 10 0
58 0 2 0 0 1 0 0 1 0 0 0 0 0 0 0
42 51 39 0 32 0 0 0 3 0 0 0 0 2 3 0
39 10 10 0 5 0 0 0 0 0 3 1 0 0 0 0
53 46 23 0 0 0 0 0 0 0 0 0 0 0 0 0
53 2 0 0 1 0 0 45 24 0 0 0 0 0 0 0
54 43 1 1 0 32 4 0 0 0 0 0 0 2 0 0
52 31 4 1 3 0 0 0 0 0 0 1 0 0 0 0
47 0 0 0 0 0 0 0 0 5 0 0 0 0 0 0
47 43 1 0 3 0 6 8 0 0 3 0 0 0 1 0
43 15 1 0 2 0 0 0 0 0 0 0 0 0 0 0
49 0 0 0 0 0 0 0 0 0 0 5 0 0 1 0
39 35 42 0 19 0 1 0 0 1 0 0 2 5 1 0
43 40 17 0 0 0 0 0 1 0 0 0 0 0 0 0
40 13 20 0 1 0 0 0 0 0 0 0 0 1 0 0
45 3 0 2 0 0 1 18 17 7 0 0 1 0 0 0
59 49 0 0 1 2 0 2 0 59 0 0 0 0 1 0
46 18 0 0 4 0 1 0 0 0 0 0 0 0 0 0
40 31 0 36 1 0 7 0 0 0 0 0 0 0 1 0
57 48 0 0 0 0 8 0 0 48 2 1 0 0 0 0
46 41 0 0 0 0 5 0 0 38 15 1 0 0 0 0
47 43 11 0 0 0 6 1 0 0 0 0 0 0 0 0
53 45 49 0 13 0 0 0 0 0 0 7 0 1 10 0
59 24 1 1 0 0 17 0 0 0 0 24 0 0 7 0
52 0 0 0 0 2 0 2 0 0 0 1 0 0 0 0
45 24 3 0 0 0 0 14 8 0 0 4 0 0 0 0
56 48 15 0 0 1 0 0 0 3 0 0 1 0 0 0
38 35 0 2 3 0 0 12 0 0 0 1 0 0 0 0
45 2 2 0 0 0 0 25 6 0 0 0 4 0 0 0
54 0 8 0 0 0 0 0 0 0 0 0 0 0 0 0
49 19 1 8 0 0 17 0 0 0 0 2 0 0 3 0
43 29 0 0 0 4 33 0 0 0 0 0 2 0 0 0
55 45 49 0 22 0 0 0 0 0 1 1 0 0 11 0
42 10 0 1 0 0 19 0 0 0 1 10 0 0 1 0
58 6 0 0 0 3 0 12 0 0 0 0 2 0 0 0
40 23 15 0 0 0 0 0 1 0 0 0 1 4 4 0
45 15 15 0 0 0 3 1 0 0 0 0 0 0 1 0
53 6 1 1 0 2 0 22 42 0 0 0 0 3 0 0
55 17 2 3 0 0 2 19 0 0 0 0 0 0 0 0
56 33 15 0 7 0 0 0 0 0 0 0 0 1 0 0
57 43 3 0 0 1 0 4 0 0 0 0 0 0 1 0
58 18 0 0 0 0 0 0 0 0 4 0 0 0 0 0
45 8 7 0 1 2 55 0 0 0 0 32 0 0 1 0
63 32 13 0 0 0 0 0 0 0 0 0 0 0 0 0
50 30 0 1 0 0 0 0 0 9 4 0 2 0 4 0
54 35 0 0 0 12 2 0 0 1 0 0 1 0 0 0
58 39 9 4 0 34 3 0 1 0 0 0 0 0 2 0
39 30 3 0 0 0 0 0 0 0 0 0 1 0 0 0
56 5 0 0 0 0 1 2 0 0 0 0 0 0 0 0
64 48 0 33 0 0 2 6 0 0 0 2 0 0 4 0
50 0 1 0 0 0 0 0 0 0 1 0 5 0 0 0
48 0 0 0 2 0 0 27 0 0 1 0 0 16 0 0
49 50 49 2 34 0 0 7 0 2 2 0 0 0 26 0
48 19 0 0 0 0 0 1 0 6 0 0 0 1 0 0
49 39 17 0 35 0 0 0 0 0 2 0 0 0 14 0
55 34 0 0 0 1 4 0 5 0 0 0 0 0 11 0
52 52 13 0 22 0 0 0 0 2 0 0 0 0 0 0
40 43 28 0 12 1 2 3 0 0 2 0 0 0 1 0
56 2 1 0 0 0 23 0 0 0 0 8 0 3 0 0
46 50 0 0 3 0 0 0 0 0 0 0 0 0 4 0
49 21 0 16 1 3 16 0 1 0 0 5 0 0 0 0
48 20 0 0 1 0 5 0 0 0 0 0 0 0 1 0
48 32 1 0 0 0 0 0 0 0 0 0 0 0 0 0
44 51 0 0 0 1 0 0 0 33 24 0 0 5 0 0
45 47 24 0 0 0 0 0 0 2 0 0 0 0 0 0
54 26 0 27 0 0 6 0 0 0 0 6 0 0 0 0
42 48 0 0 0 0 0 0 0 33 9 0 0 0 0 0
61 4 0 0 0 0 23 1 0 2 0 0 0 0 0 0
41 22 1 0 0 0 0 10 5 0 1 0 0 1 1 0
58 9 0 0 0 0 4 8 0 0 0 0 0 0 0 0
41 42 0 0 0 0 0 12 0 0 0 0 0 0 0 0
46 18 2 0 0 1 0 28 4 2 0 0 1 0 0 0
48 35 3 0 0 5 0 0 0 4 0 0 0 1 0 0
54 13 0 0 0 0 0 5 0 0 0 0 0 0 0 0
43 4 0 1 0 1 25 0 0 0 0 24 0 0 0 0
56 42 0 0 0 1 0 0 0 27 0 0 0 2 0 0
44 53 46 0 28 0 0 0 0 0 0 0 0 0 20 0
52 41 0 0 1 0 0 0 0 17 16 0 3 0 0 0
45 8 0 1 0 0 0 30 0 1 7 0 9 1 0 0
42 47 0 0 1 4 0 0 2 39 2 0 10 0 0 0
35 45 0 0 0 0 0 0 0 11 2 0 0 0 0 0
62 20 0 0 0 0 0 2 0 1 0 0 1 0 0 0
43 44 25 0 23 0 1 0 0 0 0 0 0 0 0 0
46 34 34 0 28 2 0 0 2 1 2 0 0 0 26 0
62 41 0 0 0 0 0 0 0 24 0 0 0 1 0 0
56 20 20 0 11 1 1 0 0 0 2 0 0 1 0 0
42 37 27 0 2 1 0 0 0 2 2 2 0 1 0 0
51 19 1 2 0 0 0 18 15 0 3 0 0 0 1 0
50 24 0 0 0 0 1 37 17 1 1 1 0 0 0 0
53 39 28 0 23 1 0 0 3 0 0 0 0 3 2 0
50 52 0 0 0 7 8 0 1 0 0 1 0 0 7 0
47 56 0 0 0 0 2 0 0 12 0 0 0 0 0 0
43 26 0 0 1 0 0 3 0 6 0 0 0 0 0 0
44 21 0 6 0 0 8 0 0 0 0 0 0 0 0 0
57 23 36 0 5 1 0 0 0 0 0 0 0 0 0 0
44 3 2 0 2 0 27 0 0 0 0 0 0 0 0 0
56 7 0 0 0 0 0 46 38 1 0 0 0 16 0 0
54 34 11 0 0 1 0 0 0 0 0 0 5 0 0 0
45 29 0 0 0 6 44 0 0 0 0 13 0 0 0 0
48 37 0 0 0 0 0 0 0 24 15 0 0 0 0 0
46 23 1 4 2 0 5 1 0 0 0 0 0 0 0 0
63 47 38 0 5 0 0 0 0 1 1 0 0 0 0 0
47 37 1 0 0 0 0 0 0 32 31 0 15 0 0 0
46 2 0 0 0 0 0 39 0 0 0 0 0 0 0 0
39 24 0 0 4 0 6 0 0 0 1 0 1 0 0 0
58 44 0 0 3 0 0 0 4 32 11 0 32 0 1 0
51 9 0 0 2 0 1 7 2 1 0 0 0 0 0 0
42 37 25 0 0 0 1 0 0 0 0 0 0 0 0 0
47 13 0 0 0 0 0 24 15 0 0 0 0 0 1 0
45 31 0 0 0 0 3 0 0 11 8 0 1 0 2 0
49 22 0 0 0 0 0 10 0 0 0 2 1 1 0 0
50 11 0 2 0 0 39 7 0 0 0 8 0 0 0 0
59 44 0 32 0 1 0 0 0 0 0 1 0 2 0 0
54 4 0 3 0 0 37 0 0 2 0 0 0 0 0 0
54 4 0 2 0 1 17 1 5 5 0 0 0 0 0 0
64 26 0 0 1 0 0 0 0 9 4 0 0 0 0 0
61 53 30 7 14 1 0 0 0 0 0 0 0 6 0 0
49 19 0 0 0 0 1 30 2 0 0 1 0 3 2 0
46 35 30 0 3 0 0 0 0 0 0 0 0 0 0 0
53 20 1 0 0 0 1 21 4 2 1 1 0 7 0 0
54 5 0 3 0 1 0 25 0 0 0 0 0 0 2 0
51 36 0 10 0 1 8 0 0 0 0 2 0 2 0 0
44 0 0 0 0 0 1 1 0 0 0 0 0 0 0 0
52 1 0 0 0 0 0 0 0 0 0 0 1 1 1 0
48 36 0 0 0 0 0 27 0 0 0 0 0 0 0 0
49 39 19 0 13 0 0 0 4 0 0 0 0 0 0 0
47 57 0 0 0 1 0 2 0 28 22 1 4 2 0 0
35 37 0 0 0 5 30 0 0 0 0 0 0 0 0 0
57 46 0 0 0 0 0 0 0 28 16 0 0 0 0 0
55 30 0 0 5 0 0 0 0 24 10 0 15 0 0 0
50 1 0 3 0 5 0 9 0 0 3 0 0 0 0 0
48 25 0 0 0 0 6 0 1 0 0 0 0 0 0 0
40 48 28 0 8 0 0 1 0 0 0 0 0 0 8 0
42 34 15 0 6 0 0 0 0 7 2 0 0 0 3 0
46 1 0 0 0 0 0 0 0 5 2 0 0 0 0 0
47 33 0 1 0 0 0 4 0 4 1 2 2 0 0 0
35 5 0 12 0 0 28 0 3 0 5 2 0 2 0 0
53 15 0 0 0 0 15 0 0 0 1 0 0 0 1 0
66 47 20 3 5 0 0 1 5 0 2 0 0 0 0 0
42 40 2 0 0 32 8 0 0 1 0 0 1 0 0 0
43 0 0 2 0 2 3 0 0 0 0 0 0 0 0 0
60 52 0 12 0 3 7 0 0 0 0 0 0 0 0 0
42 36 0 1 0 0 0 0 0 26 0 0 0 2 0 0
58 37 48 0 30 0 0 0 3 0 0 0 0 0 18 0
43 6 0 0 0 7 10 0 2 0 0 0 0 0 0 0
53 50 0 0 2 0 0 0 0 5 0 3 0 0 0 0
67 1 0 0 1 0 0 44 21 0 3 0 0 0 0 0
44 6 2 0 1 0 0 18 19 0 0 0 0 4 0 0
41 35 0 11 0 0 10 0 1 1 0 0 0 0 0 0
53 9 0 1 0 0 54 0 0 0 0 13 0 0 0 0
44 32 24 0 33 1 1 0 0 0 1 0 0 0 6 0
49 41 0 0 0 2 3 0 0 0 0 1 0 0 0 0
51 40 0 5 0 0 0 7 0 0 0 0 0 0 2 0
50 34 22 0 19 0 0 0 0 0 0 0 0 0 0 0
39 52 0 2 0 0 0 0 0 5 0 0 0 0 0 0
54 0 7 0 0 6 4 2 0 0 1 0 2 0 0 0
53 24 0 2 0 0 0 17 0 0 0 0 2 1 0 0
47 13 1 0 0 0 0 0 0 0 0 3 0 0 0 0
48 24 9 0 0 0 0 0 0 0 0 0 0 0 0 0
44 4 0 0 0 0 32 0 0 0 0 8 0 11 0 0
35 4 0 0 0 0 0 6 4 0 0 0 0 7 2 0
56 25 0 0 0 1 2 4 0 5 0 0 0 0 0 0
58 0 0 0 1 0 0 1 0 0 0 1 2 0 0 0
47 31 9 0 0 0 0 1 0 0 0 0 0 0 0 0
43 17 0 0 1 11 9 0 0 0 2 0 0 0 0 0
41 0 0 0 0 0 0 0 0 3 0 0 0 0 1 0
62 51 23 2 5 0 1 0 0 0 0 0 1 3 1 0
49 14 2 0 2 0 0 5 0 0 0 0 0 0 0 0
45 0 4 0 2 0 0 0 0 0 0 0 6 0 1 0
65 41 0 2 0 0 0 0 0 20 9 0 0 0 0 0
55 10 0 0 2 0 8 0 0 0 0 0 0 1 0 0
53 43 0 2 0 6 0 0 0 16 6 0 6 0 0 0
46 19 0 0 0 3 17 0 2 0 0 19 0 0 0 0
56 13 0 1 0 0 12 0 0 0 0 2 1 0 0 0
51 32 0 0 0 0 0 3 0 0 1 0 0 0 0 0
64 34 0 0 0 0 0 0 0 14 9 0 0 2 0 0
49 0 6 0 0 0 0 0 0 0 0 1 0 0 1 0
49 4 3 0 1 0 8 0 0 0 1 0 0 0 0 0
50 0 0 0 2 0 0 0 0 16 0 0 0 0 0 0
48 0 0 2 0 0 0 8 0 0 0 0 2 0 0 0
39 51 31 0 2 0 12 0 0 0 1 2 2 0 0 0
48 1 0 0 1 0 0 17 1 0 0 0 1 19 0 0
48 13 0 0 0 0 31 0 1 0 0 6 0 0 0 0
45 47 0 2 0 1 0 0 1 36 1 0 0 0 0 0
45 0 0 0 0 0 0 44 4 0 0 1 0 14 1 0
59 37 32 0 18 0 0 0 0 0 0 0 0 0 0 0
47 45 0 8 8 0 1 0 0 28 7 0 15 0 0 0
54 36 16 0 0 0 0 0 1 2 0 5 0 0 0 0
52 30 0 1 0 0 0 0 0 28 0 0 2 0 1 0
50 27 24 0 0 3 0 0 0 2 0 1 0 0 0 0
41 32 0 11 0 0 19 0 0 1 0 0 0 0 4 0
43 52 8 0 7 0 0 0 6 0 0 0 0 0 0 0
55 29 10 0 7 0 0 0 5 0 0 0 0 0 0 0
40 41 2 0 0 0 0 0 1 42 8 1 37 0 0 0
45 5 5 0 0 0 2 34 17 0 0 0 0 16 0 0
52 26 0 0 1 0 2 0 0 20 12 0 0 0 0 0
56 9 0 15 0 0 0 33 29 0 0 0 2 0 0 0
49 18 0 0 4 0 24 0 0 1 0 11 0 0 0 0
50 7 0 1 0 0 9 0 0 0 7 2 0 0 0 0
61 35 40 0 20 0 0 0 0 3 0 0 0 0 1 0
54 21 0 0 0 0 0 19 3 0 0 1 0 8 0 0
38 25 28 0 12 0 0 0 2 0 0 1 0 0 2 0
58 0 0 0 0 0 0 0 0 3 0 1 7 0 1 0
42 44 0 0 0 0 0 0 0 41 12 0 0 0 0 0
48 18 0 1 0 0 26 0 0 0 2 0 0 0 0 0
43 1 0 5 1 0 0 0 0 0 0 3 0 0 0 0
40 29 0 0 0 0 0 0 0 12 17 0 0 0 2 0
40 13 0 1 0 0 0 6 7 0 2 0 1 0 0 0
55 19 0 0 0 0 7 0 0 0 0 0 0 1 0 0
48 41 27 3 15 0 0 0 0 0 0 3 0 0 8 0
52 17 0 0 0 0 0 12 14 0 0 0 0 0 0 0
62 13 0 1 0 0 3 0 0 0 0 1 0 0 0 0
41 36 0 0 0 0 0 0 0 47 10 0 36 4 0 0
53 41 14 0 2 1 0 0 0 0 0 0 0 0 1 0
45 10 0 0 0 0 8 0 0 0 0 0 0 0 1 0
57 28 0 10 0 3 7 0 0 0 0 0 0 0 0 0
49 4 0 0 0 0 1 20 4 0 0 1 2 0 0 0
53 36 0 3 0 0 15 0 1 0 0 15 3 0 0 0
37 55 46 0 0 2 11 1 0 1 0 0 0 0 0 0
53 41 0 2 3 0 8 0 0 2 0 0 0 0 0 0
46 1 0 0 2 0 0 31 1 0 0 0 0 18 0 0
37 4 0 0 2 0 35 0 0 0 0 0 0 0 0 0
43 33 1 0 0 10 23 0 0 0 0 10 2 0 0 0
40 46 0 0 0 0 1 0 2 39 5 0 1 0 0 0
48 21 0 0 0 1 31 2 2 4 0 6 0 0 2 0
46 24 0 0 0 0 39 1 0 0 0 3 1 0 0 0
54 26 0 32 0 4 20 0 0 0 0 2 0 0 3 0
36 50 0 0 0 0 3 0 0 0 2 0 0 2 0 0
48 8 0 0 0 1 0 0 0 34 4 0 0 0 0 0
53 25 0 0 0 0 2 0 3 0 0 0 0 2 0 0
49 39 0 0 0 3 2 0 0 0 1 0 2 1 0 0
53 34 0 0 0 0 0 0 0 23 0 0 0 0 1 0
43 13 0 0 0 0 1 0 0 0 1 6 0 0 0 0
48 29 5 7 0 3 0 26 3 1 0 0 0 4 0 0
45 24 33 0 0 0 0 3 0 0 0 0 1 0 0 0
48 41 0 0 0 0 0 0 0 26 1 0 21 0 0 0
52 57 3 0 0 0 0 0 0 37 10 0 3 0 0 0
54 0 0 0 3 0 1 0 2 0 0 0 1 0 0 0
50 37 0 0 1 0 0 0 0 17 7 4 1 0 0 0
51 18 0 0 0 0 0 3 0 10 12 0 0 0 0 0
43 28 1 0 0 2 0 0 0 5 0 0 1 0 0 0
51 0 1 0 0 7 0 0 0 0 0 0 0 0 1 0
59 25 0 7 0 0 13 0 0 2 0 0 0 0 0 0
41 40 1 0 1 0 0 0 0 0 0 0 0 1 0 0
48 27 0 0 0 0 0 0 0 12 0 0 2 1 0 0
49 9 0 0 0 0 0 4 0 0 0 0 0 0 0 0
58 5 0 0 0 0 7 3 2 0 3 0 0 3 1 0
51 14 0 0 0 0 1 0 0 31 11 0 22 1 1 0
42 14 0 8 6 0 8 0 0 0 3 3 0 4 0 0
51 0 1 0 0 3 0 0 0 0 0 0 0 0 0 0
54 4 0 0 0 0 0 12 5 1 0 7 5 4 5 0
57 24 32 2 6 0 0 0 0 1 0 2 0 0 7 0
54 4 0 0 0 0 0 13 0 0 1 0 0 0 0 0
49 1 0 1 0 0 2 22 0 0 0 2 0 0 5 0
51 37 0 0 0 0 1 0 0 31 3 0 3 0 0 0
60 40 8 0 0 1 0 0 0 5 0 0 0 0 0 0
41 19 1 0 0 0 0 24 1 0 0 0 0 0 0 0
58 1 5 3 0 0 0 2 2 0 0 0 0 2 0 0
51 43 0 0 0 0 0 0 0 18 9 0 0 0 0 0
47 32 30 6 0 0 1 0 0 3 0 0 1 0 0 0
56 21 0 0 0 0 0 0 0 0 0 0 0 0 0 0
53 36 0 0 0 0 0 0 0 35 9 0 9 0 0 0
45 9 0 0 0 1 0 0 0 1 0 0 0 0 0 0
45 0 0 5 0 4 1 4 2 0 0 0 0 0 0 0
53 43 4 0 0 0 0 0 0 30 34 0 0 0 0 0
49 53 0 6 0 0 0 0 1 26 15 1 0 0 0 0
52 39 0 0 0 0 0 0 4 59 48 3 7 0 1 0
44 6 0 0 0 0 4 27 13 4 0 0 0 2 1 0
39 14 0 0 1 0 0 0 0 20 8 0 14 0 3 0
58 46 0 7 0 2 13 0 0 0 0 1 0 6 0 0
61 12 0 0 2 0 16 0 0 1 0 0 0 6 0 0
47 33 0 0 0 0 6 0 0 0 0 1 0 2 0 0
47 16 0 20 0 0 18 5 0 0 0 2 0 1 0 0
49 9 1 0 0 0 38 0 0 1 0 0 6 0 0 0
36 7 0 0 0 0 40 0 5 0 0 2 1 3 0 0
53 27 0 0 0 2 12 0 0 0 0 0 0 0 0 0
43 34 2 0 0 0 1 0 1 0 1 0 0 0 0 0
54 11 0 3 0 0 34 0 1 0 0 0 0 0 0 0
61 9 0 0 0 6 5 0 0 0 1 0 0 0 1 0
53 33 0 2 0 0 13 0 0 0 0 0 0 0 0 0
41 6 0 2 0 0 0 27 35 0 1 0 0 0 1 0
61 36 0 2 0 0 0 0 0 5 0 0 0 0 1 0
46 0 0 1 3 0 0 3 0 0 4 0 0 0 0 0
51 28 0 0 0 0 0 10 3 0 0 1 0 6 0 0
60 31 0 0 0 0 20 0 0 1 0 22 1 1 4 0
53 33 0 0 0 0 0 2 0 28 17 0 1 0 0 0
52 45 17 0 0 0 0 0 1 0 0 0 0 0 0 0
52 13 1 0 0 0 3 7 0 0 0 0 0 2 0 0
49 8 0 0 0 1 13 0 0 0 3 0 2 0 0 0
69 19 0 0 2 0 0 13 1 0 0 1 0 0 4 0
42 13 0 0 0 0 0 0 0 10 0 0 0 0 0 0
76 16 0 0 0 0 0 23 0 2 0 0 0 0 0 0
50 46 0 0 0 3 0 0 0 34 20 0 0 0 0 0
42 41 0 0 0 22 5 10 0 0 0 0 0 1 0 0
49 48 7 2 13 1 0 0 0 0 0 0 3 0 1 0
61 7 0 0 0 0 0 8 15 2 0 0 0 0 0 0
37 24 0 0 0 0 0 33 2 0 0 0 4 13 0 0
40 14 1 2 0 0 32 0 0 0 0 0 0 0 0 0
54 37 0 4 0 4 0 4 0 0 0 0 0 3 0 0
50 52 27 0 0 0 0 2 0 0 2 0 1 0 0 0
45 12 0 0 0 0 0 51 24 1 0 0 0 2 0 0
45 13 1 12 0 0 15 0 0 2 0 0 0 1 0 0
47 5 0 0 0 0 7 0 0 0 0 0 0 0 2 0
35 8 0 0 0 0 0 17 2 0 0 0 0 5 0 0
56 42 1 0 0 1 10 0 0 0 0 0 2 0 0 0
62 21 31 7 16 5 1 0 0 4 5 0 0 0 6 0
44 3 3 0 0 0 2 0 0 2 0 7 0 0 0 0
46 30 1 0 0 0 0 1 0 40 3 0 1 0 0 0
46 18 0 7 0 26 1 0 0 0 0 0 0 0 0 0
31 6 1 0 0 1 0 0 1 7 1 0 0 0 0 0
52 22 0 1 0 1 0 0 1 0 0 0 0 0 0 0
44 1 0 1 0 0 35 0 0 1 0 2 0 0 0 0
56 44 0 0 0 3 3 1 2 19 14 0 0 0 0 0
43 15 0 0 0 0 22 0 0 0 0 2 1 0 0 0
59 52 46 0 29 0 0 0 3 0 0 0 0 0 13 0
40 0 0 0 0 0 0 60 18 0 1 0 1 0 4 0
47 16 1 0 0 10 9 0 0 0 1 0 0 0 0 0
58 5 0 0 2 0 0 36 22 1 3 1 0 0 1 0
43 5 0 1 2 21 4 0 0 1 0 0 0 2 0 0
54 48 1 0 1 28 9 0 0 0 2 0 0 0 0 0
51 34 0 7 0 1 0 2 0 0 0 0 3 0 0 0
50 24 14 0 15 1 0 0 0 0 2 0 0 0 6 0
43 37 0 2 0 0 0 0 0 11 5 0 3 0 0 0
