cell_idx/mut_idx	mut15	mut1	mut2	mut3	mut4	mut5	mut6	mut7	mut8	mut9	mut10	mut11	mut12	mut13	mut14
cell1	1	1	1	0	0	0	0	0	0	0	1	0	0	0	0
cell2	1	1	0	0	0	0	0	0	0	0	0	0	0	0	0
cell3	1	1	0	0	0	0	0	1	1	0	0	0	0	0	0
cell4	1	1	0	0	0	0	0	0	0	1	0	0	0	0	1
cell5	1	1	0	0	0	0	0	0	0	1	0	0	0	0	0
cell6	1	1	0	0	0	0	0	1	0	0	0	0	0	0	0
cell7	1	1	0	1	0	0	1	0	0	0	0	0	0	0	0
cell8	1	1	0	0	0	1	0	0	0	1	1	0	1	0	1
cell9	1	1	0	1	0	0	0	0	0	0	0	0	0	0	0
cell10	1	0	0	0	0	0	0	1	1	0	0	0	0	1	0
cell11	1	1	1	0	0	0	1	0	0	1	0	0	0	0	0
cell12	1	1	0	1	0	1	0	1	1	1	0	0	0	0	0
cell13	1	1	0	0	0	0	0	1	0	0	0	0	0	0	0
cell14	1	1	0	0	0	0	0	1	0	0	0	0	0	0	0
cell15	1	1	0	0	0	0	0	0	0	1	0	0	0	0	0
cell16	1	1	0	0	0	1	1	0	0	0	0	0	0	0	1
cell17	1	1	0	0	0	0	0	0	1	1	0	0	0	0	0
cell18	1	1	0	0	0	0	0	1	1	0	0	0	0	0	0
cell19	1	1	0	0	0	0	0	1	0	0	0	1	0	0	0
cell20	1	1	0	0	1	0	0	1	1	0	0	0	1	0	0
cell21	1	1	0	0	0	1	0	0	0	1	0	0	0	0	0
cell22	1	1	0	1	0	0	0	0	0	0	0	0	0	0	0
cell23	1	1	1	0	0	1	0	0	0	0	0	0	0	0	0
cell24	1	1	1	0	1	0	0	0	0	0	0	0	0	0	0
cell25	1	1	0	0	0	0	0	1	1	0	0	1	0	1	0
cell26	1	1	0	0	0	0	0	1	0	0	0	0	0	0	0
cell27	1	1	0	0	0	0	0	0	0	0	0	0	0	0	0
cell28	1	1	0	0	0	0	0	0	0	1	0	0	0	0	0
cell29	1	1	0	0	0	0	0	0	0	1	1	0	0	0	0
cell30	1	1	0	0	0	0	0	0	0	1	1	0	1	0	0
cell31	1	1	0	0	0	0	1	0	0	1	0	1	0	0	0
cell32	1	1	0	1	0	0	1	0	0	0	0	0	0	0	0
cell33	1	1	0	0	0	0	1	0	0	0	0	0	1	0	0
cell34	1	0	0	0	0	0	0	0	0	0	0	0	0	0	0
cell35	1	1	0	0	0	1	0	0	0	1	0	0	0	0	0
cell36	1	1	1	0	0	0	1	0	0	1	0	0	0	0	0
cell37	1	1	0	1	0	0	0	1	0	0	0	0	1	0	0
cell38	1	1	0	0	0	0	0	0	0	1	0	0	0	0	0
cell39	1	1	0	0	0	0	0	1	0	0	0	0	0	0	0
cell40	1	1	1	0	1	0	0	0	0	0	0	0	0	0	0
cell41	1	1	1	0	0	0	1	0	0	0	0	1	0	0	0
cell42	1	1	1	0	1	0	0	0	0	0	0	0	0	0	0
cell43	1	1	0	0	0	0	0	1	1	0	0	0	0	0	0
cell44	1	1	0	0	0	0	1	0	0	1	1	1	1	0	0
cell45	1	1	0	1	1	0	1	0	0	1	0	0	0	0	1
cell46	1	1	0	0	0	1	0	0	0	1	0	0	0	0	0
cell47	1	1	1	0	0	0	0	0	0	0	0	1	0	0	0
cell48	1	0	0	0	1	0	0	1	1	0	0	0	0	1	0
cell49	1	1	0	1	0	0	0	0	0	0	0	0	0	0	0
cell50	1	1	1	0	0	1	0	0	0	0	0	0	0	0	1
cell51	1	1	1	1	0	0	0	0	0	0	0	0	0	0	0
cell52	1	1	0	0	0	0	0	0	0	1	0	0	1	0	0
cell53	1	1	0	0	0	0	0	1	0	0	0	0	0	0	0
cell54	1	0	0	0	0	0	0	0	0	1	0	0	0	0	0
cell55	1	1	0	0	0	0	0	0	0	1	1	0	0	0	0
cell56	1	1	0	0	0	0	0	0	0	1	1	0	0	0	0
cell57	1	1	0	0	1	0	0	1	1	0	0	0	0	0	0
cell58	1	1	0	0	1	0	0	0	0	0	0	1	0	0	0
cell59	1	1	0	0	0	0	1	0	0	0	0	0	0	0	0
cell60	1	1	1	0	0	0	0	0	0	0	0	0	0	0	0
cell61	1	1	0	0	0	0	0	1	1	1	0	0	0	1	0
cell62	1	1	1	0	1	0	0	0	0	0	0	0	0	0	1
cell63	1	1	0	0	0	1	1	0	0	0	0	0	0	0	0
cell64	1	1	0	0	1	0	0	1	0	0	0	0	0	0	0
cell65	1	1	1	0	1	0	0	0	0	0	0	0	0	0	1
cell66	1	0	0	0	0	0	0	0	0	0	0	0	0	0	0
cell67	1	0	1	0	0	0	0	1	1	1	0	0	0	1	0
cell68	1	1	0	1	0	1	0	0	0	0	0	0	0	0	0
cell69	1	1	0	1	0	0	0	1	1	0	0	0	0	1	0
cell70	1	1	0	0	0	0	0	0	0	1	1	0	1	0	1
cell71	1	1	0	0	0	0	0	0	0	1	1	0	1	0	0
cell72	1	1	0	0	0	0	0	0	0	1	1	0	0	0	0
cell73	1	1	1	0	1	0	0	0	0	0	0	0	0	0	1
cell74	1	1	0	0	0	1	0	0	0	0	0	0	0	0	0
cell75	1	1	0	0	0	0	1	0	0	0	1	1	0	0	0
cell76	1	1	0	0	0	0	0	0	0	1	1	0	0	0	0
cell77	1	1	1	0	1	0	0	0	0	0	0	0	0	0	1
cell78	1	1	0	0	0	0	0	0	0	1	1	0	0	0	0
cell79	1	1	0	0	0	0	0	0	0	0	0	0	0	0	0
cell80	1	1	0	0	0	0	0	1	1	0	0	0	0	1	0
cell81	1	1	0	0	0	0	0	1	0	0	0	0	0	0	0
cell82	1	1	1	1	1	0	0	0	0	0	0	0	0	0	1
cell83	1	1	1	0	0	0	0	0	0	1	0	0	0	0	0
cell84	1	1	0	0	0	0	0	0	0	0	0	0	0	0	0
cell85	1	1	0	0	0	1	0	1	0	1	1	0	1	1	0
cell86	1	1	0	1	0	0	0	1	0	0	0	0	0	0	0
cell87	1	1	0	0	0	0	0	1	1	0	0	0	0	1	0
cell88	1	1	1	0	1	0	0	0	0	0	0	0	0	0	1
cell89	1	1	0	0	1	0	0	1	0	0	0	0	0	0	0
cell90	1	1	0	0	0	0	0	1	1	0	0	0	0	1	0
cell91	1	1	0	0	0	0	0	1	1	0	0	0	0	1	0
cell92	1	1	0	0	0	0	0	0	0	1	1	0	1	0	0
cell93	1	1	0	1	0	0	1	1	1	1	0	1	1	0	0
cell94	1	1	0	0	1	0	0	0	0	0	0	0	0	0	0
cell95	1	1	0	0	0	0	0	1	1	0	0	0	0	0	0
cell96	1	1	0	0	0	0	0	1	0	0	0	0	0	0	0
cell97	1	1	0	0	0	0	0	1	0	0	0	1	0	0	0
cell98	1	1	1	0	1	0	0	0	0	0	0	0	0	0	0
cell99	1	1	0	0	0	0	0	0	1	1	1	1	1	0	0
cell100	1	0	0	0	0	0	0	0	0	0	0	0	0	0	0
cell101	1	1	0	0	0	0	0	0	0	1	1	0	1	0	0
cell102	1	0	0	0	0	0	0	0	0	0	0	0	0	0	0
cell103	1	0	0	0	0	0	1	0	0	0	1	0	0	0	0
cell104	1	1	0	0	0	0	0	1	1	0	0	0	0	1	0
cell105	1	0	0	0	0	0	0	0	0	0	0	1	0	0	0
cell106	1	1	0	0	0	0	1	0	0	0	1	1	0	0	0
cell107	1	1	0	0	0	1	0	0	0	1	1	0	1	0	0
cell108	1	1	0	0	0	1	1	0	0	0	0	0	0	0	0
cell109	1	1	0	0	0	0	0	1	1	0	0	0	0	1	0
cell110	1	1	1	0	1	0	0	0	0	0	0	0	0	0	1
cell111	1	1	1	0	1	0	0	1	0	0	0	0	0	0	1
cell112	1	1	0	0	0	0	0	0	0	1	1	0	1	0	0
cell113	1	1	0	0	0	0	0	0	1	0	0	0	0	0	0
cell114	1	1	1	0	1	0	0	1	0	0	0	0	0	0	0
cell115	1	1	0	0	0	0	0	0	0	1	1	0	1	0	0
cell116	1	1	0	0	0	1	0	0	0	0	0	1	0	0	0
cell117	1	1	0	0	0	0	0	0	0	1	0	0	1	0	0
cell118	1	1	1	0	1	0	0	1	0	0	0	0	0	0	0
cell119	1	1	1	0	1	0	0	0	0	1	0	0	0	0	1
cell120	1	1	1	0	0	0	0	0	0	1	1	0	1	0	1
cell121	1	1	1	1	1	0	0	0	0	0	0	0	0	0	0
cell122	1	1	0	0	0	0	0	0	0	1	1	0	1	0	0
cell123	1	1	0	0	1	1	1	0	0	1	0	0	0	0	0
cell124	1	1	0	0	0	0	0	1	1	0	0	0	0	0	0
cell125	1	1	1	0	0	0	0	0	0	0	0	0	0	0	0
cell126	1	1	1	0	1	0	0	0	0	0	0	0	0	0	0
cell127	1	1	0	0	0	0	0	0	0	0	0	0	0	0	0
cell128	1	1	1	0	0	0	0	0	0	0	0	0	0	0	1
cell129	1	1	0	0	0	0	0	0	1	0	0	1	0	0	0
cell130	1	1	0	0	0	0	0	0	0	1	1	0	0	0	0
cell131	1	0	0	0	0	0	0	0	0	0	0	1	0	0	0
cell132	1	1	0	0	0	0	0	0	0	1	0	0	0	0	1
cell133	1	1	0	0	1	0	1	1	0	0	0	1	0	0	0
cell134	1	0	0	0	0	0	0	1	0	0	1	0	0	0	0
cell135	1	1	0	0	0	0	0	1	1	0	0	0	0	0	0
cell136	1	1	0	0	0	0	0	0	0	0	0	0	0	0	0
cell137	1	1	0	0	0	1	0	1	0	0	0	1	0	0	0
cell138	1	1	0	0	0	0	1	0	0	0	0	0	0	0	0
cell139	1	1	0	0	0	0	0	0	0	0	0	0	0	0	0
cell140	1	1	0	0	0	0	1	0	0	0	0	1	0	0	0
cell141	1	0	0	0	0	0	0	0	0	0	1	0	0	0	0
cell142	1	0	0	0	1	0	0	1	0	0	0	0	0	0	0
cell143	1	1	0	0	0	0	0	0	0	0	0	0	0	0	0
cell144	1	1	1	0	1	0	0	0	0	0	0	0	0	0	1
cell145	1	1	0	0	0	0	1	1	1	0	1	1	0	0	0
cell146	1	1	0	0	0	0	0	1	0	0	0	0	0	1	0
cell147	1	1	1	0	0	0	1	1	1	0	0	0	0	0	0
cell148	1	1	0	0	0	0	1	0	0	0	0	1	0	1	0
cell149	1	1	0	0	0	0	0	0	0	1	0	0	0	0	0
cell150	1	0	0	0	0	0	0	1	0	0	0	0	0	0	0
cell151	1	1	1	1	0	0	0	0	0	0	0	0	0	0	0
cell152	1	1	0	0	0	0	1	1	0	0	0	0	0	0	0
cell153	1	1	0	0	0	0	0	1	1	0	0	0	0	1	0
cell154	1	1	0	1	0	0	0	1	0	0	0	0	0	0	0
cell155	1	1	1	0	0	0	0	1	0	0	0	0	0	0	0
cell156	1	0	0	0	0	0	0	0	0	0	0	0	0	0	1
cell157	1	1	0	0	0	0	1	0	0	0	0	0	0	0	0
cell158	1	1	0	0	0	0	1	0	0	0	0	1	0	0	0
cell159	1	1	0	0	0	0	0	1	1	0	0	0	0	0	0
cell160	1	1	0	0	0	0	0	0	0	1	1	0	1	0	0
cell161	1	1	1	1	0	0	0	0	0	1	0	0	0	0	0
cell162	1	1	0	0	0	0	0	1	1	0	0	0	0	0	0
cell163	1	1	0	0	0	0	0	0	0	0	0	0	0	0	0
cell164	1	1	0	0	0	0	0	0	0	0	0	0	0	1	0
cell165	1	1	1	0	1	1	0	1	0	0	0	0	0	0	1
cell166	1	1	0	0	0	0	1	0	0	1	0	0	0	0	0
cell167	1	1	0	1	0	0	1	0	0	0	0	0	0	0	0
cell168	1	1	0	0	0	0	1	0	0	0	0	1	0	0	0
cell169	1	0	1	0	0	0	0	1	1	0	0	1	0	0	0
cell170	1	1	1	0	1	0	0	0	0	0	0	0	0	0	1
cell171	1	1	0	0	0	0	0	0	0	1	0	0	0	0	0
cell172	1	1	1	0	1	0	0	0	0	0	0	0	0	0	1
cell173	1	1	0	0	0	0	0	0	0	1	1	0	1	0	0
cell174	1	1	0	0	0	0	0	0	0	1	1	0	1	1	0
cell175	1	0	0	0	1	0	0	1	1	1	0	0	0	1	0
cell176	1	1	0	0	0	1	1	0	0	0	0	0	0	0	0
cell177	1	1	0	0	0	0	0	0	0	1	1	0	0	0	0
cell178	1	1	1	1	1	0	0	0	0	0	1	0	1	0	1
cell179	1	0	0	0	0	0	0	0	0	0	0	0	0	0	0
cell180	1	1	1	0	1	0	0	0	1	0	0	0	0	0	1
cell181	1	1	1	0	1	0	0	0	0	0	1	0	0	0	0
cell182	1	1	1	0	0	0	0	0	0	0	0	0	0	0	0
cell183	1	0	0	0	0	0	0	1	1	0	0	0	0	0	0
cell184	1	1	0	0	0	1	1	0	0	0	0	0	0	0	0
cell185	1	1	1	0	1	0	0	0	0	0	0	0	0	0	0
cell186	1	0	0	0	0	0	0	0	0	1	0	0	0	0	0
cell187	1	1	0	0	1	0	1	1	0	0	1	0	0	0	0
cell188	1	1	0	0	0	0	0	0	0	0	0	0	0	0	0
cell189	1	0	0	0	0	0	0	0	0	0	0	1	0	0	0
cell190	1	1	1	0	1	0	0	0	0	0	0	0	0	1	0
cell191	1	1	1	0	0	0	0	0	0	0	0	0	0	0	0
cell192	1	1	1	0	0	0	0	0	0	0	0	0	0	0	0
cell193	1	1	0	0	0	0	0	1	1	1	0	0	0	0	0
cell194	1	1	0	0	0	0	0	0	0	1	0	0	0	0	0
cell195	1	1	0	0	1	0	0	0	0	0	0	0	0	0	0
cell196	1	1	0	1	0	0	1	0	0	0	0	0	0	0	0
cell197	1	1	0	0	0	0	1	0	0	1	0	0	0	0	0
cell198	1	1	0	0	0	0	1	0	0	1	1	0	0	0	0
cell199	1	1	1	0	0	0	1	0	0	0	0	0	0	0	0
cell200	1	1	1	0	1	0	0	0	0	0	0	1	0	0	1
cell201	1	1	0	0	0	0	1	0	0	0	0	1	0	0	1
cell202	1	0	0	0	0	0	0	0	0	0	0	0	0	0	0
cell203	1	1	1	0	0	0	0	1	1	0	0	1	0	0	0
cell204	1	1	1	0	0	0	0	0	0	1	0	0	0	0	0
cell205	1	1	0	0	1	0	0	1	0	0	0	0	0	0	0
cell206	1	1	0	0	0	0	0	1	1	0	0	0	1	0	0
cell207	1	0	1	0	0	0	0	0	0	0	0	0	0	0	0
cell208	1	1	0	1	0	0	1	0	0	0	0	0	0	0	1
cell209	1	1	0	0	0	1	1	0	0	0	0	0	0	0	0
cell210	1	1	1	0	1	0	0	0	0	0	0	0	0	0	1
cell211	1	1	0	0	0	0	1	0	0	0	0	1	0	0	0
cell212	1	1	0	0	0	1	0	1	0	0	0	0	0	0	0
cell213	1	1	1	0	0	0	0	0	0	0	0	0	0	1	1
cell214	1	1	1	0	0	0	1	0	0	0	0	0	0	0	0
cell215	1	1	0	0	0	0	0	1	1	0	0	0	0	1	0
cell216	1	1	0	1	0	0	0	1	0	0	0	0	0	0	0
cell217	1	1	1	0	1	0	0	0	0	0	0	0	0	0	0
cell218	1	1	1	0	0	0	0	1	0	0	0	0	0	0	0
cell219	1	1	0	0	0	0	0	0	0	0	1	0	0	0	0
cell220	1	1	1	0	0	0	1	0	0	0	0	1	0	0	0
cell221	1	1	1	0	0	0	0	0	0	0	0	0	0	0	0
cell222	1	1	0	0	0	0	0	0	0	1	1	0	0	0	1
cell223	1	1	0	0	0	1	0	0	0	0	0	0	0	0	0
cell224	1	1	1	1	0	1	1	0	0	0	0	0	0	0	0
cell225	1	1	1	0	0	0	0	0	0	0	0	0	0	0	0
cell226	1	1	0	0	0	0	0	0	0	0	0	0	0	0	0
cell227	1	1	0	1	0	0	0	1	0	0	0	0	0	0	1
cell228	1	0	0	0	0	0	0	0	0	0	0	0	1	0	0
cell229	1	0	0	0	0	0	0	1	0	0	0	0	0	1	0
cell230	1	1	1	0	1	0	0	1	0	1	0	0	0	0	1
cell231	1	1	0	0	0	0	0	0	0	1	0	0	0	0	0
cell232	1	1	1	0	1	0	0	0	0	0	0	0	0	0	1
cell233	1	1	0	0	0	0	1	0	1	0	0	0	0	0	1
cell234	1	1	1	0	1	0	0	0	0	0	0	0	0	0	0
cell235	1	1	1	0	1	0	0	1	0	0	0	0	0	0	0
cell236	1	0	0	0	0	0	1	0	0	0	0	1	0	1	0
cell237	1	1	0	0	1	0	0	0	0	0	0	0	0	0	1
cell238	1	1	0	1	0	1	1	0	0	0	0	1	0	0	0
cell239	1	1	0	0	0	0	1	0	0	0	0	0	0	0	0
cell240	1	1	0	0	0	0	0	0	0	0	0	0	0	0	0
cell241	1	1	0	0	0	0	0	0	0	1	1	0	0	1	0
cell242	1	1	1	0	0	0	0	0	0	0	0	0	0	0	0
cell243	1	1	0	1	0	0	1	0	0	0	0	1	0	0	0
cell244	1	1	0	0	0	0	0	0	0	1	1	0	0	0	0
cell245	1	1	0	0	0	0	1	0	0	0	0	0	0	0	0
cell246	1	1	0	0	0	0	0	1	1	0	0	0	0	0	0
cell247	1	1	0	0	0	0	1	1	0	0	0	0	0	0	0
cell248	1	1	0	0	0	0	0	1	0	0	0	0	0	0	0
cell249	1	1	0	0	0	0	0	1	1	0	0	0	0	0	0
cell250	1	1	1	0	0	1	0	0	0	1	0	0	0	0	0
cell251	1	1	0	0	0	0	0	1	0	0	0	0	0	0	0
cell252	1	1	0	0	0	0	1	0	0	0	0	1	0	0	0
cell253	1	1	0	0	0	0	0	0	0	1	0	0	0	0	0
cell254	1	1	1	0	1	0	0	0	0	0	0	0	0	0	1
cell255	1	1	0	0	0	0	0	0	0	1	1	0	1	0	0
cell256	1	1	0	0	0	0	0	1	0	0	1	0	1	0	0
cell257	1	1	0	0	0	1	0	0	0	1	0	0	1	0	0
cell258	1	1	0	0	0	0	0	0	0	1	0	0	0	0	0
cell259	1	1	0	0	0	0	0	0	0	0	0	0	0	0	0
cell260	1	1	1	0	1	0	0	0	0	0	0	0	0	0	0
cell261	1	1	1	0	1	0	0	0	0	0	0	0	0	0	1
cell262	1	1	0	0	0	0	0	0	0	1	0	0	0	0	0
cell263	1	1	1	0	1	0	0	0	0	0	0	0	0	0	0
cell264	1	1	1	0	0	0	0	0	0	0	1	0	0	0	0
cell265	1	1	0	0	0	0	0	1	1	0	1	0	0	0	0
cell266	1	1	0	0	0	0	0	1	1	0	0	0	0	0	0
cell267	1	1	1	0	1	0	0	0	1	0	0	0	0	1	0
cell268	1	1	0	0	0	1	1	0	0	0	0	0	0	0	1
cell269	1	1	0	0	0	0	0	0	0	1	0	0	0	0	0
cell270	1	1	0	0	0	0	0	1	0	1	0	0	0	0	0
cell271	1	1	0	1	0	0	1	0	0	0	0	0	0	0	0
cell272	1	1	1	0	1	0	0	0	0	0	0	0	0	0	0
cell273	1	1	0	0	0	0	1	0	0	0	0	0	0	0	0
cell274	1	1	0	0	0	0	0	1	1	0	0	0	0	1	0
cell275	1	1	1	0	0	0	0	0	0	0	0	0	1	0	0
cell276	1	1	0	0	0	1	1	0	0	0	0	1	0	0	0
cell277	1	1	0	0	0	0	0	0	0	1	1	0	0	0	0
cell278	1	1	0	1	0	0	1	0	0	0	0	0	0	0	0
cell279	1	1	1	0	1	0	0	0	0	0	0	0	0	0	0
cell280	1	1	0	0	0	0	0	0	0	1	1	0	1	0	0
cell281	1	1	0	0	0	0	0	1	0	0	0	0	0	0	0
cell282	1	1	0	0	1	0	1	0	0	0	0	0	0	0	0
cell283	1	1	0	0	1	0	0	0	1	1	1	0	1	0	0
cell284	1	1	0	0	1	0	0	1	1	0	0	0	0	0	0
cell285	1	1	1	0	0	0	0	0	0	0	0	0	0	0	0
cell286	1	1	0	0	0	0	0	1	1	0	0	0	0	0	0
cell287	1	1	0	0	0	0	1	0	0	1	1	0	0	0	0
cell288	1	1	0	0	0	0	0	1	0	0	0	0	0	0	0
cell289	1	1	0	0	0	0	1	1	0	0	0	1	0	0	0
cell290	1	1	0	1	0	0	0	0	0	0	0	0	0	0	0
cell291	1	1	0	1	0	0	1	0	0	0	0	0	0	0	0
cell292	1	1	0	0	0	0	1	0	1	1	0	0	0	0	0
cell293	1	1	0	0	0	0	0	0	0	1	1	0	0	0	0
cell294	1	1	1	1	1	0	0	0	0	0	0	0	0	1	0
cell295	1	1	0	0	0	0	0	1	0	0	0	0	0	1	0
cell296	1	1	1	0	1	0	0	0	0	0	0	0	0	0	0
cell297	1	1	0	0	0	0	0	1	1	0	0	0	0	1	0
cell298	1	1	0	1	0	0	0	1	0	0	0	0	0	0	0
cell299	1	1	0	1	0	0	1	0	0	0	0	0	0	0	0
cell300	1	0	0	0	0	0	0	0	0	0	0	0	0	0	0
cell301	1	0	0	0	0	0	0	0	0	0	0	0	0	0	0
cell302	1	1	0	0	0	0	0	1	0	0	0	0	0	0	0
cell303	1	1	1	0	1	0	0	0	1	0	0	0	0	0	0
cell304	1	1	0	0	0	0	0	0	0	1	1	0	1	0	0
cell305	1	1	0	0	0	1	1	0	0	0	0	0	0	0	0
cell306	1	1	0	0	0	0	0	0	0	1	1	0	0	0	0
cell307	1	1	0	0	1	0	0	0	0	1	1	0	1	0	0
cell308	1	0	0	1	0	1	0	1	0	0	1	0	0	0	0
cell309	1	1	0	0	0	0	1	0	0	0	0	0	0	0	0
cell310	1	1	1	0	1	0	0	0	0	0	0	0	0	0	1
cell311	1	1	1	0	1	0	0	0	0	1	1	0	0	0	1
cell312	1	0	0	0	0	0	0	0	0	1	0	0	0	0	0
cell313	1	1	0	0	0	0	0	1	0	1	0	0	0	0	0
cell314	1	1	0	1	0	0	1	0	1	0	1	0	0	0	0
cell315	1	1	0	0	0	0	1	0	0	0	0	0	0	0	0
cell316	1	1	1	1	1	0	0	0	1	0	0	0	0	0	0
cell317	1	1	0	0	0	1	1	0	0	0	0	0	0	0	0
cell318	1	0	0	0	0	0	1	0	0	0	0	0	0	0	0
cell319	1	1	0	1	0	0	1	0	0	0	0	0	0	0	0
cell320	1	1	0	0	0	0	0	0	0	1	0	0	0	0	0
cell321	1	1	1	0	1	0	0	0	1	0	0	0	0	0	1
cell322	1	1	0	0	0	1	1	0	1	0	0	0	0	0	0
cell323	1	1	0	0	0	0	0	0	0	1	0	1	0	0	0
cell324	1	0	0	0	0	0	0	1	1	0	1	0	0	0	0
cell325	1	1	0	0	0	0	0	1	1	0	0	0	0	1	0
cell326	1	1	0	1	0	0	1	0	0	0	0	0	0	0	0
cell327	1	1	0	0	0	0	1	0	0	0	0	1	0	0	0
cell328	1	1	1	0	1	0	0	0	0	0	0	0	0	0	1
cell329	1	1	0	0	0	0	0	0	0	0	0	0	0	0	0
cell330	1	1	0	1	0	0	0	1	0	0	0	0	0	0	0
cell331	1	1	1	0	1	0	0	0	0	0	0	0	0	0	0
cell332	1	1	0	0	0	0	0	0	0	1	0	0	0	0	0
cell333	1	0	1	0	0	1	1	0	0	0	0	0	0	0	0
cell334	1	1	0	0	0	0	0	1	0	0	0	0	0	0	0
cell335	1	1	0	0	0	0	0	0	0	0	0	1	0	0	0
cell336	1	1	1	0	0	0	0	0	0	0	0	0	0	0	0
cell337	1	1	0	0	0	0	1	0	0	0	0	1	0	1	0
cell338	1	1	0	0	0	0	0	1	1	0	0	0	0	1	0
cell339	1	1	0	0	0	0	0	1	0	1	0	0	0	0	0
cell340	1	0	0	0	0	0	0	0	0	0	0	0	0	0	0
cell341	1	1	1	0	0	0	0	0	0	0	0	0	0	0	0
cell342	1	1	0	0	0	1	1	0	0	0	0	0	0	0	0
cell343	1	0	0	0	0	0	0	0	0	1	0	0	0	0	0
cell344	1	1	1	0	1	0	0	0	0	0	0	0	0	1	0
cell345	1	1	0	0	0	0	0	1	0	0	0	0	0	0	0
cell346	1	0	1	0	0	0	0	0	0	0	0	0	1	0	0
cell347	1	1	0	0	0	0	0	0	0	1	1	0	0	0	0
cell348	1	1	0	0	0	0	1	0	0	0	0	0	0	0	0
cell349	1	1	0	0	0	1	0	0	0	1	1	0	1	0	0
cell350	1	1	0	0	0	1	1	0	0	0	0	1	0	0	0
cell351	1	1	0	0	0	0	1	0	0	0	0	0	0	0	0
cell352	1	1	0	0	0	0	0	1	0	0	0	0	0	0	0
cell353	1	1	0	0	0	0	0	0	0	1	1	0	0	0	0
cell354	1	0	1	0	0	0	0	0	0	0	0	0	0	0	0
cell355	1	1	1	0	0	0	1	0	0	0	0	0	0	0	0
cell356	1	0	0	0	0	0	0	0	0	1	0	0	0	0	0
cell357	1	0	0	0	0	0	0	1	0	0	0	0	0	0	0
cell358	1	1	1	0	1	0	1	0	0	0	0	0	0	0	0
cell359	1	0	0	0	0	0	0	1	0	0	0	0	0	1	0
cell360	1	1	0	0	0	0	1	0	0	0	0	1	0	0	0
cell361	1	1	0	0	0	0	0	0	0	1	0	0	0	0	0
cell362	1	0	0	0	0	0	0	1	1	0	0	0	0	1	0
cell363	1	1	1	0	1	0	0	0	0	0	0	0	0	0	0
cell364	1	1	0	1	1	0	0	0	0	1	1	0	1	0	0
cell365	1	1	1	0	0	0	0	0	0	0	0	1	0	0	0
cell366	1	1	0	0	0	0	0	0	0	1	0	0	0	0	0
cell367	1	1	1	0	0	1	0	0	0	0	0	0	0	0	0
cell368	1	1	0	1	0	0	1	0	0	0	0	0	0	0	1
cell369	1	1	1	0	1	0	0	0	1	0	0	0	0	0	0
cell370	1	1	1	0	1	0	0	0	1	0	0	0	0	0	0
cell371	1	1	0	0	0	0	0	0	0	1	1	0	1	0	0
cell372	1	1	1	0	0	0	0	1	1	0	0	0	0	1	0
cell373	1	1	0	0	0	0	0	0	0	1	1	0	0	0	0
cell374	1	1	0	1	0	0	0	1	1	0	0	0	0	0	0
cell375	1	1	0	0	1	0	1	0	0	0	0	1	0	0	0
cell376	1	1	0	0	0	0	1	0	0	0	1	0	0	0	0
cell377	1	1	1	0	1	0	0	0	0	1	0	0	0	0	0
cell378	1	1	0	0	0	0	0	1	1	0	0	0	0	1	0
cell379	1	1	1	0	1	0	0	0	0	0	0	0	0	0	0
cell380	1	0	0	0	0	0	0	0	0	1	0	0	1	0	0
cell381	1	1	0	0	0	0	0	0	0	1	1	0	0	0	0
cell382	1	1	0	0	0	0	1	0	0	0	1	0	0	0	0
cell383	1	0	0	1	0	0	0	0	0	0	0	1	0	0	0
cell384	1	1	0	0	0	0	0	0	0	1	1	0	0	0	0
cell385	1	1	0	0	0	0	0	1	1	0	0	0	0	0	0
cell386	1	1	0	0	0	0	1	0	0	0	0	0	0	0	0
cell387	1	1	1	0	1	0	0	0	0	0	0	1	0	0	1
cell388	1	1	0	0	0	0	0	1	1	0	0	0	0	0	0
cell389	1	1	0	0	0	0	1	0	0	0	0	0	0	0	0
cell390	1	1	0	0	0	0	0	0	0	1	1	0	1	1	0
cell391	1	1	1	0	0	0	0	0	0	0	0	0	0	0	0
cell392	1	1	0	0	0	0	1	0	0	0	0	0	0	0	0
cell393	1	1	0	1	0	1	1	0	0	0	0	0	0	0	0
cell394	1	1	0	0	0	0	0	1	1	0	0	0	0	0	0
cell395	1	1	0	1	0	0	1	0	0	0	0	1	1	0	0
cell396	1	1	1	0	0	0	1	0	0	0	0	0	0	0	0
cell397	1	1	0	0	1	0	1	0	0	0	0	0	0	0	0
cell398	1	0	0	0	0	0	0	1	0	0	0	0	0	1	0
cell399	1	1	0	0	0	0	1	0	0	0	0	0	0	0	0
cell400	1	1	0	0	0	1	1	0	0	0	0	1	0	0	0
cell401	1	1	0	0	0	0	0	0	0	1	1	0	0	0	0
cell402	1	1	0	0	0	0	1	0	1	1	0	1	0	0	0
cell403	1	1	0	0	0	0	1	0	0	0	0	1	0	0	0
cell404	1	1	0	1	0	1	1	0	0	0	0	0	0	0	1
cell405	1	1	0	0	0	0	1	0	0	0	1	0	0	1	0
cell406	1	1	0	0	0	0	0	0	0	1	1	0	0	0	0
cell407	1	1	0	0	0	0	0	0	1	0	0	0	0	0	0
cell408	1	1	0	0	0	1	1	0	0	0	0	0	1	0	0
cell409	1	1	0	0	0	0	0	0	0	1	0	0	0	0	0
cell410	1	1	0	0	0	0	0	0	0	0	0	1	0	0	0
cell411	1	1	1	1	0	1	0	1	1	0	0	0	0	1	0
cell412	1	1	1	0	0	0	0	1	0	0	0	0	0	0	0
cell413	1	1	0	0	0	0	0	0	0	1	0	0	1	0	0
cell414	1	1	0	0	0	0	0	0	0	1	1	0	1	0	0
cell415	1	0	0	0	1	0	0	0	0	0	0	0	0	0	0
cell416	1	1	0	0	0	0	0	0	0	1	1	1	0	0	0
cell417	1	1	0	0	0	0	0	1	0	1	1	0	0	0	0
cell418	1	1	0	0	0	0	0	0	0	1	0	0	0	0	0
cell419	1	0	0	0	0	1	0	0	0	0	0	0	0	0	0
cell420	1	1	0	1	0	0	1	0	0	0	0	0	0	0	0
cell421	1	1	0	0	0	0	0	0	0	0	0	0	0	0	0
cell422	1	1	0	0	0	0	0	0	0	1	0	0	1	0	0
cell423	1	1	0	0	0	0	0	1	0	0	0	0	0	0	0
cell424	1	1	0	0	0	0	1	1	0	0	1	0	0	1	0
cell425	1	1	0	0	0	0	0	0	0	1	1	0	1	0	0
cell426	1	1	0	1	1	0	1	0	0	0	1	1	0	1	0
cell427	1	0	0	0	0	0	0	0	0	0	0	0	0	0	0
cell428	1	1	0	0	0	0	0	1	1	0	0	1	1	1	1
cell429	1	1	1	0	1	0	0	0	0	0	0	0	0	0	1
cell430	1	1	0	0	0	0	0	1	0	0	0	0	0	0	0
cell431	1	0	0	0	0	0	0	1	0	0	0	0	0	0	1
cell432	1	1	0	0	0	0	0	0	0	1	1	0	1	0	0
cell433	1	1	1	0	0	0	0	0	0	1	0	0	0	0	0
cell434	1	1	0	0	0	0	0	1	0	0	0	0	0	0	0
cell435	1	0	1	1	0	0	0	1	0	0	0	0	0	0	0
cell436	1	1	0	0	0	0	0	0	0	1	1	0	0	0	0
cell437	1	1	1	1	0	0	0	0	0	1	0	0	0	0	0
cell438	1	1	0	0	0	0	0	0	0	0	0	0	0	0	0
cell439	1	1	0	0	0	0	0	0	0	1	1	0	1	0	0
cell440	1	1	0	0	0	0	0	0	0	0	0	0	0	0	0
cell441	1	0	0	1	0	1	0	1	0	0	0	0	0	0	0
cell442	1	1	1	0	0	0	0	0	0	1	1	0	0	0	0
cell443	1	1	0	1	0	0	0	0	0	1	1	0	0	0	0
cell444	1	1	0	0	0	0	0	0	1	1	1	1	1	0	0
cell445	1	1	0	0	0	0	1	1	1	1	0	0	0	0	0
cell446	1	1	0	0	0	0	0	0	0	1	1	0	1	0	1
cell447	1	1	0	1	0	0	1	0	0	0	0	0	0	1	0
cell448	1	1	0	0	0	0	1	0	0	0	0	0	0	1	0
cell449	1	1	0	0	0	0	1	0	0	0	0	0	0	0	0
cell450	1	1	0	1	0	0	1	1	0	0	0	0	0	0	0
cell451	1	1	0	0	0	0	1	0	0	0	0	0	1	0	0
cell452	1	1	0	0	0	0	1	0	1	0	0	0	0	1	0
cell453	1	1	0	0	0	0	1	0	0	0	0	0	0	0	0
cell454	1	1	0	0	0	0	0	0	0	0	0	0	0	0	0
cell455	1	1	0	1	0	0	1	0	0	0	0	0	0	0	0
cell456	1	1	0	0	0	1	1	0	0	0	0	0	0	0	0
cell457	1	1	0	0	0	0	1	0	0	0	0	0	0	0	0
cell458	1	1	0	0	0	0	0	1	1	0	0	0	0	0	0
cell459	1	1	0	0	0	0	0	0	0	1	0	0	0	0	0
cell460	1	0	0	0	1	0	0	1	0	0	1	0	0	0	0
cell461	1	1	0	0	0	0	0	1	1	0	0	0	0	1	0
cell462	1	1	0	0	0	0	1	0	0	0	0	1	0	0	1
cell463	1	1	0	0	0	0	0	0	0	1	1	0	0	0	0
cell464	1	1	1	0	0	0	0	0	0	0	0	0	0	0	0
cell465	1	1	0	0	0	0	1	1	0	0	0	0	0	0	0
cell466	1	1	0	0	0	0	1	0	0	0	1	0	0	0	0
cell467	1	1	0	0	0	0	0	1	0	0	0	0	0	0	1
cell468	1	1	0	0	0	0	0	0	0	1	0	0	0	0	0
cell469	1	1	0	0	0	0	0	1	0	0	0	0	0	0	0
cell470	1	1	0	0	0	1	0	0	0	1	1	0	0	0	0
cell471	1	1	0	0	0	1	1	1	0	0	0	0	0	0	0
cell472	1	1	1	0	1	0	0	0	0	0	0	0	1	0	0
cell473	1	1	0	0	0	0	0	1	1	0	0	0	0	0	0
cell474	1	1	0	0	0	0	0	1	0	0	0	0	1	1	0
cell475	1	1	0	0	0	0	1	0	0	0	0	0	0	0	0
cell476	1	1	0	1	0	1	0	1	0	0	0	0	0	1	0
cell477	1	1	1	0	0	0	0	0	0	0	0	0	0	0	0
cell478	1	1	0	0	0	0	0	1	1	0	0	0	0	1	0
cell479	1	1	0	1	0	0	1	0	0	0	0	0	0	0	0
cell480	1	1	0	0	0	0	1	0	0	0	0	0	0	0	0
cell481	1	1	0	0	0	0	0	1	0	0	0	0	0	1	0
cell482	1	1	0	0	0	0	1	0	0	0	0	0	0	0	0
cell483	1	1	1	1	1	1	0	0	0	1	1	0	0	0	1
cell484	1	1	1	0	0	0	0	0	0	0	0	1	0	0	0
cell485	1	1	0	0	0	0	0	0	0	1	1	0	0	0	0
cell486	1	1	0	1	0	1	0	0	0	0	0	0	0	0	0
cell487	1	1	0	0	0	0	0	0	0	1	0	0	0	0	0
cell488	1	1	0	0	0	0	0	0	0	0	0	0	0	0	0
cell489	1	0	0	0	0	0	1	0	0	0	0	0	0	0	0
cell490	1	1	0	0	0	1	1	0	0	1	1	0	0	0	0
cell491	1	1	0	0	0	0	1	0	0	0	0	0	0	0	0
cell492	1	1	1	0	1	0	0	0	1	0	0	0	0	0	1
cell493	1	0	0	0	0	0	0	1	1	0	0	0	0	0	1
cell494	1	1	0	0	0	1	1	0	0	0	0	0	0	0	0
cell495	1	1	0	0	0	0	0	1	1	0	1	0	0	0	0
cell496	1	1	0	0	0	1	1	0	0	0	0	0	0	0	0
cell497	1	1	0	0	0	1	1	0	0	0	0	0	0	0	0
cell498	1	1	0	1	0	0	0	0	0	0	0	0	1	0	0
cell499	1	1	1	0	1	0	0	0	0	0	0	0	0	0	1
cell500	1	1	0	0	0	0	0	0	0	1	1	0	1	0	0
