0.2373 0.0962 0.6665 0.0000 0.0000 0.0000 0.0000 0.0000 0.0000 0.0000 0.0000 0.0000 0.0000 0.0000 0.0000
0.1244 0.8234 0.0000 0.0000 0.0000 0.0000 0.0521 0.0000 0.0000 0.0000 0.0000 0.0000 0.0000 0.0000 0.0000
0.2481 0.3401 0.0000 0.0000 0.0000 0.0000 0.0000 0.2389 0.0692 0.0000 0.0000 0.0000 0.0000 0.1037 0.0000
0.2383 0.2354 0.0000 0.0000 0.0000 0.0000 0.0000 0.0000 0.0000 0.3780 0.0536 0.0000 0.0947 0.0000 0.0000
0.6434 0.2418 0.0000 0.0000 0.0000 0.0000 0.0000 0.1149 0.0000 0.0000 0.0000 0.0000 0.0000 0.0000 0.0000
0.4970 0.2541 0.0000 0.0000 0.0000 0.0000 0.0000 0.1196 0.1294 0.0000 0.0000 0.0000 0.0000 0.0000 0.0000
0.2725 0.1331 0.0000 0.3499 0.0000 0.0000 0.2445 0.0000 0.0000 0.0000 0.0000 0.0000 0.0000 0.0000 0.0000
0.0584 0.2854 0.0000 0.0000 0.0000 0.0000 0.0000 0.0000 0.0000 0.3262 0.1180 0.0000 0.2120 0.0000 0.0000
0.3512 0.2394 0.0000 0.2636 0.0000 0.0000 0.1458 0.0000 0.0000 0.0000 0.0000 0.0000 0.0000 0.0000 0.0000
0.2831 0.0769 0.0000 0.0000 0.0000 0.0000 0.0000 0.1525 0.2421 0.0000 0.0000 0.0000 0.0000 0.2454 0.0000
0.2590 0.1128 0.0000 0.0000 0.0000 0.0000 0.6282 0.0000 0.0000 0.0000 0.0000 0.0000 0.0000 0.0000 0.0000
0.4382 0.1078 0.0000 0.0000 0.0000 0.0000 0.0000 0.1420 0.1785 0.0000 0.0000 0.0000 0.0000 0.1335 0.0000
0.1089 0.4036 0.0000 0.0000 0.0000 0.0000 0.0000 0.4226 0.0649 0.0000 0.0000 0.0000 0.0000 0.0000 0.0000
0.6542 0.2520 0.0000 0.0000 0.0000 0.0000 0.0000 0.0939 0.0000 0.0000 0.0000 0.0000 0.0000 0.0000 0.0000
0.0713 0.0530 0.0000 0.0000 0.0000 0.0000 0.0000 0.0000 0.0000 0.7028 0.1729 0.0000 0.0000 0.0000 0.0000
0.1850 0.3244 0.0000 0.0000 0.0000 0.3467 0.1440 0.0000 0.0000 0.0000 0.0000 0.0000 0.0000 0.0000 0.0000
0.3944 0.2955 0.0000 0.0000 0.0000 0.0000 0.0000 0.0000 0.0000 0.3101 0.0000 0.0000 0.0000 0.0000 0.0000
0.2082 0.4595 0.0000 0.0000 0.0000 0.0000 0.0000 0.1874 0.1450 0.0000 0.0000 0.0000 0.0000 0.0000 0.0000
0.2333 0.1965 0.0000 0.0000 0.0000 0.0000 0.0000 0.3919 0.1783 0.0000 0.0000 0.0000 0.0000 0.0000 0.0000
0.4679 0.1372 0.0000 0.0000 0.0000 0.0000 0.0000 0.1602 0.2347 0.0000 0.0000 0.0000 0.0000 0.0000 0.0000
0.1343 0.4987 0.0000 0.0000 0.0000 0.0000 0.0000 0.0000 0.0000 0.3670 0.0000 0.0000 0.0000 0.0000 0.0000
0.1682 0.8318 0.0000 0.0000 0.0000 0.0000 0.0000 0.0000 0.0000 0.0000 0.0000 0.0000 0.0000 0.0000 0.0000
0.3234 0.2744 0.4022 0.0000 0.0000 0.0000 0.0000 0.0000 0.0000 0.0000 0.0000 0.0000 0.0000 0.0000 0.0000
0.0781 0.4451 0.2386 0.0000 0.2382 0.0000 0.0000 0.0000 0.0000 0.0000 0.0000 0.0000 0.0000 0.0000 0.0000
0.1607 0.2371 0.0000 0.0000 0.0000 0.0000 0.0000 0.1657 0.1474 0.0000 0.0000 0.0000 0.0000 0.2891 0.0000
0.1139 0.2230 0.0000 0.0000 0.0000 0.0000 0.0000 0.6631 0.0000 0.0000 0.0000 0.0000 0.0000 0.0000 0.0000
0.0742 0.9258 0.0000 0.0000 0.0000 0.0000 0.0000 0.0000 0.0000 0.0000 0.0000 0.0000 0.0000 0.0000 0.0000
0.2965 0.1720 0.0000 0.0000 0.0000 0.0000 0.0000 0.0000 0.0000 0.5314 0.0000 0.0000 0.0000 0.0000 0.0000
0.3305 0.4692 0.0000 0.0000 0.0000 0.0000 0.0000 0.0000 0.0000 0.0899 0.1104 0.0000 0.0000 0.0000 0.0000
0.1014 0.1525 0.0000 0.0000 0.0000 0.0000 0.0000 0.0000 0.0000 0.0624 0.3111 0.0000 0.3726 0.0000 0.0000
0.0989 0.2471 0.0000 0.0000 0.0000 0.0000 0.0606 0.0000 0.0000 0.0000 0.0000 0.5935 0.0000 0.0000 0.0000
0.3626 0.1548 0.0000 0.0984 0.0000 0.0000 0.3842 0.0000 0.0000 0.0000 0.0000 0.0000 0.0000 0.0000 0.0000
0.1913 0.5196 0.0000 0.0000 0.0000 0.0000 0.2891 0.0000 0.0000 0.0000 0.0000 0.0000 0.0000 0.0000 0.0000
1.0000 0.0000 0.0000 0.0000 0.0000 0.0000 0.0000 0.0000 0.0000 0.0000 0.0000 0.0000 0.0000 0.0000 0.0000
0.4833 0.3437 0.0000 0.0000 0.0000 0.0000 0.0000 0.0000 0.0000 0.1730 0.0000 0.0000 0.0000 0.0000 0.0000
0.5493 0.2828 0.1678 0.0000 0.0000 0.0000 0.0000 0.0000 0.0000 0.0000 0.0000 0.0000 0.0000 0.0000 0.0000
0.3843 0.2174 0.0000 0.0000 0.0000 0.0000 0.0000 0.2422 0.1561 0.0000 0.0000 0.0000 0.0000 0.0000 0.0000
0.3526 0.2320 0.0000 0.0000 0.0000 0.0000 0.0000 0.0000 0.0000 0.4154 0.0000 0.0000 0.0000 0.0000 0.0000
0.0827 0.0714 0.0000 0.0000 0.0000 0.0000 0.0000 0.8459 0.0000 0.0000 0.0000 0.0000 0.0000 0.0000 0.0000
0.3758 0.1072 0.2509 0.0000 0.1735 0.0000 0.0000 0.0000 0.0000 0.0000 0.0000 0.0000 0.0000 0.0000 0.0925
0.5016 0.2758 0.0000 0.0000 0.0000 0.0000 0.2227 0.0000 0.0000 0.0000 0.0000 0.0000 0.0000 0.0000 0.0000
0.0890 0.1305 0.3758 0.0000 0.4047 0.0000 0.0000 0.0000 0.0000 0.0000 0.0000 0.0000 0.0000 0.0000 0.0000
0.2476 0.1410 0.0000 0.0000 0.0000 0.0000 0.0000 0.1564 0.4550 0.0000 0.0000 0.0000 0.0000 0.0000 0.0000
0.1009 0.3464 0.0000 0.0000 0.0000 0.0000 0.0000 0.0000 0.0000 0.0981 0.3291 0.0000 0.1256 0.0000 0.0000
0.1102 0.7319 0.0000 0.0000 0.0000 0.0000 0.1579 0.0000 0.0000 0.0000 0.0000 0.0000 0.0000 0.0000 0.0000
0.1178 0.5157 0.0000 0.0000 0.0000 0.0000 0.0000 0.0000 0.0000 0.3666 0.0000 0.0000 0.0000 0.0000 0.0000
0.5360 0.0573 0.4067 0.0000 0.0000 0.0000 0.0000 0.0000 0.0000 0.0000 0.0000 0.0000 0.0000 0.0000 0.0000
0.1074 0.0552 0.0000 0.0000 0.0000 0.0000 0.0000 0.2173 0.3069 0.0000 0.0000 0.0000 0.0000 0.3132 0.0000
0.4645 0.0610 0.0000 0.2911 0.0000 0.0000 0.1835 0.0000 0.0000 0.0000 0.0000 0.0000 0.0000 0.0000 0.0000
0.4448 0.2544 0.0968 0.0000 0.1176 0.0000 0.0000 0.0000 0.0000 0.0000 0.0000 0.0000 0.0000 0.0000 0.0864
0.2812 0.2011 0.5178 0.0000 0.0000 0.0000 0.0000 0.0000 0.0000 0.0000 0.0000 0.0000 0.0000 0.0000 0.0000
0.2148 0.2864 0.0000 0.0000 0.0000 0.0000 0.0000 0.0000 0.0000 0.2867 0.0693 0.0000 0.1428 0.0000 0.0000
0.0985 0.4039 0.0000 0.0000 0.0000 0.0000 0.0000 0.4976 0.0000 0.0000 0.0000 0.0000 0.0000 0.0000 0.0000
1.0000 0.0000 0.0000 0.0000 0.0000 0.0000 0.0000 0.0000 0.0000 0.0000 0.0000 0.0000 0.0000 0.0000 0.0000
0.2304 0.4856 0.0000 0.0000 0.0000 0.0000 0.0000 0.0000 0.0000 0.0675 0.2165 0.0000 0.0000 0.0000 0.0000
0.2274 0.3544 0.0000 0.0000 0.0000 0.0000 0.0000 0.0000 0.0000 0.2670 0.1512 0.0000 0.0000 0.0000 0.0000
0.4728 0.1727 0.0000 0.0000 0.0000 0.0000 0.0000 0.2246 0.1300 0.0000 0.0000 0.0000 0.0000 0.0000 0.0000
0.1173 0.8827 0.0000 0.0000 0.0000 0.0000 0.0000 0.0000 0.0000 0.0000 0.0000 0.0000 0.0000 0.0000 0.0000
0.3265 0.2548 0.0000 0.0000 0.0000 0.0000 0.4187 0.0000 0.0000 0.0000 0.0000 0.0000 0.0000 0.0000 0.0000
0.0981 0.7229 0.1790 0.0000 0.0000 0.0000 0.0000 0.0000 0.0000 0.0000 0.0000 0.0000 0.0000 0.0000 0.0000
0.0638 0.2981 0.0000 0.0000 0.0000 0.0000 0.0000 0.0948 0.4228 0.0000 0.0000 0.0000 0.0000 0.1206 0.0000
0.1175 0.1275 0.4932 0.0000 0.0943 0.0000 0.0000 0.0000 0.0000 0.0000 0.0000 0.0000 0.0000 0.0000 0.1675
0.4480 0.0876 0.0000 0.0000 0.0000 0.0000 0.4644 0.0000 0.0000 0.0000 0.0000 0.0000 0.0000 0.0000 0.0000
0.0515 0.5728 0.0000 0.0000 0.0000 0.0000 0.0000 0.3757 0.0000 0.0000 0.0000 0.0000 0.0000 0.0000 0.0000
0.4732 0.0843 0.0545 0.0000 0.1586 0.0000 0.0000 0.0000 0.0000 0.0000 0.0000 0.0000 0.0000 0.0000 0.2295
1.0000 0.0000 0.0000 0.0000 0.0000 0.0000 0.0000 0.0000 0.0000 0.0000 0.0000 0.0000 0.0000 0.0000 0.0000
0.0724 0.0618 0.0000 0.0000 0.0000 0.0000 0.0000 0.1185 0.2361 0.0000 0.0000 0.0000 0.0000 0.5112 0.0000
0.1685 0.4910 0.0000 0.0000 0.0000 0.1819 0.1587 0.0000 0.0000 0.0000 0.0000 0.0000 0.0000 0.0000 0.0000
0.3581 0.2036 0.0000 0.0000 0.0000 0.0000 0.0000 0.0595 0.2154 0.0000 0.0000 0.0000 0.0000 0.1633 0.0000
0.1833 0.0644 0.0000 0.0000 0.0000 0.0000 0.0000 0.0000 0.0000 0.4309 0.1881 0.0000 0.1333 0.0000 0.0000
0.3437 0.2359 0.0000 0.0000 0.0000 0.0000 0.0000 0.0000 0.0000 0.2587 0.0622 0.0000 0.0995 0.0000 0.0000
0.3208 0.2509 0.0000 0.0000 0.0000 0.0000 0.0000 0.0000 0.0000 0.0737 0.2610 0.0000 0.0937 0.0000 0.0000
0.0665 0.4810 0.0515 0.0000 0.0709 0.0000 0.0000 0.0000 0.0000 0.0000 0.0000 0.0000 0.0000 0.0000 0.3302
0.4188 0.4209 0.0000 0.0000 0.0000 0.0651 0.0951 0.0000 0.0000 0.0000 0.0000 0.0000 0.0000 0.0000 0.0000
0.1749 0.1649 0.0000 0.0000 0.0000 0.0000 0.1150 0.0000 0.0000 0.0000 0.0000 0.5452 0.0000 0.0000 0.0000
0.1905 0.2690 0.0000 0.0000 0.0000 0.0000 0.0000 0.0000 0.0000 0.4158 0.1248 0.0000 0.0000 0.0000 0.0000
0.0944 0.3476 0.0611 0.0000 0.1559 0.0000 0.0000 0.0000 0.0000 0.0000 0.0000 0.0000 0.0000 0.0000 0.3411
0.1470 0.3433 0.0000 0.0000 0.0000 0.0000 0.0000 0.0000 0.0000 0.0591 0.4507 0.0000 0.0000 0.0000 0.0000
0.7821 0.0548 0.0000 0.0000 0.0000 0.0000 0.0000 0.0000 0.0000 0.1631 0.0000 0.0000 0.0000 0.0000 0.0000
0.1254 0.3713 0.0000 0.0000 0.0000 0.0000 0.0000 0.2415 0.1300 0.0000 0.0000 0.0000 0.0000 0.1318 0.0000
0.1156 0.5296 0.0000 0.0000 0.0000 0.0000 0.0000 0.3548 0.0000 0.0000 0.0000 0.0000 0.0000 0.0000 0.0000
0.1940 0.1172 0.5474 0.0000 0.1413 0.0000 0.0000 0.0000 0.0000 0.0000 0.0000 0.0000 0.0000 0.0000 0.0000
0.4391 0.3231 0.0000 0.0000 0.0000 0.0000 0.0000 0.0000 0.0000 0.2378 0.0000 0.0000 0.0000 0.0000 0.0000
0.5994 0.2712 0.0000 0.0000 0.0000 0.0000 0.0000 0.0000 0.0000 0.1294 0.0000 0.0000 0.0000 0.0000 0.0000
0.0649 0.4913 0.0000 0.0000 0.0000 0.0000 0.0000 0.0000 0.0000 0.0616 0.1204 0.0000 0.2618 0.0000 0.0000
0.1916 0.1605 0.0000 0.0000 0.0000 0.0000 0.0000 0.6479 0.0000 0.0000 0.0000 0.0000 0.0000 0.0000 0.0000
0.1426 0.2607 0.0000 0.0000 0.0000 0.0000 0.0000 0.2735 0.0859 0.0000 0.0000 0.0000 0.0000 0.2373 0.0000
0.1008 0.0919 0.4531 0.0000 0.3007 0.0000 0.0000 0.0000 0.0000 0.0000 0.0000 0.0000 0.0000 0.0000 0.0535
0.1024 0.2298 0.0000 0.0000 0.0000 0.0000 0.0000 0.6677 0.0000 0.0000 0.0000 0.0000 0.0000 0.0000 0.0000
0.2480 0.2867 0.0000 0.0000 0.0000 0.0000 0.0000 0.0909 0.0622 0.0000 0.0000 0.0000 0.0000 0.3123 0.0000
0.1427 0.2095 0.0000 0.0000 0.0000 0.0000 0.0000 0.1531 0.3390 0.0000 0.0000 0.0000 0.0000 0.1558 0.0000
0.3499 0.1727 0.0000 0.0000 0.0000 0.0000 0.0000 0.0000 0.0000 0.0832 0.2662 0.0000 0.1280 0.0000 0.0000
0.0521 0.3494 0.0000 0.0000 0.0000 0.0000 0.0000 0.1137 0.4847 0.0000 0.0000 0.0000 0.0000 0.0000 0.0000
0.3787 0.4784 0.1430 0.0000 0.0000 0.0000 0.0000 0.0000 0.0000 0.0000 0.0000 0.0000 0.0000 0.0000 0.0000
0.2155 0.0648 0.0000 0.0000 0.0000 0.0000 0.0000 0.1292 0.5906 0.0000 0.0000 0.0000 0.0000 0.0000 0.0000
0.1894 0.3643 0.0000 0.0000 0.0000 0.0000 0.0000 0.4463 0.0000 0.0000 0.0000 0.0000 0.0000 0.0000 0.0000
0.2829 0.1012 0.0000 0.0000 0.0000 0.0000 0.0000 0.6159 0.0000 0.0000 0.0000 0.0000 0.0000 0.0000 0.0000
0.2893 0.0547 0.3720 0.0000 0.2840 0.0000 0.0000 0.0000 0.0000 0.0000 0.0000 0.0000 0.0000 0.0000 0.0000
0.3712 0.1442 0.0000 0.0000 0.0000 0.0000 0.0000 0.0000 0.0000 0.2715 0.1303 0.0000 0.0827 0.0000 0.0000
1.0000 0.0000 0.0000 0.0000 0.0000 0.0000 0.0000 0.0000 0.0000 0.0000 0.0000 0.0000 0.0000 0.0000 0.0000
0.4345 0.1052 0.0000 0.0000 0.0000 0.0000 0.0000 0.0000 0.0000 0.2549 0.1086 0.0000 0.0968 0.0000 0.0000
1.0000 0.0000 0.0000 0.0000 0.0000 0.0000 0.0000 0.0000 0.0000 0.0000 0.0000 0.0000 0.0000 0.0000 0.0000
0.4951 0.0846 0.0000 0.0000 0.0000 0.0000 0.3675 0.0000 0.0000 0.0000 0.0000 0.0528 0.0000 0.0000 0.0000
0.1534 0.2750 0.0000 0.0000 0.0000 0.0000 0.0000 0.1637 0.1635 0.0000 0.0000 0.0000 0.0000 0.2445 0.0000
1.0000 0.0000 0.0000 0.0000 0.0000 0.0000 0.0000 0.0000 0.0000 0.0000 0.0000 0.0000 0.0000 0.0000 0.0000
0.2247 0.4647 0.0000 0.0000 0.0000 0.0000 0.1168 0.0000 0.0000 0.0000 0.0000 0.1939 0.0000 0.0000 0.0000
0.1000 0.1707 0.0000 0.0000 0.0000 0.0000 0.0000 0.0000 0.0000 0.1654 0.3841 0.0000 0.1797 0.0000 0.0000
0.2358 0.3765 0.0000 0.0000 0.0000 0.0000 0.3877 0.0000 0.0000 0.0000 0.0000 0.0000 0.0000 0.0000 0.0000
0.1564 0.1825 0.0000 0.0000 0.0000 0.0000 0.0000 0.0958 0.0942 0.0000 0.0000 0.0000 0.0000 0.4711 0.0000
0.0752 0.1045 0.1714 0.0000 0.3951 0.0000 0.0000 0.0000 0.0000 0.0000 0.0000 0.0000 0.0000 0.0000 0.2538
0.2641 0.0636 0.4576 0.0000 0.1453 0.0000 0.0000 0.0000 0.0000 0.0000 0.0000 0.0000 0.0000 0.0000 0.0694
0.1263 0.1343 0.0000 0.0000 0.0000 0.0000 0.0000 0.0000 0.0000 0.0769 0.5147 0.0000 0.1477 0.0000 0.0000
0.8120 0.0772 0.0000 0.0000 0.0000 0.0000 0.1107 0.0000 0.0000 0.0000 0.0000 0.0000 0.0000 0.0000 0.0000
0.2310 0.5368 0.0866 0.0000 0.1457 0.0000 0.0000 0.0000 0.0000 0.0000 0.0000 0.0000 0.0000 0.0000 0.0000
0.1796 0.2286 0.0000 0.0000 0.0000 0.0000 0.0000 0.0000 0.0000 0.2347 0.1787 0.0000 0.1784 0.0000 0.0000
0.3228 0.2577 0.0000 0.0000 0.0000 0.3543 0.0652 0.0000 0.0000 0.0000 0.0000 0.0000 0.0000 0.0000 0.0000
0.3726 0.3097 0.0000 0.0000 0.0000 0.0000 0.0000 0.0000 0.0000 0.3177 0.0000 0.0000 0.0000 0.0000 0.0000
0.5718 0.0848 0.1190 0.0000 0.2244 0.0000 0.0000 0.0000 0.0000 0.0000 0.0000 0.0000 0.0000 0.0000 0.0000
0.0743 0.2205 0.0557 0.0000 0.4894 0.0000 0.0000 0.0000 0.0000 0.0000 0.0000 0.0000 0.0000 0.0000 0.1601
0.1860 0.1035 0.0000 0.0000 0.0000 0.0000 0.0000 0.0000 0.0000 0.2988 0.1750 0.0000 0.2367 0.0000 0.0000
0.6353 0.0813 0.0707 0.0000 0.2128 0.0000 0.0000 0.0000 0.0000 0.0000 0.0000 0.0000 0.0000 0.0000 0.0000
0.0616 0.3586 0.0000 0.0000 0.0000 0.0000 0.0000 0.0000 0.0000 0.2841 0.2122 0.0000 0.0834 0.0000 0.0000
0.1117 0.4539 0.0000 0.0000 0.0000 0.2213 0.2131 0.0000 0.0000 0.0000 0.0000 0.0000 0.0000 0.0000 0.0000
0.0831 0.2835 0.0000 0.0000 0.0000 0.0000 0.0000 0.1498 0.3818 0.0000 0.0000 0.0000 0.0000 0.1018 0.0000
0.1064 0.7942 0.0994 0.0000 0.0000 0.0000 0.0000 0.0000 0.0000 0.0000 0.0000 0.0000 0.0000 0.0000 0.0000
0.0789 0.6244 0.0916 0.0000 0.2051 0.0000 0.0000 0.0000 0.0000 0.0000 0.0000 0.0000 0.0000 0.0000 0.0000
0.5318 0.4682 0.0000 0.0000 0.0000 0.0000 0.0000 0.0000 0.0000 0.0000 0.0000 0.0000 0.0000 0.0000 0.0000
0.3389 0.4190 0.1580 0.0000 0.0840 0.0000 0.0000 0.0000 0.0000 0.0000 0.0000 0.0000 0.0000 0.0000 0.0000
0.4506 0.2471 0.0000 0.0000 0.0000 0.0000 0.0000 0.0813 0.2210 0.0000 0.0000 0.0000 0.0000 0.0000 0.0000
0.0951 0.2564 0.0000 0.0000 0.0000 0.0000 0.0000 0.0000 0.0000 0.2244 0.4241 0.0000 0.0000 0.0000 0.0000
1.0000 0.0000 0.0000 0.0000 0.0000 0.0000 0.0000 0.0000 0.0000 0.0000 0.0000 0.0000 0.0000 0.0000 0.0000
0.2520 0.4191 0.0000 0.0000 0.0000 0.0000 0.0000 0.0000 0.0000 0.3289 0.0000 0.0000 0.0000 0.0000 0.0000
0.3036 0.2039 0.0000 0.0000 0.0000 0.0000 0.3102 0.0000 0.0000 0.0000 0.0000 0.1823 0.0000 0.0000 0.0000
0.5647 0.1240 0.0000 0.0000 0.0000 0.0000 0.0000 0.3113 0.0000 0.0000 0.0000 0.0000 0.0000 0.0000 0.0000
0.1925 0.2696 0.0000 0.0000 0.0000 0.0000 0.0000 0.1891 0.2846 0.0000 0.0000 0.0000 0.0000 0.0642 0.0000
0.7722 0.0720 0.0000 0.0000 0.0000 0.0000 0.0000 0.0000 0.0000 0.1557 0.0000 0.0000 0.0000 0.0000 0.0000
0.2274 0.3100 0.0000 0.0000 0.0000 0.0000 0.0000 0.4626 0.0000 0.0000 0.0000 0.0000 0.0000 0.0000 0.0000
0.4190 0.4192 0.0000 0.0000 0.0000 0.0000 0.1619 0.0000 0.0000 0.0000 0.0000 0.0000 0.0000 0.0000 0.0000
0.4133 0.5867 0.0000 0.0000 0.0000 0.0000 0.0000 0.0000 0.0000 0.0000 0.0000 0.0000 0.0000 0.0000 0.0000
0.4127 0.0599 0.0000 0.0000 0.0000 0.0553 0.4720 0.0000 0.0000 0.0000 0.0000 0.0000 0.0000 0.0000 0.0000
1.0000 0.0000 0.0000 0.0000 0.0000 0.0000 0.0000 0.0000 0.0000 0.0000 0.0000 0.0000 0.0000 0.0000 0.0000
0.6494 0.1140 0.0000 0.0000 0.0000 0.0000 0.0000 0.2365 0.0000 0.0000 0.0000 0.0000 0.0000 0.0000 0.0000
0.5415 0.4585 0.0000 0.0000 0.0000 0.0000 0.0000 0.0000 0.0000 0.0000 0.0000 0.0000 0.0000 0.0000 0.0000
0.1542 0.1911 0.1705 0.0000 0.0672 0.0000 0.0000 0.0000 0.0000 0.0000 0.0000 0.0000 0.0000 0.0000 0.4170
0.5714 0.0619 0.0000 0.0000 0.0000 0.0000 0.0000 0.1966 0.1702 0.0000 0.0000 0.0000 0.0000 0.0000 0.0000
0.2018 0.4919 0.0000 0.0000 0.0000 0.0000 0.0000 0.1111 0.1203 0.0000 0.0000 0.0000 0.0000 0.0749 0.0000
0.0518 0.1371 0.0000 0.2113 0.0000 0.0000 0.5999 0.0000 0.0000 0.0000 0.0000 0.0000 0.0000 0.0000 0.0000
0.4465 0.2128 0.0000 0.0000 0.0000 0.0000 0.1182 0.0000 0.0000 0.0000 0.0000 0.2225 0.0000 0.0000 0.0000
0.1946 0.3446 0.0000 0.0000 0.0000 0.0000 0.0000 0.0000 0.0000 0.4608 0.0000 0.0000 0.0000 0.0000 0.0000
1.0000 0.0000 0.0000 0.0000 0.0000 0.0000 0.0000 0.0000 0.0000 0.0000 0.0000 0.0000 0.0000 0.0000 0.0000
0.0568 0.4118 0.4650 0.0000 0.0664 0.0000 0.0000 0.0000 0.0000 0.0000 0.0000 0.0000 0.0000 0.0000 0.0000
0.1890 0.4122 0.0000 0.0000 0.0000 0.0000 0.0000 0.3987 0.0000 0.0000 0.0000 0.0000 0.0000 0.0000 0.0000
0.1687 0.0616 0.0000 0.0000 0.0000 0.0000 0.0000 0.1477 0.4611 0.0000 0.0000 0.0000 0.0000 0.1610 0.0000
0.0976 0.5137 0.0000 0.0000 0.0000 0.0000 0.0000 0.3886 0.0000 0.0000 0.0000 0.0000 0.0000 0.0000 0.0000
0.1434 0.2142 0.6424 0.0000 0.0000 0.0000 0.0000 0.0000 0.0000 0.0000 0.0000 0.0000 0.0000 0.0000 0.0000
1.0000 0.0000 0.0000 0.0000 0.0000 0.0000 0.0000 0.0000 0.0000 0.0000 0.0000 0.0000 0.0000 0.0000 0.0000
0.3207 0.3497 0.0000 0.0000 0.0000 0.0000 0.3296 0.0000 0.0000 0.0000 0.0000 0.0000 0.0000 0.0000 0.0000
0.2484 0.1934 0.0000 0.0000 0.0000 0.0000 0.3196 0.0000 0.0000 0.0000 0.0000 0.2385 0.0000 0.0000 0.0000
0.1226 0.1941 0.0000 0.0000 0.0000 0.0000 0.0000 0.2504 0.4329 0.0000 0.0000 0.0000 0.0000 0.0000 0.0000
0.2704 0.1619 0.0000 0.0000 0.0000 0.0000 0.0000 0.0000 0.0000 0.0773 0.4905 0.0000 0.0000 0.0000 0.0000
0.2912 0.5134 0.1954 0.0000 0.0000 0.0000 0.0000 0.0000 0.0000 0.0000 0.0000 0.0000 0.0000 0.0000 0.0000
0.2216 0.0683 0.0000 0.0000 0.0000 0.0000 0.0000 0.1186 0.5915 0.0000 0.0000 0.0000 0.0000 0.0000 0.0000
0.2736 0.7264 0.0000 0.0000 0.0000 0.0000 0.0000 0.0000 0.0000 0.0000 0.0000 0.0000 0.0000 0.0000 0.0000
0.5474 0.3800 0.0726 0.0000 0.0000 0.0000 0.0000 0.0000 0.0000 0.0000 0.0000 0.0000 0.0000 0.0000 0.0000
0.1730 0.3817 0.1214 0.0000 0.0918 0.0000 0.0000 0.0000 0.0000 0.0000 0.0000 0.0000 0.0000 0.0000 0.2320
0.4303 0.2901 0.0000 0.0000 0.0000 0.0000 0.2797 0.0000 0.0000 0.0000 0.0000 0.0000 0.0000 0.0000 0.0000
0.1676 0.2692 0.0000 0.4761 0.0000 0.0000 0.0871 0.0000 0.0000 0.0000 0.0000 0.0000 0.0000 0.0000 0.0000
0.4942 0.1115 0.0000 0.0000 0.0000 0.0000 0.0772 0.0000 0.0000 0.0000 0.0000 0.3172 0.0000 0.0000 0.0000
0.4513 0.1125 0.0000 0.0000 0.0000 0.0000 0.0000 0.1850 0.2511 0.0000 0.0000 0.0000 0.0000 0.0000 0.0000
0.2178 0.6073 0.0507 0.0000 0.0591 0.0000 0.0000 0.0000 0.0000 0.0000 0.0000 0.0000 0.0000 0.0000 0.0651
0.6149 0.1614 0.0000 0.0000 0.0000 0.0000 0.0000 0.0000 0.0000 0.2237 0.0000 0.0000 0.0000 0.0000 0.0000
0.2434 0.1144 0.0527 0.0000 0.3419 0.0000 0.0000 0.0000 0.0000 0.0000 0.0000 0.0000 0.0000 0.0000 0.2476
0.2393 0.2851 0.0000 0.0000 0.0000 0.0000 0.0000 0.0000 0.0000 0.2197 0.1547 0.0000 0.1011 0.0000 0.0000
0.1518 0.1786 0.0000 0.0000 0.0000 0.0000 0.0000 0.0000 0.0000 0.1242 0.3418 0.0000 0.2036 0.0000 0.0000
0.4731 0.0507 0.0000 0.0000 0.0000 0.0000 0.0000 0.1318 0.2781 0.0000 0.0000 0.0000 0.0000 0.0663 0.0000
0.2786 0.4057 0.0000 0.0000 0.0000 0.0000 0.2576 0.0000 0.0000 0.0000 0.0000 0.0580 0.0000 0.0000 0.0000
0.1387 0.3879 0.0000 0.0000 0.0000 0.0000 0.0000 0.0000 0.0000 0.3082 0.1652 0.0000 0.0000 0.0000 0.0000
0.2353 0.1160 0.1458 0.0000 0.2006 0.0000 0.0000 0.0000 0.0000 0.0000 0.0000 0.0000 0.0000 0.0000 0.3022
1.0000 0.0000 0.0000 0.0000 0.0000 0.0000 0.0000 0.0000 0.0000 0.0000 0.0000 0.0000 0.0000 0.0000 0.0000
0.0516 0.0703 0.3601 0.0000 0.5180 0.0000 0.0000 0.0000 0.0000 0.0000 0.0000 0.0000 0.0000 0.0000 0.0000
0.6223 0.1284 0.1037 0.0000 0.1456 0.0000 0.0000 0.0000 0.0000 0.0000 0.0000 0.0000 0.0000 0.0000 0.0000
0.0612 0.3426 0.5962 0.0000 0.0000 0.0000 0.0000 0.0000 0.0000 0.0000 0.0000 0.0000 0.0000 0.0000 0.0000
0.1741 0.0798 0.0000 0.0000 0.0000 0.0000 0.0000 0.1033 0.6429 0.0000 0.0000 0.0000 0.0000 0.0000 0.0000
0.0921 0.1403 0.0000 0.0000 0.0000 0.6144 0.1532 0.0000 0.0000 0.0000 0.0000 0.0000 0.0000 0.0000 0.0000
0.4283 0.2063 0.2535 0.0000 0.1119 0.0000 0.0000 0.0000 0.0000 0.0000 0.0000 0.0000 0.0000 0.0000 0.0000
1.0000 0.0000 0.0000 0.0000 0.0000 0.0000 0.0000 0.0000 0.0000 0.0000 0.0000 0.0000 0.0000 0.0000 0.0000
0.2541 0.6224 0.0000 0.0000 0.0000 0.0000 0.1235 0.0000 0.0000 0.0000 0.0000 0.0000 0.0000 0.0000 0.0000
0.2844 0.7156 0.0000 0.0000 0.0000 0.0000 0.0000 0.0000 0.0000 0.0000 0.0000 0.0000 0.0000 0.0000 0.0000
1.0000 0.0000 0.0000 0.0000 0.0000 0.0000 0.0000 0.0000 0.0000 0.0000 0.0000 0.0000 0.0000 0.0000 0.0000
0.2530 0.0883 0.3386 0.0000 0.3202 0.0000 0.0000 0.0000 0.0000 0.0000 0.0000 0.0000 0.0000 0.0000 0.0000
0.1040 0.7269 0.1690 0.0000 0.0000 0.0000 0.0000 0.0000 0.0000 0.0000 0.0000 0.0000 0.0000 0.0000 0.0000
0.4726 0.1420 0.3854 0.0000 0.0000 0.0000 0.0000 0.0000 0.0000 0.0000 0.0000 0.0000 0.0000 0.0000 0.0000
0.4987 0.1321 0.0000 0.0000 0.0000 0.0000 0.0000 0.1206 0.2485 0.0000 0.0000 0.0000 0.0000 0.0000 0.0000
0.0655 0.0822 0.0000 0.0000 0.0000 0.0000 0.0000 0.0000 0.0000 0.8523 0.0000 0.0000 0.0000 0.0000 0.0000
0.4334 0.5666 0.0000 0.0000 0.0000 0.0000 0.0000 0.0000 0.0000 0.0000 0.0000 0.0000 0.0000 0.0000 0.0000
0.1730 0.1550 0.0000 0.5098 0.0000 0.0000 0.1622 0.0000 0.0000 0.0000 0.0000 0.0000 0.0000 0.0000 0.0000
0.1066 0.0810 0.0000 0.0000 0.0000 0.0000 0.0000 0.0000 0.0000 0.8123 0.0000 0.0000 0.0000 0.0000 0.0000
0.2200 0.2449 0.0000 0.0000 0.0000 0.0000 0.0000 0.0000 0.0000 0.1430 0.3921 0.0000 0.0000 0.0000 0.0000
0.1252 0.7893 0.0000 0.0000 0.0000 0.0000 0.0855 0.0000 0.0000 0.0000 0.0000 0.0000 0.0000 0.0000 0.0000
0.1321 0.0907 0.5484 0.0000 0.1208 0.0000 0.0000 0.0000 0.0000 0.0000 0.0000 0.0000 0.0000 0.0000 0.1079
0.0559 0.4437 0.0000 0.0000 0.0000 0.0000 0.3023 0.0000 0.0000 0.0000 0.0000 0.1981 0.0000 0.0000 0.0000
1.0000 0.0000 0.0000 0.0000 0.0000 0.0000 0.0000 0.0000 0.0000 0.0000 0.0000 0.0000 0.0000 0.0000 0.0000
0.2620 0.4473 0.0000 0.0000 0.0000 0.0000 0.0000 0.1651 0.1256 0.0000 0.0000 0.0000 0.0000 0.0000 0.0000
0.2678 0.5680 0.1642 0.0000 0.0000 0.0000 0.0000 0.0000 0.0000 0.0000 0.0000 0.0000 0.0000 0.0000 0.0000
0.1015 0.4321 0.0000 0.0000 0.0000 0.0000 0.0000 0.4664 0.0000 0.0000 0.0000 0.0000 0.0000 0.0000 0.0000
0.3398 0.1093 0.0000 0.0000 0.0000 0.0000 0.0000 0.3266 0.2242 0.0000 0.0000 0.0000 0.0000 0.0000 0.0000
1.0000 0.0000 0.0000 0.0000 0.0000 0.0000 0.0000 0.0000 0.0000 0.0000 0.0000 0.0000 0.0000 0.0000 0.0000
0.2831 0.0523 0.0000 0.2371 0.0000 0.0000 0.4276 0.0000 0.0000 0.0000 0.0000 0.0000 0.0000 0.0000 0.0000
0.0612 0.2437 0.0000 0.0000 0.0000 0.1463 0.5489 0.0000 0.0000 0.0000 0.0000 0.0000 0.0000 0.0000 0.0000
0.0745 0.0529 0.4986 0.0000 0.2185 0.0000 0.0000 0.0000 0.0000 0.0000 0.0000 0.0000 0.0000 0.0000 0.1554
0.0750 0.4847 0.0000 0.0000 0.0000 0.0000 0.1142 0.0000 0.0000 0.0000 0.0000 0.3261 0.0000 0.0000 0.0000
0.4886 0.3526 0.0000 0.0000 0.0000 0.0000 0.0000 0.1588 0.0000 0.0000 0.0000 0.0000 0.0000 0.0000 0.0000
0.4868 0.1751 0.3381 0.0000 0.0000 0.0000 0.0000 0.0000 0.0000 0.0000 0.0000 0.0000 0.0000 0.0000 0.0000
0.5327 0.2861 0.1812 0.0000 0.0000 0.0000 0.0000 0.0000 0.0000 0.0000 0.0000 0.0000 0.0000 0.0000 0.0000
0.3630 0.1098 0.0000 0.0000 0.0000 0.0000 0.0000 0.1232 0.4041 0.0000 0.0000 0.0000 0.0000 0.0000 0.0000
0.1818 0.4934 0.0000 0.0000 0.0000 0.0000 0.0000 0.3248 0.0000 0.0000 0.0000 0.0000 0.0000 0.0000 0.0000
0.3056 0.1048 0.4310 0.0000 0.1586 0.0000 0.0000 0.0000 0.0000 0.0000 0.0000 0.0000 0.0000 0.0000 0.0000
0.2403 0.6989 0.0608 0.0000 0.0000 0.0000 0.0000 0.0000 0.0000 0.0000 0.0000 0.0000 0.0000 0.0000 0.0000
0.7081 0.2919 0.0000 0.0000 0.0000 0.0000 0.0000 0.0000 0.0000 0.0000 0.0000 0.0000 0.0000 0.0000 0.0000
0.0618 0.2013 0.0000 0.0000 0.0000 0.0000 0.1960 0.0000 0.0000 0.0000 0.0000 0.5408 0.0000 0.0000 0.0000
0.1376 0.6676 0.1948 0.0000 0.0000 0.0000 0.0000 0.0000 0.0000 0.0000 0.0000 0.0000 0.0000 0.0000 0.0000
0.2631 0.4988 0.0000 0.0000 0.0000 0.0000 0.0000 0.0000 0.0000 0.0830 0.1014 0.0000 0.0537 0.0000 0.0000
0.3203 0.2910 0.0000 0.0000 0.0000 0.3143 0.0744 0.0000 0.0000 0.0000 0.0000 0.0000 0.0000 0.0000 0.0000
0.0643 0.1014 0.0000 0.0000 0.0000 0.7022 0.1321 0.0000 0.0000 0.0000 0.0000 0.0000 0.0000 0.0000 0.0000
0.0640 0.8154 0.0000 0.0000 0.0000 0.0000 0.1206 0.0000 0.0000 0.0000 0.0000 0.0000 0.0000 0.0000 0.0000
0.7257 0.1989 0.0000 0.0000 0.0000 0.0000 0.0000 0.0754 0.0000 0.0000 0.0000 0.0000 0.0000 0.0000 0.0000
0.0558 0.0640 0.0000 0.7650 0.0000 0.0000 0.1152 0.0000 0.0000 0.0000 0.0000 0.0000 0.0000 0.0000 0.0000
1.0000 0.0000 0.0000 0.0000 0.0000 0.0000 0.0000 0.0000 0.0000 0.0000 0.0000 0.0000 0.0000 0.0000 0.0000
0.2123 0.0596 0.0000 0.0000 0.0000 0.0000 0.0000 0.2226 0.0917 0.0000 0.0000 0.0000 0.0000 0.4138 0.0000
0.1429 0.0809 0.2459 0.0000 0.1198 0.0000 0.0000 0.0000 0.0000 0.0000 0.0000 0.0000 0.0000 0.0000 0.4105
0.7293 0.1595 0.0000 0.0000 0.0000 0.0000 0.0000 0.0000 0.0000 0.1112 0.0000 0.0000 0.0000 0.0000 0.0000
0.1713 0.2435 0.1255 0.0000 0.1267 0.0000 0.0000 0.0000 0.0000 0.0000 0.0000 0.0000 0.0000 0.0000 0.3328
0.3453 0.5404 0.0000 0.0000 0.0000 0.0000 0.1143 0.0000 0.0000 0.0000 0.0000 0.0000 0.0000 0.0000 0.0000
0.1733 0.4495 0.1279 0.0000 0.2494 0.0000 0.0000 0.0000 0.0000 0.0000 0.0000 0.0000 0.0000 0.0000 0.0000
0.3650 0.1681 0.2153 0.0000 0.2517 0.0000 0.0000 0.0000 0.0000 0.0000 0.0000 0.0000 0.0000 0.0000 0.0000
0.4447 0.0592 0.0000 0.0000 0.0000 0.0000 0.2483 0.0000 0.0000 0.0000 0.0000 0.2478 0.0000 0.0000 0.0000
0.2496 0.7504 0.0000 0.0000 0.0000 0.0000 0.0000 0.0000 0.0000 0.0000 0.0000 0.0000 0.0000 0.0000 0.0000
0.3539 0.1770 0.0000 0.1374 0.0000 0.0000 0.3317 0.0000 0.0000 0.0000 0.0000 0.0000 0.0000 0.0000 0.0000
0.3403 0.5441 0.0000 0.0000 0.0000 0.0000 0.1156 0.0000 0.0000 0.0000 0.0000 0.0000 0.0000 0.0000 0.0000
0.3681 0.5609 0.0000 0.0000 0.0000 0.0000 0.0000 0.0000 0.0000 0.0709 0.0000 0.0000 0.0000 0.0000 0.0000
0.3498 0.0753 0.0000 0.0000 0.0000 0.0000 0.0000 0.0000 0.0000 0.1096 0.4654 0.0000 0.0000 0.0000 0.0000
0.1885 0.3032 0.5083 0.0000 0.0000 0.0000 0.0000 0.0000 0.0000 0.0000 0.0000 0.0000 0.0000 0.0000 0.0000
0.2292 0.2197 0.0000 0.4880 0.0000 0.0000 0.0631 0.0000 0.0000 0.0000 0.0000 0.0000 0.0000 0.0000 0.0000
0.1084 0.3388 0.0000 0.0000 0.0000 0.0000 0.0000 0.0000 0.0000 0.3257 0.1543 0.0000 0.0728 0.0000 0.0000
0.1813 0.1458 0.0000 0.0000 0.0000 0.0000 0.6728 0.0000 0.0000 0.0000 0.0000 0.0000 0.0000 0.0000 0.0000
0.0837 0.5713 0.0000 0.0000 0.0000 0.0000 0.0000 0.2512 0.0938 0.0000 0.0000 0.0000 0.0000 0.0000 0.0000
0.3833 0.3708 0.0000 0.0000 0.0000 0.0000 0.0000 0.1323 0.1137 0.0000 0.0000 0.0000 0.0000 0.0000 0.0000
0.0987 0.6368 0.0000 0.0000 0.0000 0.0000 0.0000 0.2645 0.0000 0.0000 0.0000 0.0000 0.0000 0.0000 0.0000
0.2623 0.1559 0.0000 0.0000 0.0000 0.0000 0.0000 0.2206 0.3611 0.0000 0.0000 0.0000 0.0000 0.0000 0.0000
0.3757 0.4438 0.0000 0.0000 0.0000 0.0000 0.0000 0.0000 0.0000 0.1805 0.0000 0.0000 0.0000 0.0000 0.0000
0.0796 0.5967 0.0000 0.0000 0.0000 0.0000 0.0000 0.2334 0.0904 0.0000 0.0000 0.0000 0.0000 0.0000 0.0000
0.1595 0.1204 0.0000 0.0000 0.0000 0.0000 0.1701 0.0000 0.0000 0.0000 0.0000 0.5500 0.0000 0.0000 0.0000
0.1435 0.1298 0.0000 0.0000 0.0000 0.0000 0.0000 0.0000 0.0000 0.7267 0.0000 0.0000 0.0000 0.0000 0.0000
0.0607 0.0813 0.1752 0.0000 0.3982 0.0000 0.0000 0.0000 0.0000 0.0000 0.0000 0.0000 0.0000 0.0000 0.2846
0.2416 0.0530 0.0000 0.0000 0.0000 0.0000 0.0000 0.0000 0.0000 0.2139 0.3935 0.0000 0.0980 0.0000 0.0000
0.1753 0.2904 0.0000 0.0000 0.0000 0.0000 0.0000 0.5342 0.0000 0.0000 0.0000 0.0000 0.0000 0.0000 0.0000
0.0950 0.1536 0.0000 0.0000 0.0000 0.0000 0.0000 0.0000 0.0000 0.4985 0.0678 0.0000 0.1852 0.0000 0.0000
0.3785 0.2751 0.0000 0.0000 0.0000 0.0000 0.0000 0.0000 0.0000 0.1660 0.1249 0.0000 0.0555 0.0000 0.0000
0.3965 0.6035 0.0000 0.0000 0.0000 0.0000 0.0000 0.0000 0.0000 0.0000 0.0000 0.0000 0.0000 0.0000 0.0000
0.0781 0.5531 0.2454 0.0000 0.1234 0.0000 0.0000 0.0000 0.0000 0.0000 0.0000 0.0000 0.0000 0.0000 0.0000
0.1759 0.2842 0.1514 0.0000 0.0555 0.0000 0.0000 0.0000 0.0000 0.0000 0.0000 0.0000 0.0000 0.0000 0.3330
0.2077 0.5076 0.0000 0.0000 0.0000 0.0000 0.0000 0.0000 0.0000 0.2847 0.0000 0.0000 0.0000 0.0000 0.0000
0.4733 0.0886 0.3319 0.0000 0.1062 0.0000 0.0000 0.0000 0.0000 0.0000 0.0000 0.0000 0.0000 0.0000 0.0000
0.1617 0.4523 0.3860 0.0000 0.0000 0.0000 0.0000 0.0000 0.0000 0.0000 0.0000 0.0000 0.0000 0.0000 0.0000
0.2023 0.2781 0.0000 0.0000 0.0000 0.0000 0.0000 0.1623 0.3573 0.0000 0.0000 0.0000 0.0000 0.0000 0.0000
0.2342 0.0837 0.0000 0.0000 0.0000 0.0000 0.0000 0.2463 0.4358 0.0000 0.0000 0.0000 0.0000 0.0000 0.0000
0.2854 0.2708 0.1345 0.0000 0.0950 0.0000 0.0000 0.0000 0.0000 0.0000 0.0000 0.0000 0.0000 0.0000 0.2143
0.1120 0.4459 0.0000 0.0000 0.0000 0.3387 0.1035 0.0000 0.0000 0.0000 0.0000 0.0000 0.0000 0.0000 0.0000
0.1486 0.4593 0.0000 0.0000 0.0000 0.0000 0.0000 0.0000 0.0000 0.3922 0.0000 0.0000 0.0000 0.0000 0.0000
0.1820 0.6694 0.0000 0.0000 0.0000 0.0000 0.0000 0.1486 0.0000 0.0000 0.0000 0.0000 0.0000 0.0000 0.0000
0.1384 0.3595 0.0000 0.2188 0.0000 0.0000 0.2832 0.0000 0.0000 0.0000 0.0000 0.0000 0.0000 0.0000 0.0000
0.3072 0.0897 0.6031 0.0000 0.0000 0.0000 0.0000 0.0000 0.0000 0.0000 0.0000 0.0000 0.0000 0.0000 0.0000
0.3473 0.0691 0.0000 0.0000 0.0000 0.0000 0.5836 0.0000 0.0000 0.0000 0.0000 0.0000 0.0000 0.0000 0.0000
0.0954 0.1472 0.0000 0.0000 0.0000 0.0000 0.0000 0.0540 0.5225 0.0000 0.0000 0.0000 0.0000 0.1809 0.0000
0.4069 0.1325 0.4606 0.0000 0.0000 0.0000 0.0000 0.0000 0.0000 0.0000 0.0000 0.0000 0.0000 0.0000 0.0000
0.3122 0.2645 0.0000 0.0000 0.0000 0.0000 0.1499 0.0000 0.0000 0.0000 0.0000 0.2734 0.0000 0.0000 0.0000
0.2812 0.2668 0.0000 0.0000 0.0000 0.0000 0.0000 0.0000 0.0000 0.1168 0.3352 0.0000 0.0000 0.0000 0.0000
0.0519 0.4353 0.0000 0.1580 0.0000 0.0000 0.3547 0.0000 0.0000 0.0000 0.0000 0.0000 0.0000 0.0000 0.0000
0.1555 0.0906 0.5635 0.0000 0.1275 0.0000 0.0000 0.0000 0.0000 0.0000 0.0000 0.0000 0.0000 0.0000 0.0628
0.1892 0.1023 0.0000 0.0000 0.0000 0.0000 0.0000 0.0000 0.0000 0.0637 0.4295 0.0000 0.2153 0.0000 0.0000
0.4139 0.1027 0.0000 0.0000 0.0000 0.0000 0.0000 0.4834 0.0000 0.0000 0.0000 0.0000 0.0000 0.0000 0.0000
0.3869 0.3843 0.0000 0.0000 0.0000 0.0000 0.2289 0.0000 0.0000 0.0000 0.0000 0.0000 0.0000 0.0000 0.0000
0.2625 0.0621 0.0000 0.0000 0.0000 0.0000 0.0000 0.0000 0.0000 0.1602 0.1366 0.0000 0.3785 0.0000 0.0000
0.5736 0.2452 0.0000 0.0000 0.0000 0.0000 0.0000 0.1812 0.0000 0.0000 0.0000 0.0000 0.0000 0.0000 0.0000
0.3532 0.2434 0.4034 0.0000 0.0000 0.0000 0.0000 0.0000 0.0000 0.0000 0.0000 0.0000 0.0000 0.0000 0.0000
0.0861 0.3180 0.0000 0.0000 0.0000 0.0000 0.0000 0.2485 0.3474 0.0000 0.0000 0.0000 0.0000 0.0000 0.0000
0.2461 0.4388 0.0000 0.0000 0.0000 0.0000 0.0000 0.0000 0.0000 0.2594 0.0556 0.0000 0.0000 0.0000 0.0000
0.1510 0.6269 0.0000 0.0000 0.0000 0.0000 0.0000 0.1670 0.0550 0.0000 0.0000 0.0000 0.0000 0.0000 0.0000
0.1283 0.1253 0.0000 0.0000 0.0000 0.0000 0.6190 0.0000 0.0000 0.0000 0.0000 0.1274 0.0000 0.0000 0.0000
0.0763 0.1536 0.0000 0.6916 0.0000 0.0000 0.0785 0.0000 0.0000 0.0000 0.0000 0.0000 0.0000 0.0000 0.0000
0.4556 0.0949 0.0000 0.0000 0.0000 0.0000 0.4495 0.0000 0.0000 0.0000 0.0000 0.0000 0.0000 0.0000 0.0000
0.2604 0.0612 0.0000 0.0557 0.0000 0.0000 0.6227 0.0000 0.0000 0.0000 0.0000 0.0000 0.0000 0.0000 0.0000
0.4312 0.1966 0.0000 0.0000 0.0000 0.0000 0.0000 0.0000 0.0000 0.3722 0.0000 0.0000 0.0000 0.0000 0.0000
0.0565 0.4246 0.2351 0.0000 0.2837 0.0000 0.0000 0.0000 0.0000 0.0000 0.0000 0.0000 0.0000 0.0000 0.0000
0.3125 0.2424 0.0000 0.0000 0.0000 0.0000 0.0000 0.2760 0.1691 0.0000 0.0000 0.0000 0.0000 0.0000 0.0000
0.1011 0.4232 0.4757 0.0000 0.0000 0.0000 0.0000 0.0000 0.0000 0.0000 0.0000 0.0000 0.0000 0.0000 0.0000
0.3601 0.2922 0.0000 0.0000 0.0000 0.0000 0.0000 0.0866 0.1926 0.0000 0.0000 0.0000 0.0000 0.0685 0.0000
0.1412 0.1615 0.0000 0.0000 0.0000 0.0000 0.0000 0.6973 0.0000 0.0000 0.0000 0.0000 0.0000 0.0000 0.0000
0.1689 0.0560 0.0000 0.5265 0.0000 0.0000 0.2486 0.0000 0.0000 0.0000 0.0000 0.0000 0.0000 0.0000 0.0000
1.0000 0.0000 0.0000 0.0000 0.0000 0.0000 0.0000 0.0000 0.0000 0.0000 0.0000 0.0000 0.0000 0.0000 0.0000
1.0000 0.0000 0.0000 0.0000 0.0000 0.0000 0.0000 0.0000 0.0000 0.0000 0.0000 0.0000 0.0000 0.0000 0.0000
0.0932 0.5574 0.0000 0.0000 0.0000 0.0000 0.0000 0.3494 0.0000 0.0000 0.0000 0.0000 0.0000 0.0000 0.0000
0.2350 0.3107 0.2035 0.0000 0.2508 0.0000 0.0000 0.0000 0.0000 0.0000 0.0000 0.0000 0.0000 0.0000 0.0000
0.1437 0.1768 0.0000 0.0000 0.0000 0.0000 0.0000 0.0000 0.0000 0.3178 0.2825 0.0000 0.0792 0.0000 0.0000
0.0830 0.2982 0.0000 0.0000 0.0000 0.2305 0.3884 0.0000 0.0000 0.0000 0.0000 0.0000 0.0000 0.0000 0.0000
0.1038 0.2733 0.0000 0.0000 0.0000 0.0000 0.0000 0.0000 0.0000 0.0796 0.5433 0.0000 0.0000 0.0000 0.0000
0.3333 0.1035 0.0000 0.0000 0.0000 0.0000 0.0000 0.0000 0.0000 0.2527 0.1736 0.0000 0.1369 0.0000 0.0000
0.3270 0.2985 0.0000 0.0000 0.0000 0.0000 0.0000 0.3744 0.0000 0.0000 0.0000 0.0000 0.0000 0.0000 0.0000
0.4865 0.3679 0.0000 0.0000 0.0000 0.0000 0.1456 0.0000 0.0000 0.0000 0.0000 0.0000 0.0000 0.0000 0.0000
0.1463 0.2885 0.2444 0.0000 0.0970 0.0000 0.0000 0.0000 0.0000 0.0000 0.0000 0.0000 0.0000 0.0000 0.2238
0.2434 0.4671 0.1574 0.0000 0.1321 0.0000 0.0000 0.0000 0.0000 0.0000 0.0000 0.0000 0.0000 0.0000 0.0000
1.0000 0.0000 0.0000 0.0000 0.0000 0.0000 0.0000 0.0000 0.0000 0.0000 0.0000 0.0000 0.0000 0.0000 0.0000
0.4886 0.4484 0.0000 0.0000 0.0000 0.0000 0.0000 0.0630 0.0000 0.0000 0.0000 0.0000 0.0000 0.0000 0.0000
0.0847 0.1576 0.0000 0.1895 0.0000 0.0000 0.5683 0.0000 0.0000 0.0000 0.0000 0.0000 0.0000 0.0000 0.0000
0.2211 0.4232 0.0000 0.0000 0.0000 0.0000 0.3557 0.0000 0.0000 0.0000 0.0000 0.0000 0.0000 0.0000 0.0000
0.0808 0.1725 0.4212 0.0000 0.3254 0.0000 0.0000 0.0000 0.0000 0.0000 0.0000 0.0000 0.0000 0.0000 0.0000
0.1369 0.0757 0.0000 0.0000 0.0000 0.6688 0.1186 0.0000 0.0000 0.0000 0.0000 0.0000 0.0000 0.0000 0.0000
1.0000 0.0000 0.0000 0.0000 0.0000 0.0000 0.0000 0.0000 0.0000 0.0000 0.0000 0.0000 0.0000 0.0000 0.0000
0.0729 0.4588 0.0000 0.2836 0.0000 0.0000 0.1848 0.0000 0.0000 0.0000 0.0000 0.0000 0.0000 0.0000 0.0000
0.1718 0.3015 0.0000 0.0000 0.0000 0.0000 0.0000 0.0000 0.0000 0.5267 0.0000 0.0000 0.0000 0.0000 0.0000
0.0784 0.1322 0.1567 0.0000 0.2959 0.0000 0.0000 0.0000 0.0000 0.0000 0.0000 0.0000 0.0000 0.0000 0.3368
0.3223 0.0513 0.0000 0.0000 0.0000 0.1923 0.4341 0.0000 0.0000 0.0000 0.0000 0.0000 0.0000 0.0000 0.0000
0.1645 0.6424 0.0000 0.0000 0.0000 0.0000 0.0000 0.0000 0.0000 0.1931 0.0000 0.0000 0.0000 0.0000 0.0000
0.0801 0.1192 0.0000 0.0000 0.0000 0.0000 0.0000 0.6394 0.1613 0.0000 0.0000 0.0000 0.0000 0.0000 0.0000
0.0753 0.2901 0.0000 0.0000 0.0000 0.0000 0.0000 0.1900 0.3747 0.0000 0.0000 0.0000 0.0000 0.0699 0.0000
0.1386 0.1166 0.0000 0.5720 0.0000 0.0000 0.1727 0.0000 0.0000 0.0000 0.0000 0.0000 0.0000 0.0000 0.0000
0.1035 0.1197 0.0000 0.0000 0.0000 0.0000 0.5778 0.0000 0.0000 0.0000 0.0000 0.1990 0.0000 0.0000 0.0000
0.3919 0.1686 0.1561 0.0000 0.1586 0.0000 0.0000 0.0000 0.0000 0.0000 0.0000 0.0000 0.0000 0.0000 0.1247
0.1500 0.8500 0.0000 0.0000 0.0000 0.0000 0.0000 0.0000 0.0000 0.0000 0.0000 0.0000 0.0000 0.0000 0.0000
0.3965 0.4055 0.0000 0.0000 0.0000 0.0000 0.0000 0.1980 0.0000 0.0000 0.0000 0.0000 0.0000 0.0000 0.0000
0.2539 0.0528 0.1494 0.0000 0.5439 0.0000 0.0000 0.0000 0.0000 0.0000 0.0000 0.0000 0.0000 0.0000 0.0000
0.0929 0.7541 0.0000 0.0000 0.0000 0.0000 0.0000 0.0000 0.0000 0.1530 0.0000 0.0000 0.0000 0.0000 0.0000
1.0000 0.0000 0.0000 0.0000 0.0000 0.0000 0.0000 0.0000 0.0000 0.0000 0.0000 0.0000 0.0000 0.0000 0.0000
0.1227 0.3708 0.0000 0.0000 0.0000 0.0000 0.0000 0.3627 0.1438 0.0000 0.0000 0.0000 0.0000 0.0000 0.0000
0.7800 0.2200 0.0000 0.0000 0.0000 0.0000 0.0000 0.0000 0.0000 0.0000 0.0000 0.0000 0.0000 0.0000 0.0000
0.4082 0.1251 0.4667 0.0000 0.0000 0.0000 0.0000 0.0000 0.0000 0.0000 0.0000 0.0000 0.0000 0.0000 0.0000
0.2663 0.1693 0.0000 0.0000 0.0000 0.0000 0.3730 0.0000 0.0000 0.0000 0.0000 0.1915 0.0000 0.0000 0.0000
0.3908 0.3200 0.0000 0.0000 0.0000 0.0000 0.0000 0.0784 0.1186 0.0000 0.0000 0.0000 0.0000 0.0922 0.0000
0.4663 0.3893 0.0000 0.0000 0.0000 0.0000 0.0000 0.1444 0.0000 0.0000 0.0000 0.0000 0.0000 0.0000 0.0000
1.0000 0.0000 0.0000 0.0000 0.0000 0.0000 0.0000 0.0000 0.0000 0.0000 0.0000 0.0000 0.0000 0.0000 0.0000
0.3556 0.3735 0.2708 0.0000 0.0000 0.0000 0.0000 0.0000 0.0000 0.0000 0.0000 0.0000 0.0000 0.0000 0.0000
0.1139 0.3118 0.0000 0.0000 0.0000 0.2367 0.3376 0.0000 0.0000 0.0000 0.0000 0.0000 0.0000 0.0000 0.0000
1.0000 0.0000 0.0000 0.0000 0.0000 0.0000 0.0000 0.0000 0.0000 0.0000 0.0000 0.0000 0.0000 0.0000 0.0000
0.0665 0.5980 0.3355 0.0000 0.0000 0.0000 0.0000 0.0000 0.0000 0.0000 0.0000 0.0000 0.0000 0.0000 0.0000
0.5836 0.3149 0.0000 0.0000 0.0000 0.0000 0.0000 0.1015 0.0000 0.0000 0.0000 0.0000 0.0000 0.0000 0.0000
1.0000 0.0000 0.0000 0.0000 0.0000 0.0000 0.0000 0.0000 0.0000 0.0000 0.0000 0.0000 0.0000 0.0000 0.0000
0.2441 0.0992 0.0000 0.0000 0.0000 0.0000 0.0000 0.0000 0.0000 0.3997 0.1918 0.0000 0.0651 0.0000 0.0000
0.5188 0.2400 0.0000 0.0000 0.0000 0.0000 0.2412 0.0000 0.0000 0.0000 0.0000 0.0000 0.0000 0.0000 0.0000
0.2589 0.3795 0.0000 0.0000 0.0000 0.0000 0.0000 0.0000 0.0000 0.1248 0.1440 0.0000 0.0927 0.0000 0.0000
0.2656 0.3549 0.0000 0.0000 0.0000 0.0000 0.1091 0.0000 0.0000 0.0000 0.0000 0.2704 0.0000 0.0000 0.0000
0.4863 0.0573 0.0000 0.0000 0.0000 0.0000 0.4055 0.0000 0.0000 0.0000 0.0000 0.0509 0.0000 0.0000 0.0000
0.2413 0.6622 0.0000 0.0000 0.0000 0.0000 0.0000 0.0965 0.0000 0.0000 0.0000 0.0000 0.0000 0.0000 0.0000
0.3419 0.4011 0.0000 0.0000 0.0000 0.0000 0.0000 0.0000 0.0000 0.1801 0.0769 0.0000 0.0000 0.0000 0.0000
1.0000 0.0000 0.0000 0.0000 0.0000 0.0000 0.0000 0.0000 0.0000 0.0000 0.0000 0.0000 0.0000 0.0000 0.0000
0.6072 0.0948 0.0000 0.0000 0.0000 0.0000 0.2980 0.0000 0.0000 0.0000 0.0000 0.0000 0.0000 0.0000 0.0000
1.0000 0.0000 0.0000 0.0000 0.0000 0.0000 0.0000 0.0000 0.0000 0.0000 0.0000 0.0000 0.0000 0.0000 0.0000
1.0000 0.0000 0.0000 0.0000 0.0000 0.0000 0.0000 0.0000 0.0000 0.0000 0.0000 0.0000 0.0000 0.0000 0.0000
0.0882 0.0822 0.7044 0.0000 0.1252 0.0000 0.0000 0.0000 0.0000 0.0000 0.0000 0.0000 0.0000 0.0000 0.0000
0.3917 0.0547 0.0000 0.0000 0.0000 0.0000 0.0000 0.2779 0.1174 0.0000 0.0000 0.0000 0.0000 0.1583 0.0000
0.3505 0.2022 0.0000 0.0000 0.0000 0.0000 0.3609 0.0000 0.0000 0.0000 0.0000 0.0863 0.0000 0.0000 0.0000
0.1203 0.1548 0.0000 0.0000 0.0000 0.0000 0.0000 0.0000 0.0000 0.7249 0.0000 0.0000 0.0000 0.0000 0.0000
0.1059 0.0682 0.0000 0.0000 0.0000 0.0000 0.0000 0.2668 0.2158 0.0000 0.0000 0.0000 0.0000 0.3432 0.0000
0.1961 0.2454 0.3551 0.0000 0.1114 0.0000 0.0000 0.0000 0.0000 0.0000 0.0000 0.0000 0.0000 0.0000 0.0920
0.2128 0.2097 0.0000 0.0000 0.0000 0.0000 0.0000 0.0000 0.0000 0.1528 0.1201 0.0000 0.3046 0.0000 0.0000
0.3951 0.1788 0.4261 0.0000 0.0000 0.0000 0.0000 0.0000 0.0000 0.0000 0.0000 0.0000 0.0000 0.0000 0.0000
0.2178 0.2204 0.0000 0.0000 0.0000 0.0000 0.0000 0.0000 0.0000 0.2452 0.0553 0.0000 0.2613 0.0000 0.0000
0.2885 0.3993 0.3122 0.0000 0.0000 0.0000 0.0000 0.0000 0.0000 0.0000 0.0000 0.0000 0.0000 0.0000 0.0000
0.2723 0.2534 0.0000 0.2046 0.0000 0.0000 0.2697 0.0000 0.0000 0.0000 0.0000 0.0000 0.0000 0.0000 0.0000
0.0817 0.6561 0.1451 0.0000 0.1171 0.0000 0.0000 0.0000 0.0000 0.0000 0.0000 0.0000 0.0000 0.0000 0.0000
0.4578 0.2835 0.0593 0.0000 0.1994 0.0000 0.0000 0.0000 0.0000 0.0000 0.0000 0.0000 0.0000 0.0000 0.0000
0.1565 0.0850 0.0000 0.0000 0.0000 0.0000 0.0000 0.0000 0.0000 0.2229 0.0674 0.0000 0.4681 0.0000 0.0000
0.0961 0.1056 0.0000 0.0000 0.0000 0.0000 0.0000 0.3434 0.2557 0.0000 0.0000 0.0000 0.0000 0.1992 0.0000
0.5146 0.2461 0.0000 0.0000 0.0000 0.0000 0.0000 0.0000 0.0000 0.1612 0.0781 0.0000 0.0000 0.0000 0.0000
0.2203 0.2435 0.0000 0.0000 0.0000 0.0000 0.0000 0.0845 0.4518 0.0000 0.0000 0.0000 0.0000 0.0000 0.0000
0.2247 0.3502 0.0000 0.0000 0.0000 0.0000 0.1474 0.0000 0.0000 0.0000 0.0000 0.2777 0.0000 0.0000 0.0000
0.5586 0.1156 0.0000 0.0000 0.0000 0.0000 0.1341 0.0000 0.0000 0.0000 0.0000 0.1918 0.0000 0.0000 0.0000
0.0890 0.2479 0.1357 0.0000 0.5274 0.0000 0.0000 0.0000 0.0000 0.0000 0.0000 0.0000 0.0000 0.0000 0.0000
0.3179 0.2652 0.0000 0.0000 0.0000 0.0000 0.0000 0.1208 0.1098 0.0000 0.0000 0.0000 0.0000 0.1862 0.0000
0.3777 0.2000 0.1879 0.0000 0.2344 0.0000 0.0000 0.0000 0.0000 0.0000 0.0000 0.0000 0.0000 0.0000 0.0000
1.0000 0.0000 0.0000 0.0000 0.0000 0.0000 0.0000 0.0000 0.0000 0.0000 0.0000 0.0000 0.0000 0.0000 0.0000
0.0641 0.2090 0.0000 0.0000 0.0000 0.0000 0.0000 0.0000 0.0000 0.5920 0.1349 0.0000 0.0000 0.0000 0.0000
0.1606 0.2972 0.0000 0.1441 0.0000 0.0000 0.3981 0.0000 0.0000 0.0000 0.0000 0.0000 0.0000 0.0000 0.0000
1.0000 0.0000 0.0000 0.0000 0.0000 0.0000 0.0000 0.0000 0.0000 0.0000 0.0000 0.0000 0.0000 0.0000 0.0000
0.1816 0.3037 0.0000 0.0000 0.0000 0.0000 0.0000 0.0000 0.0000 0.2590 0.2558 0.0000 0.0000 0.0000 0.0000
0.6506 0.1374 0.0000 0.0000 0.0000 0.0000 0.0000 0.1170 0.0950 0.0000 0.0000 0.0000 0.0000 0.0000 0.0000
0.7085 0.1709 0.0000 0.0000 0.0000 0.0000 0.1206 0.0000 0.0000 0.0000 0.0000 0.0000 0.0000 0.0000 0.0000
0.2039 0.1609 0.3441 0.0000 0.1673 0.0000 0.0000 0.0000 0.0000 0.0000 0.0000 0.0000 0.0000 0.0000 0.1239
0.0991 0.5134 0.0000 0.0000 0.0000 0.0000 0.0000 0.0552 0.2478 0.0000 0.0000 0.0000 0.0000 0.0845 0.0000
0.7660 0.1833 0.0000 0.0000 0.0000 0.0000 0.0507 0.0000 0.0000 0.0000 0.0000 0.0000 0.0000 0.0000 0.0000
0.0823 0.1241 0.0000 0.0000 0.0000 0.0000 0.0000 0.0000 0.0000 0.1229 0.1973 0.0000 0.4734 0.0000 0.0000
0.0910 0.7390 0.0717 0.0000 0.0982 0.0000 0.0000 0.0000 0.0000 0.0000 0.0000 0.0000 0.0000 0.0000 0.0000
0.3525 0.1994 0.0000 0.0000 0.0000 0.0000 0.4481 0.0000 0.0000 0.0000 0.0000 0.0000 0.0000 0.0000 0.0000
0.2881 0.1831 0.0000 0.3229 0.0000 0.0000 0.2059 0.0000 0.0000 0.0000 0.0000 0.0000 0.0000 0.0000 0.0000
0.1537 0.2030 0.0000 0.0000 0.0000 0.0000 0.0000 0.5662 0.0771 0.0000 0.0000 0.0000 0.0000 0.0000 0.0000
0.0784 0.6102 0.0000 0.0000 0.0000 0.0000 0.0907 0.0000 0.0000 0.0000 0.0000 0.2207 0.0000 0.0000 0.0000
0.0633 0.1156 0.8211 0.0000 0.0000 0.0000 0.0000 0.0000 0.0000 0.0000 0.0000 0.0000 0.0000 0.0000 0.0000
0.2729 0.5368 0.0000 0.0000 0.0000 0.0000 0.1903 0.0000 0.0000 0.0000 0.0000 0.0000 0.0000 0.0000 0.0000
0.2933 0.1051 0.0000 0.0000 0.0000 0.0000 0.0000 0.1137 0.3307 0.0000 0.0000 0.0000 0.0000 0.1572 0.0000
0.1305 0.1045 0.0000 0.0000 0.0000 0.1343 0.6306 0.0000 0.0000 0.0000 0.0000 0.0000 0.0000 0.0000 0.0000
0.1674 0.3516 0.0000 0.0000 0.0000 0.1677 0.3133 0.0000 0.0000 0.0000 0.0000 0.0000 0.0000 0.0000 0.0000
0.0922 0.1308 0.0000 0.0000 0.0000 0.0000 0.0000 0.0000 0.0000 0.5691 0.2080 0.0000 0.0000 0.0000 0.0000
0.1328 0.4708 0.0000 0.0000 0.0000 0.0000 0.2476 0.0000 0.0000 0.0000 0.0000 0.1488 0.0000 0.0000 0.0000
0.2746 0.2811 0.0000 0.0000 0.0000 0.0000 0.3919 0.0000 0.0000 0.0000 0.0000 0.0524 0.0000 0.0000 0.0000
0.2207 0.1482 0.0000 0.3738 0.0000 0.0000 0.2573 0.0000 0.0000 0.0000 0.0000 0.0000 0.0000 0.0000 0.0000
0.0624 0.9376 0.0000 0.0000 0.0000 0.0000 0.0000 0.0000 0.0000 0.0000 0.0000 0.0000 0.0000 0.0000 0.0000
0.5392 0.1006 0.0000 0.0000 0.0000 0.0000 0.0000 0.0000 0.0000 0.0545 0.3057 0.0000 0.0000 0.0000 0.0000
0.1222 0.7724 0.0000 0.0000 0.0000 0.0000 0.1054 0.0000 0.0000 0.0000 0.0000 0.0000 0.0000 0.0000 0.0000
0.0518 0.8287 0.0000 0.0000 0.0000 0.0000 0.1196 0.0000 0.0000 0.0000 0.0000 0.0000 0.0000 0.0000 0.0000
0.2223 0.4153 0.0000 0.0000 0.0000 0.0000 0.0000 0.0000 0.0000 0.3624 0.0000 0.0000 0.0000 0.0000 0.0000
0.4376 0.4809 0.0000 0.0000 0.0000 0.0000 0.0815 0.0000 0.0000 0.0000 0.0000 0.0000 0.0000 0.0000 0.0000
0.2776 0.3835 0.0000 0.0000 0.0000 0.0000 0.0000 0.1522 0.0635 0.0000 0.0000 0.0000 0.0000 0.1232 0.0000
0.2131 0.5143 0.2726 0.0000 0.0000 0.0000 0.0000 0.0000 0.0000 0.0000 0.0000 0.0000 0.0000 0.0000 0.0000
0.1014 0.1925 0.0000 0.0000 0.0000 0.0000 0.0000 0.0000 0.0000 0.1064 0.2052 0.0000 0.3946 0.0000 0.0000
0.1392 0.1235 0.0000 0.0000 0.0000 0.0000 0.0000 0.0000 0.0000 0.3022 0.2556 0.0000 0.1796 0.0000 0.0000
1.0000 0.0000 0.0000 0.0000 0.0000 0.0000 0.0000 0.0000 0.0000 0.0000 0.0000 0.0000 0.0000 0.0000 0.0000
0.2897 0.1749 0.0000 0.0000 0.0000 0.0000 0.0000 0.0000 0.0000 0.1515 0.1782 0.0000 0.2057 0.0000 0.0000
0.5064 0.0959 0.0000 0.0000 0.0000 0.0000 0.0000 0.0000 0.0000 0.2330 0.1647 0.0000 0.0000 0.0000 0.0000
0.6267 0.2872 0.0000 0.0000 0.0000 0.0000 0.0000 0.0000 0.0000 0.0861 0.0000 0.0000 0.0000 0.0000 0.0000
1.0000 0.0000 0.0000 0.0000 0.0000 0.0000 0.0000 0.0000 0.0000 0.0000 0.0000 0.0000 0.0000 0.0000 0.0000
0.1615 0.5062 0.0000 0.1799 0.0000 0.0000 0.1523 0.0000 0.0000 0.0000 0.0000 0.0000 0.0000 0.0000 0.0000
0.3003 0.6997 0.0000 0.0000 0.0000 0.0000 0.0000 0.0000 0.0000 0.0000 0.0000 0.0000 0.0000 0.0000 0.0000
0.5288 0.2577 0.0000 0.0000 0.0000 0.0000 0.0000 0.0000 0.0000 0.2135 0.0000 0.0000 0.0000 0.0000 0.0000
0.8260 0.0773 0.0000 0.0000 0.0000 0.0000 0.0000 0.0967 0.0000 0.0000 0.0000 0.0000 0.0000 0.0000 0.0000
0.7065 0.0767 0.0000 0.0000 0.0000 0.0000 0.2167 0.0000 0.0000 0.0000 0.0000 0.0000 0.0000 0.0000 0.0000
0.4890 0.1764 0.0000 0.0000 0.0000 0.0000 0.0000 0.0000 0.0000 0.1402 0.0618 0.0000 0.1325 0.0000 0.0000
0.5202 0.3331 0.0000 0.0000 0.0000 0.0000 0.1466 0.0000 0.0000 0.0000 0.0000 0.0000 0.0000 0.0000 0.0000
1.0000 0.0000 0.0000 0.0000 0.0000 0.0000 0.0000 0.0000 0.0000 0.0000 0.0000 0.0000 0.0000 0.0000 0.0000
0.4178 0.1884 0.0000 0.0000 0.0000 0.0000 0.0000 0.1352 0.2585 0.0000 0.0000 0.0000 0.0000 0.0000 0.0000
0.2202 0.0790 0.4322 0.0000 0.0953 0.0000 0.0000 0.0000 0.0000 0.0000 0.0000 0.0000 0.0000 0.0000 0.1733
0.7146 0.1928 0.0000 0.0000 0.0000 0.0000 0.0000 0.0927 0.0000 0.0000 0.0000 0.0000 0.0000 0.0000 0.0000
0.2557 0.1090 0.0000 0.0000 0.0000 0.0000 0.0000 0.6353 0.0000 0.0000 0.0000 0.0000 0.0000 0.0000 0.0000
0.1547 0.4023 0.0000 0.0000 0.0000 0.0000 0.0000 0.0000 0.0000 0.2843 0.0563 0.0000 0.1024 0.0000 0.0000
0.1345 0.6562 0.0000 0.0000 0.0000 0.0000 0.0000 0.0000 0.0000 0.2092 0.0000 0.0000 0.0000 0.0000 0.0000
0.3112 0.1752 0.0000 0.0000 0.0000 0.0000 0.0000 0.3385 0.1751 0.0000 0.0000 0.0000 0.0000 0.0000 0.0000
1.0000 0.0000 0.0000 0.0000 0.0000 0.0000 0.0000 0.0000 0.0000 0.0000 0.0000 0.0000 0.0000 0.0000 0.0000
0.4161 0.0926 0.0000 0.0000 0.0000 0.0000 0.0000 0.0000 0.0000 0.4189 0.0724 0.0000 0.0000 0.0000 0.0000
0.1258 0.2365 0.6377 0.0000 0.0000 0.0000 0.0000 0.0000 0.0000 0.0000 0.0000 0.0000 0.0000 0.0000 0.0000
0.5966 0.4034 0.0000 0.0000 0.0000 0.0000 0.0000 0.0000 0.0000 0.0000 0.0000 0.0000 0.0000 0.0000 0.0000
0.0881 0.2553 0.0000 0.0000 0.0000 0.0000 0.0000 0.0000 0.0000 0.1112 0.3106 0.0000 0.2349 0.0000 0.0000
0.8133 0.1867 0.0000 0.0000 0.0000 0.0000 0.0000 0.0000 0.0000 0.0000 0.0000 0.0000 0.0000 0.0000 0.0000
1.0000 0.0000 0.0000 0.0000 0.0000 0.0000 0.0000 0.0000 0.0000 0.0000 0.0000 0.0000 0.0000 0.0000 0.0000
0.0627 0.0875 0.0000 0.0000 0.0000 0.0000 0.0000 0.0000 0.0000 0.1727 0.6771 0.0000 0.0000 0.0000 0.0000
0.1547 0.4613 0.0000 0.0000 0.0000 0.0000 0.0000 0.0000 0.0000 0.1195 0.2645 0.0000 0.0000 0.0000 0.0000
0.1118 0.1400 0.0000 0.0000 0.0000 0.0000 0.0000 0.0000 0.0000 0.0647 0.6070 0.0000 0.0765 0.0000 0.0000
0.1383 0.2991 0.0000 0.0000 0.0000 0.0000 0.0000 0.1965 0.2907 0.0000 0.0000 0.0000 0.0000 0.0754 0.0000
0.2671 0.2732 0.0000 0.0000 0.0000 0.0000 0.0000 0.0000 0.0000 0.0674 0.1117 0.0000 0.2806 0.0000 0.0000
0.2539 0.4250 0.0000 0.1205 0.0000 0.0000 0.2005 0.0000 0.0000 0.0000 0.0000 0.0000 0.0000 0.0000 0.0000
0.0855 0.2704 0.0000 0.1957 0.0000 0.0000 0.4484 0.0000 0.0000 0.0000 0.0000 0.0000 0.0000 0.0000 0.0000
0.1540 0.7299 0.0000 0.0000 0.0000 0.0000 0.1160 0.0000 0.0000 0.0000 0.0000 0.0000 0.0000 0.0000 0.0000
0.2258 0.2003 0.0000 0.3356 0.0000 0.0000 0.2383 0.0000 0.0000 0.0000 0.0000 0.0000 0.0000 0.0000 0.0000
0.0502 0.1919 0.0000 0.0000 0.0000 0.0000 0.7578 0.0000 0.0000 0.0000 0.0000 0.0000 0.0000 0.0000 0.0000
0.1217 0.1918 0.0000 0.0000 0.0000 0.0000 0.6865 0.0000 0.0000 0.0000 0.0000 0.0000 0.0000 0.0000 0.0000
0.1888 0.5315 0.0000 0.0000 0.0000 0.1427 0.1370 0.0000 0.0000 0.0000 0.0000 0.0000 0.0000 0.0000 0.0000
0.3702 0.3671 0.2627 0.0000 0.0000 0.0000 0.0000 0.0000 0.0000 0.0000 0.0000 0.0000 0.0000 0.0000 0.0000
0.3503 0.0734 0.0000 0.0000 0.0000 0.0000 0.5763 0.0000 0.0000 0.0000 0.0000 0.0000 0.0000 0.0000 0.0000
0.5137 0.2972 0.0000 0.0000 0.0000 0.0000 0.1891 0.0000 0.0000 0.0000 0.0000 0.0000 0.0000 0.0000 0.0000
0.1210 0.6710 0.0000 0.0000 0.0000 0.0000 0.2079 0.0000 0.0000 0.0000 0.0000 0.0000 0.0000 0.0000 0.0000
0.2798 0.1235 0.0000 0.0000 0.0000 0.0000 0.0000 0.1895 0.4073 0.0000 0.0000 0.0000 0.0000 0.0000 0.0000
0.2090 0.5809 0.0000 0.0000 0.0000 0.0000 0.0000 0.0000 0.0000 0.2101 0.0000 0.0000 0.0000 0.0000 0.0000
1.0000 0.0000 0.0000 0.0000 0.0000 0.0000 0.0000 0.0000 0.0000 0.0000 0.0000 0.0000 0.0000 0.0000 0.0000
0.1125 0.5962 0.0000 0.0000 0.0000 0.0000 0.0000 0.0774 0.0977 0.0000 0.0000 0.0000 0.0000 0.1162 0.0000
0.0825 0.4681 0.0000 0.0000 0.0000 0.0000 0.3128 0.0000 0.0000 0.0000 0.0000 0.1365 0.0000 0.0000 0.0000
0.2267 0.3061 0.0000 0.0000 0.0000 0.0000 0.0000 0.0000 0.0000 0.1314 0.3358 0.0000 0.0000 0.0000 0.0000
0.0503 0.4428 0.5070 0.0000 0.0000 0.0000 0.0000 0.0000 0.0000 0.0000 0.0000 0.0000 0.0000 0.0000 0.0000
0.4760 0.2426 0.0000 0.0000 0.0000 0.0000 0.2814 0.0000 0.0000 0.0000 0.0000 0.0000 0.0000 0.0000 0.0000
0.4575 0.4013 0.0000 0.0000 0.0000 0.0000 0.1411 0.0000 0.0000 0.0000 0.0000 0.0000 0.0000 0.0000 0.0000
0.1633 0.3338 0.0000 0.0000 0.0000 0.0000 0.0000 0.5029 0.0000 0.0000 0.0000 0.0000 0.0000 0.0000 0.0000
0.5265 0.2010 0.0000 0.0000 0.0000 0.0000 0.0000 0.0000 0.0000 0.2725 0.0000 0.0000 0.0000 0.0000 0.0000
0.3385 0.2471 0.0000 0.0000 0.0000 0.0000 0.0000 0.4144 0.0000 0.0000 0.0000 0.0000 0.0000 0.0000 0.0000
0.0811 0.3457 0.0000 0.0000 0.0000 0.0000 0.0000 0.0000 0.0000 0.0614 0.5119 0.0000 0.0000 0.0000 0.0000
0.1430 0.4857 0.0000 0.0000 0.0000 0.2093 0.1620 0.0000 0.0000 0.0000 0.0000 0.0000 0.0000 0.0000 0.0000
0.2125 0.4775 0.1534 0.0000 0.0658 0.0000 0.0000 0.0000 0.0000 0.0000 0.0000 0.0000 0.0000 0.0000 0.0908
0.5837 0.2040 0.0000 0.0000 0.0000 0.0000 0.0000 0.1411 0.0712 0.0000 0.0000 0.0000 0.0000 0.0000 0.0000
0.1311 0.3620 0.0000 0.0000 0.0000 0.0000 0.0000 0.1301 0.0863 0.0000 0.0000 0.0000 0.0000 0.2906 0.0000
0.1804 0.1822 0.0000 0.0000 0.0000 0.0000 0.6374 0.0000 0.0000 0.0000 0.0000 0.0000 0.0000 0.0000 0.0000
0.1238 0.7455 0.0000 0.0000 0.0000 0.0000 0.0000 0.1307 0.0000 0.0000 0.0000 0.0000 0.0000 0.0000 0.0000
0.1350 0.3870 0.4780 0.0000 0.0000 0.0000 0.0000 0.0000 0.0000 0.0000 0.0000 0.0000 0.0000 0.0000 0.0000
0.2864 0.2135 0.0000 0.0000 0.0000 0.0000 0.0000 0.0715 0.3685 0.0000 0.0000 0.0000 0.0000 0.0601 0.0000
0.4777 0.1378 0.0000 0.1935 0.0000 0.0000 0.1911 0.0000 0.0000 0.0000 0.0000 0.0000 0.0000 0.0000 0.0000
0.5659 0.0726 0.0000 0.0000 0.0000 0.0000 0.3616 0.0000 0.0000 0.0000 0.0000 0.0000 0.0000 0.0000 0.0000
0.6162 0.1590 0.0000 0.0000 0.0000 0.0000 0.0000 0.1643 0.0604 0.0000 0.0000 0.0000 0.0000 0.0000 0.0000
0.2702 0.4287 0.0000 0.0000 0.0000 0.1813 0.1199 0.0000 0.0000 0.0000 0.0000 0.0000 0.0000 0.0000 0.0000
0.4680 0.1233 0.1916 0.0000 0.0603 0.0000 0.0000 0.0000 0.0000 0.0000 0.0000 0.0000 0.0000 0.0000 0.1568
0.7694 0.2306 0.0000 0.0000 0.0000 0.0000 0.0000 0.0000 0.0000 0.0000 0.0000 0.0000 0.0000 0.0000 0.0000
0.2924 0.0673 0.0000 0.0000 0.0000 0.0000 0.0000 0.0000 0.0000 0.4263 0.2140 0.0000 0.0000 0.0000 0.0000
0.4293 0.2176 0.0000 0.0000 0.0000 0.2877 0.0655 0.0000 0.0000 0.0000 0.0000 0.0000 0.0000 0.0000 0.0000
0.7949 0.1412 0.0639 0.0000 0.0000 0.0000 0.0000 0.0000 0.0000 0.0000 0.0000 0.0000 0.0000 0.0000 0.0000
0.5515 0.4485 0.0000 0.0000 0.0000 0.0000 0.0000 0.0000 0.0000 0.0000 0.0000 0.0000 0.0000 0.0000 0.0000
0.2475 0.0725 0.0000 0.0000 0.0000 0.0000 0.5385 0.0000 0.0000 0.0000 0.0000 0.1415 0.0000 0.0000 0.0000
0.0832 0.5712 0.0000 0.0000 0.0000 0.0000 0.0000 0.0000 0.0000 0.1418 0.2038 0.0000 0.0000 0.0000 0.0000
0.2487 0.3311 0.0000 0.0000 0.0000 0.0000 0.4201 0.0000 0.0000 0.0000 0.0000 0.0000 0.0000 0.0000 0.0000
0.0881 0.0926 0.3555 0.0000 0.2522 0.0000 0.0000 0.0000 0.0000 0.0000 0.0000 0.0000 0.0000 0.0000 0.2116
0.1115 0.0602 0.0000 0.0000 0.0000 0.0000 0.0000 0.3639 0.4643 0.0000 0.0000 0.0000 0.0000 0.0000 0.0000
0.1976 0.2527 0.0000 0.0000 0.0000 0.1550 0.3947 0.0000 0.0000 0.0000 0.0000 0.0000 0.0000 0.0000 0.0000
0.2092 0.0805 0.0000 0.0000 0.0000 0.0000 0.0000 0.1720 0.5383 0.0000 0.0000 0.0000 0.0000 0.0000 0.0000
0.6238 0.0549 0.0000 0.0000 0.0000 0.1331 0.1882 0.0000 0.0000 0.0000 0.0000 0.0000 0.0000 0.0000 0.0000
0.1537 0.1777 0.0000 0.0000 0.0000 0.4462 0.2224 0.0000 0.0000 0.0000 0.0000 0.0000 0.0000 0.0000 0.0000
0.5472 0.3614 0.0000 0.0000 0.0000 0.0000 0.0000 0.0914 0.0000 0.0000 0.0000 0.0000 0.0000 0.0000 0.0000
0.3246 0.3630 0.0766 0.0000 0.2358 0.0000 0.0000 0.0000 0.0000 0.0000 0.0000 0.0000 0.0000 0.0000 0.0000
0.2242 0.3013 0.0000 0.0000 0.0000 0.0000 0.0000 0.0000 0.0000 0.1867 0.2878 0.0000 0.0000 0.0000 0.0000
