	mut10	mut10	mut1	mut1	mut2	mut2	mut3	mut3	mut4	mut4	mut5	mut5	mut6	mut6	mut7	mut7	mut8	mut8	mut9	mut9
cell1	0	45	8	34	21	28	42	0	34	14	43	0	61	0	40	2	45	0	60	0
cell2	0	56	8	41	53	0	42	0	47	0	28	25	50	4	41	5	48	3	46	0
cell3	0	50	13	38	47	0	54	1	50	0	43	0	64	0	48	0	46	0	59	0
cell4	1	45	32	14	52	0	46	0	52	0	63	1	41	9	22	30	16	25	53	0
cell5	0	43	21	27	61	0	45	0	49	1	68	0	37	2	22	28	44	0	41	10
cell6	0	53	40	8	45	1	53	0	50	0	62	0	11	36	53	0	56	0	56	0
cell7	0	47	16	25	7	34	50	1	47	6	53	0	51	0	55	0	48	0	58	0
cell8	0	45	34	26	46	0	34	13	46	0	60	0	51	9	47	4	47	1	55	0
cell9	0	56	50	1	34	1	34	2	54	0	56	0	39	0	52	0	48	0	37	13
cell10	0	36	27	26	48	0	37	17	48	0	65	1	48	2	31	9	34	14	53	0
cell11	0	55	5	53	55	0	44	0	46	1	41	0	44	0	59	0	62	0	48	0
cell12	0	68	49	6	53	0	62	0	51	0	42	2	50	5	54	10	46	0	54	2
cell13	0	51	46	5	47	0	36	1	64	0	45	0	12	31	52	0	39	0	54	0
cell14	0	41	54	5	47	0	46	0	43	0	46	0	7	48	59	0	46	0	51	0
cell15	0	41	48	0	51	0	40	0	45	0	52	0	49	0	61	0	52	0	37	0
cell16	0	46	38	23	40	0	52	8	44	0	42	0	48	0	34	14	43	6	48	0
cell17	0	47	45	0	45	0	51	0	39	0	49	0	46	0	49	0	40	0	46	0
cell18	0	49	17	28	55	0	52	0	55	0	39	0	46	1	46	6	46	0	45	3
cell19	0	50	47	3	40	0	54	0	46	0	50	0	49	0	49	1	41	0	60	1
cell20	0	32	23	23	45	0	53	3	63	0	48	0	34	21	15	22	52	0	27	15
cell21	0	60	30	23	46	0	36	4	65	0	35	0	42	3	41	0	42	0	47	3
cell22	1	60	15	26	54	6	55	0	34	0	38	0	37	2	51	0	65	0	54	1
cell23	0	55	18	34	40	0	44	12	52	3	59	0	41	13	44	0	51	0	42	0
cell24	8	37	7	26	11	43	46	0	36	10	49	0	45	0	42	0	39	0	44	0
cell25	0	52	45	14	54	0	55	1	47	2	51	0	43	6	43	13	56	0	27	26
cell26	0	56	32	23	67	0	43	4	41	0	35	0	42	9	45	1	40	0	60	0
cell27	0	52	35	15	41	1	42	0	54	0	38	9	20	25	52	1	53	1	41	1
cell28	0	63	12	38	47	0	47	0	45	0	53	4	39	6	60	0	42	1	42	0
cell29	0	45	28	25	38	0	39	15	41	0	42	0	28	24	43	1	52	0	39	0
cell30	5	57	54	2	51	0	43	1	40	1	49	0	25	30	26	29	54	0	42	0
cell31	0	51	38	3	57	0	51	0	43	0	47	0	51	0	62	0	47	0	61	0
cell32	1	54	19	33	36	1	39	0	37	0	42	12	26	23	45	0	53	1	37	0
cell33	0	67	27	21	39	16	57	1	57	2	45	0	41	0	55	0	60	0	52	1
cell34	0	50	14	40	37	0	50	0	61	0	44	0	59	1	62	0	54	0	44	0
cell35	3	38	37	10	36	2	45	0	57	0	50	0	18	35	60	0	52	0	59	0
cell36	0	45	5	37	39	9	45	0	39	0	50	0	46	0	49	6	57	0	49	0
cell37	1	51	45	11	67	0	47	6	56	0	51	0	32	16	42	3	51	0	47	0
cell38	0	55	22	18	45	0	46	1	56	0	56	0	62	3	49	1	48	0	46	0
cell39	1	55	17	25	16	29	47	2	54	0	51	0	45	0	50	1	42	0	58	0
cell40	0	52	19	30	43	0	18	25	62	0	43	0	40	4	42	11	34	6	37	0
cell41	2	53	32	17	48	0	67	4	37	0	45	0	39	1	37	17	41	15	47	0
cell42	1	49	8	34	22	43	58	2	46	2	53	0	55	0	42	0	60	1	42	0
cell43	1	44	17	36	58	0	37	1	49	0	60	0	35	19	59	0	48	1	51	0
cell44	0	62	43	13	49	0	47	5	42	0	37	5	43	1	22	40	50	0	66	0
cell45	0	49	42	25	63	0	55	1	43	0	58	0	46	5	38	16	46	3	43	0
cell46	0	40	20	19	53	0	44	0	41	0	55	0	35	8	19	28	51	0	25	1
cell47	1	52	15	33	42	0	53	0	47	0	34	16	25	11	44	2	41	0	41	0
cell48	0	53	5	47	42	2	53	0	57	0	42	1	35	0	31	0	50	0	55	0
cell49	0	47	18	34	50	0	60	0	60	0	42	2	49	8	39	4	53	0	59	0
cell50	0	54	41	9	60	0	49	3	57	0	59	0	44	10	49	6	42	0	54	0
cell51	0	55	26	30	41	0	53	0	45	1	51	0	35	5	37	2	37	0	46	9
cell52	0	41	36	14	41	0	40	8	39	2	51	0	33	23	25	19	64	0	46	0
cell53	0	37	42	4	50	0	52	0	33	9	57	0	28	20	58	0	57	0	55	0
cell54	0	51	11	24	33	21	59	0	39	18	66	3	49	0	42	0	56	0	48	4
cell55	0	57	50	2	51	0	56	0	39	2	48	0	42	2	10	31	60	0	46	0
cell56	1	49	14	35	54	0	47	0	43	5	51	0	38	2	45	4	44	1	34	29
cell57	0	61	43	10	42	0	55	0	48	0	42	1	23	32	31	22	40	0	57	0
cell58	2	47	21	18	51	0	50	0	40	0	50	0	41	15	60	0	51	0	55	4
cell59	1	42	26	30	50	0	36	16	51	0	44	0	43	8	47	0	47	0	52	0
cell60	0	51	54	1	59	0	53	0	51	0	51	2	53	0	43	0	48	0	48	0
cell61	0	44	12	29	53	0	55	0	54	0	54	0	48	6	44	9	46	0	51	1
cell62	0	47	37	23	50	0	53	1	62	0	62	1	39	12	16	32	42	11	55	0
cell63	0	46	23	28	41	1	46	6	47	0	50	0	51	1	39	13	36	6	48	0
cell64	0	49	42	5	40	0	54	0	52	0	55	0	35	16	50	0	44	0	48	0
cell65	0	50	42	22	45	0	48	8	53	0	45	1	40	8	22	16	27	29	58	0
cell66	0	43	22	27	39	1	44	0	55	0	27	24	44	8	52	0	41	5	54	0
cell67	2	46	22	20	53	0	58	0	44	0	39	2	45	5	37	9	56	0	45	0
cell68	0	37	20	20	38	5	55	0	45	1	42	0	49	0	62	0	43	0	54	1
cell69	0	52	35	19	53	0	38	9	39	0	50	0	47	11	22	16	56	3	53	0
cell70	0	40	40	19	45	0	57	0	69	0	44	0	41	0	46	0	53	0	61	0
cell71	0	61	35	10	50	0	55	0	41	0	55	1	50	4	37	0	56	0	50	0
cell72	10	50	53	1	41	0	53	3	40	1	54	0	44	1	41	0	48	0	45	1
cell73	0	43	31	12	44	0	53	0	50	0	43	1	15	40	64	0	57	0	33	0
cell74	0	60	38	14	58	0	40	14	51	0	51	0	31	8	39	6	47	2	47	0
cell75	0	59	22	31	49	0	45	2	48	0	35	13	34	0	60	0	55	0	47	1
cell76	0	66	21	29	50	0	48	4	49	0	47	10	33	11	48	0	49	1	45	0
cell77	0	57	35	15	45	0	51	0	59	0	44	1	31	17	40	0	47	0	43	4
cell78	0	48	35	21	46	0	44	0	37	0	16	21	40	12	60	0	52	0	49	0
cell79	0	50	40	11	47	0	52	0	49	1	58	0	48	0	38	0	46	0	51	0
cell80	0	44	45	4	61	0	46	0	62	2	54	0	22	21	37	3	63	0	42	0
cell81	0	42	37	21	43	0	54	0	48	0	55	0	42	0	49	0	48	0	47	1
cell82	6	49	42	13	66	0	51	0	47	0	51	0	34	11	26	27	50	0	44	7
cell83	0	49	11	40	48	1	46	0	62	0	43	12	43	3	57	1	55	0	46	0
cell84	0	31	34	3	46	0	51	0	48	0	40	1	41	5	35	1	45	0	52	0
cell85	0	47	25	18	61	0	40	0	58	0	43	1	23	24	57	0	58	0	62	0
cell86	0	54	12	32	41	0	40	0	45	1	37	0	58	1	47	4	41	5	42	19
cell87	1	56	24	18	28	20	50	0	60	0	47	0	59	0	55	5	48	0	56	1
cell88	0	48	51	8	60	0	45	1	47	0	46	0	22	33	49	1	46	0	42	0
cell89	0	46	2	39	32	13	41	1	46	6	42	0	51	5	46	0	42	0	50	0
cell90	3	59	33	25	41	0	47	8	51	0	43	0	41	2	44	18	31	3	47	0
cell91	1	50	34	16	55	0	52	0	33	2	52	0	33	3	49	8	60	0	60	0
cell92	0	53	17	35	47	0	60	0	50	0	55	0	43	1	45	0	41	0	49	0
cell93	0	40	38	5	53	6	49	0	52	0	47	3	26	21	46	0	32	0	53	0
cell94	0	39	43	0	44	0	57	0	49	0	49	0	45	0	53	0	43	0	53	0
cell95	0	52	35	8	55	0	44	0	53	0	48	0	30	10	35	18	51	0	50	0
cell96	0	60	5	50	12	25	53	0	41	21	51	0	42	0	55	1	45	0	53	0
cell97	0	62	28	26	59	2	37	5	59	1	56	0	18	43	20	20	45	0	59	0
cell98	0	44	38	12	58	0	52	0	44	6	61	1	13	28	45	0	43	0	42	0
cell99	0	48	40	15	60	0	48	10	56	0	50	0	56	5	26	12	43	3	48	0
cell100	0	45	29	6	53	2	45	1	42	0	40	0	42	8	38	0	53	0	52	1
cell101	0	47	16	31	55	0	47	1	46	1	44	0	24	33	50	0	45	1	42	15
cell102	0	49	50	4	46	0	45	0	38	0	34	0	57	0	41	0	58	0	50	0
cell103	2	56	6	53	10	44	55	0	26	36	54	1	62	0	45	0	52	0	60	0
cell104	0	47	36	22	40	0	47	1	47	3	43	0	42	14	39	9	58	0	37	3
cell105	0	39	29	20	53	0	60	0	48	0	48	3	35	20	50	1	48	0	58	0
cell106	0	57	43	5	40	0	56	1	59	0	49	0	50	0	25	22	52	1	57	0
cell107	0	51	3	53	23	32	48	0	46	0	60	0	52	0	43	0	51	0	45	0
cell108	0	45	55	0	40	0	45	0	56	0	48	0	60	0	55	0	57	4	46	2
cell109	0	55	32	19	61	1	53	0	49	0	45	0	25	24	48	0	57	0	43	0
cell110	0	59	36	17	59	0	34	16	48	0	51	0	38	11	35	16	42	0	54	0
cell111	0	44	71	0	38	0	63	0	46	0	50	0	50	0	40	0	53	0	44	1
cell112	0	60	13	40	41	0	49	6	53	0	51	0	42	1	41	1	51	0	52	0
cell113	5	50	44	10	52	0	46	2	41	0	50	0	53	0	48	8	64	0	38	0
cell114	0	58	47	0	51	2	58	0	53	0	55	0	38	0	48	0	47	0	47	0
cell115	0	59	10	33	49	0	54	0	47	0	22	27	37	9	48	0	40	0	46	0
cell116	0	46	22	22	41	1	42	0	35	0	53	0	46	0	50	0	48	0	52	0
cell117	0	54	14	42	49	1	46	0	53	0	50	3	44	5	55	2	47	2	31	18
cell118	0	53	51	0	50	0	45	8	46	0	54	0	59	0	45	1	50	0	39	0
cell119	0	42	47	6	55	0	47	0	46	0	51	0	26	7	52	2	61	0	35	7
cell120	0	55	12	27	14	30	50	0	60	0	53	4	52	0	54	0	51	0	35	0
cell121	0	64	24	23	28	18	49	0	46	0	46	0	37	0	63	2	61	0	47	0
cell122	0	54	37	0	59	1	49	1	55	0	68	0	38	12	15	41	68	5	39	0
cell123	0	40	19	42	67	1	46	0	49	0	45	5	46	0	52	0	51	0	44	0
cell124	0	64	32	14	54	0	51	0	48	0	37	0	46	3	45	0	38	1	53	1
cell125	0	49	41	14	58	0	44	0	44	1	53	0	24	26	52	0	60	0	49	0
cell126	0	46	44	6	40	0	38	4	57	1	60	0	37	10	19	34	23	27	47	4
cell127	0	40	11	30	43	0	41	7	38	0	55	0	45	6	50	0	52	0	38	0
cell128	0	53	35	15	44	0	37	16	42	0	41	0	59	1	17	18	43	10	40	2
cell129	0	56	43	19	60	2	42	0	45	1	38	2	32	17	44	0	57	0	48	0
cell130	0	47	42	9	50	6	55	0	51	0	43	0	36	23	48	0	57	0	42	0
cell131	0	50	29	26	54	0	42	5	53	0	58	0	33	9	38	17	55	1	64	0
cell132	0	45	49	6	45	0	54	0	43	0	59	0	38	8	24	10	59	0	42	12
cell133	0	57	22	29	44	0	28	27	49	0	53	5	45	7	30	16	39	14	48	0
cell134	0	46	51	0	49	0	59	0	52	0	54	0	50	0	43	11	59	0	40	4
cell135	0	53	43	6	55	1	46	15	37	0	57	0	58	4	25	19	29	11	48	0
cell136	0	44	18	31	48	0	41	0	49	0	59	0	49	1	43	0	58	0	44	0
cell137	0	39	48	0	38	0	56	3	41	3	45	2	44	0	38	0	38	0	58	0
cell138	0	47	37	17	54	0	38	7	51	0	59	1	24	15	47	4	46	0	52	0
cell139	0	44	11	31	13	42	37	3	42	0	34	1	69	0	45	0	56	0	53	0
cell140	0	49	19	38	22	23	53	0	19	25	38	7	49	0	56	4	52	0	63	0
cell141	0	46	6	46	46	5	43	1	41	0	21	19	55	1	33	0	47	0	57	0
cell142	0	43	26	26	52	0	55	0	47	2	45	0	42	13	53	0	61	3	52	0
cell143	2	45	14	25	57	0	32	18	50	0	51	0	44	2	20	23	52	1	62	0
cell144	0	56	27	20	50	0	57	0	52	0	57	0	47	2	54	0	50	0	47	1
cell145	8	28	35	2	47	0	48	0	42	0	53	0	35	12	45	3	63	0	48	3
cell146	0	45	34	16	47	0	46	6	44	2	40	0	44	11	48	4	44	0	48	0
cell147	1	63	3	54	47	6	40	3	48	0	50	0	42	0	47	0	54	0	48	0
cell148	0	48	30	14	46	0	51	1	48	2	44	0	12	27	45	0	49	0	51	0
cell149	1	47	7	53	26	12	49	2	33	18	57	2	54	0	50	1	50	0	55	0
cell150	0	45	7	38	6	47	56	0	39	16	42	1	54	3	50	0	43	0	59	0
cell151	0	55	30	19	47	0	47	1	52	1	31	0	23	28	37	14	46	0	44	0
cell152	0	46	56	0	45	0	49	0	46	0	59	0	50	0	49	0	47	0	64	0
cell153	1	45	29	15	47	0	31	4	49	0	54	0	36	4	34	21	47	12	59	0
cell154	0	39	24	21	57	0	60	0	45	0	48	0	38	2	48	0	46	0	47	5
cell155	0	51	6	42	21	33	49	0	39	12	45	0	38	0	51	0	49	0	47	0
cell156	0	54	37	18	46	0	36	9	55	0	51	1	32	16	33	13	56	1	47	0
cell157	1	41	10	38	44	0	51	0	39	0	61	0	41	0	59	0	52	3	54	0
cell158	0	48	29	16	49	0	60	0	60	0	56	0	44	0	25	25	51	0	71	0
cell159	0	49	20	29	52	0	59	1	48	0	40	9	31	10	59	1	48	0	51	0
cell160	5	43	32	18	51	0	33	12	56	0	54	0	29	19	32	6	57	0	62	0
cell161	0	49	24	17	57	0	32	9	47	0	51	0	55	3	37	4	49	0	39	0
cell162	0	52	28	23	68	0	47	0	47	0	51	2	21	20	65	0	42	2	52	0
cell163	0	59	30	15	49	0	46	1	48	0	59	0	24	28	43	0	42	1	60	0
cell164	0	42	49	6	50	0	41	0	44	0	52	0	16	40	48	0	39	3	57	0
cell165	0	45	0	44	47	10	43	1	47	9	49	2	46	0	51	4	57	0	51	0
cell166	0	56	14	30	42	15	45	2	50	2	43	0	53	0	44	0	50	1	52	0
cell167	0	53	14	44	53	1	42	0	42	0	55	0	36	10	54	0	41	0	57	1
cell168	2	48	45	13	53	0	41	0	49	3	60	0	32	17	29	19	55	0	48	0
cell169	0	62	31	13	48	0	41	0	53	2	51	1	47	6	49	0	46	0	55	0
cell170	0	48	41	24	51	0	45	0	55	2	48	3	49	2	55	0	63	0	45	0
cell171	0	50	25	35	51	0	64	0	56	0	38	0	39	2	51	1	46	0	47	1
cell172	0	55	33	18	51	0	56	0	48	0	47	1	35	21	27	29	50	0	33	6
cell173	0	46	51	9	53	0	41	1	53	0	47	0	28	13	51	3	39	9	46	0
cell174	0	56	46	5	69	0	53	0	49	0	56	4	30	2	51	1	47	0	44	0
cell175	1	43	16	33	42	7	35	0	43	0	44	0	51	0	52	0	53	0	42	0
cell176	2	49	2	51	50	5	51	2	46	0	48	0	46	0	69	0	39	1	62	0
cell177	0	58	36	8	46	0	33	7	32	0	51	0	22	20	39	13	43	11	50	0
cell178	0	60	18	34	24	15	61	0	51	3	57	0	46	0	55	0	52	0	50	0
cell179	0	44	19	26	58	0	51	0	52	0	33	10	42	8	56	0	46	0	52	1
cell180	0	53	18	31	33	17	47	0	42	16	48	0	43	0	57	0	50	0	47	0
cell181	0	67	38	9	47	0	48	0	54	0	43	0	28	30	52	1	45	0	43	0
cell182	0	48	19	32	40	15	47	0	33	11	50	0	53	0	55	2	47	2	65	0
cell183	0	45	54	0	53	0	59	0	47	0	47	0	43	0	38	1	60	0	50	0
cell184	1	59	45	8	46	4	47	0	50	4	51	1	34	12	43	4	53	1	52	1
cell185	0	54	23	29	48	0	43	12	47	2	57	0	32	6	41	1	48	0	45	3
cell186	0	59	41	4	55	0	45	0	45	0	52	4	27	24	43	0	48	0	48	0
cell187	0	60	43	9	55	0	61	0	48	0	30	0	33	18	49	0	44	0	47	0
cell188	0	44	1	57	13	35	54	0	28	21	42	0	54	0	52	0	45	1	46	0
cell189	0	50	30	20	35	1	32	19	51	0	51	0	35	10	58	0	53	0	47	0
cell190	0	37	49	11	59	0	42	4	54	0	54	0	45	12	22	31	53	1	48	0
cell191	6	47	57	7	70	0	57	1	45	0	58	0	53	0	24	18	45	0	46	1
cell192	0	50	23	29	44	1	53	0	51	0	47	0	32	14	62	4	43	0	41	0
cell193	3	43	46	8	52	0	46	0	57	0	55	0	33	19	51	9	52	0	31	15
cell194	0	52	30	16	45	0	47	0	49	1	29	11	40	14	46	0	40	0	51	0
cell195	0	46	29	28	47	1	63	0	59	0	47	2	58	1	50	0	48	0	46	1
cell196	0	42	8	40	31	21	46	0	18	32	59	0	41	1	34	3	57	0	41	0
cell197	0	53	14	52	42	6	40	1	45	0	42	0	50	1	57	1	45	3	52	0
cell198	1	39	52	0	45	2	45	0	47	0	41	1	42	0	54	0	54	0	45	0
cell199	0	47	45	3	53	2	60	0	50	0	55	0	64	0	44	1	50	0	39	0
cell200	0	63	69	2	43	0	54	0	53	1	51	0	44	1	52	1	54	0	42	0
cell201	0	66	35	5	63	0	35	5	58	0	66	1	54	3	20	30	37	0	56	0
cell202	0	40	25	29	51	0	47	2	58	0	31	24	32	13	53	0	58	0	42	0
cell203	4	58	38	0	36	0	54	0	68	0	53	0	51	0	44	0	64	0	49	0
cell204	0	51	30	19	52	0	37	0	51	0	44	3	22	33	49	0	49	0	46	0
cell205	0	47	44	3	44	6	56	0	44	2	48	0	44	0	38	4	43	0	45	0
cell206	1	47	25	20	56	0	34	5	61	1	49	0	43	2	38	4	44	0	43	1
cell207	0	45	15	42	15	24	50	0	38	13	65	1	62	0	42	0	41	1	58	0
cell208	0	44	39	0	46	0	55	0	58	0	58	0	10	33	41	0	63	0	49	0
cell209	1	48	14	28	50	0	50	0	47	0	32	17	38	9	43	0	36	4	53	0
cell210	0	47	34	27	51	3	44	0	49	0	53	0	37	13	45	0	38	0	34	20
cell211	3	40	38	10	57	2	36	0	50	1	37	0	59	0	54	0	50	1	63	0
cell212	0	58	29	23	47	0	48	0	52	5	44	0	48	4	45	7	49	0	55	0
cell213	1	52	32	16	51	0	46	0	47	0	38	7	37	18	34	14	49	0	43	5
cell214	0	52	0	47	25	19	56	0	27	11	48	0	40	0	46	0	38	0	46	0
cell215	0	50	21	31	53	0	58	0	49	0	40	1	44	10	46	2	47	0	28	14
cell216	0	52	31	22	47	0	51	1	43	0	46	0	26	17	51	0	43	0	54	0
cell217	0	43	16	41	52	4	56	0	50	0	27	29	41	6	58	0	41	0	42	0
cell218	0	44	35	14	29	20	60	0	50	0	50	0	43	0	51	0	55	0	50	3
cell219	3	47	43	0	57	0	51	0	40	0	39	11	46	8	52	0	55	0	49	0
cell220	0	60	1	42	6	41	46	2	54	2	40	0	44	0	55	0	45	0	46	1
cell221	0	48	33	10	42	0	58	0	50	0	37	0	20	19	58	1	56	0	43	0
cell222	0	46	31	20	52	1	51	1	41	0	49	0	57	4	27	14	47	0	55	2
cell223	0	44	49	5	47	3	58	1	51	1	43	0	48	0	55	1	49	0	48	0
cell224	1	58	14	42	37	0	62	0	59	0	44	11	31	17	63	0	51	0	49	0
cell225	0	56	27	16	53	0	31	18	49	0	38	0	39	1	28	25	48	8	42	2
cell226	0	68	34	14	43	0	54	0	56	0	45	2	33	12	37	18	46	0	49	0
cell227	1	53	8	50	41	1	61	0	46	0	45	0	51	1	45	1	50	0	48	0
cell228	0	44	21	27	61	0	56	0	42	0	43	0	41	0	37	9	55	0	45	2
cell229	1	39	48	0	68	0	70	0	47	0	59	0	63	0	41	0	48	1	48	0
cell230	0	52	35	11	61	0	50	1	64	0	46	0	44	4	33	31	56	0	51	1
cell231	0	45	3	44	42	0	53	1	48	0	29	19	49	1	47	0	48	0	39	1
cell232	0	46	35	17	48	1	45	3	48	0	51	0	50	0	50	3	42	2	48	0
cell233	0	62	6	57	21	15	45	0	53	4	61	0	56	2	45	3	48	0	44	0
cell234	0	48	38	7	55	0	51	2	47	0	56	1	45	0	51	0	57	2	47	1
cell235	0	49	9	45	18	23	59	0	48	0	38	2	52	0	50	0	35	2	54	2
cell236	0	53	32	14	40	4	43	6	51	4	54	0	25	18	27	12	45	6	48	1
cell237	0	42	35	23	43	1	39	12	41	0	55	3	51	1	43	2	49	11	53	0
cell238	2	50	39	6	44	2	46	0	53	0	57	4	48	14	51	0	41	1	59	0
cell239	0	49	36	0	47	0	50	0	53	0	48	0	55	2	59	0	52	0	44	0
cell240	0	51	19	27	52	0	53	0	51	2	59	0	55	0	43	0	42	0	48	4
cell241	0	44	36	19	44	0	51	0	60	0	46	0	48	5	25	22	40	0	40	1
cell242	0	54	36	12	56	1	54	0	34	13	46	0	37	4	37	14	46	0	40	0
cell243	0	44	36	14	77	0	53	2	46	0	54	0	20	29	20	43	34	19	39	0
cell244	0	47	19	27	54	0	39	24	49	0	47	0	43	8	52	9	50	0	59	0
cell245	0	47	52	0	47	0	39	4	50	1	41	1	21	20	42	8	47	0	54	0
cell246	1	60	52	4	56	0	58	0	49	0	65	0	10	44	59	2	43	1	60	0
cell247	0	40	38	0	47	2	54	0	51	0	46	0	40	10	41	0	56	0	43	0
cell248	0	51	36	19	27	27	53	0	37	21	44	0	62	0	45	0	46	0	44	0
cell249	0	43	44	25	48	1	32	24	42	0	42	0	35	3	24	34	29	24	34	2
cell250	0	55	12	41	28	34	44	0	60	0	45	0	40	0	49	0	55	0	50	0
cell251	0	50	30	17	47	0	52	8	47	4	38	0	44	12	43	6	47	2	55	0
cell252	1	38	16	32	50	0	50	3	47	0	39	0	40	7	50	6	51	0	54	0
cell253	0	60	18	24	60	0	55	0	41	0	32	0	56	4	36	2	42	0	34	5
cell254	0	51	32	7	60	0	30	20	39	0	51	1	39	12	37	12	46	11	69	0
cell255	0	60	12	57	33	6	45	0	41	0	51	0	59	0	50	3	61	0	51	1
cell256	0	51	19	29	31	17	52	0	45	0	47	0	43	1	56	0	59	0	52	0
cell257	0	42	64	0	55	0	44	8	45	2	52	0	56	0	46	0	41	0	52	0
cell258	0	59	33	21	64	0	39	0	41	0	59	0	40	0	58	0	55	0	47	0
cell259	0	38	24	26	49	0	43	21	54	0	53	0	43	16	45	5	58	0	43	2
cell260	0	36	36	11	45	0	54	0	51	0	46	1	28	17	39	3	44	3	52	4
cell261	0	52	37	16	60	0	43	0	32	3	59	0	42	4	46	4	48	1	51	0
cell262	1	54	42	5	43	0	55	0	51	0	52	0	36	3	45	0	54	0	48	0
cell263	0	47	5	37	42	8	45	0	42	0	51	0	55	0	39	0	57	0	47	0
cell264	0	53	25	22	24	31	43	0	55	0	48	0	41	0	46	0	49	0	37	1
cell265	0	39	32	17	51	0	36	7	44	0	49	0	43	1	41	6	47	0	46	1
cell266	0	56	20	39	29	18	41	0	56	0	52	0	41	0	54	1	53	0	48	6
cell267	1	49	17	39	43	0	40	0	50	0	46	0	49	5	43	0	39	0	44	0
cell268	0	64	55	0	52	0	55	1	47	0	49	0	47	2	61	0	63	1	45	0
cell269	5	41	52	0	53	0	35	0	41	0	53	0	47	0	50	1	45	0	57	1
cell270	0	45	35	8	48	0	40	3	46	0	48	0	44	6	46	0	42	0	45	0
cell271	0	46	49	3	47	0	47	0	42	0	53	0	22	26	39	7	46	1	55	0
cell272	2	49	59	2	60	6	61	1	42	0	52	0	49	4	25	30	48	0	47	3
cell273	0	42	31	33	52	0	48	0	43	1	38	3	39	10	36	9	47	0	48	0
cell274	0	58	34	14	55	0	55	4	54	0	42	0	29	17	39	18	26	22	44	3
cell275	0	61	5	54	9	47	34	0	44	0	51	2	52	4	54	0	39	6	38	0
cell276	0	52	13	36	34	0	52	2	60	0	41	0	42	6	37	2	44	2	54	0
cell277	0	47	8	52	36	0	52	0	51	0	58	0	53	3	32	0	51	0	54	0
cell278	0	56	32	14	60	2	45	0	45	0	55	0	44	11	34	9	51	0	50	3
cell279	8	47	14	41	46	0	18	32	59	0	52	0	41	8	34	6	41	0	49	0
cell280	0	44	41	20	37	4	44	0	52	0	61	1	43	4	33	18	48	3	59	0
cell281	0	48	28	25	58	2	46	0	49	0	47	0	67	0	47	0	49	0	51	1
cell282	0	59	32	14	51	0	48	0	43	1	39	0	45	3	52	0	47	0	50	0
cell283	0	41	41	0	51	0	47	0	44	4	43	0	40	0	47	0	49	0	50	2
cell284	0	51	29	15	54	0	48	0	59	3	47	0	35	0	54	0	51	0	41	0
cell285	0	44	33	9	50	0	46	8	39	3	51	0	24	24	41	5	58	0	49	0
cell286	0	46	35	13	54	1	44	1	46	0	56	0	40	6	28	18	50	1	48	0
cell287	0	46	31	27	51	0	53	2	44	0	44	7	66	0	54	1	49	0	52	0
cell288	0	53	8	40	51	0	46	0	47	0	55	0	54	2	42	0	50	0	52	0
cell289	1	43	14	24	39	0	43	0	58	0	50	4	53	0	49	0	43	2	47	2
cell290	0	61	20	33	49	0	37	0	56	0	39	0	23	20	40	1	40	0	42	0
cell291	1	51	37	8	70	1	44	0	45	0	48	0	39	15	59	0	61	0	50	0
cell292	0	56	6	44	48	0	52	1	50	0	49	1	60	0	36	0	47	0	40	1
cell293	0	57	52	0	50	0	59	0	60	0	58	0	52	1	57	0	42	0	43	0
cell294	0	55	15	30	55	1	61	0	40	0	50	4	36	14	59	0	43	1	47	0
cell295	0	40	26	27	43	0	51	0	46	0	53	0	52	0	53	0	49	0	37	0
cell296	0	57	53	0	45	0	48	1	47	0	48	0	59	0	52	0	58	0	38	0
cell297	0	57	25	31	49	11	55	2	44	0	45	2	65	0	51	1	45	1	52	0
cell298	0	53	51	0	49	0	56	0	43	0	44	0	49	0	46	0	54	1	43	0
cell299	4	47	28	28	32	24	47	1	43	4	56	0	53	1	60	0	54	0	52	0
cell300	0	62	44	1	45	0	42	0	51	0	65	0	30	14	43	8	55	0	47	0
cell301	0	43	9	33	31	11	42	1	47	1	48	0	40	0	41	0	50	7	44	0
cell302	0	46	28	14	42	0	55	0	54	0	54	0	46	1	18	11	62	0	53	6
cell303	0	47	24	25	54	2	38	3	42	0	47	0	39	11	43	12	35	0	42	0
cell304	0	46	55	0	46	0	59	0	32	0	50	0	43	2	44	0	53	0	44	0
cell305	0	47	36	16	38	2	67	0	48	0	46	0	55	0	42	0	54	0	41	0
cell306	1	52	20	30	39	11	50	1	48	0	53	0	53	1	46	0	56	0	44	2
cell307	0	45	4	52	20	34	50	0	44	0	45	5	45	4	38	0	52	0	49	3
cell308	0	57	24	29	38	0	49	1	54	0	45	0	53	0	47	0	54	0	57	0
cell309	0	52	40	0	58	0	57	0	56	0	41	0	38	0	47	2	53	0	63	0
cell310	0	49	39	8	36	11	56	0	42	7	34	0	48	0	53	2	55	0	40	0
cell311	0	46	40	12	59	0	47	0	49	0	62	0	41	6	24	18	44	0	39	1
cell312	0	47	35	18	49	0	46	2	52	0	51	9	43	4	48	0	49	0	43	0
cell313	5	51	46	3	47	1	45	11	48	0	45	1	38	24	23	16	45	4	48	0
cell314	0	55	49	14	52	0	50	4	54	2	51	0	44	7	44	18	44	3	36	10
cell315	0	71	29	18	21	29	48	0	36	11	55	0	51	0	52	0	57	0	46	6
cell316	0	42	24	25	54	0	47	0	62	0	51	0	44	8	52	0	53	0	31	0
cell317	7	43	41	14	49	0	51	0	63	0	39	0	27	23	15	21	54	0	56	9
cell318	1	43	45	7	46	1	47	0	44	0	49	0	49	5	41	15	36	21	44	0
cell319	0	49	41	20	49	0	38	4	46	0	56	0	29	13	32	12	38	5	45	0
cell320	0	45	0	52	24	35	52	0	52	4	41	0	57	0	36	2	41	0	46	0
cell321	0	35	25	35	57	0	55	2	42	0	53	5	54	7	53	6	59	0	61	0
cell322	0	48	51	8	57	1	55	0	56	1	41	0	21	21	35	22	47	0	52	0
cell323	1	53	1	51	18	25	53	0	52	5	43	0	43	0	50	0	63	1	46	0
cell324	0	43	45	0	46	0	67	1	45	0	49	0	57	0	41	0	57	0	41	0
cell325	0	46	39	5	52	0	45	0	39	0	65	0	23	32	48	3	62	0	32	6
cell326	0	60	28	21	44	0	33	26	51	0	52	0	38	0	48	6	46	1	40	0
cell327	0	54	24	17	46	0	42	1	55	1	28	26	46	9	49	0	54	0	43	0
cell328	0	49	2	54	41	10	53	1	44	0	46	0	43	0	51	0	54	0	54	0
cell329	0	47	47	3	47	2	54	0	43	0	49	0	51	1	53	0	54	0	47	0
cell330	0	45	29	16	40	6	39	0	53	0	56	3	52	1	63	0	56	0	52	0
cell331	0	70	14	43	16	35	64	0	20	21	46	3	38	2	65	1	56	2	46	0
cell332	0	58	27	17	49	0	45	12	41	1	43	0	42	0	28	13	43	5	44	0
cell333	0	46	30	30	47	0	61	13	46	0	50	1	31	17	24	18	44	3	45	3
cell334	2	42	4	48	47	0	50	0	51	1	67	0	39	0	51	6	53	0	48	0
cell335	0	43	4	48	50	0	48	0	41	0	41	0	44	11	41	1	53	0	37	15
cell336	0	51	16	31	36	8	49	0	50	10	45	2	45	13	54	0	46	0	43	1
cell337	2	54	22	27	53	0	31	10	36	0	50	1	45	11	44	0	50	0	56	5
cell338	0	58	28	23	52	1	49	11	48	0	38	0	36	15	37	20	31	20	57	0
cell339	5	51	4	55	49	2	30	1	48	0	45	0	45	3	49	0	47	0	58	0
cell340	0	49	16	33	50	0	46	0	41	0	34	1	41	0	40	1	52	2	58	0
cell341	0	66	20	20	52	0	41	0	47	0	47	4	20	28	43	0	44	0	52	0
cell342	0	31	44	6	38	0	38	4	53	0	51	0	11	34	42	5	51	0	58	0
cell343	0	35	24	30	50	0	53	0	41	0	56	2	61	2	50	2	59	0	44	0
cell344	0	62	24	28	38	3	39	1	38	3	40	0	57	4	14	36	50	2	51	6
cell345	0	48	52	2	48	0	49	1	46	0	48	1	29	19	29	12	53	0	60	0
cell346	0	51	7	37	51	0	55	2	51	0	77	0	50	0	47	9	37	0	49	0
cell347	0	67	25	20	42	0	51	3	54	0	50	2	43	9	50	0	57	1	42	0
cell348	0	58	21	19	40	1	48	7	53	0	37	1	30	17	40	9	64	0	50	0
cell349	0	50	33	7	42	1	52	0	60	0	58	0	22	24	42	1	53	2	43	9
cell350	1	52	54	0	51	0	34	0	49	0	51	0	50	0	41	1	53	0	55	0
cell351	0	42	21	7	43	6	57	1	36	0	51	0	21	22	46	6	45	5	38	2
cell352	0	55	52	0	43	0	58	0	61	0	61	0	67	0	41	0	48	0	44	0
cell353	0	59	49	12	48	0	44	0	28	0	49	0	17	37	46	7	53	3	52	1
cell354	0	48	37	24	39	7	45	3	44	0	33	0	56	0	49	0	54	0	42	1
cell355	0	46	22	27	52	0	41	0	37	0	51	0	51	5	45	11	54	0	63	0
cell356	0	51	27	21	38	17	53	0	61	0	49	0	53	0	38	0	48	0	51	0
cell357	1	41	7	40	49	0	46	0	39	0	25	28	64	2	49	0	40	0	57	0
cell358	0	70	18	36	50	1	44	0	59	0	20	30	36	9	54	2	39	1	46	0
cell359	0	50	49	3	46	0	52	0	61	0	57	0	15	30	52	0	41	0	43	0
cell360	1	60	23	29	35	29	51	0	42	0	57	0	37	0	44	1	52	0	62	0
cell361	0	46	20	23	58	0	58	0	47	0	52	2	48	1	28	17	52	0	43	7
cell362	0	47	49	0	40	0	55	0	46	0	45	0	51	0	40	0	52	0	52	1
cell363	0	51	25	11	43	0	45	0	54	0	38	0	43	4	56	0	47	1	52	0
cell364	0	49	17	26	42	0	41	0	54	0	39	0	38	7	41	0	52	0	53	0
cell365	0	58	16	41	20	28	38	0	51	1	45	0	59	0	50	0	44	2	54	0
cell366	0	36	27	27	57	0	53	0	53	0	57	0	48	0	39	0	47	0	69	0
cell367	0	49	4	46	13	39	47	0	21	24	49	0	53	0	56	0	43	0	42	0
cell368	1	62	3	52	21	34	39	0	44	0	41	0	49	0	53	0	52	0	41	1
cell369	0	41	27	17	37	0	40	1	54	0	43	1	54	5	24	11	46	0	38	15
cell370	0	47	9	35	41	16	62	0	44	10	52	0	59	0	46	0	47	0	49	0
cell371	1	48	57	0	53	0	56	0	49	0	49	0	52	0	59	0	43	0	46	1
cell372	0	44	27	22	46	0	53	2	51	1	57	0	54	3	24	25	56	0	40	1
cell373	0	52	57	0	48	0	50	0	49	0	58	1	58	0	43	1	54	0	62	0
cell374	6	43	32	20	55	0	43	0	53	0	56	0	38	10	47	5	39	0	38	0
cell375	0	49	46	8	53	0	48	1	55	0	52	0	35	12	47	7	55	0	48	5
cell376	0	50	25	16	45	5	44	0	54	0	51	3	58	0	58	0	55	0	44	0
cell377	2	60	4	43	25	23	48	0	44	4	49	0	49	0	48	1	45	0	52	0
cell378	1	38	35	16	47	0	42	13	55	0	47	0	40	17	29	14	46	7	57	0
cell379	1	46	26	22	55	0	31	15	53	0	52	4	50	3	38	9	40	0	70	5
cell380	0	51	42	4	50	0	41	2	51	0	50	0	45	0	46	0	50	0	44	0
cell381	1	57	42	18	40	0	51	1	47	1	42	0	31	24	36	27	49	0	56	3
cell382	0	59	46	0	60	0	49	0	54	0	48	0	52	0	45	0	45	0	42	2
cell383	0	59	43	1	33	0	49	0	67	0	45	0	43	0	60	1	45	0	64	0
cell384	0	50	2	52	20	21	55	0	39	0	53	3	56	0	39	0	33	4	55	0
cell385	0	46	34	6	42	1	48	1	46	4	40	1	26	15	40	10	37	0	33	4
cell386	3	37	37	8	40	0	54	0	54	0	46	0	29	27	43	1	58	0	41	4
cell387	1	44	58	0	42	0	57	0	46	0	50	0	51	0	46	0	54	0	48	0
cell388	1	34	44	18	51	0	39	10	51	0	53	0	11	39	44	19	47	3	65	0
cell389	0	49	9	42	20	26	50	0	38	9	67	0	52	0	70	0	56	0	27	0
cell390	0	47	58	0	58	1	34	5	39	0	39	0	44	0	47	0	43	0	47	1
cell391	3	47	22	22	63	0	59	0	54	0	52	1	33	7	49	0	42	0	64	0
cell392	0	57	47	0	59	0	46	1	45	0	43	0	48	0	58	1	51	0	48	0
cell393	0	50	21	42	45	2	36	2	47	0	54	0	54	7	62	0	64	0	50	0
cell394	0	55	25	26	42	0	60	1	50	4	43	6	19	22	61	0	44	0	51	0
cell395	0	44	34	13	43	0	45	9	52	0	59	0	33	23	28	4	47	0	47	0
cell396	0	45	33	14	54	1	56	0	46	0	48	0	22	22	28	13	44	0	43	2
cell397	0	47	18	22	63	0	69	0	50	0	40	0	42	7	55	2	48	0	26	36
cell398	1	57	56	0	50	0	48	0	52	0	53	0	42	0	43	0	54	0	49	0
cell399	0	47	39	8	60	1	48	0	43	2	65	0	32	5	50	3	47	0	47	0
cell400	0	39	43	14	44	1	45	3	61	0	50	0	46	13	29	12	36	17	47	0
cell401	0	47	32	11	39	3	33	0	49	0	50	4	42	3	44	1	48	0	52	3
cell402	0	38	17	26	45	0	47	0	50	0	52	0	51	3	35	4	54	0	34	1
cell403	2	52	15	29	54	1	38	0	49	5	40	6	50	2	47	0	46	0	50	0
cell404	0	52	16	29	44	1	55	0	62	0	30	18	32	24	50	0	57	0	46	0
cell405	0	57	12	31	41	0	50	0	68	0	46	0	47	0	46	0	56	0	46	0
cell406	0	51	32	23	56	0	45	10	56	0	54	0	45	3	33	31	23	39	32	13
cell407	1	55	46	0	48	1	54	0	47	0	47	2	48	0	56	0	60	0	55	0
cell408	0	52	23	39	56	0	44	0	51	0	48	1	42	5	47	1	56	0	42	13
cell409	0	43	36	17	35	1	50	6	49	0	49	10	42	0	22	25	27	20	39	1
cell410	0	48	25	16	50	0	40	0	38	0	53	0	47	4	32	2	54	0	63	0
cell411	0	60	20	25	27	37	57	0	41	12	58	0	51	0	50	6	55	0	51	0
cell412	1	38	26	16	53	0	53	1	54	0	57	0	47	6	55	3	47	0	25	14
cell413	0	56	32	19	45	0	41	0	46	0	58	2	30	16	46	10	52	0	44	7
cell414	1	46	24	24	47	0	32	13	50	0	50	0	16	37	39	8	48	0	57	0
cell415	1	62	18	42	45	0	43	0	40	0	37	16	35	0	53	0	51	3	47	0
cell416	0	45	31	9	54	5	41	11	38	0	52	0	46	5	23	15	36	10	51	0
cell417	0	47	44	2	50	0	42	8	53	1	51	0	44	2	43	0	44	0	40	0
cell418	0	44	47	15	40	1	56	1	47	0	52	0	39	11	30	25	44	0	59	0
cell419	0	46	50	10	55	0	51	1	43	0	49	0	50	1	34	7	33	8	58	0
cell420	0	40	31	19	50	1	40	2	54	5	45	0	23	24	53	0	52	0	52	0
cell421	0	56	44	4	44	0	32	6	46	0	51	0	48	0	44	21	39	1	39	0
cell422	4	47	31	25	48	0	38	0	50	0	49	0	41	8	54	1	53	0	60	2
cell423	0	49	12	37	28	31	49	1	54	0	48	0	61	2	50	0	42	0	54	0
cell424	0	40	19	38	32	20	54	0	30	10	52	0	50	0	54	0	55	0	64	0
cell425	0	54	42	20	48	0	51	7	55	0	41	0	35	9	35	19	46	17	54	0
cell426	0	42	9	44	43	9	48	0	54	2	46	0	44	0	57	0	48	0	42	0
cell427	0	47	34	19	42	0	38	6	46	0	37	5	44	9	37	1	44	0	50	0
cell428	0	46	38	0	51	4	45	1	47	1	46	0	50	0	59	3	55	0	49	0
cell429	0	51	34	17	36	17	53	0	52	0	50	0	51	0	54	0	57	0	49	0
cell430	1	47	18	28	44	0	52	0	52	1	41	0	47	15	28	10	46	0	51	0
cell431	0	40	33	6	36	0	60	0	49	0	49	8	25	25	38	16	56	1	46	0
cell432	1	49	7	44	42	3	46	0	51	1	51	1	52	0	35	7	58	1	46	2
cell433	0	56	25	26	28	11	47	0	47	5	49	0	58	0	64	0	46	0	50	1
cell434	0	50	42	21	62	0	47	0	45	3	47	0	49	0	60	0	60	0	41	1
cell435	0	44	30	11	54	0	51	0	52	0	47	0	26	23	51	7	47	0	36	10
cell436	0	43	35	24	49	0	63	0	50	0	38	0	46	2	33	14	35	9	43	6
cell437	0	42	12	26	45	2	63	0	60	1	64	1	57	0	36	0	56	0	48	0
cell438	0	64	46	0	55	0	48	2	58	0	42	0	51	0	51	0	44	0	51	0
cell439	2	47	38	9	48	0	48	0	54	0	50	0	31	22	33	9	43	4	46	0
cell440	0	46	57	0	52	1	39	0	46	0	50	0	51	0	55	0	50	0	56	0
cell441	0	39	2	50	37	20	60	0	43	8	47	0	49	1	49	0	43	0	58	3
cell442	3	54	52	0	51	0	57	0	55	0	60	0	44	0	51	0	49	0	43	0
cell443	5	60	29	14	37	0	59	1	37	0	54	3	14	48	51	0	50	0	44	0
cell444	0	40	23	30	9	30	46	0	43	10	53	0	40	0	56	0	46	0	59	0
cell445	0	46	26	28	49	1	43	0	50	0	48	4	37	8	60	0	63	0	55	0
cell446	0	57	15	24	46	0	40	3	53	1	51	0	31	16	52	0	63	0	60	0
cell447	0	39	51	0	36	1	53	1	53	5	40	0	50	0	61	0	43	0	45	1
cell448	0	42	22	25	40	0	50	1	60	0	43	0	54	0	40	0	53	3	34	0
cell449	0	56	13	24	53	0	51	5	55	0	43	0	50	1	43	11	53	0	49	2
cell450	0	51	11	45	48	1	58	0	59	0	50	0	52	0	48	0	57	0	55	0
cell451	0	43	16	27	53	0	30	23	48	0	64	1	56	4	41	2	46	1	39	0
cell452	0	56	21	40	53	0	50	0	47	0	55	0	31	23	27	14	54	2	53	11
cell453	1	64	0	50	10	37	59	0	51	10	48	0	54	0	53	0	57	0	48	0
cell454	0	46	27	23	41	0	40	4	47	0	40	0	33	25	36	12	53	2	60	0
cell455	0	45	50	9	45	0	43	0	60	0	47	0	53	0	42	0	50	0	41	10
cell456	2	45	12	31	51	0	50	0	53	0	34	0	57	0	53	0	43	3	51	0
cell457	0	58	45	0	58	4	40	0	52	0	38	0	64	0	56	0	58	2	59	0
cell458	0	49	44	19	51	6	31	0	48	0	29	17	31	26	50	0	43	0	61	0
cell459	0	59	30	7	39	0	48	6	52	0	46	0	47	10	45	14	48	5	51	0
cell460	4	52	8	50	28	19	49	0	33	21	56	1	48	0	51	0	44	0	43	0
cell461	0	41	42	9	49	0	42	6	43	0	49	0	20	28	42	11	47	0	41	0
cell462	0	62	45	10	54	0	49	6	48	1	44	0	44	1	44	4	49	0	55	0
cell463	0	44	50	1	55	0	54	0	54	0	48	0	11	39	39	1	41	2	55	0
cell464	0	28	23	25	42	3	47	0	52	0	53	0	42	0	48	0	38	0	40	0
cell465	2	59	30	5	59	0	32	10	34	2	41	0	49	4	37	15	27	17	53	0
cell466	7	44	20	31	45	0	42	0	49	0	47	0	33	20	51	0	61	0	55	0
cell467	0	48	38	5	50	0	57	0	49	0	58	0	35	3	22	29	43	0	51	0
cell468	0	39	54	3	54	0	54	0	37	0	46	3	27	18	35	12	55	0	40	1
cell469	1	57	31	13	45	0	56	0	47	1	48	0	31	23	50	0	61	0	48	1
cell470	1	47	2	53	43	1	47	0	59	0	56	0	34	0	56	6	56	0	51	1
cell471	1	62	36	25	49	0	40	13	50	0	54	0	35	0	49	3	55	4	56	0
cell472	1	51	51	0	42	0	52	1	48	0	52	0	48	0	42	0	41	2	44	0
cell473	0	55	12	33	48	1	17	30	49	1	47	0	43	2	47	10	51	2	35	0
cell474	0	51	40	15	50	0	41	4	57	0	46	0	36	1	31	25	50	0	46	0
cell475	0	47	36	16	60	3	50	0	47	0	44	2	22	30	53	0	62	0	43	2
cell476	0	58	18	33	57	0	33	11	53	0	34	0	40	22	36	4	40	2	53	1
cell477	0	55	17	51	47	0	54	3	45	0	47	0	39	0	47	0	45	0	50	0
cell478	0	48	28	27	51	0	45	4	35	0	46	0	51	0	47	0	48	0	49	0
cell479	8	42	35	15	44	0	58	0	43	7	46	0	42	13	57	0	41	4	43	1
cell480	0	50	16	33	54	0	45	1	48	0	53	0	53	3	65	0	54	0	37	0
cell481	0	61	43	3	48	3	49	0	63	0	53	3	37	13	24	20	47	1	45	0
cell482	1	52	18	45	14	27	40	1	42	11	39	0	46	0	52	2	74	0	41	0
cell483	2	47	19	36	59	0	49	0	38	8	44	6	38	6	47	3	43	4	40	6
cell484	1	43	21	28	52	0	49	10	60	0	48	0	48	0	49	3	51	6	50	0
cell485	4	38	25	28	27	16	38	0	46	6	42	0	36	0	43	0	46	0	55	0
cell486	0	51	32	21	48	0	51	1	47	0	34	0	48	3	39	6	53	0	54	0
cell487	0	62	42	4	38	0	56	0	40	0	49	1	19	27	53	7	58	0	38	0
cell488	0	34	32	22	48	2	47	1	37	1	47	0	35	23	49	0	52	0	49	11
cell489	0	51	21	35	62	1	58	0	52	0	54	0	53	4	20	21	55	0	45	1
cell490	0	48	21	34	47	0	42	0	49	0	45	0	33	6	49	2	51	0	49	0
cell491	0	49	43	15	46	0	42	0	61	0	63	0	46	12	46	4	46	0	42	7
cell492	0	57	54	4	44	0	44	4	52	0	45	2	45	7	25	29	49	3	55	0
cell493	0	58	19	30	22	16	53	0	33	24	52	1	43	0	45	0	54	0	57	0
cell494	0	49	28	19	62	0	57	0	49	5	57	1	20	29	56	4	61	0	40	6
cell495	0	40	33	15	48	0	57	1	51	0	51	0	23	28	47	4	60	0	47	5
cell496	0	60	39	22	51	0	51	0	50	0	47	1	31	21	49	1	39	4	50	8
cell497	0	56	29	13	65	0	41	0	46	0	40	7	16	29	50	0	50	3	40	3
cell498	0	54	19	21	42	0	64	0	52	0	45	0	42	7	45	13	50	0	30	19
cell499	0	45	5	48	61	0	47	0	49	0	39	0	52	0	36	3	46	0	58	0
cell500	1	46	38	12	50	0	47	0	53	0	47	0	11	36	22	19	46	0	55	0
