45 42 49 42 48 43 61 42 45 60 0
56 49 53 42 47 53 54 46 51 46 0
50 51 47 55 50 43 64 48 46 59 0
46 46 52 46 52 64 50 52 41 53 0
43 48 61 45 50 68 39 50 44 51 0
53 48 46 53 50 62 47 53 56 56 0
47 41 41 51 53 53 51 55 48 58 0
45 60 46 47 46 60 60 51 48 55 0
56 51 35 36 54 56 39 52 48 50 0
36 53 48 54 48 66 50 40 48 53 0
55 58 55 44 47 41 44 59 62 48 0
68 55 53 62 51 44 55 64 46 56 0
51 51 47 37 64 45 43 52 39 54 0
41 59 47 46 43 46 55 59 46 51 0
41 48 51 40 45 52 49 61 52 37 0
46 61 40 60 44 42 48 48 49 48 0
47 45 45 51 39 49 46 49 40 46 0
49 45 55 52 55 39 47 52 46 48 0
50 50 40 54 46 50 49 50 41 61 0
32 46 45 56 63 48 55 37 52 42 0
60 53 46 40 65 35 45 41 42 50 0
61 41 60 55 34 38 39 51 65 55 0
55 52 40 56 55 59 54 44 51 42 0
45 33 54 46 46 49 45 42 39 44 0
52 59 54 56 49 51 49 56 56 53 0
56 55 67 47 41 35 51 46 40 60 0
52 50 42 42 54 47 45 53 54 42 0
63 50 47 47 45 57 45 60 43 42 0
45 53 38 54 41 42 52 44 52 39 0
62 56 51 44 41 49 55 55 54 42 0
51 41 57 51 43 47 51 62 47 61 0
55 52 37 39 37 54 49 45 54 37 0
67 48 55 58 59 45 41 55 60 53 0
50 54 37 50 61 44 60 62 54 44 0
41 47 38 45 57 50 53 60 52 59 0
45 42 48 45 39 50 46 55 57 49 0
52 56 67 53 56 51 48 45 51 47 0
55 40 45 47 56 56 65 50 48 46 0
56 42 45 49 54 51 45 51 42 58 0
52 49 43 43 62 43 44 53 40 37 0
55 49 48 71 37 45 40 54 56 47 0
50 42 65 60 48 53 55 42 61 42 0
45 53 58 38 49 60 54 59 49 51 0
62 56 49 52 42 42 44 62 50 66 0
49 67 63 56 43 58 51 54 49 43 0
40 39 53 44 41 55 43 47 51 26 0
53 48 42 53 47 50 36 46 41 41 0
53 52 44 53 57 43 35 31 50 55 0
47 52 50 60 60 44 57 43 53 59 0
54 50 60 52 57 59 54 55 42 54 0
55 56 41 53 46 51 40 39 37 55 0
41 50 41 48 41 51 56 44 64 46 0
37 46 50 52 42 57 48 58 57 55 0
51 35 54 59 57 69 49 42 56 52 0
57 52 51 56 41 48 44 41 60 46 0
50 49 54 47 48 51 40 49 45 63 0
61 53 42 55 48 43 55 53 40 57 0
49 39 51 50 40 50 56 60 51 59 0
43 56 50 52 51 44 51 47 47 52 0
51 55 59 53 51 53 53 43 48 48 0
44 41 53 55 54 54 54 53 46 52 0
47 60 50 54 62 63 51 48 53 55 0
46 51 42 52 47 50 52 52 42 48 0
49 47 40 54 52 55 51 50 44 48 0
50 64 45 56 53 46 48 38 56 58 0
43 49 40 44 55 51 52 52 46 54 0
48 42 53 58 44 41 50 46 56 45 0
37 40 43 55 46 42 49 62 43 55 0
52 54 53 47 39 50 58 38 59 53 0
40 59 45 57 69 44 41 46 53 61 0
61 45 50 55 41 56 54 37 56 50 0
60 54 41 56 41 54 45 41 48 46 0
43 43 44 53 50 44 55 64 57 33 0
60 52 58 54 51 51 39 45 49 47 0
59 53 49 47 48 48 34 60 55 48 0
66 50 50 52 49 57 44 48 50 45 0
57 50 45 51 59 45 48 40 47 47 0
48 56 46 44 37 37 52 60 52 49 0
50 51 47 52 50 58 48 38 46 51 0
44 49 61 46 64 54 43 40 63 42 0
42 58 43 54 48 55 42 49 48 48 0
55 55 66 51 47 51 45 53 50 51 0
49 51 49 46 62 55 46 58 55 46 0
31 37 46 51 48 41 46 36 45 52 0
47 43 61 40 58 44 47 57 58 62 0
54 44 41 40 46 37 59 51 46 61 0
57 42 48 50 60 47 59 60 48 57 0
48 59 60 46 47 46 55 50 46 42 0
46 41 45 42 52 42 56 46 42 50 0
62 58 41 55 51 43 43 62 34 47 0
51 50 55 52 35 52 36 57 60 60 0
53 52 47 60 50 55 44 45 41 49 0
40 43 59 49 52 50 47 46 32 53 0
39 43 44 57 49 49 45 53 43 53 0
52 43 55 44 53 48 40 53 51 50 0
60 55 37 53 62 51 42 56 45 53 0
62 54 61 42 60 56 61 40 45 59 0
44 50 58 52 50 62 41 45 43 42 0
48 55 60 58 56 50 61 38 46 48 0
45 35 55 46 42 40 50 38 53 53 0
47 47 55 48 47 44 57 50 46 57 0
49 54 46 45 38 34 57 41 58 50 0
58 59 54 55 62 55 62 45 52 60 0
47 58 40 48 50 43 56 48 58 40 0
39 49 53 60 48 51 55 51 48 58 0
57 48 40 57 59 49 50 47 53 57 0
51 56 55 48 46 60 52 43 51 45 0
45 55 40 45 56 48 60 55 61 48 0
55 51 62 53 49 45 49 48 57 43 0
59 53 59 50 48 51 49 51 42 54 0
44 71 38 63 46 50 50 40 53 45 0
60 53 41 55 53 51 43 42 51 52 0
55 54 52 48 41 50 53 56 64 38 0
58 47 53 58 53 55 38 48 47 47 0
59 43 49 54 47 49 46 48 40 46 0
46 44 42 42 35 53 46 50 48 52 0
54 56 50 46 53 53 49 57 49 49 0
53 51 50 53 46 54 59 46 50 39 0
42 53 55 47 46 51 33 54 61 42 0
55 39 44 50 60 57 52 54 51 35 0
64 47 46 49 46 46 37 65 61 47 0
54 37 60 50 55 68 50 56 73 39 0
40 61 68 46 49 50 46 52 51 44 0
64 46 54 51 48 37 49 45 39 54 0
49 55 58 44 45 53 50 52 60 49 0
46 50 40 42 58 60 47 53 50 51 0
40 41 43 48 38 55 51 50 52 38 0
53 50 44 53 42 41 60 35 53 42 0
56 62 62 42 46 40 49 44 57 48 0
47 51 56 55 51 43 59 48 57 42 0
50 55 54 47 53 58 42 55 56 64 0
45 55 45 54 43 59 46 34 59 54 0
57 51 44 55 49 58 52 46 53 48 0
46 51 49 59 52 54 50 54 59 44 0
53 49 56 61 37 57 62 44 40 48 0
44 49 48 41 49 59 50 43 58 44 0
39 48 38 59 44 47 44 38 38 58 0
47 54 54 45 51 60 39 51 46 52 0
44 42 55 40 42 35 69 45 56 53 0
49 57 45 53 44 45 49 60 52 63 0
46 52 51 44 41 40 56 33 47 57 0
43 52 52 55 49 45 55 53 64 52 0
47 39 57 50 50 51 46 43 53 62 0
56 47 50 57 52 57 49 54 50 48 0
36 37 47 48 42 53 47 48 63 51 0
45 50 47 52 46 40 55 52 44 48 0
64 57 53 43 48 50 42 47 54 48 0
48 44 46 52 50 44 39 45 49 51 0
48 60 38 51 51 59 54 51 50 55 0
45 45 53 56 55 43 57 50 43 59 0
55 49 47 48 53 31 51 51 46 44 0
46 56 45 49 46 59 50 49 47 64 0
46 44 47 35 49 54 40 55 59 59 0
39 45 57 60 45 48 40 48 46 52 0
51 48 54 49 51 45 38 51 49 47 0
54 55 46 45 55 52 48 46 57 47 0
42 48 44 51 39 61 41 59 55 54 0
48 45 49 60 60 56 44 50 51 71 0
49 49 52 60 48 49 41 60 48 51 0
48 50 51 45 56 54 48 38 57 62 0
49 41 57 41 47 51 58 41 49 39 0
52 51 68 47 47 53 41 65 44 52 0
59 45 49 47 48 59 52 43 43 60 0
42 55 50 41 44 52 56 48 42 57 0
45 44 57 44 56 51 46 55 57 51 0
56 44 57 47 52 43 53 44 51 52 0
53 58 54 42 42 55 46 54 41 58 0
50 58 53 41 52 60 49 48 55 48 0
62 44 48 41 55 52 53 49 46 55 0
48 65 51 45 57 51 51 55 63 45 0
50 60 51 64 56 38 41 52 46 48 0
55 51 51 56 48 48 56 56 50 39 0
46 60 53 42 53 47 41 54 48 46 0
56 51 69 53 49 60 32 52 47 44 0
44 49 49 35 43 44 51 52 53 42 0
51 53 55 53 46 48 46 69 40 62 0
58 44 46 40 32 51 42 52 54 50 0
60 52 39 61 54 57 46 55 52 50 0
44 45 58 51 52 43 50 56 46 53 0
53 49 50 47 58 48 43 57 50 47 0
67 47 47 48 54 43 58 53 45 43 0
48 51 55 47 44 50 53 57 49 65 0
45 54 53 59 47 47 43 39 60 50 0
60 53 50 47 54 52 46 47 54 53 0
54 52 48 55 49 57 38 42 48 48 0
59 45 55 45 45 56 51 43 48 48 0
60 52 55 61 48 30 51 49 44 47 0
44 58 48 54 49 42 54 52 46 46 0
50 50 36 51 51 51 45 58 53 47 0
37 60 59 46 54 54 57 53 54 48 0
53 64 70 58 45 58 53 42 45 47 0
50 52 45 53 51 47 46 66 43 41 0
46 54 52 46 57 55 52 60 52 46 0
52 46 45 47 50 40 54 46 40 51 0
46 57 48 63 59 49 59 50 48 47 0
42 48 52 46 50 59 42 37 57 41 0
53 66 48 41 45 42 51 58 48 52 0
40 52 47 45 47 42 42 54 54 45 0
47 48 55 60 50 55 64 45 50 39 0
63 71 43 54 54 51 45 53 54 42 0
66 40 63 40 58 67 57 50 37 56 0
40 54 51 49 58 55 45 53 58 42 0
62 38 36 54 68 53 51 44 64 49 0
51 49 52 37 51 47 55 49 49 46 0
47 47 50 56 46 48 44 42 43 45 0
48 45 56 39 62 49 45 42 44 44 0
45 57 39 50 51 66 62 42 42 58 0
44 39 46 55 58 58 43 41 63 49 0
49 42 50 50 47 49 47 43 40 53 0
47 61 54 44 49 53 50 45 38 54 0
43 48 59 36 51 37 59 54 51 63 0
58 52 47 48 57 44 52 52 49 55 0
53 48 51 46 47 45 55 48 49 48 0
52 47 44 56 38 48 40 46 38 46 0
50 52 53 58 49 41 54 48 47 42 0
52 53 47 52 43 46 43 51 43 54 0
43 57 56 56 50 56 47 58 41 42 0
44 49 49 60 50 50 43 51 55 53 0
50 43 57 51 40 50 54 52 55 49 0
60 43 47 48 56 40 44 55 45 47 0
48 43 42 58 50 37 39 59 56 43 0
46 51 53 52 41 49 61 41 47 57 0
44 54 50 59 52 43 48 56 49 48 0
59 56 37 62 59 55 48 63 51 49 0
56 43 53 49 49 38 40 53 56 44 0
68 48 43 54 56 47 45 55 46 49 0
54 58 42 61 46 45 52 46 50 48 0
44 48 61 56 42 43 41 46 55 47 0
40 48 68 70 47 59 63 41 49 48 0
52 46 61 51 64 46 48 64 56 52 0
45 47 42 54 48 48 50 47 48 40 0
46 52 49 48 48 51 50 53 44 48 0
62 63 36 45 57 61 58 48 48 44 0
48 45 55 53 47 57 45 51 59 48 0
49 54 41 59 48 40 52 50 37 56 0
53 46 44 49 55 54 43 39 51 49 0
42 58 44 51 41 58 52 45 60 53 0
52 45 46 46 53 61 62 51 42 59 0
49 36 47 50 53 48 57 59 52 44 0
51 46 52 53 53 59 55 43 42 52 0
44 55 44 51 60 46 53 47 40 41 0
54 48 57 54 47 46 41 51 46 40 0
44 50 77 55 46 54 49 63 53 39 0
47 46 54 63 49 47 51 61 50 59 0
47 52 47 43 51 42 41 50 47 54 0
61 56 56 58 49 65 54 61 44 60 0
40 38 49 54 51 46 50 41 56 43 0
51 55 54 53 58 44 62 45 46 44 0
43 69 49 56 42 42 38 58 53 36 0
55 53 62 44 60 45 40 49 55 50 0
50 47 47 60 51 38 56 49 49 55 0
39 48 50 53 47 39 47 56 51 54 0
60 42 60 55 41 32 60 38 42 39 0
51 39 60 50 39 52 51 49 57 69 0
60 69 39 45 41 51 59 53 61 52 0
51 48 48 52 45 47 44 56 59 52 0
42 64 55 52 47 52 56 46 41 52 0
59 54 64 39 41 59 40 58 55 47 0
38 50 49 64 54 53 59 50 58 45 0
36 47 45 54 51 47 45 42 47 56 0
52 53 60 43 35 59 46 50 49 51 0
55 47 43 55 51 52 39 45 54 48 0
47 42 50 45 42 51 55 39 57 47 0
53 47 55 43 55 48 41 46 49 38 0
39 49 51 43 44 49 44 47 47 47 0
56 59 47 41 56 52 41 55 53 54 0
50 56 43 40 50 46 54 43 39 44 0
64 55 52 56 47 49 49 61 64 45 0
46 52 53 35 41 53 47 51 45 58 0
45 43 48 43 46 48 50 46 42 45 0
46 52 47 47 42 53 48 46 47 55 0
51 61 66 62 42 52 53 55 48 50 0
42 64 52 48 44 41 49 45 47 48 0
58 48 55 59 54 42 46 57 48 47 0
61 59 56 34 44 53 56 54 45 38 0
52 49 34 54 60 41 48 39 46 54 0
47 60 36 52 51 58 56 32 51 54 0
56 46 62 45 45 55 55 43 51 53 0
55 55 46 50 59 52 49 40 41 49 0
44 61 41 44 52 62 47 51 51 59 0
48 53 60 46 49 47 67 47 49 52 0
59 46 51 48 44 39 48 52 47 50 0
41 41 51 47 48 43 40 47 49 52 0
51 44 54 48 62 47 35 54 51 41 0
44 42 50 54 42 51 48 46 58 49 0
46 48 55 45 46 56 46 46 51 48 0
46 58 51 55 44 51 66 55 49 52 0
53 48 51 46 47 55 56 42 50 52 0
44 38 39 43 58 54 53 49 45 49 0
61 53 49 37 56 39 43 41 40 42 0
52 45 71 44 45 48 54 59 61 50 0
56 50 48 53 50 50 60 36 47 41 0
57 52 50 59 60 58 53 57 42 43 0
55 45 56 61 40 54 50 59 44 47 0
40 53 43 51 46 53 52 53 49 37 0
57 53 45 49 47 48 59 52 58 38 0
57 56 60 57 44 47 65 52 46 52 0
53 51 49 56 43 44 49 46 55 43 0
51 56 56 48 47 56 54 60 54 52 0
62 45 45 42 51 65 44 51 55 47 0
43 42 42 43 48 48 40 41 57 44 0
46 42 42 55 54 54 47 29 62 59 0
47 49 56 41 42 47 50 55 35 42 0
46 55 46 59 32 50 45 44 53 44 0
47 52 40 67 48 46 55 42 54 41 0
53 50 50 51 48 53 54 46 56 46 0
45 56 54 50 44 50 49 38 52 52 0
57 53 38 50 54 45 53 47 54 57 0
52 40 58 57 56 41 38 49 53 63 0
49 47 47 56 49 34 48 55 55 40 0
46 52 59 47 49 62 47 42 44 40 0
47 53 49 48 52 60 47 48 49 43 0
56 49 48 56 48 46 62 39 49 48 0
55 63 52 54 56 51 51 62 47 46 0
71 47 50 48 47 55 51 52 57 52 0
42 49 54 47 62 51 52 52 53 31 0
50 55 49 51 63 39 50 36 54 65 0
44 52 47 47 44 49 54 56 57 44 0
49 61 49 42 46 56 42 44 43 45 0
45 52 59 52 56 41 57 38 41 46 0
35 60 57 57 42 58 61 59 59 61 0
48 59 58 55 57 41 42 57 47 52 0
54 52 43 53 57 43 43 50 64 46 0
43 45 46 68 45 49 57 41 57 41 0
46 44 52 45 39 65 55 51 62 38 0
60 49 44 59 51 52 38 54 47 40 0
54 41 46 43 56 54 55 49 54 43 0
49 56 51 54 44 46 43 51 54 54 0
47 50 49 54 43 49 52 53 54 47 0
45 45 46 39 53 59 53 63 56 52 0
70 57 51 64 41 49 40 66 58 46 0
58 44 49 57 42 43 42 41 48 44 0
46 60 47 74 46 51 48 42 47 48 0
44 52 47 50 52 67 39 57 53 48 0
43 52 50 48 41 41 55 42 53 52 0
51 47 44 49 60 47 58 54 46 44 0
56 49 53 41 36 51 56 44 50 61 0
58 51 53 60 48 38 51 57 51 57 0
56 59 51 31 48 45 48 49 47 58 0
49 49 50 46 41 35 41 41 54 58 0
66 40 52 41 47 51 48 43 44 52 0
31 50 38 42 53 51 45 47 51 58 0
35 54 50 53 41 58 63 52 59 44 0
62 52 41 40 41 40 61 50 52 57 0
48 54 48 50 46 49 48 41 53 60 0
51 44 51 57 51 77 50 56 37 49 0
67 45 42 54 54 52 52 50 58 42 0
58 40 41 55 53 38 47 49 64 50 0
50 40 43 52 60 58 46 43 55 52 0
53 54 51 34 49 51 50 42 53 55 0
42 28 49 58 36 51 43 52 50 40 0
55 52 43 58 61 61 67 41 48 44 0
59 61 48 44 28 49 54 53 56 53 0
48 61 46 48 44 33 56 49 54 43 0
46 49 52 41 37 51 56 56 54 63 0
51 48 55 53 61 49 53 38 48 51 0
42 47 49 46 39 53 66 49 40 57 0
70 54 51 44 59 50 45 56 40 46 0
50 52 46 52 61 57 45 52 41 43 0
61 52 64 51 42 57 37 45 52 62 0
46 43 58 58 47 54 49 45 52 50 0
47 49 40 55 46 45 51 40 52 53 0
51 36 43 45 54 38 47 56 48 52 0
49 43 42 41 54 39 45 41 52 53 0
58 57 48 38 52 45 59 50 46 54 0
36 54 57 53 53 57 48 39 47 69 0
49 50 52 47 45 49 53 56 43 42 0
63 55 55 39 44 41 49 53 52 42 0
41 44 37 41 54 44 59 35 46 53 0
47 44 57 62 54 52 59 46 47 49 0
49 57 53 56 49 49 52 59 43 47 0
44 49 46 55 52 57 57 49 56 41 0
52 57 48 50 49 59 58 44 54 62 0
49 52 55 43 53 56 48 52 39 38 0
49 54 53 49 55 52 47 54 55 53 0
50 41 50 44 54 54 58 58 55 44 0
62 47 48 48 48 49 49 49 45 52 0
39 51 47 55 55 47 57 43 53 57 0
47 48 55 46 53 56 53 47 40 75 0
51 46 50 43 51 50 45 46 50 44 0
58 60 40 52 48 42 55 63 49 59 0
59 46 60 49 54 48 52 45 45 44 0
59 44 33 49 67 45 43 61 45 64 0
50 54 41 55 39 56 56 39 37 55 0
46 40 43 49 50 41 41 50 37 37 0
40 45 40 54 54 46 56 44 58 45 0
45 58 42 57 46 50 51 46 54 48 0
35 62 51 49 51 53 50 63 50 65 0
49 51 46 50 47 67 52 70 56 27 0
47 58 59 39 39 39 44 47 43 48 0
50 44 63 59 54 53 40 49 42 64 0
57 47 59 47 45 43 48 59 51 48 0
50 63 47 38 47 54 61 62 64 50 0
55 51 42 61 54 49 41 61 44 51 0
44 47 43 54 52 59 56 32 47 47 0
45 47 55 56 46 48 44 41 44 45 0
47 40 63 69 50 40 49 57 48 62 0
58 56 50 48 52 53 42 43 54 49 0
47 47 61 48 45 65 37 53 47 47 0
39 57 45 48 61 50 59 41 53 47 0
47 43 42 33 49 54 45 45 48 55 0
38 43 45 47 50 52 54 39 54 35 0
54 44 55 38 54 46 52 47 46 50 0
52 45 45 55 62 48 56 50 57 46 0
57 43 41 50 68 46 47 46 56 46 0
51 55 56 55 56 54 48 64 62 45 0
56 46 49 54 47 49 48 56 60 55 0
52 62 56 44 51 49 47 48 56 55 0
43 53 36 56 49 59 42 47 47 40 0
48 41 50 40 38 53 51 34 54 63 0
60 45 64 57 53 58 51 56 55 51 0
39 42 53 54 54 57 53 58 47 39 0
56 51 45 41 46 60 46 56 52 51 0
47 48 47 45 50 50 53 47 48 57 0
63 60 45 43 40 53 35 53 54 47 0
45 40 59 52 38 52 51 38 46 51 0
47 46 50 50 54 51 46 43 44 40 0
44 62 41 57 47 52 50 55 44 59 0
46 60 55 52 43 49 51 41 41 58 0
40 50 51 42 59 45 47 53 52 52 0
56 48 44 38 46 51 48 65 40 39 0
51 56 48 38 50 49 49 55 53 62 0
49 49 59 50 54 48 63 50 42 54 0
40 57 52 54 40 52 50 54 55 64 0
54 62 48 58 55 41 44 54 63 54 0
42 53 52 48 56 46 44 57 48 42 0
47 53 42 44 46 42 53 38 44 50 0
46 38 55 46 48 46 50 62 55 49 0
51 51 53 53 52 50 51 54 57 49 0
48 46 44 52 53 41 62 38 46 51 0
40 39 36 60 49 57 50 54 57 46 0
50 51 45 46 52 52 52 42 59 48 0
56 51 39 47 52 49 58 64 46 51 0
50 63 62 47 48 47 49 60 60 42 0
44 41 54 51 52 47 49 58 47 46 0
43 59 49 63 50 38 48 47 44 49 0
42 38 47 63 61 65 57 36 56 48 0
64 46 55 50 58 42 51 51 44 51 0
49 47 48 48 54 50 53 42 47 46 0
46 57 53 39 46 50 51 55 50 56 0
39 52 57 60 51 47 50 49 43 61 0
57 52 51 57 55 60 44 51 49 43 0
65 43 37 60 37 57 62 51 50 44 0
40 53 39 46 53 53 40 56 46 59 0
46 54 50 43 50 52 45 60 63 55 0
57 39 46 43 54 51 47 52 63 60 0
39 51 37 54 58 40 50 61 43 46 0
42 47 40 51 60 43 54 40 56 34 0
56 37 53 56 55 43 51 54 53 51 0
51 56 49 58 59 50 52 48 57 55 0
43 43 53 53 48 65 60 43 47 39 0
56 61 53 50 47 55 54 41 56 64 0
65 50 47 59 61 48 54 53 57 48 0
46 50 41 44 47 40 58 48 55 60 0
45 59 45 43 60 47 53 42 50 51 0
47 43 51 50 53 34 57 53 46 51 0
58 45 62 40 52 38 64 56 60 59 0
49 63 57 31 48 46 57 50 43 61 0
59 37 39 54 52 46 57 59 53 51 0
56 58 47 49 54 57 48 51 44 43 0
41 51 49 48 43 49 48 53 47 41 0
62 55 54 55 49 44 45 48 49 55 0
44 51 55 54 54 48 50 40 43 55 0
28 48 45 47 52 53 42 48 38 40 0
61 35 59 42 36 41 53 52 44 53 0
51 51 45 42 49 47 53 51 61 55 0
48 43 50 57 49 58 38 51 43 51 0
39 57 54 54 37 49 45 47 55 41 0
58 44 45 56 48 48 54 50 61 49 0
48 55 44 47 59 56 34 62 56 52 0
63 61 49 53 50 54 35 52 59 56 0
52 51 42 53 48 52 48 42 43 44 0
55 45 49 47 50 47 45 57 53 35 0
51 55 50 45 57 46 37 56 50 46 0
47 52 63 50 47 46 52 53 62 45 0
58 51 57 44 53 34 62 40 42 54 0
55 68 47 57 45 47 39 47 45 50 0
48 55 51 49 35 46 51 47 48 49 0
50 50 44 58 50 46 55 57 45 44 0
50 49 54 46 48 53 56 65 54 37 0
61 46 51 49 63 56 50 44 48 45 0
53 63 41 41 53 39 46 54 74 41 0
49 55 59 49 46 50 44 50 47 46 0
44 49 52 59 60 48 48 52 57 50 0
42 53 43 38 52 42 36 43 46 55 0
51 53 48 52 47 34 51 45 53 54 0
62 46 38 56 40 50 46 60 58 38 0
34 54 50 48 38 47 58 49 52 60 0
51 56 63 58 52 54 57 41 55 46 0
48 55 47 42 49 45 39 51 51 49 0
49 58 46 42 61 63 58 50 46 49 0
57 58 44 48 52 47 52 54 52 55 0
58 49 38 53 57 53 43 45 54 57 0
49 47 62 57 54 58 49 60 61 46 0
40 48 48 58 51 51 51 51 60 52 0
60 61 51 51 50 48 52 50 43 58 0
56 42 65 41 46 47 45 50 53 43 0
54 40 42 64 52 45 49 58 50 49 0
45 53 61 47 49 39 52 39 46 58 0
47 50 50 47 53 47 47 41 46 55 0
