45 34 28 0 14 0 0 2 0 0 0
56 41 0 0 0 25 4 5 3 0 0
50 38 0 1 0 0 0 0 0 0 0
45 14 0 0 0 1 9 30 25 0 0
43 27 0 0 1 0 2 28 0 10 0
53 8 1 0 0 0 36 0 0 0 0
47 25 34 1 6 0 0 0 0 0 0
45 26 0 13 0 0 9 4 1 0 0
56 1 1 2 0 0 0 0 0 13 0
36 26 0 17 0 1 2 9 14 0 0
55 53 0 0 1 0 0 0 0 0 0
68 6 0 0 0 2 5 10 0 2 0
51 5 0 1 0 0 31 0 0 0 0
41 5 0 0 0 0 48 0 0 0 0
41 0 0 0 0 0 0 0 0 0 0
46 23 0 8 0 0 0 14 6 0 0
47 0 0 0 0 0 0 0 0 0 0
49 28 0 0 0 0 1 6 0 3 0
50 3 0 0 0 0 0 1 0 1 0
32 23 0 3 0 0 21 22 0 15 0
60 23 0 4 0 0 3 0 0 3 0
60 26 6 0 0 0 2 0 0 1 0
55 34 0 12 3 0 13 0 0 0 0
37 26 43 0 10 0 0 0 0 0 0
52 14 0 1 2 0 6 13 0 26 0
56 23 0 4 0 0 9 1 0 0 0
52 15 1 0 0 9 25 1 1 1 0
63 38 0 0 0 4 6 0 1 0 0
45 25 0 15 0 0 24 1 0 0 0
57 2 0 1 1 0 30 29 0 0 0
51 3 0 0 0 0 0 0 0 0 0
54 33 1 0 0 12 23 0 1 0 0
67 21 16 1 2 0 0 0 0 1 0
50 40 0 0 0 0 1 0 0 0 0
38 10 2 0 0 0 35 0 0 0 0
45 37 9 0 0 0 0 6 0 0 0
51 11 0 6 0 0 16 3 0 0 0
55 18 0 1 0 0 3 1 0 0 0
55 25 29 2 0 0 0 1 0 0 0
52 30 0 25 0 0 4 11 6 0 0
53 17 0 4 0 0 1 17 15 0 0
49 34 43 2 2 0 0 0 1 0 0
44 36 0 1 0 0 19 0 1 0 0
62 13 0 5 0 5 1 40 0 0 0
49 25 0 1 0 0 5 16 3 0 0
40 19 0 0 0 0 8 28 0 1 0
52 33 0 0 0 16 11 2 0 0 0
53 47 2 0 0 1 0 0 0 0 0
47 34 0 0 0 2 8 4 0 0 0
54 9 0 3 0 0 10 6 0 0 0
55 30 0 0 1 0 5 2 0 9 0
41 14 0 8 2 0 23 19 0 0 0
37 4 0 0 9 0 20 0 0 0 0
51 24 21 0 18 3 0 0 0 4 0
57 2 0 0 2 0 2 31 0 0 0
49 35 0 0 5 0 2 4 1 29 0
61 10 0 0 0 1 32 22 0 0 0
47 18 0 0 0 0 15 0 0 4 0
42 30 0 16 0 0 8 0 0 0 0
51 1 0 0 0 2 0 0 0 0 0
44 29 0 0 0 0 6 9 0 1 0
47 23 0 1 0 1 12 32 11 0 0
46 28 1 6 0 0 1 13 6 0 0
49 5 0 0 0 0 16 0 0 0 0
50 22 0 8 0 1 8 16 29 0 0
43 27 1 0 0 24 8 0 5 0 0
46 20 0 0 0 2 5 9 0 0 0
37 20 5 0 1 0 0 0 0 1 0
52 19 0 9 0 0 11 16 3 0 0
40 19 0 0 0 0 0 0 0 0 0
61 10 0 0 0 1 4 0 0 0 0
50 1 0 3 1 0 1 0 0 1 0
43 12 0 0 0 1 40 0 0 0 0
60 14 0 14 0 0 8 6 2 0 0
59 31 0 2 0 13 0 0 0 1 0
66 29 0 4 0 10 11 0 1 0 0
57 15 0 0 0 1 17 0 0 4 0
48 21 0 0 0 21 12 0 0 0 0
50 11 0 0 1 0 0 0 0 0 0
44 4 0 0 2 0 21 3 0 0 0
42 21 0 0 0 0 0 0 0 1 0
49 13 0 0 0 0 11 27 0 7 0
49 40 1 0 0 12 3 1 0 0 0
31 3 0 0 0 1 5 1 0 0 0
47 18 0 0 0 1 24 0 0 0 0
54 32 0 0 1 0 1 4 5 19 0
56 18 20 0 0 0 0 5 0 1 0
48 8 0 1 0 0 33 1 0 0 0
46 39 13 1 6 0 5 0 0 0 0
59 25 0 8 0 0 2 18 3 0 0
50 16 0 0 2 0 3 8 0 0 0
53 35 0 0 0 0 1 0 0 0 0
40 5 6 0 0 3 21 0 0 0 0
39 0 0 0 0 0 0 0 0 0 0
52 8 0 0 0 0 10 18 0 0 0
60 50 25 0 21 0 0 1 0 0 0
62 26 2 5 1 0 43 20 0 0 0
44 12 0 0 6 1 28 0 0 0 0
48 15 0 10 0 0 5 12 3 0 0
45 6 2 1 0 0 8 0 0 1 0
47 31 0 1 1 0 33 0 1 15 0
49 4 0 0 0 0 0 0 0 0 0
56 53 44 0 36 1 0 0 0 0 0
47 22 0 1 3 0 14 9 0 3 0
39 20 0 0 0 3 20 1 0 0 0
57 5 0 1 0 0 0 22 1 0 0
51 53 32 0 0 0 0 0 0 0 0
45 0 0 0 0 0 0 0 4 2 0
55 19 1 0 0 0 24 0 0 0 0
59 17 0 16 0 0 11 16 0 0 0
44 0 0 0 0 0 0 0 0 1 0
60 40 0 6 0 0 1 1 0 0 0
50 10 0 2 0 0 0 8 0 0 0
58 0 2 0 0 0 0 0 0 0 0
59 33 0 0 0 27 9 0 0 0 0
46 22 1 0 0 0 0 0 0 0 0
54 42 1 0 0 3 5 2 2 18 0
53 0 0 8 0 0 0 1 0 0 0
42 6 0 0 0 0 7 2 0 7 0
55 27 30 0 0 4 0 0 0 0 0
64 23 18 0 0 0 0 2 0 0 0
54 0 1 1 0 0 12 41 5 0 0
40 42 1 0 0 5 0 0 0 0 0
64 14 0 0 0 0 3 0 1 1 0
49 14 0 0 1 0 26 0 0 0 0
46 6 0 4 1 0 10 34 27 4 0
40 30 0 7 0 0 6 0 0 0 0
53 15 0 16 0 0 1 18 10 2 0
56 19 2 0 1 2 17 0 0 0 0
47 9 6 0 0 0 23 0 0 0 0
50 26 0 5 0 0 9 17 1 0 0
45 6 0 0 0 0 8 10 0 12 0
57 29 0 27 0 5 7 16 14 0 0
46 0 0 0 0 0 0 11 0 4 0
53 6 1 15 0 0 4 19 11 0 0
44 31 0 0 0 0 1 0 0 0 0
39 0 0 3 3 2 0 0 0 0 0
47 17 0 7 0 1 15 4 0 0 0
44 31 42 3 0 1 0 0 0 0 0
49 38 23 0 25 7 0 4 0 0 0
46 46 5 1 0 19 1 0 0 0 0
43 26 0 0 2 0 13 0 3 0 0
45 25 0 18 0 0 2 23 1 0 0
56 20 0 0 0 0 2 0 0 1 0
28 2 0 0 0 0 12 3 0 3 0
45 16 0 6 2 0 11 4 0 0 0
63 54 6 3 0 0 0 0 0 0 0
48 14 0 1 2 0 27 0 0 0 0
47 53 12 2 18 2 0 1 0 0 0
45 38 47 0 16 1 3 0 0 0 0
55 19 0 1 1 0 28 14 0 0 0
46 0 0 0 0 0 0 0 0 0 0
45 15 0 4 0 0 4 21 12 0 0
39 21 0 0 0 0 2 0 0 5 0
51 42 33 0 12 0 0 0 0 0 0
54 18 0 9 0 1 16 13 1 0 0
41 38 0 0 0 0 0 0 3 0 0
48 16 0 0 0 0 0 25 0 0 0
49 29 0 1 0 9 10 1 0 0 0
43 18 0 12 0 0 19 6 0 0 0
49 17 0 9 0 0 3 4 0 0 0
52 23 0 0 0 2 20 0 2 0 0
59 15 0 1 0 0 28 0 1 0 0
42 6 0 0 0 0 40 0 3 0 0
45 44 10 1 9 2 0 4 0 0 0
56 30 15 2 2 0 0 0 1 0 0
53 44 1 0 0 0 10 0 0 1 0
48 13 0 0 3 0 17 19 0 0 0
62 13 0 0 2 1 6 0 0 0 0
48 24 0 0 2 3 2 0 0 0 0
50 35 0 0 0 0 2 1 0 1 0
55 18 0 0 0 1 21 29 0 6 0
46 9 0 1 0 0 13 3 9 0 0
56 5 0 0 0 4 2 1 0 0 0
43 33 7 0 0 0 0 0 0 0 0
49 51 5 2 0 0 0 0 1 0 0
58 8 0 7 0 0 20 13 11 0 0
60 34 15 0 3 0 0 0 0 0 0
44 26 0 0 0 10 8 0 0 1 0
53 31 17 0 16 0 0 0 0 0 0
67 9 0 0 0 0 30 1 0 0 0
48 32 15 0 11 0 0 2 2 0 0
45 0 0 0 0 0 0 1 0 0 0
59 8 4 0 4 1 12 4 1 1 0
54 29 0 12 2 0 6 1 0 3 0
59 4 0 0 0 4 24 0 0 0 0
60 9 0 0 0 0 18 0 0 0 0
44 57 35 0 21 0 0 0 1 0 0
50 20 1 19 0 0 10 0 0 0 0
37 11 0 4 0 0 12 31 1 0 0
47 7 0 1 0 0 0 18 0 1 0
50 29 1 0 0 0 14 4 0 0 0
43 8 0 0 0 0 19 9 0 15 0
52 16 0 0 1 11 14 0 0 0 0
46 28 1 0 0 2 1 0 0 1 0
42 40 21 0 32 0 1 3 0 0 0
53 52 6 1 0 0 1 1 3 0 0
39 0 2 0 0 1 0 0 0 0 0
47 3 2 0 0 0 0 1 0 0 0
63 2 0 0 1 0 1 1 0 0 0
66 5 0 5 0 1 3 30 0 0 0
40 29 0 2 0 24 13 0 0 0 0
58 0 0 0 0 0 0 0 0 0 0
51 19 0 0 0 3 33 0 0 0 0
47 3 6 0 2 0 0 4 0 0 0
47 20 0 5 1 0 2 4 0 1 0
45 42 24 0 13 1 0 0 1 0 0
44 0 0 0 0 0 33 0 0 0 0
48 28 0 0 0 17 9 0 4 0 0
47 27 3 0 0 0 13 0 0 20 0
40 10 2 0 1 0 0 0 1 0 0
58 23 0 0 5 0 4 7 0 0 0
52 16 0 0 0 7 18 14 0 5 0
52 47 19 0 11 0 0 0 0 0 0
50 31 0 0 0 1 10 2 0 14 0
52 22 0 1 0 0 17 0 0 0 0
43 41 4 0 0 29 6 0 0 0 0
44 14 20 0 0 0 0 0 0 3 0
47 0 0 0 0 11 8 0 0 0 0
60 42 41 2 2 0 0 0 0 1 0
48 10 0 0 0 0 19 1 0 0 0
46 20 1 1 0 0 4 14 0 2 0
44 5 3 1 1 0 0 1 0 0 0
58 42 0 0 0 11 17 0 0 0 0
56 16 0 18 0 0 1 25 8 2 0
68 14 0 0 0 2 12 18 0 0 0
53 50 1 0 0 0 1 1 0 0 0
44 27 0 0 0 0 0 9 0 2 0
39 0 0 0 0 0 0 0 1 0 0
52 11 0 1 0 0 4 31 0 1 0
45 44 0 1 0 19 1 0 0 1 0
46 17 1 3 0 0 0 3 2 0 0
62 57 15 0 4 0 2 3 0 0 0
48 7 0 2 0 1 0 0 2 1 0
49 45 23 0 0 2 0 0 2 2 0
53 14 4 6 4 0 18 12 6 1 0
42 23 1 12 0 3 1 2 11 0 0
50 6 2 0 0 4 14 0 1 0 0
49 0 0 0 0 0 2 0 0 0 0
51 27 0 0 2 0 0 0 0 4 0
44 19 0 0 0 0 5 22 0 1 0
54 12 1 0 13 0 4 14 0 0 0
44 14 0 2 0 0 29 43 19 0 0
47 27 0 24 0 0 8 9 0 0 0
47 0 0 4 1 1 20 8 0 0 0
60 4 0 0 0 0 44 2 1 0 0
40 0 2 0 0 0 10 0 0 0 0
51 19 27 0 21 0 0 0 0 0 0
43 25 1 24 0 0 3 34 24 2 0
55 41 34 0 0 0 0 0 0 0 0
50 17 0 8 4 0 12 6 2 0 0
38 32 0 3 0 0 7 6 0 0 0
60 24 0 0 0 0 4 2 0 5 0
51 7 0 20 0 1 12 12 11 0 0
60 57 6 0 0 0 0 3 0 1 0
51 29 17 0 0 0 1 0 0 0 0
42 0 0 8 2 0 0 0 0 0 0
59 21 0 0 0 0 0 0 0 0 0
38 26 0 21 0 0 16 5 0 2 0
36 11 0 0 0 1 17 3 3 4 0
52 16 0 0 3 0 4 4 1 0 0
54 5 0 0 0 0 3 0 0 0 0
47 37 8 0 0 0 0 0 0 0 0
53 22 31 0 0 0 0 0 0 1 0
39 17 0 7 0 0 1 6 0 1 0
56 39 18 0 0 0 0 1 0 6 0
49 39 0 0 0 0 5 0 0 0 0
64 0 0 1 0 0 2 0 1 0 0
41 0 0 0 0 0 0 1 0 1 0
45 8 0 3 0 0 6 0 0 0 0
46 3 0 0 0 0 26 7 1 0 0
49 2 6 1 0 0 4 30 0 3 0
42 33 0 0 1 3 10 9 0 0 0
58 14 0 4 0 0 17 18 22 3 0
61 54 47 0 0 2 4 0 6 0 0
52 36 0 2 0 0 6 2 2 0 0
47 52 0 0 0 0 3 0 0 0 0
56 14 2 0 0 0 11 9 0 3 0
47 41 0 32 0 0 8 6 0 0 0
44 20 4 0 0 1 4 18 3 0 0
48 25 2 0 0 0 0 0 0 1 0
59 14 0 0 1 0 3 0 0 0 0
41 0 0 0 4 0 0 0 0 2 0
51 15 0 0 3 0 0 0 0 0 0
44 9 0 8 3 0 24 5 0 0 0
46 13 1 1 0 0 6 18 1 0 0
46 27 0 2 0 7 0 1 0 0 0
53 40 0 0 0 0 2 0 0 0 0
43 24 0 0 0 4 0 0 2 2 0
61 33 0 0 0 0 20 1 0 0 0
51 8 1 0 0 0 15 0 0 0 0
56 44 0 1 0 1 0 0 0 1 0
57 0 0 0 0 0 1 0 0 0 0
55 30 1 0 0 4 14 0 1 0 0
40 27 0 0 0 0 0 0 0 0 0
57 0 0 1 0 0 0 0 0 0 0
57 31 11 2 0 2 0 1 1 0 0
53 0 0 0 0 0 0 0 1 0 0
47 28 24 1 4 0 1 0 0 0 0
62 1 0 0 0 0 14 8 0 0 0
43 33 11 1 1 0 0 0 7 0 0
46 14 0 0 0 0 1 11 0 6 0
47 25 2 3 0 0 11 12 0 0 0
46 0 0 0 0 0 2 0 0 0 0
47 16 2 0 0 0 0 0 0 0 0
52 30 11 1 0 0 1 0 0 2 0
45 52 34 0 0 5 4 0 0 3 0
57 29 0 1 0 0 0 0 0 0 0
52 0 0 0 0 0 0 2 0 0 0
49 8 11 0 7 0 0 2 0 0 0
46 12 0 0 0 0 6 18 0 1 0
47 18 0 2 0 9 4 0 0 0 0
51 3 1 11 0 1 24 16 4 0 0
55 14 0 4 2 0 7 18 3 10 0
71 18 29 0 11 0 0 0 0 6 0
42 25 0 0 0 0 8 0 0 0 0
43 14 0 0 0 0 23 21 0 9 0
43 7 1 0 0 0 5 15 21 0 0
49 20 0 4 0 0 13 12 5 0 0
45 52 35 0 4 0 0 2 0 0 0
35 35 0 2 0 5 7 6 0 0 0
48 8 1 0 1 0 21 22 0 0 0
53 51 25 0 5 0 0 0 1 0 0
43 0 0 1 0 0 0 0 0 0 0
46 5 0 0 0 0 32 3 0 6 0
60 21 0 26 0 0 0 6 1 0 0
54 17 0 1 1 26 9 0 0 0 0
49 54 10 1 0 0 0 0 0 0 0
47 3 2 0 0 0 1 0 0 0 0
45 16 6 0 0 3 1 0 0 0 0
70 43 35 0 21 3 2 1 2 0 0
58 17 0 12 1 0 0 13 5 0 0
46 30 0 13 0 1 17 18 3 3 0
42 48 0 0 1 0 0 6 0 0 0
43 48 0 0 0 0 11 1 0 15 0
51 31 8 0 10 2 13 0 0 1 0
54 27 0 10 0 1 11 0 0 5 0
58 23 1 11 0 0 15 20 20 0 0
51 55 2 1 0 0 3 0 0 0 0
49 33 0 0 0 1 0 1 2 0 0
66 20 0 0 0 4 28 0 0 0 0
31 6 0 4 0 0 34 5 0 0 0
35 30 0 0 0 2 2 2 0 0 0
62 28 3 1 3 0 4 36 2 6 0
48 2 0 1 0 1 19 12 0 0 0
51 37 0 2 0 0 0 9 0 0 0
67 20 0 3 0 2 9 0 1 0 0
58 19 1 7 0 1 17 9 0 0 0
50 7 1 0 0 0 24 1 2 9 0
52 0 0 0 0 0 0 1 0 0 0
42 7 6 1 0 0 22 6 5 2 0
55 0 0 0 0 0 0 0 0 0 0
59 12 0 0 0 0 37 7 3 1 0
48 24 7 3 0 0 0 0 0 1 0
46 27 0 0 0 0 5 11 0 0 0
51 21 17 0 0 0 0 0 0 0 0
41 40 0 0 0 28 2 0 0 0 0
70 36 1 0 0 30 9 2 1 0 0
50 3 0 0 0 0 30 0 0 0 0
60 29 29 0 0 0 0 1 0 0 0
46 23 0 0 0 2 1 17 0 7 0
47 0 0 0 0 0 0 0 0 1 0
51 11 0 0 0 0 4 0 1 0 0
49 26 0 0 0 0 7 0 0 0 0
58 41 28 0 1 0 0 0 2 0 0
36 27 0 0 0 0 0 0 0 0 0
49 46 39 0 24 0 0 0 0 0 0
62 52 34 0 0 0 0 0 0 1 0
41 17 0 1 0 1 5 11 0 15 0
47 35 16 0 10 0 0 0 0 0 0
48 0 0 0 0 0 0 0 0 1 0
44 22 0 2 1 0 3 25 0 1 0
52 0 0 0 0 1 0 1 0 0 0
43 20 0 0 0 0 10 5 0 0 0
49 8 0 1 0 0 12 7 0 5 0
50 16 5 0 0 3 0 0 0 0 0
60 43 23 0 4 0 0 1 0 0 0
38 16 0 13 0 0 17 14 7 0 0
46 22 0 15 0 4 3 9 0 5 0
51 4 0 2 0 0 0 0 0 0 0
57 18 0 1 1 0 24 27 0 3 0
59 0 0 0 0 0 0 0 0 2 0
59 1 0 0 0 0 0 1 0 0 0
50 52 21 0 0 3 0 0 4 0 0
46 6 1 1 4 1 15 10 0 4 0
37 8 0 0 0 0 27 1 0 4 0
44 0 0 0 0 0 0 0 0 0 0
34 18 0 10 0 0 39 19 3 0 0
49 42 26 0 9 0 0 0 0 0 0
47 0 1 5 0 0 0 0 0 1 0
47 22 0 0 0 1 7 0 0 0 0
57 0 0 1 0 0 0 1 0 0 0
50 42 2 2 0 0 7 0 0 0 0
55 26 0 1 4 6 22 0 0 0 0
44 13 0 9 0 0 23 4 0 0 0
45 14 1 0 0 0 22 13 0 2 0
47 22 0 0 0 0 7 2 0 36 0
57 0 0 0 0 0 0 0 0 0 0
47 8 1 0 2 0 5 3 0 0 0
39 14 1 3 0 0 13 12 17 0 0
47 11 3 0 0 4 3 1 0 3 0
38 26 0 0 0 0 3 4 0 1 0
52 29 1 0 5 6 2 0 0 0 0
52 29 1 0 0 18 24 0 0 0 0
57 31 0 0 0 0 0 0 0 0 0
51 23 0 10 0 0 3 31 39 13 0
55 0 1 0 0 2 0 0 0 0 0
52 39 0 0 0 1 5 1 0 13 0
43 17 1 6 0 10 0 25 20 1 0
48 16 0 0 0 0 4 2 0 0 0
60 25 37 0 12 0 0 6 0 0 0
38 16 0 1 0 0 6 3 0 14 0
56 19 0 0 0 2 16 10 0 7 0
46 24 0 13 0 0 37 8 0 0 0
62 42 0 0 0 16 0 0 3 0 0
45 9 5 11 0 0 5 15 10 0 0
47 2 0 8 1 0 2 0 0 0 0
44 15 1 1 0 0 11 25 0 0 0
46 10 0 1 0 0 1 7 8 0 0
40 19 1 2 5 0 24 0 0 0 0
56 4 0 6 0 0 0 21 1 0 0
47 25 0 0 0 0 8 1 0 2 0
49 37 31 1 0 0 2 0 0 0 0
40 38 20 0 10 0 0 0 0 0 0
54 20 0 7 0 0 9 19 17 0 0
42 44 9 0 2 0 0 0 0 0 0
47 19 0 6 0 5 9 1 0 0 0
46 0 4 1 1 0 0 3 0 0 0
51 17 17 0 0 0 0 0 0 0 0
47 28 0 0 1 0 15 10 0 0 0
40 6 0 0 0 8 25 16 1 0 0
49 44 3 0 1 1 0 7 1 2 0
56 26 11 0 5 0 0 0 0 1 0
50 21 0 0 3 0 0 0 0 1 0
44 11 0 0 0 0 23 7 0 10 0
43 24 0 0 0 0 2 14 9 6 0
42 26 2 0 1 1 0 0 0 0 0
64 0 0 2 0 0 0 0 0 0 0
47 9 0 0 0 0 22 9 4 0 0
46 0 1 0 0 0 0 0 0 0 0
39 50 20 0 8 0 1 0 0 3 0
54 0 0 0 0 0 0 0 0 0 0
60 14 0 1 0 3 48 0 0 0 0
40 30 30 0 10 0 0 0 0 0 0
46 28 1 0 0 4 8 0 0 0 0
57 24 0 3 1 0 16 0 0 0 0
39 0 1 1 5 0 0 0 0 1 0
42 25 0 1 0 0 0 0 3 0 0
56 24 0 5 0 0 1 11 0 2 0
51 45 1 0 0 0 0 0 0 0 0
43 27 0 23 0 1 4 2 1 0 0
56 40 0 0 0 0 23 14 2 11 0
64 50 37 0 10 0 0 0 0 0 0
46 23 0 4 0 0 25 12 2 0 0
45 9 0 0 0 0 0 0 0 10 0
45 31 0 0 0 0 0 0 3 0 0
58 0 4 0 0 0 0 0 2 0 0
49 19 6 0 0 17 26 0 0 0 0
59 7 0 6 0 0 10 14 5 0 0
52 50 19 0 21 1 0 0 0 0 0
41 9 0 6 0 0 28 11 0 0 0
62 10 0 6 1 0 1 4 0 0 0
44 1 0 0 0 0 39 1 2 0 0
28 25 3 0 0 0 0 0 0 0 0
59 5 0 10 2 0 4 15 17 0 0
44 31 0 0 0 0 20 0 0 0 0
48 5 0 0 0 0 3 29 0 0 0
39 3 0 0 0 3 18 12 0 1 0
57 13 0 0 1 0 23 0 0 1 0
47 53 1 0 0 0 0 6 0 1 0
62 25 0 13 0 0 0 3 4 0 0
51 0 0 1 0 0 0 0 2 0 0
55 33 1 30 1 0 2 10 2 0 0
51 15 0 4 0 0 1 25 0 0 0
47 16 3 0 0 2 30 0 0 2 0
58 33 0 11 0 0 22 4 2 1 0
55 51 0 3 0 0 0 0 0 0 0
48 27 0 4 0 0 0 0 0 0 0
42 15 0 0 7 0 13 0 4 1 0
50 33 0 1 0 0 3 0 0 0 0
61 3 3 0 0 3 13 20 1 0 0
52 45 27 1 11 0 0 2 0 0 0
47 36 0 0 8 6 6 3 4 6 0
43 28 0 10 0 0 0 3 6 0 0
38 28 16 0 6 0 0 0 0 0 0
51 21 0 1 0 0 3 6 0 0 0
62 4 0 0 0 1 27 7 0 0 0
34 22 2 1 1 0 23 0 0 11 0
51 35 1 0 0 0 4 21 0 1 0
48 34 0 0 0 0 6 2 0 0 0
49 15 0 0 0 0 12 4 0 7 0
57 4 0 4 0 2 7 29 3 0 0
58 30 16 0 24 1 0 0 0 0 0
49 19 0 0 5 1 29 4 0 6 0
40 15 0 1 0 0 28 4 0 5 0
60 22 0 0 0 1 21 1 4 8 0
56 13 0 0 0 7 29 0 3 3 0
54 21 0 0 0 0 7 13 0 19 0
45 48 0 0 0 0 0 3 0 0 0
46 12 0 0 0 0 36 19 0 0 0
