0.1367 0.2888 0.3389 0.0000 0.2356 0.0000 0.0000 0.0000 0.0000 0.0000
0.1852 0.1934 0.0000 0.0000 0.0000 0.5431 0.0784 0.0000 0.0000 0.0000
0.1244 0.8234 0.0000 0.0000 0.0000 0.0000 0.0521 0.0000 0.0000 0.0000
0.1277 0.0970 0.0000 0.1257 0.0000 0.0000 0.1165 0.0880 0.4451 0.0000
0.1564 0.1505 0.0000 0.0000 0.0000 0.0000 0.0653 0.4727 0.0000 0.1551
0.1727 0.0694 0.0000 0.0000 0.0000 0.0000 0.7579 0.0000 0.0000 0.0000
0.3628 0.1724 0.3310 0.0000 0.1338 0.0000 0.0000 0.0000 0.0000 0.0000
0.2838 0.2946 0.0000 0.2205 0.0000 0.0000 0.0905 0.1106 0.0000 0.0000
1.0000 0.0000 0.0000 0.0000 0.0000 0.0000 0.0000 0.0000 0.0000 0.0000
0.0831 0.1569 0.0000 0.2860 0.0000 0.0000 0.0540 0.1057 0.3144 0.0000
0.0742 0.9258 0.0000 0.0000 0.0000 0.0000 0.0000 0.0000 0.0000 0.0000
0.4840 0.0834 0.0000 0.0000 0.0000 0.0000 0.0513 0.2559 0.0000 0.1254
0.1780 0.2349 0.0000 0.0000 0.0000 0.0000 0.5871 0.0000 0.0000 0.0000
0.1217 0.1997 0.0000 0.0000 0.0000 0.0000 0.6786 0.0000 0.0000 0.0000
1.0000 0.0000 0.0000 0.0000 0.0000 0.0000 0.0000 0.0000 0.0000 0.0000
0.3755 0.1555 0.0000 0.1438 0.0000 0.0000 0.0622 0.1690 0.0940 0.0000
1.0000 0.0000 0.0000 0.0000 0.0000 0.0000 0.0000 0.0000 0.0000 0.0000
0.1647 0.4730 0.0000 0.0000 0.0000 0.0000 0.0986 0.0947 0.0000 0.1689
0.8070 0.1930 0.0000 0.0000 0.0000 0.0000 0.0000 0.0000 0.0000 0.0000
0.0832 0.0588 0.0000 0.0000 0.0000 0.0000 0.1770 0.3705 0.0000 0.3106
0.3047 0.2460 0.0000 0.1663 0.0000 0.0000 0.1696 0.1135 0.0000 0.0000
0.2603 0.5964 0.0000 0.0000 0.0000 0.0000 0.1433 0.0000 0.0000 0.0000
0.1202 0.2197 0.0000 0.1977 0.0000 0.0000 0.3490 0.1134 0.0000 0.0000
0.2229 0.0856 0.5688 0.0000 0.1227 0.0000 0.0000 0.0000 0.0000 0.0000
0.3069 0.0552 0.0000 0.0000 0.0000 0.0000 0.1074 0.2173 0.0000 0.3132
0.2489 0.3948 0.0000 0.1246 0.0000 0.0000 0.1419 0.0898 0.0000 0.0000
0.0817 0.2165 0.0000 0.0000 0.0000 0.1109 0.5908 0.0000 0.0000 0.0000
0.1226 0.5977 0.0000 0.0000 0.0000 0.0599 0.2198 0.0000 0.0000 0.0000
0.1146 0.2219 0.0000 0.2958 0.0000 0.0000 0.2961 0.0716 0.0000 0.0000
0.1559 0.0832 0.0000 0.0000 0.0000 0.0000 0.3409 0.4201 0.0000 0.0000
1.0000 0.0000 0.0000 0.0000 0.0000 0.0000 0.0000 0.0000 0.0000 0.0000
0.2274 0.2670 0.0000 0.0000 0.0000 0.1512 0.3544 0.0000 0.0000 0.0000
0.4728 0.1727 0.2246 0.0000 0.1300 0.0000 0.0000 0.0000 0.0000 0.0000
0.1173 0.8827 0.0000 0.0000 0.0000 0.0000 0.0000 0.0000 0.0000 0.0000
0.3265 0.2548 0.0000 0.0000 0.0000 0.0000 0.4187 0.0000 0.0000 0.0000
0.0981 0.7229 0.1790 0.0000 0.0000 0.0000 0.0000 0.0000 0.0000 0.0000
0.2125 0.3156 0.0000 0.0558 0.0000 0.0000 0.2360 0.1801 0.0000 0.0000
0.2335 0.4258 0.0000 0.0836 0.0000 0.0000 0.0704 0.1867 0.0000 0.0000
0.3323 0.0626 0.6051 0.0000 0.0000 0.0000 0.0000 0.0000 0.0000 0.0000
0.0608 0.0773 0.0000 0.4137 0.0000 0.0000 0.1584 0.1193 0.1706 0.0000
0.0924 0.2477 0.0000 0.1617 0.0000 0.0000 0.0792 0.2527 0.1662 0.0000
0.1298 0.1053 0.6401 0.0000 0.1249 0.0000 0.0000 0.0000 0.0000 0.0000
0.2251 0.5615 0.0000 0.0000 0.0000 0.0000 0.2134 0.0000 0.0000 0.0000
0.1441 0.1359 0.0000 0.1759 0.0000 0.0000 0.0948 0.4493 0.0000 0.0000
0.2852 0.1845 0.0000 0.0856 0.0000 0.0000 0.0653 0.3126 0.0669 0.0000
0.0706 0.3111 0.0000 0.0000 0.0000 0.0000 0.1320 0.4862 0.0000 0.0000
0.1568 0.1312 0.0000 0.0000 0.0000 0.4387 0.2733 0.0000 0.0000 0.0000
0.1406 0.6597 0.1997 0.0000 0.0000 0.0000 0.0000 0.0000 0.0000 0.0000
0.2577 0.4052 0.0000 0.0000 0.0000 0.1270 0.2101 0.0000 0.0000 0.0000
0.3390 0.1691 0.0000 0.1170 0.0000 0.0000 0.2160 0.1589 0.0000 0.0000
0.1259 0.2664 0.0000 0.0000 0.0000 0.0000 0.3460 0.0543 0.0000 0.2073
0.0800 0.2262 0.0000 0.2022 0.0000 0.0000 0.1218 0.3698 0.0000 0.0000
0.7496 0.0915 0.0000 0.0000 0.0000 0.0000 0.0925 0.0665 0.0000 0.0000
0.3057 0.2644 0.0969 0.0000 0.3330 0.0000 0.0000 0.0000 0.0000 0.0000
0.4317 0.0726 0.0000 0.0000 0.0000 0.0000 0.0667 0.4289 0.0000 0.0000
0.1425 0.1848 0.0000 0.0000 0.0000 0.0000 0.0555 0.1108 0.0000 0.5064
0.0930 0.1789 0.0000 0.0000 0.0000 0.0000 0.2191 0.5089 0.0000 0.0000
0.3784 0.1524 0.0000 0.0000 0.0000 0.0000 0.2604 0.0980 0.0000 0.1109
0.0913 0.3808 0.0000 0.1692 0.0000 0.0000 0.2746 0.0840 0.0000 0.0000
1.0000 0.0000 0.0000 0.0000 0.0000 0.0000 0.0000 0.0000 0.0000 0.0000
0.0733 0.4762 0.0000 0.0000 0.0000 0.0000 0.2163 0.1582 0.0000 0.0759
0.0680 0.2534 0.0000 0.0850 0.0000 0.0000 0.1877 0.1763 0.2296 0.0000
0.0676 0.1700 0.0000 0.1693 0.0000 0.0000 0.0714 0.1939 0.3278 0.0000
0.4644 0.2591 0.0000 0.0000 0.0000 0.0000 0.2765 0.0000 0.0000 0.0000
0.1175 0.1087 0.0000 0.1958 0.0000 0.0000 0.0890 0.1472 0.3418 0.0000
0.2681 0.0508 0.0000 0.0000 0.0000 0.4638 0.2172 0.0000 0.0000 0.0000
0.1910 0.3813 0.0000 0.0000 0.0000 0.0000 0.0930 0.1802 0.0000 0.1545
0.4144 0.4790 0.1066 0.0000 0.0000 0.0000 0.0000 0.0000 0.0000 0.0000
0.1007 0.1341 0.0000 0.1294 0.0000 0.0000 0.2694 0.2129 0.1536 0.0000
0.8080 0.1920 0.0000 0.0000 0.0000 0.0000 0.0000 0.0000 0.0000 0.0000
0.5448 0.2352 0.0000 0.0000 0.0000 0.0000 0.2200 0.0000 0.0000 0.0000
0.8990 0.1010 0.0000 0.0000 0.0000 0.0000 0.0000 0.0000 0.0000 0.0000
0.1745 0.2145 0.0000 0.0000 0.0000 0.0000 0.6110 0.0000 0.0000 0.0000
0.3650 0.1210 0.0000 0.2243 0.0000 0.0000 0.1102 0.1004 0.0791 0.0000
0.4871 0.0796 0.0000 0.0000 0.0000 0.3624 0.0709 0.0000 0.0000 0.0000
0.0606 0.2636 0.0000 0.0000 0.0000 0.3565 0.3193 0.0000 0.0000 0.0000
0.3250 0.1556 0.0000 0.0000 0.0000 0.0000 0.2727 0.0646 0.0000 0.1821
0.1147 0.0997 0.0000 0.0000 0.0000 0.4855 0.3001 0.0000 0.0000 0.0000
0.7281 0.2719 0.0000 0.0000 0.0000 0.0000 0.0000 0.0000 0.0000 0.0000
0.1418 0.0715 0.0000 0.0000 0.0000 0.0000 0.5806 0.2060 0.0000 0.0000
0.4835 0.2912 0.2253 0.0000 0.0000 0.0000 0.0000 0.0000 0.0000 0.0000
0.0616 0.2841 0.0000 0.0000 0.0000 0.0000 0.2122 0.3586 0.0000 0.0834
0.1117 0.4539 0.0000 0.0000 0.0000 0.2213 0.2131 0.0000 0.0000 0.0000
0.6406 0.1541 0.0000 0.0000 0.0000 0.0000 0.1114 0.0938 0.0000 0.0000
0.1688 0.4240 0.0000 0.0000 0.0000 0.0923 0.3149 0.0000 0.0000 0.0000
0.3432 0.1883 0.0000 0.0000 0.0000 0.0000 0.0619 0.1683 0.0000 0.2383
0.6442 0.1122 0.2436 0.0000 0.0000 0.0000 0.0000 0.0000 0.0000 0.0000
0.0552 0.2318 0.0000 0.0000 0.0000 0.0000 0.5576 0.1554 0.0000 0.0000
0.2134 0.4072 0.2803 0.0000 0.0992 0.0000 0.0000 0.0000 0.0000 0.0000
0.1348 0.2463 0.0000 0.2333 0.0000 0.0000 0.1665 0.1636 0.0556 0.0000
0.3706 0.2058 0.0000 0.0000 0.0000 0.0000 0.1775 0.1776 0.0000 0.0686
0.4133 0.5867 0.0000 0.0000 0.0000 0.0000 0.0000 0.0000 0.0000 0.0000
0.4127 0.0599 0.0000 0.0000 0.0000 0.0553 0.4720 0.0000 0.0000 0.0000
1.0000 0.0000 0.0000 0.0000 0.0000 0.0000 0.0000 0.0000 0.0000 0.0000
0.4971 0.0873 0.0000 0.0000 0.0000 0.0000 0.1811 0.2346 0.0000 0.0000
0.1931 0.2086 0.1537 0.0000 0.4446 0.0000 0.0000 0.0000 0.0000 0.0000
0.0699 0.0919 0.0000 0.2986 0.0000 0.0000 0.3176 0.2220 0.0000 0.0000
0.0865 0.1609 0.0000 0.0000 0.0000 0.0957 0.6569 0.0000 0.0000 0.0000
0.3900 0.1600 0.0000 0.0880 0.0000 0.0000 0.0594 0.0935 0.2091 0.0000
0.6164 0.1490 0.0000 0.0000 0.0000 0.0000 0.1513 0.0834 0.0000 0.0000
0.2027 0.3965 0.0000 0.0000 0.0000 0.0000 0.4008 0.0000 0.0000 0.0000
0.7687 0.2313 0.0000 0.0000 0.0000 0.0000 0.0000 0.0000 0.0000 0.0000
0.0951 0.1730 0.3387 0.0000 0.3932 0.0000 0.0000 0.0000 0.0000 0.0000
0.1576 0.3437 0.0000 0.0000 0.0000 0.0000 0.3325 0.0954 0.0000 0.0708
0.2908 0.2546 0.0000 0.0000 0.0000 0.1770 0.2776 0.0000 0.0000 0.0000
0.4699 0.1414 0.0000 0.0000 0.0000 0.0000 0.0621 0.3266 0.0000 0.0000
0.1434 0.2142 0.6424 0.0000 0.0000 0.0000 0.0000 0.0000 0.0000 0.0000
1.0000 0.0000 0.0000 0.0000 0.0000 0.0000 0.0000 0.0000 0.0000 0.0000
0.3207 0.3497 0.0000 0.0000 0.0000 0.0000 0.3296 0.0000 0.0000 0.0000
0.1869 0.1455 0.0000 0.2405 0.0000 0.0000 0.1795 0.1689 0.0787 0.0000
1.0000 0.0000 0.0000 0.0000 0.0000 0.0000 0.0000 0.0000 0.0000 0.0000
0.3504 0.2943 0.0000 0.2358 0.0000 0.0000 0.0616 0.0579 0.0000 0.0000
0.3254 0.2982 0.0000 0.0762 0.0000 0.0000 0.0516 0.2485 0.0000 0.0000
1.0000 0.0000 0.0000 0.0000 0.0000 0.0000 0.0000 0.0000 0.0000 0.0000
0.3695 0.1286 0.0000 0.0000 0.0000 0.3223 0.1796 0.0000 0.0000 0.0000
0.4243 0.5757 0.0000 0.0000 0.0000 0.0000 0.0000 0.0000 0.0000 0.0000
0.1409 0.4674 0.0000 0.0000 0.0000 0.0000 0.0921 0.0655 0.0000 0.2341
1.0000 0.0000 0.0000 0.0000 0.0000 0.0000 0.0000 0.0000 0.0000 0.0000
0.6710 0.0732 0.0000 0.0000 0.0000 0.0000 0.0997 0.0916 0.0000 0.0644
0.2639 0.0950 0.6412 0.0000 0.0000 0.0000 0.0000 0.0000 0.0000 0.0000
0.4529 0.3507 0.1965 0.0000 0.0000 0.0000 0.0000 0.0000 0.0000 0.0000
0.1661 0.0706 0.0000 0.0000 0.0000 0.0000 0.0592 0.7040 0.0000 0.0000
0.3280 0.4215 0.0000 0.0000 0.0000 0.1850 0.0654 0.0000 0.0000 0.0000
0.8821 0.0584 0.0000 0.0000 0.0000 0.0000 0.0596 0.0000 0.0000 0.0000
0.3922 0.2748 0.0000 0.0000 0.0000 0.0000 0.3330 0.0000 0.0000 0.0000
0.1005 0.0822 0.0000 0.2263 0.0000 0.0000 0.1183 0.1349 0.3377 0.0000
0.0702 0.6553 0.0000 0.0000 0.0000 0.0000 0.1826 0.0919 0.0000 0.0000
0.0505 0.0687 0.0000 0.2477 0.0000 0.0000 0.0586 0.3349 0.2396 0.0000
0.2851 0.3017 0.0000 0.0000 0.0000 0.1168 0.2964 0.0000 0.0000 0.0000
0.3721 0.1298 0.0000 0.0000 0.0000 0.0000 0.4981 0.0000 0.0000 0.0000
0.1462 0.3966 0.0000 0.0502 0.0000 0.0000 0.1719 0.2351 0.0000 0.0000
0.1415 0.1267 0.0000 0.0000 0.0000 0.0000 0.1326 0.4168 0.0000 0.1824
0.2121 0.0971 0.0000 0.2260 0.0000 0.0000 0.1394 0.1544 0.1710 0.0000
1.0000 0.0000 0.0000 0.0000 0.0000 0.0000 0.0000 0.0000 0.0000 0.0000
0.0834 0.0686 0.0000 0.1483 0.0000 0.0000 0.1699 0.4405 0.0893 0.0000
0.1522 0.8478 0.0000 0.0000 0.0000 0.0000 0.0000 0.0000 0.0000 0.0000
1.0000 0.0000 0.0000 0.0000 0.0000 0.0000 0.0000 0.0000 0.0000 0.0000
0.3622 0.1334 0.0000 0.0602 0.0000 0.0000 0.3445 0.0997 0.0000 0.0000
0.1623 0.1534 0.6843 0.0000 0.0000 0.0000 0.0000 0.0000 0.0000 0.0000
0.1694 0.2105 0.1669 0.0000 0.4531 0.0000 0.0000 0.0000 0.0000 0.0000
0.1622 0.2543 0.0000 0.0000 0.0000 0.4342 0.1493 0.0000 0.0000 0.0000
0.4946 0.3579 0.0000 0.0000 0.0000 0.0000 0.1475 0.0000 0.0000 0.0000
0.0627 0.3318 0.0000 0.0966 0.0000 0.0000 0.1329 0.2939 0.0820 0.0000
0.6878 0.3122 0.0000 0.0000 0.0000 0.0000 0.0000 0.0000 0.0000 0.0000
0.4499 0.0993 0.0000 0.0000 0.0000 0.0000 0.3503 0.1004 0.0000 0.0000
0.1757 0.3842 0.0000 0.0000 0.0000 0.0000 0.2760 0.1641 0.0000 0.0000
0.1330 0.7072 0.1597 0.0000 0.0000 0.0000 0.0000 0.0000 0.0000 0.0000
0.1288 0.1780 0.0000 0.0000 0.0000 0.0000 0.6932 0.0000 0.0000 0.0000
0.0656 0.5064 0.1139 0.0000 0.3142 0.0000 0.0000 0.0000 0.0000 0.0000
0.1245 0.2055 0.2300 0.0000 0.4401 0.0000 0.0000 0.0000 0.0000 0.0000
0.0579 0.2061 0.0000 0.0000 0.0000 0.0000 0.2160 0.4016 0.0000 0.1185
1.0000 0.0000 0.0000 0.0000 0.0000 0.0000 0.0000 0.0000 0.0000 0.0000
0.0678 0.3037 0.0000 0.0841 0.0000 0.0000 0.1334 0.1246 0.2866 0.0000
0.5453 0.1193 0.0000 0.0000 0.0000 0.0000 0.0832 0.0729 0.0000 0.1794
0.0858 0.4815 0.1687 0.0000 0.2640 0.0000 0.0000 0.0000 0.0000 0.0000
0.1136 0.1536 0.0000 0.2210 0.0000 0.0000 0.3984 0.1134 0.0000 0.0000
0.2313 0.7687 0.0000 0.0000 0.0000 0.0000 0.0000 0.0000 0.0000 0.0000
0.2484 0.4444 0.0000 0.0000 0.0000 0.0000 0.0592 0.2481 0.0000 0.0000
0.2048 0.4019 0.0000 0.0000 0.0000 0.1096 0.2837 0.0000 0.0000 0.0000
0.0552 0.2664 0.0000 0.1618 0.0000 0.0000 0.4261 0.0905 0.0000 0.0000
0.3445 0.0624 0.0000 0.1792 0.0000 0.0000 0.1858 0.2281 0.0000 0.0000
0.0570 0.4299 0.0000 0.0000 0.0000 0.0000 0.5131 0.0000 0.0000 0.0000
0.3653 0.1731 0.0000 0.0000 0.0000 0.0000 0.3800 0.0816 0.0000 0.0000
0.1813 0.1458 0.0000 0.0000 0.0000 0.0000 0.6728 0.0000 0.0000 0.0000
0.0837 0.5713 0.2512 0.0000 0.0938 0.0000 0.0000 0.0000 0.0000 0.0000
0.3833 0.3708 0.1323 0.0000 0.1137 0.0000 0.0000 0.0000 0.0000 0.0000
0.0926 0.5974 0.0000 0.0000 0.0000 0.0000 0.2482 0.0619 0.0000 0.0000
0.0916 0.1499 0.0000 0.0000 0.0000 0.0000 0.1684 0.5901 0.0000 0.0000
0.4177 0.3022 0.0000 0.0000 0.0000 0.0000 0.2801 0.0000 0.0000 0.0000
0.4444 0.3703 0.0000 0.0000 0.0000 0.0797 0.1056 0.0000 0.0000 0.0000
0.3118 0.3893 0.0000 0.0000 0.0000 0.0000 0.1173 0.0844 0.0000 0.0973
0.0607 0.0813 0.0000 0.0000 0.0000 0.0000 0.1752 0.3982 0.0000 0.2846
0.1592 0.0902 0.0000 0.1646 0.0000 0.0000 0.3650 0.1217 0.0993 0.0000
0.8248 0.1047 0.0000 0.0000 0.0000 0.0000 0.0704 0.0000 0.0000 0.0000
0.3826 0.2465 0.3710 0.0000 0.0000 0.0000 0.0000 0.0000 0.0000 0.0000
0.0917 0.9083 0.0000 0.0000 0.0000 0.0000 0.0000 0.0000 0.0000 0.0000
0.1411 0.1560 0.0000 0.1843 0.0000 0.0000 0.2209 0.1338 0.1640 0.0000
0.5139 0.0670 0.3573 0.0000 0.0617 0.0000 0.0000 0.0000 0.0000 0.0000
0.1013 0.3528 0.0000 0.0000 0.0000 0.1327 0.4132 0.0000 0.0000 0.0000
0.5408 0.0987 0.2161 0.0000 0.1445 0.0000 0.0000 0.0000 0.0000 0.0000
0.1555 0.0906 0.0000 0.0628 0.0000 0.0000 0.5635 0.1275 0.0000 0.0000
0.4092 0.0929 0.1786 0.0000 0.3194 0.0000 0.0000 0.0000 0.0000 0.0000
1.0000 0.0000 0.0000 0.0000 0.0000 0.0000 0.0000 0.0000 0.0000 0.0000
0.3693 0.2180 0.0000 0.0000 0.0000 0.0000 0.1460 0.2044 0.0000 0.0623
0.5384 0.0950 0.0000 0.2002 0.0000 0.0000 0.0559 0.1106 0.0000 0.0000
0.2143 0.0527 0.0000 0.0000 0.0000 0.2086 0.5244 0.0000 0.0000 0.0000
0.3532 0.2434 0.0000 0.0000 0.0000 0.0000 0.4034 0.0000 0.0000 0.0000
0.0861 0.3180 0.2485 0.0000 0.3474 0.0000 0.0000 0.0000 0.0000 0.0000
0.2090 0.1179 0.0000 0.3622 0.0000 0.0000 0.1797 0.1311 0.0000 0.0000
0.1386 0.1105 0.0000 0.1097 0.0000 0.0000 0.1080 0.5332 0.0000 0.0000
0.0700 0.1408 0.0000 0.0831 0.0000 0.0000 0.0719 0.6342 0.0000 0.0000
0.1129 0.5343 0.0000 0.0000 0.0000 0.0000 0.2842 0.0686 0.0000 0.0000
0.2143 0.1515 0.0000 0.0000 0.0000 0.0000 0.2314 0.1216 0.0000 0.2811
0.5595 0.1030 0.0000 0.0000 0.0000 0.2097 0.1278 0.0000 0.0000 0.0000
0.4826 0.4566 0.0000 0.0000 0.0000 0.0000 0.0608 0.0000 0.0000 0.0000
0.4415 0.1061 0.0839 0.0000 0.3685 0.0000 0.0000 0.0000 0.0000 0.0000
0.2688 0.4542 0.2770 0.0000 0.0000 0.0000 0.0000 0.0000 0.0000 0.0000
1.0000 0.0000 0.0000 0.0000 0.0000 0.0000 0.0000 0.0000 0.0000 0.0000
1.0000 0.0000 0.0000 0.0000 0.0000 0.0000 0.0000 0.0000 0.0000 0.0000
1.0000 0.0000 0.0000 0.0000 0.0000 0.0000 0.0000 0.0000 0.0000 0.0000
0.1724 0.1081 0.0000 0.0000 0.0000 0.0000 0.1799 0.5397 0.0000 0.0000
0.1945 0.2397 0.0000 0.0000 0.0000 0.3991 0.1668 0.0000 0.0000 0.0000
1.0000 0.0000 0.0000 0.0000 0.0000 0.0000 0.0000 0.0000 0.0000 0.0000
0.0830 0.2982 0.0000 0.0000 0.0000 0.2305 0.3884 0.0000 0.0000 0.0000
0.6751 0.1381 0.1868 0.0000 0.0000 0.0000 0.0000 0.0000 0.0000 0.0000
0.1659 0.4098 0.0000 0.1022 0.0000 0.0000 0.1033 0.2188 0.0000 0.0000
0.1431 0.0993 0.4308 0.0000 0.3267 0.0000 0.0000 0.0000 0.0000 0.0000
0.1170 0.0828 0.0000 0.0000 0.0000 0.0000 0.6571 0.1431 0.0000 0.0000
0.2738 0.3433 0.0000 0.0000 0.0000 0.2400 0.1429 0.0000 0.0000 0.0000
0.3175 0.2274 0.0000 0.0000 0.0000 0.0000 0.2109 0.0620 0.0000 0.1821
0.6986 0.1606 0.1409 0.0000 0.0000 0.0000 0.0000 0.0000 0.0000 0.0000
0.2246 0.4311 0.0000 0.0772 0.0000 0.0000 0.1453 0.1219 0.0000 0.0000
0.1114 0.2721 0.0000 0.0853 0.0000 0.0000 0.2102 0.3211 0.0000 0.0000
0.0729 0.4588 0.1848 0.0000 0.2836 0.0000 0.0000 0.0000 0.0000 0.0000
0.1031 0.1810 0.0000 0.0000 0.0000 0.0000 0.3161 0.0949 0.0000 0.3049
0.1830 0.4300 0.0000 0.0000 0.0000 0.0000 0.3871 0.0000 0.0000 0.0000
0.1417 0.3000 0.0000 0.0000 0.0000 0.3824 0.1760 0.0000 0.0000 0.0000
0.5598 0.0920 0.3482 0.0000 0.0000 0.0000 0.0000 0.0000 0.0000 0.0000
0.7406 0.1631 0.0000 0.0000 0.0000 0.0000 0.0964 0.0000 0.0000 0.0000
0.1146 0.1805 0.7049 0.0000 0.0000 0.0000 0.0000 0.0000 0.0000 0.0000
0.3604 0.2571 0.0000 0.0000 0.0000 0.0000 0.3825 0.0000 0.0000 0.0000
0.1033 0.2607 0.0000 0.0000 0.0000 0.0000 0.0959 0.5401 0.0000 0.0000
0.8246 0.1754 0.0000 0.0000 0.0000 0.0000 0.0000 0.0000 0.0000 0.0000
0.0812 0.3920 0.0000 0.0000 0.0000 0.3919 0.1350 0.0000 0.0000 0.0000
0.1939 0.2201 0.0000 0.2315 0.0000 0.0000 0.0563 0.0571 0.2411 0.0000
0.1337 0.3003 0.0000 0.0000 0.0000 0.0000 0.2301 0.3358 0.0000 0.0000
0.2606 0.7394 0.0000 0.0000 0.0000 0.0000 0.0000 0.0000 0.0000 0.0000
0.0625 0.5456 0.0000 0.0000 0.0000 0.0000 0.0724 0.0948 0.0000 0.2247
1.0000 0.0000 0.0000 0.0000 0.0000 0.0000 0.0000 0.0000 0.0000 0.0000
0.2486 0.0694 0.0000 0.0000 0.0000 0.0000 0.2513 0.3565 0.0000 0.0742
0.1346 0.2341 0.0000 0.0000 0.0000 0.5621 0.0692 0.0000 0.0000 0.0000
0.5159 0.4841 0.0000 0.0000 0.0000 0.0000 0.0000 0.0000 0.0000 0.0000
0.1227 0.3708 0.3627 0.0000 0.1438 0.0000 0.0000 0.0000 0.0000 0.0000
0.7800 0.2200 0.0000 0.0000 0.0000 0.0000 0.0000 0.0000 0.0000 0.0000
0.4082 0.1251 0.4667 0.0000 0.0000 0.0000 0.0000 0.0000 0.0000 0.0000
0.1789 0.1008 0.0000 0.1565 0.0000 0.0000 0.1488 0.2741 0.1410 0.0000
0.0716 0.3039 0.0000 0.2958 0.0000 0.0000 0.1596 0.0514 0.1177 0.0000
0.4360 0.2985 0.0000 0.0000 0.0000 0.0000 0.2655 0.0000 0.0000 0.0000
1.0000 0.0000 0.0000 0.0000 0.0000 0.0000 0.0000 0.0000 0.0000 0.0000
0.3222 0.6778 0.0000 0.0000 0.0000 0.0000 0.0000 0.0000 0.0000 0.0000
0.2854 0.1376 0.0000 0.0000 0.0000 0.0000 0.1588 0.4183 0.0000 0.0000
0.3400 0.1697 0.0000 0.0000 0.0000 0.0000 0.1208 0.3695 0.0000 0.0000
0.0520 0.0649 0.0000 0.0721 0.0000 0.0000 0.2551 0.2646 0.2914 0.0000
0.2967 0.1712 0.0000 0.3055 0.0000 0.0000 0.0731 0.0825 0.0710 0.0000
0.5064 0.0520 0.0000 0.0000 0.0000 0.0000 0.2768 0.1648 0.0000 0.0000
0.1059 0.1848 0.0000 0.0000 0.0000 0.0000 0.7093 0.0000 0.0000 0.0000
1.0000 0.0000 0.0000 0.0000 0.0000 0.0000 0.0000 0.0000 0.0000 0.0000
0.6345 0.1155 0.0566 0.0000 0.1933 0.0000 0.0000 0.0000 0.0000 0.0000
0.0941 0.1131 0.0000 0.2647 0.0000 0.0000 0.0737 0.1804 0.2740 0.0000
0.1566 0.3731 0.4703 0.0000 0.0000 0.0000 0.0000 0.0000 0.0000 0.0000
0.3702 0.0858 0.0000 0.1570 0.0000 0.0000 0.0875 0.2186 0.0809 0.0000
0.2735 0.3959 0.0000 0.0000 0.0000 0.0000 0.0880 0.2426 0.0000 0.0000
0.1531 0.2729 0.0000 0.0000 0.0000 0.0000 0.2115 0.0722 0.0000 0.2903
0.1213 0.1272 0.0000 0.1119 0.0000 0.0000 0.3091 0.1368 0.1936 0.0000
0.1080 0.8015 0.0905 0.0000 0.0000 0.0000 0.0000 0.0000 0.0000 0.0000
0.3214 0.3020 0.3766 0.0000 0.0000 0.0000 0.0000 0.0000 0.0000 0.0000
1.0000 0.0000 0.0000 0.0000 0.0000 0.0000 0.0000 0.0000 0.0000 0.0000
0.6077 0.3923 0.0000 0.0000 0.0000 0.0000 0.0000 0.0000 0.0000 0.0000
0.1389 0.1982 0.0000 0.2348 0.0000 0.0000 0.2324 0.1957 0.0000 0.0000
0.1203 0.2257 0.0000 0.0000 0.0000 0.0000 0.3331 0.1928 0.0000 0.1281
0.6506 0.1374 0.0000 0.0000 0.0000 0.0000 0.1170 0.0950 0.0000 0.0000
0.7085 0.1709 0.0000 0.0000 0.0000 0.0000 0.1206 0.0000 0.0000 0.0000
0.2233 0.4704 0.3063 0.0000 0.0000 0.0000 0.0000 0.0000 0.0000 0.0000
0.3523 0.1473 0.5004 0.0000 0.0000 0.0000 0.0000 0.0000 0.0000 0.0000
0.5171 0.2272 0.0000 0.0929 0.0000 0.0000 0.1008 0.0620 0.0000 0.0000
0.2960 0.4509 0.2530 0.0000 0.0000 0.0000 0.0000 0.0000 0.0000 0.0000
0.3414 0.5179 0.0000 0.0000 0.0000 0.0000 0.1407 0.0000 0.0000 0.0000
1.0000 0.0000 0.0000 0.0000 0.0000 0.0000 0.0000 0.0000 0.0000 0.0000
1.0000 0.0000 0.0000 0.0000 0.0000 0.0000 0.0000 0.0000 0.0000 0.0000
0.6174 0.2474 0.0000 0.0000 0.0000 0.0000 0.1353 0.0000 0.0000 0.0000
0.1304 0.0755 0.0000 0.0000 0.0000 0.0000 0.6381 0.1560 0.0000 0.0000
0.2815 0.1104 0.0000 0.0000 0.0000 0.0000 0.1458 0.4068 0.0000 0.0554
0.0601 0.4681 0.0000 0.0696 0.0000 0.0000 0.1693 0.1459 0.0870 0.0000
0.1290 0.0866 0.0000 0.1504 0.0000 0.0000 0.2185 0.0750 0.3404 0.0000
0.1183 0.2182 0.6635 0.0000 0.0000 0.0000 0.0000 0.0000 0.0000 0.0000
0.1222 0.7724 0.0000 0.0000 0.0000 0.0000 0.1054 0.0000 0.0000 0.0000
0.0518 0.8287 0.0000 0.0000 0.0000 0.0000 0.1196 0.0000 0.0000 0.0000
0.1525 0.2850 0.0000 0.0000 0.0000 0.0000 0.2487 0.1599 0.0000 0.1539
0.0770 0.0692 0.0000 0.6275 0.0000 0.0000 0.0698 0.1564 0.0000 0.0000
0.1276 0.2562 0.0000 0.1601 0.0000 0.0000 0.0700 0.3861 0.0000 0.0000
0.7299 0.0666 0.2035 0.0000 0.0000 0.0000 0.0000 0.0000 0.0000 0.0000
0.4819 0.5181 0.0000 0.0000 0.0000 0.0000 0.0000 0.0000 0.0000 0.0000
1.0000 0.0000 0.0000 0.0000 0.0000 0.0000 0.0000 0.0000 0.0000 0.0000
0.6357 0.3643 0.0000 0.0000 0.0000 0.0000 0.0000 0.0000 0.0000 0.0000
0.3654 0.1077 0.0000 0.0955 0.0000 0.0000 0.2337 0.1977 0.0000 0.0000
0.2133 0.2509 0.0000 0.0000 0.0000 0.0000 0.2462 0.2896 0.0000 0.0000
0.4874 0.2233 0.0000 0.0000 0.0000 0.2223 0.0670 0.0000 0.0000 0.0000
0.1598 0.6986 0.0000 0.0000 0.0000 0.0000 0.1416 0.0000 0.0000 0.0000
0.3003 0.6997 0.0000 0.0000 0.0000 0.0000 0.0000 0.0000 0.0000 0.0000
0.1649 0.5042 0.0000 0.0000 0.0000 0.0000 0.1867 0.0527 0.0000 0.0915
0.7065 0.0767 0.0000 0.0000 0.0000 0.0000 0.2167 0.0000 0.0000 0.0000
0.2575 0.7425 0.0000 0.0000 0.0000 0.0000 0.0000 0.0000 0.0000 0.0000
1.0000 0.0000 0.0000 0.0000 0.0000 0.0000 0.0000 0.0000 0.0000 0.0000
0.2424 0.4689 0.0000 0.0000 0.0000 0.0843 0.2044 0.0000 0.0000 0.0000
0.5401 0.4599 0.0000 0.0000 0.0000 0.0000 0.0000 0.0000 0.0000 0.0000
1.0000 0.0000 0.0000 0.0000 0.0000 0.0000 0.0000 0.0000 0.0000 0.0000
0.1983 0.4171 0.2671 0.0000 0.1176 0.0000 0.0000 0.0000 0.0000 0.0000
1.0000 0.0000 0.0000 0.0000 0.0000 0.0000 0.0000 0.0000 0.0000 0.0000
0.4178 0.1884 0.1352 0.0000 0.2585 0.0000 0.0000 0.0000 0.0000 0.0000
0.2963 0.1250 0.0000 0.0000 0.0000 0.0000 0.3893 0.1894 0.0000 0.0000
0.3925 0.4737 0.1338 0.0000 0.0000 0.0000 0.0000 0.0000 0.0000 0.0000
0.1030 0.1847 0.0000 0.0000 0.0000 0.0000 0.0787 0.4590 0.0000 0.1746
0.1575 0.2622 0.0000 0.1475 0.0000 0.0000 0.1476 0.2852 0.0000 0.0000
1.0000 0.0000 0.0000 0.0000 0.0000 0.0000 0.0000 0.0000 0.0000 0.0000
0.3844 0.4706 0.1450 0.0000 0.0000 0.0000 0.0000 0.0000 0.0000 0.0000
0.4735 0.2464 0.2802 0.0000 0.0000 0.0000 0.0000 0.0000 0.0000 0.0000
0.1258 0.2365 0.6377 0.0000 0.0000 0.0000 0.0000 0.0000 0.0000 0.0000
0.5966 0.4034 0.0000 0.0000 0.0000 0.0000 0.0000 0.0000 0.0000 0.0000
1.0000 0.0000 0.0000 0.0000 0.0000 0.0000 0.0000 0.0000 0.0000 0.0000
0.5892 0.0798 0.2197 0.0000 0.1114 0.0000 0.0000 0.0000 0.0000 0.0000
0.1356 0.1818 0.0000 0.0000 0.0000 0.0000 0.1405 0.5421 0.0000 0.0000
0.5213 0.0839 0.0000 0.0000 0.0000 0.1088 0.2860 0.0000 0.0000 0.0000
0.1912 0.1219 0.0000 0.1042 0.0000 0.0000 0.2438 0.2246 0.1142 0.0000
0.0809 0.1980 0.0000 0.2033 0.0000 0.0000 0.1235 0.2426 0.1516 0.0000
0.5037 0.1325 0.1258 0.0000 0.2380 0.0000 0.0000 0.0000 0.0000 0.0000
0.2887 0.4833 0.0000 0.0000 0.0000 0.0000 0.2280 0.0000 0.0000 0.0000
0.1404 0.1563 0.0000 0.0000 0.0000 0.0000 0.2601 0.3502 0.0000 0.0931
0.3981 0.0501 0.0000 0.0727 0.0000 0.0000 0.0733 0.0707 0.3351 0.0000
0.1105 0.1314 0.0000 0.1851 0.0000 0.0000 0.3064 0.1852 0.0814 0.0000
0.0634 0.4325 0.3796 0.0000 0.1245 0.0000 0.0000 0.0000 0.0000 0.0000
0.4275 0.2473 0.0000 0.0964 0.0000 0.0000 0.1574 0.0714 0.0000 0.0000
0.2873 0.1039 0.0000 0.0000 0.0000 0.0000 0.2169 0.3920 0.0000 0.0000
0.1480 0.2369 0.3214 0.0000 0.2938 0.0000 0.0000 0.0000 0.0000 0.0000
1.0000 0.0000 0.0000 0.0000 0.0000 0.0000 0.0000 0.0000 0.0000 0.0000
0.1346 0.1065 0.0000 0.0000 0.0000 0.0000 0.4628 0.1405 0.0000 0.1556
0.2415 0.1035 0.0000 0.4165 0.0000 0.0000 0.1430 0.0955 0.0000 0.0000
0.2094 0.1056 0.0000 0.0000 0.0000 0.3915 0.2934 0.0000 0.0000 0.0000
0.1489 0.6248 0.2263 0.0000 0.0000 0.0000 0.0000 0.0000 0.0000 0.0000
0.9217 0.0783 0.0000 0.0000 0.0000 0.0000 0.0000 0.0000 0.0000 0.0000
0.6719 0.1108 0.2173 0.0000 0.0000 0.0000 0.0000 0.0000 0.0000 0.0000
0.2409 0.1025 0.2938 0.0000 0.3628 0.0000 0.0000 0.0000 0.0000 0.0000
0.2072 0.2843 0.0000 0.0820 0.0000 0.0000 0.1137 0.1152 0.1977 0.0000
0.0918 0.0624 0.0000 0.1064 0.0000 0.0000 0.4285 0.1529 0.1580 0.0000
0.1601 0.8399 0.0000 0.0000 0.0000 0.0000 0.0000 0.0000 0.0000 0.0000
0.0952 0.4147 0.0000 0.0000 0.0000 0.0000 0.0805 0.0847 0.0000 0.3249
0.3532 0.2909 0.1026 0.0000 0.2533 0.0000 0.0000 0.0000 0.0000 0.0000
0.4015 0.3925 0.0000 0.0000 0.0000 0.0572 0.1488 0.0000 0.0000 0.0000
0.0991 0.2041 0.0000 0.1629 0.0000 0.0000 0.2975 0.1061 0.1304 0.0000
0.0799 0.8475 0.0000 0.0000 0.0000 0.0000 0.0726 0.0000 0.0000 0.0000
0.4569 0.5431 0.0000 0.0000 0.0000 0.0000 0.0000 0.0000 0.0000 0.0000
0.1972 0.3167 0.0000 0.0000 0.0000 0.0000 0.4861 0.0000 0.0000 0.0000
0.3225 0.0599 0.0000 0.0000 0.0000 0.0000 0.5593 0.0584 0.0000 0.0000
0.3645 0.6355 0.0000 0.0000 0.0000 0.0000 0.0000 0.0000 0.0000 0.0000
0.0676 0.0517 0.0000 0.0000 0.0000 0.0000 0.1176 0.5647 0.0000 0.1983
0.0747 0.1139 0.0000 0.0000 0.0000 0.0000 0.3537 0.4577 0.0000 0.0000
0.1101 0.6603 0.0000 0.0000 0.0000 0.0000 0.1279 0.1017 0.0000 0.0000
0.4951 0.1721 0.0000 0.0000 0.0000 0.0000 0.3328 0.0000 0.0000 0.0000
0.1375 0.3077 0.0000 0.2478 0.0000 0.0000 0.2007 0.1064 0.0000 0.0000
0.2108 0.0765 0.0000 0.0000 0.0000 0.0000 0.4364 0.1109 0.0000 0.1654
1.0000 0.0000 0.0000 0.0000 0.0000 0.0000 0.0000 0.0000 0.0000 0.0000
0.3626 0.1489 0.0000 0.0915 0.0000 0.0000 0.2151 0.1818 0.0000 0.0000
1.0000 0.0000 0.0000 0.0000 0.0000 0.0000 0.0000 0.0000 0.0000 0.0000
0.2882 0.1653 0.0000 0.0000 0.0000 0.0000 0.4649 0.0816 0.0000 0.0000
0.7211 0.1464 0.1325 0.0000 0.0000 0.0000 0.0000 0.0000 0.0000 0.0000
0.1287 0.5099 0.0000 0.0000 0.0000 0.0000 0.2856 0.0757 0.0000 0.0000
0.5638 0.0676 0.3686 0.0000 0.0000 0.0000 0.0000 0.0000 0.0000 0.0000
0.1721 0.2344 0.0000 0.0000 0.0000 0.5370 0.0564 0.0000 0.0000 0.0000
0.1144 0.1940 0.0000 0.0000 0.0000 0.5937 0.0979 0.0000 0.0000 0.0000
0.2693 0.1678 0.0000 0.0000 0.0000 0.0000 0.5629 0.0000 0.0000 0.0000
0.3974 0.1160 0.4866 0.0000 0.0000 0.0000 0.0000 0.0000 0.0000 0.0000
0.0820 0.4854 0.0000 0.0000 0.0000 0.0000 0.0658 0.2287 0.0000 0.1381
1.0000 0.0000 0.0000 0.0000 0.0000 0.0000 0.0000 0.0000 0.0000 0.0000
0.5307 0.4693 0.0000 0.0000 0.0000 0.0000 0.0000 0.0000 0.0000 0.0000
0.3544 0.4617 0.0000 0.0000 0.0000 0.1121 0.0718 0.0000 0.0000 0.0000
0.0992 0.2599 0.4606 0.0000 0.1804 0.0000 0.0000 0.0000 0.0000 0.0000
0.5650 0.4350 0.0000 0.0000 0.0000 0.0000 0.0000 0.0000 0.0000 0.0000
0.0633 0.2446 0.3503 0.0000 0.3419 0.0000 0.0000 0.0000 0.0000 0.0000
0.1195 0.2198 0.6607 0.0000 0.0000 0.0000 0.0000 0.0000 0.0000 0.0000
0.2862 0.1318 0.0000 0.0000 0.0000 0.0000 0.1037 0.3280 0.0000 0.1503
0.3080 0.1140 0.4451 0.0000 0.1329 0.0000 0.0000 0.0000 0.0000 0.0000
1.0000 0.0000 0.0000 0.0000 0.0000 0.0000 0.0000 0.0000 0.0000 0.0000
0.2484 0.1278 0.0000 0.0000 0.0000 0.0000 0.0966 0.5272 0.0000 0.0000
1.0000 0.0000 0.0000 0.0000 0.0000 0.0000 0.0000 0.0000 0.0000 0.0000
0.3473 0.3544 0.0000 0.0000 0.0000 0.0000 0.1964 0.1019 0.0000 0.0000
0.1512 0.1537 0.0000 0.0000 0.0000 0.0000 0.2790 0.2710 0.0000 0.1451
0.5487 0.3757 0.0755 0.0000 0.0000 0.0000 0.0000 0.0000 0.0000 0.0000
0.0545 0.5840 0.3028 0.0000 0.0586 0.0000 0.0000 0.0000 0.0000 0.0000
0.0618 0.0895 0.0000 0.3820 0.0000 0.0000 0.2326 0.0799 0.1543 0.0000
0.3451 0.0874 0.0000 0.3398 0.0000 0.0000 0.1418 0.0860 0.0000 0.0000
0.8642 0.1358 0.0000 0.0000 0.0000 0.0000 0.0000 0.0000 0.0000 0.0000
0.1459 0.0682 0.0000 0.0000 0.0000 0.0000 0.1915 0.4165 0.0000 0.1779
1.0000 0.0000 0.0000 0.0000 0.0000 0.0000 0.0000 0.0000 0.0000 0.0000
1.0000 0.0000 0.0000 0.0000 0.0000 0.0000 0.0000 0.0000 0.0000 0.0000
0.0531 0.3745 0.5206 0.0000 0.0519 0.0000 0.0000 0.0000 0.0000 0.0000
0.3025 0.1862 0.0000 0.0000 0.0000 0.0000 0.2409 0.0719 0.0000 0.1986
0.1496 0.1040 0.0000 0.0000 0.0000 0.0000 0.5936 0.0713 0.0000 0.0816
1.0000 0.0000 0.0000 0.0000 0.0000 0.0000 0.0000 0.0000 0.0000 0.0000
0.0786 0.0641 0.0000 0.1780 0.0000 0.0000 0.4933 0.1003 0.0858 0.0000
0.2982 0.1433 0.3077 0.0000 0.2509 0.0000 0.0000 0.0000 0.0000 0.0000
1.0000 0.0000 0.0000 0.0000 0.0000 0.0000 0.0000 0.0000 0.0000 0.0000
0.3946 0.3899 0.0000 0.0000 0.0000 0.1437 0.0718 0.0000 0.0000 0.0000
1.0000 0.0000 0.0000 0.0000 0.0000 0.0000 0.0000 0.0000 0.0000 0.0000
0.3134 0.5569 0.0000 0.0000 0.0000 0.0000 0.1296 0.0000 0.0000 0.0000
0.0627 0.1106 0.0000 0.0000 0.0000 0.2886 0.5381 0.0000 0.0000 0.0000
0.0569 0.2274 0.0000 0.2193 0.0000 0.0000 0.3657 0.1307 0.0000 0.0000
0.1220 0.2913 0.0000 0.0000 0.0000 0.0000 0.3457 0.2410 0.0000 0.0000
0.2008 0.1281 0.0000 0.0000 0.0000 0.0000 0.0508 0.0966 0.0000 0.5237
1.0000 0.0000 0.0000 0.0000 0.0000 0.0000 0.0000 0.0000 0.0000 0.0000
0.3772 0.1544 0.0000 0.0000 0.0000 0.0000 0.2710 0.1974 0.0000 0.0000
0.3110 0.0665 0.0000 0.1775 0.0000 0.0000 0.2129 0.1166 0.1155 0.0000
0.4841 0.2346 0.0000 0.0000 0.0000 0.1921 0.0892 0.0000 0.0000 0.0000
0.3931 0.3280 0.0000 0.0000 0.0000 0.0000 0.1311 0.0947 0.0000 0.0530
0.1208 0.3320 0.0000 0.0000 0.0000 0.3054 0.2418 0.0000 0.0000 0.0000
0.0852 0.4766 0.0000 0.0000 0.0000 0.1804 0.2578 0.0000 0.0000 0.0000
0.0858 0.9142 0.0000 0.0000 0.0000 0.0000 0.0000 0.0000 0.0000 0.0000
0.2071 0.1084 0.0000 0.1263 0.0000 0.0000 0.0779 0.0678 0.4124 0.0000
1.0000 0.0000 0.0000 0.0000 0.0000 0.0000 0.0000 0.0000 0.0000 0.0000
0.1565 0.4008 0.0000 0.0000 0.0000 0.0000 0.1816 0.0518 0.0000 0.2093
0.1249 0.1506 0.0000 0.0682 0.0000 0.0000 0.0659 0.1160 0.4744 0.0000
0.5395 0.1612 0.0000 0.0000 0.0000 0.0000 0.1454 0.1539 0.0000 0.0000
0.3401 0.1105 0.1149 0.0000 0.4345 0.0000 0.0000 0.0000 0.0000 0.0000
0.1768 0.0791 0.0000 0.0000 0.0000 0.0000 0.3122 0.1062 0.0000 0.3256
0.1900 0.1231 0.0000 0.0000 0.0000 0.0000 0.2760 0.3256 0.0000 0.0852
0.2166 0.1659 0.0000 0.1391 0.0000 0.0000 0.4108 0.0676 0.0000 0.0000
0.2676 0.2434 0.0000 0.0000 0.0000 0.3465 0.1425 0.0000 0.0000 0.0000
0.0672 0.0558 0.0000 0.2627 0.0000 0.0000 0.1173 0.3054 0.1916 0.0000
0.9465 0.0535 0.0000 0.0000 0.0000 0.0000 0.0000 0.0000 0.0000 0.0000
0.1734 0.0951 0.0000 0.1399 0.0000 0.0000 0.1559 0.4357 0.0000 0.0000
0.0716 0.3569 0.0000 0.1011 0.0000 0.0000 0.0909 0.0954 0.2841 0.0000
0.2015 0.3233 0.0000 0.0000 0.0000 0.0000 0.4752 0.0000 0.0000 0.0000
0.0503 0.1345 0.0000 0.1121 0.0000 0.0000 0.1608 0.4642 0.0781 0.0000
0.1909 0.5268 0.0000 0.0000 0.0000 0.0000 0.2822 0.0000 0.0000 0.0000
0.0998 0.2444 0.6558 0.0000 0.0000 0.0000 0.0000 0.0000 0.0000 0.0000
0.2921 0.3323 0.1115 0.0000 0.2641 0.0000 0.0000 0.0000 0.0000 0.0000
0.0633 0.1725 0.0000 0.2697 0.0000 0.0000 0.2058 0.1509 0.1378 0.0000
0.3792 0.4234 0.1973 0.0000 0.0000 0.0000 0.0000 0.0000 0.0000 0.0000
0.1795 0.1572 0.0000 0.2357 0.0000 0.0000 0.3005 0.1270 0.0000 0.0000
1.0000 0.0000 0.0000 0.0000 0.0000 0.0000 0.0000 0.0000 0.0000 0.0000
0.6485 0.1273 0.2243 0.0000 0.0000 0.0000 0.0000 0.0000 0.0000 0.0000
0.1199 0.5461 0.0000 0.0000 0.0000 0.0000 0.2360 0.0979 0.0000 0.0000
0.1136 0.2820 0.0000 0.0000 0.0000 0.0000 0.2414 0.3630 0.0000 0.0000
0.2367 0.5399 0.2234 0.0000 0.0000 0.0000 0.0000 0.0000 0.0000 0.0000
0.3214 0.4007 0.1331 0.0000 0.1448 0.0000 0.0000 0.0000 0.0000 0.0000
0.4680 0.5320 0.0000 0.0000 0.0000 0.0000 0.0000 0.0000 0.0000 0.0000
0.0601 0.0932 0.0000 0.0000 0.0000 0.0000 0.4323 0.1608 0.0000 0.2536
0.2220 0.1337 0.0000 0.0000 0.0000 0.0000 0.0947 0.3886 0.0000 0.1610
0.4819 0.2403 0.2777 0.0000 0.0000 0.0000 0.0000 0.0000 0.0000 0.0000
1.0000 0.0000 0.0000 0.0000 0.0000 0.0000 0.0000 0.0000 0.0000 0.0000
0.2157 0.2620 0.0000 0.0000 0.0000 0.0000 0.5223 0.0000 0.0000 0.0000
1.0000 0.0000 0.0000 0.0000 0.0000 0.0000 0.0000 0.0000 0.0000 0.0000
0.2199 0.1672 0.3906 0.0000 0.2223 0.0000 0.0000 0.0000 0.0000 0.0000
1.0000 0.0000 0.0000 0.0000 0.0000 0.0000 0.0000 0.0000 0.0000 0.0000
0.1438 0.2369 0.0000 0.0000 0.0000 0.0560 0.5633 0.0000 0.0000 0.0000
0.1610 0.1525 0.4478 0.0000 0.2387 0.0000 0.0000 0.0000 0.0000 0.0000
0.3418 0.4262 0.0000 0.0000 0.0000 0.0000 0.2320 0.0000 0.0000 0.0000
0.3887 0.5574 0.0000 0.0000 0.0000 0.0000 0.0539 0.0000 0.0000 0.0000
1.0000 0.0000 0.0000 0.0000 0.0000 0.0000 0.0000 0.0000 0.0000 0.0000
0.5095 0.4905 0.0000 0.0000 0.0000 0.0000 0.0000 0.0000 0.0000 0.0000
0.3782 0.2025 0.0000 0.1618 0.0000 0.0000 0.0908 0.0620 0.1048 0.0000
0.2697 0.7303 0.0000 0.0000 0.0000 0.0000 0.0000 0.0000 0.0000 0.0000
0.0877 0.2131 0.0000 0.3618 0.0000 0.0000 0.2599 0.0775 0.0000 0.0000
0.0631 0.3115 0.0000 0.0000 0.0000 0.0000 0.1872 0.2502 0.0000 0.1880
0.0804 0.0638 0.6670 0.0000 0.1888 0.0000 0.0000 0.0000 0.0000 0.0000
0.0505 0.1879 0.0000 0.1045 0.0000 0.0000 0.4254 0.0967 0.1351 0.0000
0.8850 0.1150 0.0000 0.0000 0.0000 0.0000 0.0000 0.0000 0.0000 0.0000
0.1391 0.8609 0.0000 0.0000 0.0000 0.0000 0.0000 0.0000 0.0000 0.0000
1.0000 0.0000 0.0000 0.0000 0.0000 0.0000 0.0000 0.0000 0.0000 0.0000
0.1513 0.1339 0.0000 0.0000 0.0000 0.3106 0.4042 0.0000 0.0000 0.0000
0.1564 0.0719 0.0000 0.2090 0.0000 0.0000 0.2412 0.2317 0.0898 0.0000
0.0840 0.3426 0.3051 0.0000 0.2684 0.0000 0.0000 0.0000 0.0000 0.0000
0.0572 0.0768 0.0000 0.1998 0.0000 0.0000 0.5171 0.1492 0.0000 0.0000
0.3966 0.2449 0.0000 0.0760 0.0000 0.0000 0.0524 0.2301 0.0000 0.0000
0.1215 0.1190 0.0000 0.0000 0.0000 0.0000 0.6577 0.1018 0.0000 0.0000
0.5444 0.3222 0.1334 0.0000 0.0000 0.0000 0.0000 0.0000 0.0000 0.0000
0.1097 0.1117 0.0000 0.1509 0.0000 0.0000 0.0966 0.2804 0.2507 0.0000
0.1953 0.5126 0.0000 0.0000 0.0000 0.0000 0.2921 0.0000 0.0000 0.0000
0.3523 0.1149 0.0000 0.0000 0.0000 0.0000 0.0769 0.4559 0.0000 0.0000
0.4766 0.0826 0.0000 0.0000 0.0000 0.0000 0.2496 0.1344 0.0000 0.0567
0.1155 0.3216 0.0000 0.0000 0.0000 0.0000 0.5629 0.0000 0.0000 0.0000
0.1220 0.8780 0.0000 0.0000 0.0000 0.0000 0.0000 0.0000 0.0000 0.0000
0.1594 0.3003 0.0000 0.2407 0.0000 0.0000 0.0697 0.1541 0.0759 0.0000
1.0000 0.0000 0.0000 0.0000 0.0000 0.0000 0.0000 0.0000 0.0000 0.0000
0.1552 0.3239 0.0000 0.2772 0.0000 0.0000 0.0882 0.1554 0.0000 0.0000
0.3112 0.0784 0.0000 0.1003 0.0000 0.0000 0.1096 0.4005 0.0000 0.0000
0.1150 0.1612 0.0000 0.0000 0.0000 0.1790 0.5448 0.0000 0.0000 0.0000
0.0840 0.2960 0.0000 0.2397 0.0000 0.0000 0.2553 0.1251 0.0000 0.0000
0.1603 0.8397 0.0000 0.0000 0.0000 0.0000 0.0000 0.0000 0.0000 0.0000
0.5935 0.4065 0.0000 0.0000 0.0000 0.0000 0.0000 0.0000 0.0000 0.0000
0.5316 0.1673 0.0000 0.0000 0.0000 0.0000 0.3011 0.0000 0.0000 0.0000
0.3402 0.6598 0.0000 0.0000 0.0000 0.0000 0.0000 0.0000 0.0000 0.0000
0.2237 0.0787 0.0000 0.0000 0.0000 0.0000 0.2230 0.4746 0.0000 0.0000
0.2849 0.0994 0.4475 0.0000 0.1682 0.0000 0.0000 0.0000 0.0000 0.0000
0.2688 0.3083 0.0000 0.0000 0.0000 0.0000 0.0943 0.1614 0.0000 0.1672
0.3900 0.1064 0.0000 0.1575 0.0000 0.0000 0.0571 0.0760 0.2131 0.0000
0.4300 0.2511 0.0729 0.0000 0.2459 0.0000 0.0000 0.0000 0.0000 0.0000
0.2349 0.3124 0.0000 0.0000 0.0000 0.0000 0.1360 0.3167 0.0000 0.0000
0.1208 0.1641 0.0000 0.0000 0.0000 0.0000 0.6362 0.0789 0.0000 0.0000
0.2383 0.2309 0.0000 0.0000 0.0000 0.0000 0.3499 0.0757 0.0000 0.1053
0.0878 0.4185 0.0000 0.0000 0.0000 0.0000 0.0580 0.4357 0.0000 0.0000
0.2231 0.5055 0.0000 0.0000 0.0000 0.0000 0.2714 0.0000 0.0000 0.0000
0.4029 0.1312 0.0000 0.0000 0.0000 0.0000 0.1402 0.0635 0.0000 0.2621
0.2903 0.1481 0.0000 0.0766 0.0000 0.0000 0.1943 0.1715 0.1192 0.0000
0.2210 0.2082 0.3237 0.0000 0.2470 0.0000 0.0000 0.0000 0.0000 0.0000
0.1080 0.2050 0.0000 0.0000 0.0000 0.0000 0.4098 0.1124 0.0000 0.1647
0.1172 0.2723 0.0000 0.0000 0.0000 0.0000 0.3805 0.1269 0.0000 0.1030
0.1174 0.1439 0.0000 0.0000 0.0000 0.0000 0.4718 0.1360 0.0000 0.1310
0.1638 0.1632 0.0000 0.0000 0.0000 0.1923 0.4807 0.0000 0.0000 0.0000
0.1056 0.1671 0.0000 0.0000 0.0000 0.0000 0.1560 0.1585 0.0000 0.4128
0.1158 0.8040 0.0000 0.0000 0.0000 0.0000 0.0802 0.0000 0.0000 0.0000
0.2188 0.1764 0.0000 0.0000 0.0000 0.0000 0.3642 0.2406 0.0000 0.0000
