65 43 1 30 0 0
62 27 10 0 0 0
66 33 1 0 0 0
49 0 0 0 0 0
43 37 1 25 0 0
43 0 0 0 0 0
57 39 1 0 11 0
51 0 1 0 0 0
56 29 0 2 0 0
42 41 2 0 0 0
49 44 4 24 3 0
59 50 0 35 0 0
68 0 0 0 0 0
42 28 16 0 1 0
47 23 0 14 0 0
51 45 0 0 21 0
55 28 0 1 6 0
56 62 0 0 42 0
53 27 0 13 0 0
49 14 0 2 0 0
43 53 0 35 1 0
57 0 0 0 0 0
44 40 0 6 18 0
41 17 0 1 0 0
50 0 0 1 2 0
50 6 0 1 1 0
57 14 0 0 14 0
50 0 0 0 0 0
61 34 0 0 2 0
58 5 9 0 1 0
60 27 8 0 0 0
53 3 0 0 1 0
49 26 1 0 11 0
41 33 0 0 0 0
44 3 0 0 0 0
49 48 8 0 0 0
37 22 0 0 10 0
69 13 0 1 0 0
47 0 0 0 0 0
48 35 0 4 0 0
54 13 0 0 0 0
56 0 0 0 7 0
47 28 5 2 0 0
54 0 0 0 0 0
41 31 0 0 4 0
54 23 36 0 0 0
51 0 0 0 0 0
56 39 0 0 0 0
48 1 0 0 0 0
62 50 6 0 0 0
42 34 1 0 0 0
34 42 0 8 0 0
45 21 1 1 40 0
52 1 1 0 0 0
48 36 0 0 0 0
48 36 22 0 0 0
61 28 0 7 0 0
48 35 0 0 4 0
58 0 0 0 1 0
55 42 0 0 6 0
52 30 5 0 0 0
53 8 2 0 2 0
58 40 0 42 0 0
46 41 8 0 1 0
49 31 28 0 0 0
60 45 0 0 31 0
52 20 1 0 1 0
43 0 0 1 0 0
49 28 4 0 1 0
50 27 0 0 4 0
46 16 0 0 0 0
43 41 0 6 0 0
53 37 33 4 0 0
51 34 0 42 0 0
55 36 1 0 33 0
44 0 0 0 0 0
59 42 35 1 0 0
58 22 0 0 0 0
58 20 0 0 0 0
58 47 6 0 0 0
41 12 0 20 0 0
49 27 3 19 0 0
58 37 1 0 0 0
56 15 0 0 0 0
42 15 0 0 0 0
55 40 0 0 0 0
50 44 0 0 0 0
45 34 0 0 16 0
53 5 2 6 0 0
45 52 0 0 8 0
55 48 4 19 0 0
28 0 1 0 0 0
46 44 0 0 27 0
59 9 0 0 0 0
39 40 0 0 20 0
58 0 0 0 0 0
47 25 0 0 10 0
55 26 0 1 0 0
56 42 0 17 1 0
45 19 0 1 0 0
46 54 47 0 1 0
46 10 0 13 0 0
34 54 0 41 0 0
45 27 0 0 0 0
53 31 0 0 32 0
50 0 0 0 7 0
41 48 0 16 0 0
48 53 9 0 0 0
59 0 0 0 0 0
46 25 0 6 0 0
51 47 4 46 0 0
55 31 0 35 5 0
36 40 0 2 1 0
55 23 0 0 10 0
53 40 0 0 0 0
51 0 0 0 0 0
47 38 26 0 0 0
46 44 0 0 15 0
48 31 9 6 3 0
36 0 1 0 0 0
55 0 0 6 0 0
47 41 0 0 16 0
47 0 0 0 1 0
45 38 0 3 30 0
45 0 0 1 0 0
50 39 4 0 0 0
48 0 0 0 0 0
60 33 0 1 32 0
60 28 0 1 16 0
64 9 1 10 0 0
56 28 8 0 0 0
48 35 2 0 0 0
49 0 0 2 0 0
54 11 2 0 0 0
52 2 0 0 0 0
59 18 1 0 0 0
48 39 1 1 0 0
53 31 0 0 0 0
51 14 13 0 0 0
46 1 0 0 0 0
43 45 0 0 17 0
56 1 0 0 0 0
43 10 0 0 0 0
46 28 2 2 0 0
45 38 1 28 0 0
48 36 0 0 0 0
48 37 7 2 0 0
47 46 0 0 25 0
59 0 1 0 0 0
49 27 0 21 0 0
64 52 0 33 0 0
53 17 0 0 0 0
52 43 0 0 4 0
56 28 22 1 0 0
42 21 0 3 0 0
35 11 0 0 2 0
54 12 0 0 0 0
38 47 5 5 1 0
31 2 0 0 0 0
66 3 0 0 0 0
50 3 2 0 5 0
51 41 0 19 0 0
52 54 8 0 0 0
63 31 0 1 23 0
49 39 5 0 0 0
47 40 0 1 0 0
53 0 2 0 0 0
52 28 22 0 0 0
60 38 0 2 0 0
47 0 0 1 0 0
62 40 0 0 0 0
53 65 6 0 0 0
36 12 1 32 0 0
50 43 0 18 0 0
51 0 0 0 0 0
48 18 24 0 1 0
43 19 0 4 0 0
49 48 0 25 0 0
53 1 0 0 0 0
58 45 0 0 1 0
54 0 1 2 0 0
52 38 25 1 0 0
52 42 0 0 32 0
46 19 4 0 1 0
52 40 0 0 6 0
62 1 0 2 0 0
53 24 0 16 0 0
47 5 17 0 0 0
45 37 0 8 0 0
43 0 5 0 0 0
40 28 0 0 27 0
51 33 4 0 0 0
62 47 3 22 0 0
41 31 12 4 0 0
57 51 0 0 8 0
49 0 0 0 0 0
40 0 0 7 0 0
51 55 9 0 0 0
42 0 1 2 0 0
39 33 3 0 38 0
59 14 0 4 0 0
51 44 25 0 0 0
53 28 19 4 7 0
46 9 18 2 0 0
44 38 0 2 2 0
49 44 4 0 31 0
57 16 0 2 0 0
66 22 0 0 0 0
56 33 0 0 50 0
58 42 0 4 0 0
49 0 0 0 0 0
62 5 0 0 1 0
64 1 0 0 2 0
50 33 1 0 16 0
47 42 0 0 10 0
53 39 0 0 0 0
49 45 0 6 11 0
62 46 0 32 2 0
49 38 25 3 0 0
43 30 0 18 1 0
46 6 0 0 4 0
47 35 0 1 0 0
57 29 0 0 20 0
57 14 0 0 0 0
46 31 0 16 0 0
56 0 0 0 0 0
46 21 0 0 0 0
50 0 0 0 1 0
55 30 1 0 13 0
58 18 0 0 0 0
52 23 0 0 0 0
54 35 0 0 27 0
54 30 0 0 30 0
44 21 0 5 1 0
44 32 4 17 1 0
44 37 17 0 0 0
53 47 17 0 0 0
41 21 0 1 12 0
47 26 0 20 2 0
54 36 2 14 0 0
49 19 0 4 0 0
43 36 27 2 0 0
47 31 0 0 0 0
37 1 0 5 0 0
35 12 0 2 0 0
48 46 0 32 0 0
48 24 0 0 0 0
51 5 0 0 2 0
46 21 19 2 1 0
48 31 9 0 2 0
47 44 0 24 0 0
37 0 0 0 0 0
44 39 0 0 20 0
56 0 0 0 0 0
52 47 12 1 0 0
62 12 0 0 7 0
49 33 16 1 0 0
51 44 0 0 0 0
55 0 0 0 0 0
58 25 7 0 3 0
50 18 3 0 0 0
57 55 0 21 0 0
52 31 0 0 0 0
50 2 0 0 0 0
52 44 26 0 1 0
43 19 14 0 1 0
55 29 0 0 15 0
45 45 17 0 0 0
53 31 0 2 45 0
35 0 1 0 0 0
59 49 2 0 6 0
42 33 2 3 5 0
50 0 2 0 0 0
44 2 1 0 0 0
45 36 0 0 10 0
47 0 0 0 0 0
52 0 0 0 0 0
53 0 0 0 2 0
57 24 0 2 0 0
48 12 0 0 0 0
44 16 11 0 0 0
38 45 0 39 0 0
49 45 3 0 0 0
65 33 30 0 2 0
59 57 0 4 0 0
48 26 0 0 13 0
44 0 0 0 0 0
49 37 1 1 24 0
54 14 0 2 23 0
56 55 0 1 0 0
45 28 1 38 0 0
47 1 0 0 0 0
41 47 1 8 0 0
60 39 0 0 38 0
45 34 2 0 0 0
50 0 0 0 1 0
42 0 3 0 0 0
50 2 0 0 0 0
51 23 19 0 0 0
62 18 6 0 0 0
63 15 14 0 0 0
46 6 7 0 0 0
51 12 4 0 1 0
42 17 29 0 0 0
44 45 0 43 0 0
60 38 5 1 0 0
56 16 11 3 0 0
51 20 0 3 0 0
46 0 0 0 0 0
38 2 0 2 0 0
58 45 7 0 0 0
56 51 0 0 1 0
46 0 0 0 0 0
42 0 0 0 0 0
45 40 0 13 0 0
57 6 0 0 9 0
57 5 0 4 2 0
53 1 1 0 0 0
63 18 5 4 0 0
53 30 0 0 0 0
43 0 0 0 0 0
56 35 9 30 0 0
34 29 10 0 0 0
53 0 0 0 0 0
47 51 42 1 0 0
61 21 0 0 13 0
52 47 25 0 0 0
60 40 0 25 0 0
59 27 2 4 0 0
37 53 35 0 3 0
64 48 2 0 1 0
56 12 8 0 0 0
61 32 0 1 0 0
39 0 0 0 0 0
50 41 0 0 35 0
52 0 0 0 4 0
50 0 0 0 0 0
53 39 0 1 24 0
52 33 0 26 0 0
55 0 0 0 0 0
61 33 0 0 25 0
47 39 0 1 4 0
47 15 18 0 0 0
49 31 0 0 0 0
41 55 0 0 16 0
44 31 0 3 23 0
36 39 21 8 0 0
61 6 0 0 0 0
48 42 0 0 3 0
48 0 0 0 3 0
45 36 0 0 0 0
52 31 0 2 0 0
47 1 0 0 0 0
60 24 10 0 0 0
50 22 1 0 1 0
36 0 0 0 0 0
51 14 2 0 2 0
59 3 8 0 0 0
61 0 0 0 0 0
51 36 1 0 4 0
52 38 0 1 0 0
44 35 4 0 0 0
56 0 0 1 0 0
63 36 0 0 9 0
62 54 0 0 15 0
53 0 0 0 0 0
52 6 2 0 0 0
62 0 0 0 0 0
51 41 0 4 0 0
42 46 45 3 0 0
49 12 0 0 26 0
41 30 1 0 46 0
53 53 0 0 13 0
59 32 0 3 2 0
52 36 0 15 0 0
51 46 0 34 0 0
40 13 0 13 0 0
52 0 0 0 0 0
47 20 1 0 0 0
45 35 0 0 0 0
47 45 0 0 0 0
55 29 1 0 0 0
41 0 0 2 0 0
52 37 0 10 3 0
53 0 0 0 0 0
54 48 37 0 0 0
60 23 0 0 15 0
53 36 0 1 0 0
54 30 0 0 21 0
46 0 1 3 0 0
54 29 1 0 0 0
48 38 0 29 2 0
46 8 2 7 0 0
45 21 0 0 0 0
45 50 0 28 1 0
45 24 0 0 9 0
50 14 1 0 13 0
53 0 0 0 0 0
63 0 0 6 0 0
45 15 0 2 0 0
42 55 21 0 0 0
55 0 0 0 0 0
67 0 2 5 0 0
43 40 0 0 0 0
39 34 1 25 0 0
53 27 0 0 13 0
51 42 0 1 23 0
44 12 0 0 0 0
59 7 16 0 0 0
64 0 0 0 0 0
55 11 0 0 0 0
43 0 0 1 0 0
54 0 0 0 0 0
50 24 3 0 1 0
55 19 0 0 6 0
55 55 0 38 0 0
40 21 10 0 2 0
46 54 0 2 44 0
53 2 0 1 0 0
49 30 0 0 0 0
50 37 0 0 16 0
44 0 0 1 4 0
54 0 0 0 0 0
50 36 16 0 0 0
55 30 2 9 0 0
47 16 5 0 0 0
43 43 0 0 0 0
48 38 0 0 0 0
61 34 6 2 0 0
44 1 0 0 0 0
37 14 6 1 0 0
48 3 0 6 0 0
44 36 0 0 0 0
54 0 0 0 0 0
44 24 4 0 0 0
50 0 0 0 1 0
41 63 0 9 1 0
58 42 0 16 0 0
51 0 0 0 1 0
44 27 0 0 0 0
58 50 4 0 0 0
44 15 0 19 0 0
63 12 0 2 0 0
59 0 0 0 0 0
43 40 0 0 0 0
52 21 0 24 0 0
54 2 0 0 0 0
47 0 0 0 0 0
38 24 12 0 0 0
54 30 0 3 13 0
47 31 1 0 3 0
51 11 0 0 1 0
42 35 0 5 0 0
55 49 33 0 0 0
41 39 0 0 0 0
56 0 0 1 0 0
54 0 0 0 2 0
50 43 0 0 42 0
57 14 0 0 2 0
42 39 0 0 4 0
38 53 35 0 0 0
46 34 0 0 12 0
48 1 0 0 0 0
36 31 3 0 0 0
41 4 0 0 0 0
51 31 1 0 0 0
60 29 0 1 0 0
43 15 0 0 0 0
48 41 8 0 0 0
50 0 0 6 0 0
57 45 16 0 0 0
57 16 3 1 2 0
44 0 0 0 0 0
43 34 14 1 0 0
52 50 0 0 24 0
46 0 0 1 1 0
50 9 7 0 0 0
55 0 0 0 0 0
46 2 1 1 0 0
42 0 0 0 2 0
52 10 0 1 0 0
40 46 0 3 21 0
53 24 6 1 0 0
38 39 0 0 0 0
34 8 0 0 5 0
54 46 0 27 0 0
53 6 0 0 3 0
50 39 0 0 1 0
47 32 0 0 0 0
37 32 0 1 4 0
61 37 0 0 0 0
51 6 0 0 0 0
48 38 0 12 0 0
42 5 0 0 0 0
41 21 0 0 0 0
61 30 0 0 4 0
57 1 0 1 0 0
46 0 0 0 0 0
48 43 0 0 21 0
50 53 0 1 12 0
