65 49 57 52 69 0
62 38 52 33 47 0
66 39 64 49 49 0
49 50 50 59 65 0
43 37 47 54 49 0
43 52 61 44 46 0
57 51 50 42 53 0
51 51 44 42 59 0
56 43 45 55 41 0
42 58 48 54 45 0
49 47 34 61 53 0
59 50 56 55 56 0
68 47 57 52 46 0
48 41 55 57 45 0
48 48 40 51 44 0
51 55 58 50 46 0
55 41 42 42 48 0
56 63 44 46 48 0
53 50 51 57 52 0
49 50 53 53 45 0
43 54 37 49 45 0
57 55 45 49 51 0
44 46 39 64 58 0
41 41 57 48 54 0
50 55 49 53 50 0
50 44 61 33 50 0
57 53 51 59 51 0
54 53 38 40 37 0
61 45 56 61 35 0
58 43 58 58 51 0
60 52 43 51 48 0
53 55 38 57 47 0
49 47 51 54 45 0
41 65 47 55 57 0
45 53 40 47 54 0
49 57 41 42 57 0
42 62 48 40 41 0
69 44 57 58 49 0
47 52 57 58 50 0
48 52 34 61 38 0
54 47 62 64 48 0
56 51 59 39 49 0
47 53 38 55 51 0
54 52 59 49 50 0
41 50 49 56 57 0
54 58 40 49 42 0
51 58 58 45 52 0
56 49 47 56 59 0
48 51 54 46 46 0
62 51 58 51 60 0
42 40 58 53 36 0
35 47 53 42 50 0
46 39 48 55 54 0
52 52 48 58 47 0
48 39 38 46 50 0
48 50 59 53 50 0
61 47 59 44 50 0
48 46 48 43 37 0
58 62 54 56 51 0
55 52 39 38 55 0
52 51 52 53 55 0
53 52 45 50 54 0
58 44 53 53 51 0
46 56 44 48 65 0
49 39 59 50 42 0
60 46 49 52 42 0
54 47 53 55 45 0
43 52 39 44 43 0
49 48 50 51 45 0
50 47 56 57 62 0
46 51 56 52 53 0
43 45 44 57 56 0
53 44 42 40 51 0
51 41 49 57 42 0
56 37 47 44 47 0
44 65 46 45 37 0
59 46 63 50 44 0
58 38 58 48 60 0
58 44 67 49 51 0
58 52 48 41 54 0
41 59 48 56 50 0
52 50 57 46 49 0
58 59 52 45 38 0
56 50 29 52 59 0
42 49 62 62 58 0
57 48 50 46 52 0
50 46 55 46 54 0
45 49 47 49 57 0
53 51 53 50 65 0
45 54 48 45 45 0
55 57 45 35 40 0
30 50 50 36 46 0
46 48 37 43 49 0
59 47 50 46 51 0
39 50 44 48 41 0
58 53 47 39 46 0
47 34 56 56 40 0
55 49 56 39 50 0
56 45 41 58 52 0
45 49 43 56 50 0
51 54 60 46 54 0
46 61 61 52 49 0
43 59 43 52 44 0
46 39 54 45 47 0
53 47 54 49 44 0
50 48 45 49 56 0
41 49 34 46 51 0
48 56 37 50 53 0
59 56 47 57 57 0
46 51 54 56 53 0
51 51 55 52 57 0
55 43 52 44 51 0
37 48 38 58 47 0
58 47 48 41 40 0
53 51 60 50 56 0
53 42 54 58 40 0
47 59 49 51 51 0
46 44 36 45 42 0
48 50 52 61 49 0
36 58 58 51 39 0
55 50 49 42 51 0
47 50 54 48 56 0
47 58 61 58 52 0
46 38 56 53 50 0
45 47 55 52 50 0
50 49 52 43 57 0
48 56 40 55 51 0
60 44 37 50 49 0
60 39 61 45 40 0
64 36 45 44 38 0
56 34 49 40 50 0
48 54 48 43 55 0
50 38 51 50 53 0
54 48 52 43 49 0
52 50 62 41 42 0
59 52 52 40 53 0
48 62 52 42 44 0
53 47 47 51 51 0
51 49 50 59 53 0
47 46 57 45 50 0
43 55 49 38 43 0
57 54 34 54 62 0
43 49 40 71 58 0
46 46 34 42 36 0
45 49 54 46 51 0
48 39 61 48 34 0
48 42 47 53 42 0
47 53 50 45 46 0
59 35 58 47 51 0
49 41 52 53 46 0
64 53 46 46 48 0
53 58 51 55 58 0
52 47 51 60 46 0
56 45 50 53 43 0
42 49 48 46 57 0
35 47 41 46 48 0
56 41 52 54 61 0
38 49 53 47 33 0
31 47 65 50 43 0
66 47 49 39 41 0
52 34 60 45 61 0
51 50 51 41 46 0
52 61 41 65 52 0
63 46 46 59 50 0
49 49 50 64 46 0
49 55 52 65 42 0
53 50 32 50 51 0
52 52 44 54 64 0
60 47 50 51 45 0
48 50 49 46 42 0
63 59 51 45 48 0
53 66 46 54 46 0
36 46 51 47 55 0
50 47 42 48 59 0
52 45 54 53 49 0
48 41 38 51 37 0
48 57 40 56 51 0
50 49 61 43 43 0
53 62 42 59 58 0
58 52 64 41 45 0
54 48 58 55 52 0
53 60 44 62 57 0
52 53 48 51 55 0
46 38 49 52 39 0
52 53 62 49 40 0
62 50 49 60 44 0
53 56 60 47 52 0
47 45 58 47 51 0
46 50 57 47 57 0
48 52 49 41 44 0
40 39 52 57 51 0
54 49 48 41 55 0
62 52 44 46 40 0
41 41 45 51 50 0
57 52 40 42 47 0
49 59 53 49 46 0
40 50 46 48 52 0
51 55 58 57 65 0
42 46 44 50 48 0
39 46 54 48 63 0
59 50 51 46 42 0
51 48 43 38 56 0
53 49 53 50 50 0
46 53 67 54 54 0
44 47 53 55 48 0
49 46 62 51 54 0
57 43 53 55 50 0
66 51 51 43 57 0
58 54 45 43 58 0
58 52 63 54 74 0
49 45 52 51 61 0
62 51 39 53 60 0
64 46 47 51 61 0
50 46 54 59 53 0
47 46 60 46 59 0
53 50 45 53 66 0
49 58 50 45 41 0
62 52 48 51 63 0
49 54 49 47 52 0
43 50 50 62 46 0
47 49 61 50 59 0
47 39 52 45 47 0
57 42 53 43 51 0
57 41 45 54 57 0
46 36 47 47 37 0
56 45 43 37 45 0
46 47 46 54 44 0
52 43 52 58 43 0
56 49 61 56 44 0
58 43 47 64 42 0
52 49 55 60 43 0
54 37 41 45 56 0
54 44 47 55 51 0
44 58 53 47 63 0
44 49 61 35 54 0
44 51 58 46 56 0
53 55 39 52 47 0
41 52 64 66 50 0
54 40 38 38 42 0
54 54 58 38 37 0
49 45 56 56 46 0
44 44 61 54 60 0
47 57 51 52 55 0
39 46 41 49 47 0
35 55 41 55 55 0
48 52 51 45 48 0
48 46 48 58 43 0
51 53 43 64 60 0
46 61 55 45 56 0
50 45 50 49 49 0
47 49 50 49 44 0
37 57 43 47 42 0
44 58 56 44 56 0
56 51 43 47 57 0
55 51 49 48 52 0
62 50 46 44 46 0
49 45 48 66 40 0
51 47 46 56 71 0
55 45 47 65 47 0
58 46 49 56 37 0
52 58 56 52 49 0
57 56 67 43 47 0
52 36 64 59 43 0
56 39 59 42 47 0
52 51 53 40 43 0
43 54 48 54 51 0
56 56 49 58 33 0
45 48 45 50 44 0
53 49 54 52 58 0
35 50 46 56 54 0
59 55 51 51 49 0
42 54 56 66 55 0
50 51 54 47 47 0
45 61 49 56 44 0
45 51 57 46 42 0
47 60 52 48 52 0
52 34 47 53 44 0
53 40 36 61 59 0
57 55 51 64 56 0
48 32 43 40 28 0
44 44 52 43 56 0
39 59 41 55 44 0
49 53 56 65 63 0
65 37 48 39 57 0
59 60 55 43 51 0
48 51 45 49 58 0
44 53 47 54 39 0
52 48 46 57 43 0
54 41 46 63 47 0
56 61 40 47 54 0
46 56 55 61 49 0
47 59 52 48 41 0
41 59 52 51 41 0
60 52 51 57 52 0
45 54 44 51 57 0
50 42 49 61 53 0
42 56 51 36 39 0
50 52 66 56 37 0
53 59 38 41 46 0
62 43 46 49 66 0
63 57 51 60 47 0
46 53 42 54 58 0
52 53 47 48 60 0
49 46 66 49 46 0
44 49 45 57 53 0
60 42 30 60 48 0
56 57 51 48 44 0
51 51 45 57 45 0
46 74 50 50 52 0
38 61 44 48 52 0
58 48 35 42 60 0
56 61 53 51 54 0
46 51 53 54 59 0
42 43 48 36 58 0
50 48 48 43 37 0
57 42 39 49 63 0
57 53 52 52 50 0
53 48 46 55 52 0
63 51 42 50 46 0
53 56 54 44 48 0
43 53 46 52 39 0
56 40 56 54 63 0
34 58 54 50 63 0
53 35 65 48 60 0
47 52 55 56 55 0
61 38 53 56 41 0
52 63 48 52 47 0
61 46 48 55 48 0
59 47 46 57 58 0
37 53 53 44 37 0
64 56 57 53 33 0
56 53 41 46 55 0
61 47 43 52 61 0
39 38 69 49 50 0
50 42 46 46 48 0
52 49 42 44 45 0
50 70 50 55 59 0
53 46 46 55 55 0
52 50 42 65 41 0
57 56 47 42 56 0
61 59 51 56 63 0
47 43 58 33 58 0
47 46 49 43 49 0
50 59 41 47 45 0
41 56 54 50 43 0
44 46 62 53 42 0
36 44 58 44 51 0
61 54 47 34 50 0
48 46 57 53 56 0
48 45 42 45 48 0
45 63 42 54 46 0
52 64 63 45 48 0
47 54 51 49 49 0
60 53 37 44 53 0
52 47 50 46 38 0
40 69 49 55 65 0
51 44 43 48 59 0
59 41 54 42 46 0
61 46 49 65 52 0
53 52 46 50 58 0
52 50 56 63 45 0
44 37 52 61 50 0
56 50 44 35 55 0
63 44 44 49 44 0
62 63 41 45 45 0
53 54 60 46 56 0
53 46 55 47 43 0
62 49 48 42 48 0
51 60 45 59 44 0
42 54 61 44 53 0
49 37 47 54 43 0
41 42 64 37 52 0
53 57 52 56 49 0
59 53 54 46 49 0
52 56 47 44 38 0
51 54 62 49 52 0
40 61 47 63 47 0
52 46 39 46 63 0
47 55 49 49 48 0
45 56 58 42 49 0
47 47 50 50 53 0
55 51 40 47 32 0
44 58 41 59 48 0
52 54 51 37 49 0
53 40 53 53 57 0
54 53 59 46 48 0
61 44 44 52 49 0
53 53 61 39 52 0
54 30 63 51 42 0
46 44 54 53 46 0
54 52 58 46 47 0
48 47 39 52 36 0
47 47 51 67 46 0
45 44 61 44 51 0
45 59 66 64 47 0
45 53 61 42 43 0
56 56 49 49 53 0
53 46 53 44 42 0
63 51 48 52 48 0
52 53 44 57 66 0
42 58 51 34 67 0
55 51 53 67 49 0
67 55 57 49 45 0
43 50 50 63 60 0
39 58 44 40 51 0
53 47 46 60 42 0
51 59 47 44 43 0
44 33 45 50 36 0
59 52 54 39 48 0
64 40 46 37 58 0
55 45 47 45 50 0
43 67 51 51 55 0
54 43 46 45 46 0
50 45 45 49 59 0
55 48 41 46 48 0
55 62 52 51 56 0
41 45 46 57 57 0
46 54 51 42 56 0
53 43 60 44 49 0
49 46 53 47 44 0
50 46 45 70 64 0
45 56 58 63 40 0
54 49 36 65 50 0
50 36 50 48 34 0
55 56 43 46 51 0
49 41 47 65 48 0
43 54 49 54 40 0
48 58 55 58 55 0
61 42 52 49 53 0
44 53 46 50 69 0
37 56 58 66 67 0
49 46 44 63 54 0
45 55 47 44 40 0
54 37 55 58 58 0
44 45 53 52 55 0
50 56 56 40 43 0
41 72 58 58 59 0
58 55 45 49 56 0
52 53 49 49 54 0
44 39 39 60 45 0
58 55 48 46 52 0
44 38 46 47 65 0
63 77 50 47 60 0
59 49 43 54 56 0
43 41 59 65 62 0
52 43 54 59 45 0
54 46 48 52 43 0
60 47 44 59 46 0
38 49 57 64 67 0
54 53 57 58 42 0
47 52 48 44 58 0
51 41 50 53 47 0
42 49 47 25 56 0
55 57 57 43 57 0
41 56 44 53 50 0
56 55 47 46 53 0
58 47 39 48 42 0
51 47 55 51 62 0
57 39 45 29 44 0
50 45 58 46 59 0
38 53 56 40 52 0
46 54 49 38 56 0
48 51 42 53 45 0
36 50 38 42 47 0
41 49 39 63 50 0
51 55 49 58 49 0
60 39 45 50 50 0
43 49 49 42 46 0
49 68 41 39 44 0
50 60 57 55 58 0
57 45 49 47 57 0
57 47 56 57 42 0
44 44 55 54 47 0
43 45 53 46 60 0
52 56 53 62 50 0
47 48 40 55 47 0
50 47 46 42 66 0
56 48 45 55 50 0
48 53 53 58 58 0
42 45 54 48 68 0
52 55 51 47 31 0
41 59 52 53 55 0
53 64 52 46 52 0
42 48 62 42 58 0
52 60 46 64 57 0
54 46 45 58 45 0
53 64 58 43 47 0
50 59 52 44 53 0
50 46 46 69 43 0
38 46 49 57 46 0
62 44 35 45 36 0
51 65 63 38 43 0
48 64 49 56 46 0
49 46 46 55 54 0
41 59 48 50 56 0
61 47 47 44 47 0
57 42 47 47 45 0
46 49 44 54 61 0
48 48 54 60 46 0
50 53 44 51 53 0
