1.0000 0.8776 0.0175 0.5769 0.0000 0.0000
1.0000 0.7105 0.1923 0.0000 0.0000 0.0000
1.0000 0.8462 0.0156 0.0000 0.0000 0.0000
1.0000 0.0000 0.0000 0.0000 0.0000 0.0000
1.0000 1.0000 0.0213 0.4630 0.0000 0.0000
1.0000 0.0000 0.0000 0.0000 0.0000 0.0000
1.0000 0.7647 0.0200 0.0000 0.2075 0.0000
1.0000 0.0000 0.0227 0.0000 0.0000 0.0000
1.0000 0.6744 0.0000 0.0364 0.0000 0.0000
1.0000 0.7069 0.0417 0.0000 0.0000 0.0000
1.0000 0.9362 0.1176 0.3934 0.0566 0.0000
1.0000 1.0000 0.0000 0.6364 0.0000 0.0000
1.0000 0.0000 0.0000 0.0000 0.0000 0.0000
0.8750 0.6829 0.2909 0.0000 0.0222 0.0000
0.9792 0.4792 0.0000 0.2745 0.0000 0.0000
1.0000 0.8182 0.0000 0.0000 0.4565 0.0000
1.0000 0.6829 0.0000 0.0238 0.1250 0.0000
1.0000 0.9841 0.0000 0.0000 0.8750 0.0000
1.0000 0.5400 0.0000 0.2281 0.0000 0.0000
1.0000 0.2800 0.0000 0.0377 0.0000 0.0000
1.0000 0.9815 0.0000 0.7143 0.0222 0.0000
1.0000 0.0000 0.0000 0.0000 0.0000 0.0000
1.0000 0.8696 0.0000 0.0938 0.3103 0.0000
1.0000 0.4146 0.0000 0.0208 0.0000 0.0000
1.0000 0.0000 0.0000 0.0189 0.0400 0.0000
1.0000 0.1364 0.0000 0.0303 0.0200 0.0000
1.0000 0.2642 0.0000 0.0000 0.2745 0.0000
0.9259 0.0000 0.0000 0.0000 0.0000 0.0000
1.0000 0.7556 0.0000 0.0000 0.0571 0.0000
1.0000 0.1163 0.1552 0.0000 0.0196 0.0000
1.0000 0.5192 0.1860 0.0000 0.0000 0.0000
1.0000 0.0545 0.0000 0.0000 0.0213 0.0000
1.0000 0.5532 0.0196 0.0000 0.2444 0.0000
1.0000 0.5077 0.0000 0.0000 0.0000 0.0000
0.9778 0.0566 0.0000 0.0000 0.0000 0.0000
1.0000 0.8421 0.1951 0.0000 0.0000 0.0000
0.8810 0.3548 0.0000 0.0000 0.2439 0.0000
1.0000 0.2955 0.0000 0.0172 0.0000 0.0000
1.0000 0.0000 0.0000 0.0000 0.0000 0.0000
1.0000 0.6731 0.0000 0.0656 0.0000 0.0000
1.0000 0.2766 0.0000 0.0000 0.0000 0.0000
1.0000 0.0000 0.0000 0.0000 0.1429 0.0000
1.0000 0.5283 0.1316 0.0364 0.0000 0.0000
1.0000 0.0000 0.0000 0.0000 0.0000 0.0000
1.0000 0.6200 0.0000 0.0000 0.0702 0.0000
1.0000 0.3966 0.9000 0.0000 0.0000 0.0000
1.0000 0.0000 0.0000 0.0000 0.0000 0.0000
1.0000 0.7959 0.0000 0.0000 0.0000 0.0000
1.0000 0.0196 0.0000 0.0000 0.0000 0.0000
1.0000 0.9804 0.1034 0.0000 0.0000 0.0000
1.0000 0.8500 0.0172 0.0000 0.0000 0.0000
0.9714 0.8936 0.0000 0.1905 0.0000 0.0000
0.9783 0.5385 0.0208 0.0182 0.7407 0.0000
1.0000 0.0192 0.0208 0.0000 0.0000 0.0000
1.0000 0.9231 0.0000 0.0000 0.0000 0.0000
1.0000 0.7200 0.3729 0.0000 0.0000 0.0000
1.0000 0.5957 0.0000 0.1591 0.0000 0.0000
1.0000 0.7609 0.0000 0.0000 0.1081 0.0000
1.0000 0.0000 0.0000 0.0000 0.0196 0.0000
1.0000 0.8077 0.0000 0.0000 0.1091 0.0000
1.0000 0.5882 0.0962 0.0000 0.0000 0.0000
1.0000 0.1538 0.0444 0.0000 0.0370 0.0000
1.0000 0.9091 0.0000 0.7925 0.0000 0.0000
1.0000 0.7321 0.1818 0.0000 0.0154 0.0000
1.0000 0.7949 0.4746 0.0000 0.0000 0.0000
1.0000 0.9783 0.0000 0.0000 0.7381 0.0000
0.9630 0.4255 0.0189 0.0000 0.0222 0.0000
1.0000 0.0000 0.0000 0.0227 0.0000 0.0000
1.0000 0.5833 0.0800 0.0000 0.0222 0.0000
1.0000 0.5745 0.0000 0.0000 0.0645 0.0000
1.0000 0.3137 0.0000 0.0000 0.0000 0.0000
1.0000 0.9111 0.0000 0.1053 0.0000 0.0000
1.0000 0.8409 0.7857 0.1000 0.0000 0.0000
1.0000 0.8293 0.0000 0.7368 0.0000 0.0000
0.9821 0.9730 0.0213 0.0000 0.7021 0.0000
1.0000 0.0000 0.0000 0.0000 0.0000 0.0000
1.0000 0.9130 0.5556 0.0200 0.0000 0.0000
1.0000 0.5789 0.0000 0.0000 0.0000 0.0000
1.0000 0.4545 0.0000 0.0000 0.0000 0.0000
1.0000 0.9038 0.1250 0.0000 0.0000 0.0000
1.0000 0.2034 0.0000 0.3571 0.0000 0.0000
0.9423 0.5400 0.0526 0.4130 0.0000 0.0000
1.0000 0.6271 0.0192 0.0000 0.0000 0.0000
1.0000 0.3000 0.0000 0.0000 0.0000 0.0000
1.0000 0.3061 0.0000 0.0000 0.0000 0.0000
0.9649 0.8333 0.0000 0.0000 0.0000 0.0000
1.0000 0.9565 0.0000 0.0000 0.0000 0.0000
1.0000 0.6939 0.0000 0.0000 0.2807 0.0000
1.0000 0.0980 0.0377 0.1200 0.0000 0.0000
1.0000 0.9630 0.0000 0.0000 0.1778 0.0000
1.0000 0.8421 0.0889 0.5429 0.0000 0.0000
0.9333 0.0000 0.0200 0.0000 0.0000 0.0000
1.0000 0.9167 0.0000 0.0000 0.5510 0.0000
1.0000 0.1915 0.0000 0.0000 0.0000 0.0000
1.0000 0.8000 0.0000 0.0000 0.4878 0.0000
1.0000 0.0000 0.0000 0.0000 0.0000 0.0000
1.0000 0.7353 0.0000 0.0000 0.2500 0.0000
1.0000 0.5306 0.0000 0.0256 0.0000 0.0000
1.0000 0.9333 0.0000 0.2931 0.0192 0.0000
1.0000 0.3878 0.0000 0.0179 0.0000 0.0000
0.9020 1.0000 0.7833 0.0000 0.0185 0.0000
1.0000 0.1639 0.0000 0.2500 0.0000 0.0000
0.7907 0.9153 0.0000 0.7885 0.0000 0.0000
0.9783 0.6923 0.0000 0.0000 0.0000 0.0000
1.0000 0.6596 0.0000 0.0000 0.7273 0.0000
1.0000 0.0000 0.0000 0.0000 0.1250 0.0000
1.0000 0.9796 0.0000 0.3478 0.0000 0.0000
1.0000 0.9464 0.2432 0.0000 0.0000 0.0000
1.0000 0.0000 0.0000 0.0000 0.0000 0.0000
1.0000 0.4902 0.0000 0.1071 0.0000 0.0000
1.0000 0.9216 0.0727 0.8846 0.0000 0.0000
1.0000 0.7209 0.0000 0.7955 0.0980 0.0000
0.9730 0.8333 0.0000 0.0345 0.0213 0.0000
0.9483 0.4894 0.0000 0.0000 0.2500 0.0000
1.0000 0.7843 0.0000 0.0000 0.0000 0.0000
0.9623 0.0000 0.0000 0.0000 0.0000 0.0000
1.0000 0.6441 0.5306 0.0000 0.0000 0.0000
1.0000 1.0000 0.0000 0.0000 0.3571 0.0000
1.0000 0.6200 0.1731 0.0984 0.0612 0.0000
1.0000 0.0000 0.0172 0.0000 0.0000 0.0000
1.0000 0.0000 0.0000 0.1429 0.0000 0.0000
1.0000 0.8200 0.0000 0.0000 0.2857 0.0000
1.0000 0.0000 0.0000 0.0000 0.0192 0.0000
0.9783 1.0000 0.0000 0.0566 0.6000 0.0000
1.0000 0.0000 0.0000 0.0192 0.0000 0.0000
1.0000 0.7959 0.0769 0.0000 0.0000 0.0000
1.0000 0.0000 0.0000 0.0000 0.0000 0.0000
1.0000 0.7500 0.0000 0.0200 0.6531 0.0000
1.0000 0.7179 0.0000 0.0222 0.4000 0.0000
1.0000 0.2500 0.0222 0.2273 0.0000 0.0000
1.0000 0.8235 0.1633 0.0000 0.0000 0.0000
1.0000 0.6481 0.0417 0.0000 0.0000 0.0000
0.9800 0.0000 0.0000 0.0400 0.0000 0.0000
1.0000 0.2292 0.0385 0.0000 0.0000 0.0000
1.0000 0.0400 0.0000 0.0000 0.0000 0.0000
1.0000 0.3462 0.0192 0.0000 0.0000 0.0000
1.0000 0.6290 0.0192 0.0238 0.0000 0.0000
1.0000 0.6596 0.0000 0.0000 0.0000 0.0000
1.0000 0.2857 0.2600 0.0000 0.0000 0.0000
0.9787 0.0217 0.0000 0.0000 0.0000 0.0000
1.0000 0.8182 0.0000 0.0000 0.3953 0.0000
0.9825 0.0185 0.0000 0.0000 0.0000 0.0000
1.0000 0.2041 0.0000 0.0000 0.0000 0.0000
1.0000 0.6087 0.0588 0.0476 0.0000 0.0000
1.0000 0.7755 0.0185 0.6087 0.0000 0.0000
1.0000 0.9231 0.0000 0.0000 0.0000 0.0000
1.0000 0.8810 0.1489 0.0377 0.0000 0.0000
1.0000 0.8679 0.0000 0.0000 0.5435 0.0000
1.0000 0.0000 0.0172 0.0000 0.0000 0.0000
1.0000 0.6585 0.0000 0.3962 0.0000 0.0000
1.0000 0.9811 0.0000 0.7174 0.0000 0.0000
1.0000 0.2931 0.0000 0.0000 0.0000 0.0000
1.0000 0.9149 0.0000 0.0000 0.0870 0.0000
1.0000 0.6222 0.4400 0.0189 0.0000 0.0000
1.0000 0.4286 0.0000 0.0652 0.0000 0.0000
1.0000 0.2340 0.0000 0.0000 0.0417 0.0000
0.9643 0.2927 0.0000 0.0000 0.0000 0.0000
1.0000 0.9592 0.0943 0.1064 0.0303 0.0000
1.0000 0.0426 0.0000 0.0000 0.0000 0.0000
1.0000 0.0638 0.0000 0.0000 0.0000 0.0000
0.9615 0.0882 0.0333 0.0000 0.0820 0.0000
1.0000 0.8200 0.0000 0.4634 0.0000 0.0000
1.0000 0.8852 0.1951 0.0000 0.0000 0.0000
1.0000 0.6739 0.0000 0.0169 0.4600 0.0000
1.0000 0.7959 0.1000 0.0000 0.0000 0.0000
0.9592 0.7273 0.0000 0.0154 0.0000 0.0000
1.0000 0.0000 0.0625 0.0000 0.0000 0.0000
1.0000 0.5385 0.5000 0.0000 0.0000 0.0000
1.0000 0.8085 0.0000 0.0392 0.0000 0.0000
0.9792 0.0000 0.0000 0.0217 0.0000 0.0000
0.9841 0.6780 0.0000 0.0000 0.0000 0.0000
1.0000 0.9848 0.1304 0.0000 0.0000 0.0000
1.0000 0.2609 0.0196 0.6809 0.0000 0.0000
1.0000 0.9149 0.0000 0.3750 0.0000 0.0000
0.9808 0.0000 0.0000 0.0000 0.0000 0.0000
1.0000 0.4390 0.6316 0.0000 0.0270 0.0000
0.8958 0.3333 0.0000 0.0714 0.0000 0.0000
0.9800 0.9796 0.0000 0.5814 0.0000 0.0000
1.0000 0.0161 0.0000 0.0000 0.0000 0.0000
1.0000 0.8654 0.0000 0.0000 0.0222 0.0000
1.0000 0.0000 0.0172 0.0364 0.0000 0.0000
0.9811 0.6333 0.5682 0.0161 0.0000 0.0000
1.0000 0.7925 0.0000 0.0000 0.5818 0.0000
1.0000 0.5000 0.0816 0.0000 0.0256 0.0000
1.0000 0.7547 0.0000 0.0000 0.1500 0.0000
1.0000 0.0200 0.0000 0.0333 0.0000 0.0000
1.0000 0.4286 0.0000 0.3404 0.0000 0.0000
1.0000 0.1111 0.2931 0.0000 0.0000 0.0000
0.9783 0.7400 0.0000 0.1702 0.0000 0.0000
0.8958 0.0000 0.1020 0.0000 0.0000 0.0000
1.0000 0.7179 0.0000 0.0000 0.5294 0.0000
0.9444 0.6735 0.0833 0.0000 0.0000 0.0000
1.0000 0.9038 0.0682 0.4783 0.0000 0.0000
1.0000 0.7561 0.2667 0.0784 0.0000 0.0000
1.0000 0.9808 0.0000 0.0000 0.1702 0.0000
1.0000 0.0000 0.0000 0.0000 0.0000 0.0000
1.0000 0.0000 0.0000 0.1458 0.0000 0.0000
1.0000 1.0000 0.1552 0.0000 0.0000 0.0000
1.0000 0.0000 0.0227 0.0400 0.0000 0.0000
1.0000 0.7174 0.0556 0.0000 0.6032 0.0000
1.0000 0.2800 0.0000 0.0870 0.0000 0.0000
1.0000 0.9167 0.5814 0.0000 0.0000 0.0000
1.0000 0.5714 0.3585 0.0800 0.1400 0.0000
1.0000 0.1698 0.2687 0.0370 0.0000 0.0000
1.0000 0.8085 0.0000 0.0364 0.0417 0.0000
1.0000 0.9565 0.0645 0.0000 0.5741 0.0000
1.0000 0.3721 0.0000 0.0364 0.0000 0.0000
1.0000 0.4314 0.0000 0.0000 0.0000 0.0000
0.9655 0.6111 0.0000 0.0000 0.8621 0.0000
1.0000 0.8077 0.0000 0.0741 0.0000 0.0000
1.0000 0.0000 0.0000 0.0000 0.0000 0.0000
1.0000 0.0980 0.0000 0.0000 0.0167 0.0000
1.0000 0.0217 0.0000 0.0000 0.0328 0.0000
1.0000 0.7174 0.0185 0.0000 0.3019 0.0000
1.0000 0.9130 0.0000 0.0000 0.1695 0.0000
1.0000 0.7800 0.0000 0.0000 0.0000 0.0000
1.0000 0.7759 0.0000 0.1333 0.2683 0.0000
1.0000 0.8846 0.0000 0.6275 0.0317 0.0000
1.0000 0.7037 0.5102 0.0638 0.0000 0.0000
1.0000 0.6000 0.0000 0.2903 0.0217 0.0000
0.9787 0.1224 0.0000 0.0000 0.0678 0.0000
1.0000 0.8974 0.0000 0.0222 0.0000 0.0000
1.0000 0.6905 0.0000 0.0000 0.3922 0.0000
1.0000 0.3415 0.0000 0.0000 0.0000 0.0000
1.0000 0.8611 0.0000 0.3404 0.0000 0.0000
1.0000 0.0000 0.0000 0.0000 0.0000 0.0000
1.0000 0.4468 0.0000 0.0000 0.0000 0.0000
0.9615 0.0000 0.0000 0.0000 0.0233 0.0000
0.9821 0.6122 0.0164 0.0000 0.2955 0.0000
1.0000 0.4186 0.0000 0.0000 0.0000 0.0000
1.0000 0.4694 0.0000 0.0000 0.0000 0.0000
1.0000 0.9459 0.0000 0.0000 0.4821 0.0000
1.0000 0.6818 0.0000 0.0000 0.5882 0.0000
1.0000 0.3621 0.0000 0.1064 0.0159 0.0000
1.0000 0.6531 0.0656 0.4857 0.0185 0.0000
1.0000 0.7255 0.2931 0.0000 0.0000 0.0000
1.0000 0.8545 0.4359 0.0000 0.0000 0.0000
1.0000 0.4038 0.0000 0.0152 0.2400 0.0000
0.8704 0.6500 0.0000 0.5263 0.0476 0.0000
1.0000 0.6667 0.0345 0.3684 0.0000 0.0000
1.0000 0.4222 0.0000 0.0714 0.0000 0.0000
0.9773 0.8182 0.4426 0.0370 0.0000 0.0000
1.0000 0.5439 0.0000 0.0000 0.0000 0.0000
0.9487 0.0217 0.0000 0.1020 0.0000 0.0000
1.0000 0.2182 0.0000 0.0364 0.0000 0.0000
1.0000 0.8846 0.0000 0.7111 0.0000 0.0000
1.0000 0.5217 0.0000 0.0000 0.0000 0.0000
1.0000 0.0943 0.0000 0.0000 0.0333 0.0000
1.0000 0.3443 0.3455 0.0444 0.0179 0.0000
0.9600 0.6889 0.1800 0.0000 0.0408 0.0000
1.0000 0.8980 0.0000 0.4898 0.0000 0.0000
1.0000 0.0000 0.0000 0.0000 0.0000 0.0000
1.0000 0.6724 0.0000 0.0000 0.3571 0.0000
1.0000 0.0000 0.0000 0.0000 0.0000 0.0000
0.9455 0.9216 0.2449 0.0208 0.0000 0.0000
1.0000 0.2400 0.0000 0.0000 0.1522 0.0000
1.0000 0.7333 0.3333 0.0152 0.0000 0.0000
1.0000 0.9362 0.0000 0.0000 0.0000 0.0000
1.0000 0.0000 0.0000 0.0000 0.0000 0.0000
1.0000 0.5435 0.1429 0.0000 0.0811 0.0000
0.9615 0.3103 0.0536 0.0000 0.0000 0.0000
1.0000 0.9821 0.0000 0.4884 0.0000 0.0000
1.0000 0.8611 0.0000 0.0000 0.0000 0.0000
0.8929 0.0513 0.0000 0.0000 0.0000 0.0000
1.0000 0.8627 0.4906 0.0000 0.0233 0.0000
1.0000 0.3519 0.2917 0.0000 0.0196 0.0000
0.9821 0.5179 0.0000 0.0000 0.4545 0.0000
1.0000 0.9375 0.3778 0.0000 0.0000 0.0000
1.0000 0.6327 0.0000 0.0385 0.7759 0.0000
1.0000 0.0000 0.0217 0.0000 0.0000 0.0000
1.0000 0.8909 0.0392 0.0000 0.1224 0.0000
1.0000 0.6111 0.0357 0.0455 0.0909 0.0000
1.0000 0.0000 0.0370 0.0000 0.0000 0.0000
0.9778 0.0328 0.0204 0.0000 0.0000 0.0000
1.0000 0.7059 0.0000 0.0000 0.2381 0.0000
1.0000 0.0000 0.0000 0.0000 0.0000 0.0000
1.0000 0.0000 0.0000 0.0000 0.0000 0.0000
1.0000 0.0000 0.0000 0.0000 0.0339 0.0000
1.0000 0.4364 0.0000 0.0312 0.0000 0.0000
1.0000 0.3750 0.0000 0.0000 0.0000 0.0000
1.0000 0.3636 0.2115 0.0000 0.0000 0.0000
0.9744 0.7627 0.0000 0.7091 0.0000 0.0000
1.0000 0.8491 0.0536 0.0000 0.0000 0.0000
1.0000 0.8919 0.6250 0.0000 0.0351 0.0000
1.0000 0.9500 0.0000 0.0930 0.0000 0.0000
1.0000 0.5098 0.0000 0.0000 0.2241 0.0000
1.0000 0.0000 0.0000 0.0000 0.0000 0.0000
0.9423 0.7708 0.0217 0.0175 0.5581 0.0000
1.0000 0.3415 0.0000 0.0317 0.4894 0.0000
1.0000 0.9016 0.0000 0.0213 0.0000 0.0000
0.9783 0.5000 0.0182 0.6230 0.0000 0.0000
1.0000 0.0169 0.0000 0.0000 0.0000 0.0000
1.0000 0.7966 0.0192 0.1569 0.0000 0.0000
1.0000 0.7500 0.0000 0.0000 0.7308 0.0000
1.0000 0.6296 0.0455 0.0000 0.0000 0.0000
1.0000 0.0000 0.0000 0.0000 0.0189 0.0000
1.0000 0.0000 0.0588 0.0000 0.0000 0.0000
1.0000 0.0385 0.0000 0.0000 0.0000 0.0000
0.9623 0.3898 0.5000 0.0000 0.0000 0.0000
1.0000 0.4186 0.1304 0.0000 0.0000 0.0000
1.0000 0.2632 0.2745 0.0000 0.0000 0.0000
1.0000 0.1132 0.1667 0.0000 0.0000 0.0000
0.9808 0.2264 0.0851 0.0000 0.0167 0.0000
0.8571 0.3696 0.4394 0.0000 0.0000 0.0000
1.0000 0.9184 0.0000 0.7544 0.0000 0.0000
1.0000 0.9048 0.1667 0.0167 0.0000 0.0000
1.0000 0.2807 0.2157 0.0625 0.0000 0.0000
1.0000 0.3922 0.0000 0.0526 0.0000 0.0000
1.0000 0.0000 0.0000 0.0000 0.0000 0.0000
1.0000 0.0328 0.0000 0.0417 0.0000 0.0000
1.0000 0.9375 0.2000 0.0000 0.0000 0.0000
1.0000 0.8361 0.0000 0.0000 0.0185 0.0000
1.0000 0.0000 0.0000 0.0000 0.0000 0.0000
1.0000 0.0000 0.0000 0.0000 0.0000 0.0000
0.9000 0.8333 0.0000 0.3023 0.0000 0.0000
1.0000 0.1429 0.0000 0.0000 0.1429 0.0000
1.0000 0.0943 0.0000 0.0769 0.0400 0.0000
1.0000 0.0208 0.0217 0.0000 0.0000 0.0000
1.0000 0.3529 0.1190 0.0800 0.0000 0.0000
1.0000 0.5357 0.0000 0.0000 0.0000 0.0000
1.0000 0.0000 0.0000 0.0000 0.0000 0.0000
1.0000 0.8750 0.1607 0.5556 0.0000 0.0000
1.0000 0.5000 0.1852 0.0000 0.0000 0.0000
1.0000 0.0000 0.0000 0.0000 0.0000 0.0000
1.0000 0.9808 0.7636 0.0179 0.0000 0.0000
1.0000 0.5526 0.0000 0.0000 0.3171 0.0000
1.0000 0.7460 0.5208 0.0000 0.0000 0.0000
0.9836 0.8696 0.0000 0.4545 0.0000 0.0000
1.0000 0.5745 0.0435 0.0702 0.0000 0.0000
1.0000 1.0000 0.6604 0.0000 0.0811 0.0000
1.0000 0.8571 0.0351 0.0000 0.0303 0.0000
1.0000 0.2264 0.1951 0.0000 0.0000 0.0000
1.0000 0.6809 0.0000 0.0192 0.0000 0.0000
1.0000 0.0000 0.0000 0.0000 0.0000 0.0000
1.0000 0.9762 0.0000 0.0000 0.7292 0.0000
1.0000 0.0000 0.0000 0.0000 0.0889 0.0000
1.0000 0.0000 0.0000 0.0000 0.0000 0.0000
1.0000 0.8478 0.0000 0.0182 0.4364 0.0000
1.0000 0.6600 0.0000 0.4000 0.0000 0.0000
0.9649 0.0000 0.0000 0.0000 0.0000 0.0000
1.0000 0.5593 0.0000 0.0000 0.3968 0.0000
1.0000 0.9070 0.0000 0.0303 0.0690 0.0000
1.0000 0.3261 0.3673 0.0000 0.0000 0.0000
0.9800 0.5254 0.0000 0.0000 0.0000 0.0000
1.0000 0.9821 0.0000 0.0000 0.3721 0.0000
1.0000 0.6739 0.0000 0.0566 0.5476 0.0000
1.0000 0.8864 0.3621 0.1818 0.0000 0.0000
1.0000 0.1111 0.0000 0.0000 0.0000 0.0000
1.0000 0.9130 0.0000 0.0000 0.0536 0.0000
1.0000 0.0000 0.0000 0.0000 0.0625 0.0000
1.0000 0.5714 0.0000 0.0000 0.0000 0.0000
1.0000 0.4844 0.0000 0.0444 0.0000 0.0000
1.0000 0.0185 0.0000 0.0000 0.0000 0.0000
1.0000 0.4528 0.2703 0.0000 0.0000 0.0000
0.9615 0.4681 0.0200 0.0000 0.0263 0.0000
0.9000 0.0000 0.0000 0.0000 0.0000 0.0000
1.0000 0.3182 0.0465 0.0000 0.0339 0.0000
1.0000 0.0732 0.1481 0.0000 0.0000 0.0000
1.0000 0.0000 0.0000 0.0000 0.0000 0.0000
0.9623 0.6923 0.0217 0.0000 0.0690 0.0000
1.0000 0.7600 0.0000 0.0159 0.0000 0.0000
1.0000 0.9459 0.0769 0.0000 0.0000 0.0000
1.0000 0.0000 0.0000 0.0286 0.0000 0.0000
1.0000 0.8182 0.0000 0.0000 0.2045 0.0000
1.0000 0.8571 0.0000 0.0000 0.3333 0.0000
1.0000 0.0000 0.0000 0.0000 0.0000 0.0000
0.9811 0.1304 0.0364 0.0000 0.0000 0.0000
1.0000 0.0000 0.0000 0.0000 0.0000 0.0000
1.0000 0.6833 0.0000 0.0678 0.0000 0.0000
1.0000 0.8519 0.7377 0.0682 0.0000 0.0000
1.0000 0.3243 0.0000 0.0000 0.6047 0.0000
1.0000 0.7143 0.0156 0.0000 0.8846 0.0000
1.0000 0.9298 0.0000 0.0000 0.2653 0.0000
1.0000 0.6038 0.0000 0.0652 0.0408 0.0000
1.0000 0.6429 0.0000 0.3409 0.0000 0.0000
1.0000 0.8519 0.0000 0.6939 0.0000 0.0000
1.0000 0.2131 0.0000 0.2063 0.0000 0.0000
1.0000 0.0000 0.0000 0.0000 0.0000 0.0000
1.0000 0.3636 0.0204 0.0000 0.0000 0.0000
1.0000 0.6250 0.0000 0.0000 0.0000 0.0000
1.0000 0.9574 0.0000 0.0000 0.0000 0.0000
1.0000 0.5686 0.0250 0.0000 0.0000 0.0000
0.9318 0.0000 0.0000 0.0339 0.0000 0.0000
1.0000 0.6852 0.0000 0.2703 0.0612 0.0000
1.0000 0.0000 0.0000 0.0000 0.0000 0.0000
1.0000 0.9057 0.6271 0.0000 0.0000 0.0000
0.9836 0.5227 0.0000 0.0000 0.3061 0.0000
1.0000 0.6792 0.0000 0.0256 0.0000 0.0000
1.0000 1.0000 0.0000 0.0000 0.5000 0.0000
1.0000 0.0000 0.0185 0.0566 0.0000 0.0000
1.0000 0.5577 0.0172 0.0000 0.0000 0.0000
1.0000 0.8085 0.0000 0.5577 0.0556 0.0000
0.9787 0.1702 0.0392 0.1045 0.0000 0.0000
1.0000 0.4773 0.0000 0.0000 0.0000 0.0000
1.0000 0.8475 0.0000 0.4375 0.0213 0.0000
1.0000 0.4528 0.0000 0.0000 0.2093 0.0000
0.8929 0.2500 0.0204 0.0000 0.2453 0.0000
1.0000 0.0000 0.0000 0.0000 0.0000 0.0000
1.0000 0.0000 0.0000 0.1154 0.0000 0.0000
0.8654 0.2830 0.0000 0.0351 0.0000 0.0000
1.0000 0.9483 0.4118 0.0000 0.0000 0.0000
1.0000 0.0000 0.0000 0.0000 0.0000 0.0000
1.0000 0.0000 0.0351 0.1020 0.0000 0.0000
1.0000 0.8000 0.0000 0.0000 0.0000 0.0000
1.0000 0.5862 0.0227 0.6250 0.0000 0.0000
1.0000 0.5745 0.0000 0.0000 0.3095 0.0000
1.0000 0.7119 0.0000 0.0227 0.5349 0.0000
1.0000 0.3636 0.0000 0.0000 0.0000 0.0000
1.0000 0.1346 0.2963 0.0000 0.0000 0.0000
1.0000 0.0000 0.0000 0.0000 0.0000 0.0000
1.0000 0.2444 0.0000 0.0000 0.0000 0.0000
1.0000 0.0000 0.0000 0.0196 0.0000 0.0000
1.0000 0.0000 0.0000 0.0000 0.0000 0.0000
1.0000 0.5333 0.0667 0.0000 0.0169 0.0000
1.0000 0.3958 0.0000 0.0000 0.1250 0.0000
1.0000 0.8871 0.0000 0.7451 0.0000 0.0000
0.9756 0.4667 0.2174 0.0000 0.0351 0.0000
1.0000 1.0000 0.0000 0.0476 0.7857 0.0000
1.0000 0.0465 0.0000 0.0227 0.0000 0.0000
1.0000 0.6522 0.0000 0.0000 0.0000 0.0000
1.0000 0.8043 0.0000 0.0000 0.2500 0.0000
0.9778 0.0000 0.0000 0.0159 0.1000 0.0000
1.0000 0.0000 0.0000 0.0000 0.0000 0.0000
1.0000 1.0000 0.3200 0.0000 0.0000 0.0000
1.0000 0.5357 0.0465 0.1957 0.0000 0.0000
0.9592 0.3902 0.1064 0.0000 0.0000 0.0000
1.0000 0.7963 0.0000 0.0000 0.0000 0.0000
1.0000 0.6552 0.0000 0.0000 0.0000 0.0000
1.0000 0.8095 0.1154 0.0408 0.0000 0.0000
1.0000 0.0189 0.0000 0.0000 0.0000 0.0000
1.0000 0.2500 0.1034 0.0152 0.0000 0.0000
0.9796 0.0652 0.0000 0.0952 0.0000 0.0000
0.9778 0.6545 0.0000 0.0000 0.0000 0.0000
1.0000 0.0000 0.0000 0.0000 0.0000 0.0000
1.0000 0.5333 0.0755 0.0000 0.0000 0.0000
1.0000 0.0000 0.0000 0.0000 0.0233 0.0000
1.0000 0.8750 0.0000 0.1552 0.0169 0.0000
1.0000 0.7636 0.0000 0.3265 0.0000 0.0000
0.9808 0.0000 0.0000 0.0000 0.0185 0.0000
1.0000 0.6923 0.0000 0.0000 0.0000 0.0000
1.0000 0.9091 0.0833 0.0000 0.0000 0.0000
1.0000 0.3947 0.0000 0.4043 0.0000 0.0000
1.0000 0.1558 0.0000 0.0426 0.0000 0.0000
1.0000 0.0000 0.0000 0.0000 0.0000 0.0000
1.0000 0.9756 0.0000 0.0000 0.0000 0.0000
1.0000 0.4884 0.0000 0.4068 0.0000 0.0000
1.0000 0.0435 0.0000 0.0000 0.0000 0.0000
0.7833 0.0000 0.0000 0.0000 0.0000 0.0000
1.0000 0.4898 0.2105 0.0000 0.0000 0.0000
1.0000 0.5660 0.0000 0.0517 0.3095 0.0000
1.0000 0.5962 0.0208 0.0000 0.0517 0.0000
1.0000 0.2683 0.0000 0.0000 0.0213 0.0000
1.0000 0.7143 0.0000 0.2000 0.0000 0.0000
1.0000 0.8596 0.5789 0.0000 0.0000 0.0000
1.0000 0.6964 0.0000 0.0000 0.0000 0.0000
1.0000 0.0000 0.0000 0.0217 0.0000 0.0000
0.9310 0.0000 0.0000 0.0000 0.0476 0.0000
0.9804 0.9149 0.0000 0.0000 0.6774 0.0000
1.0000 0.3590 0.0000 0.0000 0.0455 0.0000
0.8400 0.8667 0.0000 0.0000 0.0678 0.0000
1.0000 1.0000 0.6250 0.0000 0.0000 0.0000
1.0000 0.6296 0.0000 0.0000 0.2143 0.0000
1.0000 0.0196 0.0000 0.0000 0.0000 0.0000
1.0000 0.6200 0.0789 0.0000 0.0000 0.0000
1.0000 0.0816 0.0000 0.0000 0.0000 0.0000
1.0000 0.5636 0.0204 0.0000 0.0000 0.0000
1.0000 0.7436 0.0000 0.0200 0.0000 0.0000
1.0000 0.3061 0.0000 0.0000 0.0000 0.0000
0.9796 0.6029 0.1951 0.0000 0.0000 0.0000
1.0000 0.0000 0.0000 0.1091 0.0000 0.0000
1.0000 1.0000 0.3265 0.0000 0.0000 0.0000
1.0000 0.3404 0.0536 0.0175 0.0476 0.0000
1.0000 0.0000 0.0000 0.0000 0.0000 0.0000
1.0000 0.7556 0.2642 0.0217 0.0000 0.0000
1.0000 0.8929 0.0000 0.0000 0.4800 0.0000
0.9787 0.0000 0.0000 0.0182 0.0213 0.0000
1.0000 0.1915 0.1522 0.0000 0.0000 0.0000
0.9821 0.0000 0.0000 0.0000 0.0000 0.0000
0.9583 0.0377 0.0189 0.0172 0.0000 0.0000
1.0000 0.0000 0.0000 0.0000 0.0294 0.0000
1.0000 0.1818 0.0000 0.0213 0.0000 0.0000
0.9756 0.7797 0.0000 0.0566 0.3818 0.0000
1.0000 0.3750 0.1154 0.0217 0.0000 0.0000
0.9048 0.8125 0.0000 0.0000 0.0000 0.0000
0.6538 0.1333 0.0000 0.0000 0.0877 0.0000
1.0000 1.0000 0.0000 0.4655 0.0000 0.0000
1.0000 0.0938 0.0000 0.0000 0.0638 0.0000
1.0000 0.6610 0.0000 0.0000 0.0189 0.0000
0.9400 0.6957 0.0000 0.0000 0.0000 0.0000
0.9737 0.6957 0.0000 0.0175 0.0870 0.0000
0.9839 0.8409 0.0000 0.0000 0.0000 0.0000
1.0000 0.0923 0.0000 0.0000 0.0000 0.0000
1.0000 0.5938 0.0000 0.2143 0.0000 0.0000
0.8571 0.1087 0.0000 0.0000 0.0000 0.0000
1.0000 0.3559 0.0000 0.0000 0.0000 0.0000
1.0000 0.6383 0.0000 0.0000 0.0851 0.0000
1.0000 0.0238 0.0000 0.0213 0.0000 0.0000
1.0000 0.0000 0.0000 0.0000 0.0000 0.0000
1.0000 0.8958 0.0000 0.0000 0.4565 0.0000
1.0000 1.0000 0.0000 0.0196 0.2264 0.0000
