55 52 55 51 52 44 41 52 52 51 59 43 43 41 46 0
60 42 37 46 58 47 70 61 56 71 49 56 49 64 56 0
66 49 48 49 44 54 54 57 60 44 60 49 46 49 44 0
45 48 52 39 58 58 41 57 48 42 47 60 61 43 67 0
43 45 54 54 55 42 42 60 41 43 49 49 55 47 52 0
55 49 45 45 57 53 54 39 49 52 46 57 43 51 53 0
56 48 47 35 54 45 45 48 46 41 48 43 61 56 62 0
53 50 47 40 57 41 46 48 45 52 55 52 47 52 55 0
53 58 55 45 51 40 54 42 45 50 50 48 45 52 51 0
59 53 50 69 36 49 44 36 56 55 38 40 56 37 35 0
50 52 50 52 52 55 49 41 40 40 47 45 40 45 52 0
48 48 41 46 52 51 43 47 40 51 61 48 46 54 49 0
56 54 51 55 49 57 48 56 58 58 51 44 45 52 43 0
51 61 50 65 56 49 59 61 51 50 63 61 41 41 62 0
59 46 47 47 53 35 54 41 47 43 52 52 50 53 43 0
51 47 63 51 57 52 48 46 53 46 52 53 49 60 57 0
39 59 52 53 52 52 50 66 67 46 54 54 56 52 36 0
47 51 59 51 62 40 47 53 57 54 50 52 53 57 55 0
37 57 57 44 46 50 59 54 34 52 45 50 38 50 43 0
45 58 56 54 45 51 48 46 58 59 62 48 46 51 50 0
63 52 60 49 56 50 55 58 49 42 52 41 45 46 42 0
44 52 45 51 57 48 48 51 53 51 48 43 43 57 49 0
50 44 48 51 48 49 68 49 54 36 46 50 40 47 46 0
51 61 57 39 44 51 51 51 54 36 52 56 44 59 58 0
52 52 49 56 49 54 53 58 45 42 50 48 52 48 59 0
53 48 62 56 43 56 67 61 59 43 48 36 58 56 55 0
48 58 54 53 51 55 58 43 47 51 41 60 51 42 42 0
51 65 53 56 40 52 44 55 42 44 54 57 43 44 50 0
46 50 48 44 62 38 50 45 41 52 48 58 40 45 49 0
43 56 51 32 47 56 40 40 46 66 44 48 52 54 60 0
64 47 45 48 42 46 41 46 60 51 52 42 37 42 51 0
49 50 42 43 72 56 60 47 54 51 46 59 40 54 50 0
42 58 71 44 40 40 55 52 56 49 40 59 58 48 45 0
49 51 49 56 53 53 58 63 55 47 42 59 47 51 40 0
55 47 44 43 50 42 57 61 56 52 54 44 45 57 41 0
38 43 52 56 45 62 50 44 43 57 53 70 53 53 58 0
54 64 51 53 47 54 50 47 45 51 64 66 49 53 56 0
58 58 57 43 56 48 53 53 49 46 54 43 44 47 42 0
49 50 31 48 49 47 48 44 47 58 49 54 51 53 44 0
51 47 59 53 49 45 38 60 53 51 45 43 51 46 55 0
54 47 59 39 49 47 61 49 45 55 50 37 41 41 52 0
50 56 54 53 46 49 35 50 41 52 41 45 50 46 49 0
55 49 57 45 41 45 41 45 48 46 55 54 54 58 48 0
51 50 54 58 54 36 56 41 50 57 67 51 57 73 53 0
44 43 42 51 52 39 51 47 38 42 52 54 44 59 59 0
65 49 49 54 44 54 38 46 50 55 61 51 53 48 40 0
46 48 54 46 42 45 59 41 51 43 46 51 54 42 56 0
41 54 48 51 48 41 64 59 45 58 48 57 49 51 53 0
41 51 49 55 55 49 45 50 52 55 59 53 37 57 50 0
48 49 47 45 55 55 46 49 49 60 47 56 43 60 54 0
