55 9 0 0 0 0 0 0 6 0 0 0 0 0 0 0
60 29 16 27 4 0 0 0 0 0 0 0 0 0 1 0
66 0 8 0 0 39 0 36 1 0 16 0 0 0 0 0
44 1 0 0 0 50 3 1 0 0 0 15 13 0 0 0
43 29 18 4 0 3 0 6 0 0 0 0 2 1 0 0
54 0 0 1 0 34 38 0 0 0 0 0 0 0 23 0
56 23 1 0 0 0 0 0 0 1 1 0 0 25 4 0
53 0 0 0 0 37 18 3 6 15 0 0 0 0 1 0
53 0 9 4 1 30 23 0 1 1 5 29 0 0 0 0
59 44 1 1 0 0 2 0 0 0 0 0 0 4 0 0
50 2 4 0 0 32 0 0 1 0 0 0 0 0 0 0
48 0 0 0 2 47 11 0 0 0 0 10 17 0 0 0
55 0 0 0 5 4 0 0 0 0 6 0 0 0 0 0
45 41 17 1 1 0 0 0 0 0 0 0 14 0 4 0
59 4 3 0 0 25 27 1 2 0 0 0 0 0 13 0
51 0 0 0 2 51 2 0 4 0 0 0 0 0 0 0
39 0 4 0 0 4 1 0 0 0 0 0 0 0 1 0
47 0 0 0 0 36 2 0 0 0 0 2 4 1 0 0
37 1 0 0 0 39 9 3 7 0 0 0 0 0 0 0
45 0 0 0 0 48 21 0 0 0 0 7 3 0 0 0
63 47 42 19 17 0 0 0 0 0 5 0 0 0 0 0
44 0 1 2 1 10 0 14 0 0 0 2 0 0 0 0
50 33 0 1 0 8 0 7 0 0 0 0 0 8 0 0
51 0 0 0 0 38 0 0 4 2 0 0 0 0 0 0
52 0 0 0 0 20 0 0 1 0 0 0 0 0 0 0
53 0 0 0 0 40 13 0 15 0 0 0 2 0 1 0
48 0 0 0 3 55 16 0 5 5 0 0 0 0 0 0
51 0 0 0 0 49 4 0 1 0 0 35 0 0 0 0
46 5 0 0 0 35 19 0 0 0 0 12 6 0 0 0
43 33 0 1 0 0 0 0 0 0 0 6 0 33 0 0
64 0 0 0 3 28 0 14 0 0 0 0 0 0 0 0
49 1 0 0 0 51 35 0 0 0 0 18 6 0 0 0
42 36 36 22 0 0 1 1 0 0 0 1 0 0 0 0
45 1 0 0 0 50 7 0 0 0 0 8 0 0 0 0
55 46 0 0 0 0 1 1 3 0 0 0 1 17 0 0
38 0 1 1 0 42 20 0 0 0 0 0 0 0 8 0
54 43 28 10 9 0 1 0 0 0 0 0 0 2 2 0
55 0 0 0 0 27 29 1 6 12 1 0 0 0 0 0
49 0 0 0 0 40 13 0 0 1 0 0 0 2 2 0
50 1 0 0 0 5 0 0 0 0 0 0 0 0 0 0
54 0 0 0 2 25 0 17 0 0 0 2 0 0 0 0
50 0 0 0 0 48 1 1 9 0 0 1 7 1 0 0
55 9 9 0 0 0 0 0 1 4 1 0 0 0 3 0
45 0 0 0 0 26 23 1 0 1 1 6 0 0 0 0
44 0 0 0 0 25 29 0 0 2 1 0 0 0 26 0
62 29 0 0 0 0 1 0 0 0 1 0 0 0 0 0
46 0 0 0 0 13 1 0 1 0 1 0 12 2 0 0
41 0 0 0 1 8 1 7 2 9 0 0 0 0 0 0
41 34 22 1 0 0 0 0 0 4 0 0 0 0 0 0
48 37 0 0 5 0 0 0 0 0 0 0 0 0 1 0
