#chr	position	description	Normal	cell1	cell2	cell3	cell4	cell5	cell6	cell7	cell8	cell9	cell10	cell11	cell12	cell13	cell14	cell15	cell16	cell17	cell18	cell19	cell20	cell21	cell22	cell23	cell24	cell25	cell26	cell27	cell28	cell29	cell30	cell31	cell32	cell33	cell34	cell35	cell36	cell37	cell38	cell39	cell40	cell41	cell42	cell43	cell44	cell45	cell46	cell47	cell48	cell49	cell50
1	1	1	0.0	1.0	1.0	1.0	0.9777777777777777	1.0	0.9818181818181818	1.0	1.0	1.0	1.0	1.0	1.0	0.9821428571428571	0.8823529411764706	1.0	1.0	1.0	1.0	1.0	1.0	1.0	1.0	1.0	1.0	1.0	1.0	1.0	1.0	1.0	1.0	1.0	1.0	1.0	0.9183673469387755	1.0	1.0	1.0	0.9482758620689655	1.0	0.9803921568627451	1.0	1.0	1.0	0.8823529411764706	1.0	0.9538461538461539	1.0	1.0	1.0	1.0
2	2	2	0.0	0.17307692307692307	0.6904761904761905	0.0	0.020833333333333332	0.6444444444444445	0.0	0.4791666666666667	0.0	0.0	0.8301886792452831	0.038461538461538464	0.0	0.0	0.6721311475409836	0.08695652173913043	0.0	0.0	0.0	0.017543859649122806	0.0	0.9038461538461539	0.0	0.75	0.0	0.0	0.0	0.0	0.0	0.1	0.5892857142857143	0.0	0.02	0.6206896551724138	0.0196078431372549	0.9787234042553191	0.0	0.671875	0.0	0.0	0.02127659574468085	0.0	0.0	0.1836734693877551	0.0	0.0	0.5918367346938775	0.0	0.0	0.6666666666666666	0.7551020408163265
3	3	3	0.0	0.0	0.43243243243243246	0.16666666666666666	0.0	0.3333333333333333	0.0	0.02127659574468085	0.0	0.16363636363636364	0.02	0.08	0.0	0.0	0.34	0.06382978723404255	0.0	0.07692307692307693	0.0	0.0	0.0	0.7	0.022222222222222223	0.0	0.0	0.0	0.0	0.0	0.0	0.0	0.0	0.0	0.0	0.5070422535211268	0.0	0.0	0.019230769230769232	0.5490196078431373	0.0	0.0	0.0	0.0	0.0	0.15789473684210525	0.0	0.0	0.0	0.0	0.0	0.4489795918367347	0.0
4	4	4	0.0	0.0	0.5869565217391305	0.0	0.0	0.07407407407407407	0.022222222222222223	0.0	0.0	0.08888888888888889	0.014492753623188406	0.0	0.0	0.0	0.015384615384615385	0.0	0.0	0.0	0.0	0.0	0.0	0.3877551020408163	0.0392156862745098	0.0196078431372549	0.0	0.0	0.0	0.0	0.0	0.0	0.03125	0.0	0.0	0.5	0.0	0.0	0.017857142857142856	0.18867924528301888	0.0	0.0	0.0	0.0	0.0	0.0	0.0	0.0	0.0	0.0	0.0	0.01818181818181818	0.0
5	5	5	0.0	0.0	0.06896551724137931	0.0	0.0	0.0	0.0	0.0	0.0	0.0196078431372549	0.0	0.0	0.038461538461538464	0.10204081632653061	0.017857142857142856	0.0	0.03508771929824561	0.0	0.0	0.0	0.0	0.30357142857142855	0.017543859649122806	0.0	0.0	0.0	0.0	0.058823529411764705	0.0	0.0	0.0	0.07142857142857142	0.0	0.0	0.0	0.0	0.0	0.19148936170212766	0.0	0.0	0.0	0.04081632653061224	0.0	0.0	0.0	0.0	0.0	0.0	0.020833333333333332	0.0	0.09090909090909091
6	6	6	0.0	0.0	0.0	0.7222222222222222	0.8620689655172413	0.07142857142857142	0.6415094339622641	0.0	0.9024390243902439	0.75	0.0	0.5818181818181818	0.9215686274509803	0.07017543859649122	0.0	0.7142857142857143	0.9807692307692307	0.07692307692307693	0.9	0.78	0.9411764705882353	0.0	0.20833333333333334	0.16326530612244897	0.7450980392156863	0.37037037037037035	0.7142857142857143	1.0	0.9423076923076923	0.9210526315789473	0.0	0.6086956521739131	0.9107142857142857	0.0	0.9433962264150944	0.0	0.6774193548387096	0.0	0.5625	0.851063829787234	0.1111111111111111	0.5319148936170213	0.9795918367346939	0.0	0.7222222222222222	0.6410256410256411	0.0	0.28888888888888886	0.1951219512195122	0.0	0.0
7	7	7	0.0	0.0	0.0	0.0	0.07317073170731707	0.0	0.7037037037037037	0.0	0.391304347826087	0.42592592592592593	0.045454545454545456	0.0	0.2558139534883721	0.0	0.0	0.5	0.041666666666666664	0.02	0.0425531914893617	0.15254237288135594	0.4375	0.0	0.0	0.0	0.0	0.0	0.19402985074626866	0.27586206896551724	0.09090909090909091	0.38	0.0	0.0	0.5833333333333334	0.01818181818181818	0.1206896551724138	0.017543859649122806	0.4	0.02	0.5471698113207547	0.2708333333333333	0.0	0.0	0.02857142857142857	0.0	0.4107142857142857	0.5686274509803921	0.02631578947368421	0.01694915254237288	0.015625	0.0	0.0
8	8	8	0.0	0.0	0.0	0.631578947368421	0.017543859649122806	0.1	0.0	0.0	0.0625	0.0	0.0	0.0	0.0	0.0	0.0	0.024390243902439025	0.0	0.0	0.0	0.05555555555555555	0.0	0.0	0.27450980392156865	0.14285714285714285	0.0	0.0	0.0	0.0	0.0	0.0	0.0	0.30434782608695654	0.0	0.019230769230769232	0.0	0.01639344262295082	0.0	0.0	0.018867924528301886	0.0	0.0	0.3469387755102041	0.02	0.0	0.024390243902439025	0.0	0.0	0.0	0.11864406779661017	0.0	0.0
9	9	9	0.0	0.11538461538461539	0.0	0.016666666666666666	0.0	0.0	0.0	0.0	0.13333333333333333	0.022222222222222223	0.0	0.025	0.0	0.0	0.0	0.0425531914893617	0.07547169811320754	0.0	0.0	0.20588235294117646	0.0	0.0	0.0	0.0	0.07407407407407407	0.022222222222222223	0.2542372881355932	0.10638297872340426	0.023809523809523808	0.0	0.0	0.0	0.0	0.0	0.0	0.05357142857142857	0.0	0.0	0.12244897959183673	0.0	0.0	0.0	0.21951219512195122	0.020833333333333332	0.0	0.0	0.0	0.0196078431372549	0.044444444444444446	0.0	0.0
10	10	10	0.0	0.0	0.0	0.0	0.0	0.0	0.0	0.024390243902439025	0.28846153846153844	0.02	0.0	0.0	0.0	0.0	0.0	0.0	0.0	0.0	0.0	0.0	0.0	0.0	0.0	0.0	0.05555555555555555	0.0	0.0	0.09803921568627451	0.0	0.0	0.0	0.0	0.0	0.0	0.0	0.0	0.0	0.0	0.2608695652173913	0.017241379310344827	0.0	0.0	0.0	0.08695652173913043	0.017543859649122806	0.047619047619047616	0.0	0.0	0.15517241379310345	0.07272727272727272	0.0
11	11	11	0.0	0.0	0.0	0.26666666666666666	0.0	0.0	0.0	0.020833333333333332	0.0	0.1	0.0	0.0	0.0	0.11764705882352941	0.0	0.0	0.0	0.0	0.0	0.0	0.0	0.09615384615384616	0.0	0.0	0.0	0.0	0.0	0.0	0.0	0.0	0.0	0.0	0.0	0.0	0.0	0.0	0.0	0.0	0.018518518518518517	0.0	0.0	0.0	0.0	0.01818181818181818	0.014925373134328358	0.019230769230769232	0.01639344262295082	0.021739130434782608	0.0	0.0	0.0
12	12	12	0.0	0.0	0.0	0.0	0.25	0.0	0.0	0.0	0.0	0.6041666666666666	0.0	0.0	0.20833333333333334	0.0	0.0	0.0	0.0	0.0	0.038461538461538464	0.0	0.14583333333333334	0.0	0.046511627906976744	0.0	0.0	0.0	0.0	0.0	0.6140350877192983	0.20689655172413793	0.125	0.0	0.3050847457627119	0.01694915254237288	0.13559322033898305	0.0	0.0	0.0	0.0	0.0	0.0	0.05405405405405406	0.022222222222222223	0.0	0.11764705882352941	0.0	0.0	0.0	0.0	0.0	0.0
13	13	13	0.0	0.0	0.0	0.0	0.21311475409836064	0.03636363636363636	0.0	0.0	0.0	0.0	0.0	0.0	0.3695652173913043	0.0	0.34146341463414637	0.0	0.0	0.0	0.07547169811320754	0.0	0.06521739130434782	0.0	0.0	0.0	0.0	0.0	0.034482758620689655	0.0	0.0	0.15	0.0	0.0	0.15	0.0	0.0	0.022222222222222223	0.0	0.0	0.0	0.0	0.0	0.0	0.14	0.0	0.0	0.0	0.0	0.2222222222222222	0.0	0.0	0.0
14	14	14	0.0	0.0	0.0	0.0	0.0	0.02127659574468085	0.0	0.44642857142857145	0.0	0.0	0.10810810810810811	0.0	0.0	0.0	0.0	0.0	0.0	0.0	0.017543859649122806	0.0	0.0	0.0	0.0	0.1702127659574468	0.0	0.0	0.0	0.0	0.0	0.0	0.6111111111111112	0.0	0.0	0.0	0.0	0.2982456140350877	0.0	0.03773584905660377	0.0	0.03773584905660377	0.0	0.0	0.021739130434782608	0.0	0.0	0.0	0.0	0.047619047619047616	0.0	0.0	0.0
15	15	15	0.0	0.0	0.017857142857142856	0.0	0.0	0.0	0.4339622641509434	0.06451612903225806	0.01818181818181818	0.0	0.0	0.0	0.0	0.0	0.06451612903225806	0.3023255813953488	0.0	0.027777777777777776	0.0	0.0	0.0	0.0	0.0	0.0	0.0	0.0	0.01818181818181818	0.0	0.0	0.0	0.0	0.0	0.0	0.0	0.0	0.0	0.13793103448275862	0.03571428571428571	0.0	0.045454545454545456	0.0	0.0	0.0	0.0625	0.0	0.4406779661016949	0.0	0.0	0.0	0.0	0.018518518518518517
