1.0000 0.1731 0.0000 0.0000 0.0000 0.0000 0.0000 0.0000 0.1154 0.0000 0.0000 0.0000 0.0000 0.0000 0.0000 0.0000
1.0000 0.6905 0.4324 0.5870 0.0690 0.0000 0.0000 0.0000 0.0000 0.0000 0.0000 0.0000 0.0000 0.0000 0.0179 0.0000
1.0000 0.0000 0.1667 0.0000 0.0000 0.7222 0.0000 0.6316 0.0167 0.0000 0.2667 0.0000 0.0000 0.0000 0.0000 0.0000
0.9778 0.0208 0.0000 0.0000 0.0000 0.8621 0.0732 0.0175 0.0000 0.0000 0.0000 0.2500 0.2131 0.0000 0.0000 0.0000
1.0000 0.6444 0.3333 0.0741 0.0000 0.0714 0.0000 0.1000 0.0000 0.0000 0.0000 0.0000 0.0364 0.0213 0.0000 0.0000
0.9818 0.0000 0.0000 0.0222 0.0000 0.6415 0.7037 0.0000 0.0000 0.0000 0.0000 0.0000 0.0000 0.0000 0.4340 0.0000
1.0000 0.4792 0.0213 0.0000 0.0000 0.0000 0.0000 0.0000 0.0000 0.0244 0.0208 0.0000 0.0000 0.4464 0.0645 0.0000
1.0000 0.0000 0.0000 0.0000 0.0000 0.9024 0.3913 0.0625 0.1333 0.2885 0.0000 0.0000 0.0000 0.0000 0.0182 0.0000
1.0000 0.0000 0.1636 0.0889 0.0196 0.7500 0.4259 0.0000 0.0222 0.0200 0.1000 0.6042 0.0000 0.0000 0.0000 0.0000
1.0000 0.8302 0.0200 0.0145 0.0000 0.0000 0.0455 0.0000 0.0000 0.0000 0.0000 0.0000 0.0000 0.1081 0.0000 0.0000
1.0000 0.0385 0.0800 0.0000 0.0000 0.5818 0.0000 0.0000 0.0250 0.0000 0.0000 0.0000 0.0000 0.0000 0.0000 0.0000
1.0000 0.0000 0.0000 0.0000 0.0385 0.9216 0.2558 0.0000 0.0000 0.0000 0.0000 0.2083 0.3696 0.0000 0.0000 0.0000
0.9821 0.0000 0.0000 0.0000 0.1020 0.0702 0.0000 0.0000 0.0000 0.0000 0.1176 0.0000 0.0000 0.0000 0.0000 0.0000
0.8824 0.6721 0.3400 0.0154 0.0179 0.0000 0.0000 0.0000 0.0000 0.0000 0.0000 0.0000 0.3415 0.0000 0.0645 0.0000
1.0000 0.0870 0.0638 0.0000 0.0000 0.7143 0.5000 0.0244 0.0426 0.0000 0.0000 0.0000 0.0000 0.0000 0.3023 0.0000
1.0000 0.0000 0.0000 0.0000 0.0351 0.9808 0.0417 0.0000 0.0755 0.0000 0.0000 0.0000 0.0000 0.0000 0.0000 0.0000
1.0000 0.0000 0.0769 0.0000 0.0000 0.0769 0.0200 0.0000 0.0000 0.0000 0.0000 0.0000 0.0000 0.0000 0.0278 0.0000
1.0000 0.0000 0.0000 0.0000 0.0000 0.9000 0.0426 0.0000 0.0000 0.0000 0.0000 0.0385 0.0755 0.0175 0.0000 0.0000
1.0000 0.0175 0.0000 0.0000 0.0000 0.7800 0.1525 0.0556 0.2059 0.0000 0.0000 0.0000 0.0000 0.0000 0.0000 0.0000
1.0000 0.0000 0.0000 0.0000 0.0000 0.9412 0.4375 0.0000 0.0000 0.0000 0.0000 0.1458 0.0652 0.0000 0.0000 0.0000
1.0000 0.9038 0.7000 0.3878 0.3036 0.0000 0.0000 0.0000 0.0000 0.0000 0.0962 0.0000 0.0000 0.0000 0.0000 0.0000
1.0000 0.0000 0.0222 0.0392 0.0175 0.2083 0.0000 0.2745 0.0000 0.0000 0.0000 0.0465 0.0000 0.0000 0.0000 0.0000
1.0000 0.7500 0.0000 0.0196 0.0000 0.1633 0.0000 0.1429 0.0000 0.0000 0.0000 0.0000 0.0000 0.1702 0.0000 0.0000
1.0000 0.0000 0.0000 0.0000 0.0000 0.7451 0.0000 0.0000 0.0741 0.0556 0.0000 0.0000 0.0000 0.0000 0.0000 0.0000
1.0000 0.0000 0.0000 0.0000 0.0000 0.3704 0.0000 0.0000 0.0222 0.0000 0.0000 0.0000 0.0000 0.0000 0.0000 0.0000
1.0000 0.0000 0.0000 0.0000 0.0000 0.7143 0.1940 0.0000 0.2542 0.0000 0.0000 0.0000 0.0345 0.0000 0.0182 0.0000
1.0000 0.0000 0.0000 0.0000 0.0588 1.0000 0.2759 0.0000 0.1064 0.0980 0.0000 0.0000 0.0000 0.0000 0.0000 0.0000
1.0000 0.0000 0.0000 0.0000 0.0000 0.9423 0.0909 0.0000 0.0238 0.0000 0.0000 0.6140 0.0000 0.0000 0.0000 0.0000
1.0000 0.1000 0.0000 0.0000 0.0000 0.9211 0.3800 0.0000 0.0000 0.0000 0.0000 0.2069 0.1500 0.0000 0.0000 0.0000
1.0000 0.5893 0.0000 0.0312 0.0000 0.0000 0.0000 0.0000 0.0000 0.0000 0.0000 0.1250 0.0000 0.6111 0.0000 0.0000
1.0000 0.0000 0.0000 0.0000 0.0714 0.6087 0.0000 0.3043 0.0000 0.0000 0.0000 0.0000 0.0000 0.0000 0.0000 0.0000
1.0000 0.0200 0.0000 0.0000 0.0000 0.9107 0.5833 0.0000 0.0000 0.0000 0.0000 0.3051 0.1500 0.0000 0.0000 0.0000
1.0000 0.6207 0.5070 0.5000 0.0000 0.0000 0.0182 0.0192 0.0000 0.0000 0.0000 0.0169 0.0000 0.0000 0.0000 0.0000
0.9184 0.0196 0.0000 0.0000 0.0000 0.9434 0.1207 0.0000 0.0000 0.0000 0.0000 0.1356 0.0000 0.0000 0.0000 0.0000
1.0000 0.9787 0.0000 0.0000 0.0000 0.0000 0.0175 0.0164 0.0536 0.0000 0.0000 0.0000 0.0222 0.2982 0.0000 0.0000
1.0000 0.0000 0.0192 0.0179 0.0000 0.6774 0.4000 0.0000 0.0000 0.0000 0.0000 0.0000 0.0000 0.0000 0.1379 0.0000
1.0000 0.6719 0.5490 0.1887 0.1915 0.0000 0.0200 0.0000 0.0000 0.0000 0.0000 0.0000 0.0000 0.0377 0.0357 0.0000
0.9483 0.0000 0.0000 0.0000 0.0000 0.5625 0.5472 0.0189 0.1224 0.2609 0.0185 0.0000 0.0000 0.0000 0.0000 0.0000
1.0000 0.0000 0.0000 0.0000 0.0000 0.8511 0.2708 0.0000 0.0000 0.0172 0.0000 0.0000 0.0000 0.0377 0.0455 0.0000
0.9804 0.0213 0.0000 0.0000 0.0000 0.1111 0.0000 0.0000 0.0000 0.0000 0.0000 0.0000 0.0000 0.0000 0.0000 0.0000
1.0000 0.0000 0.0000 0.0000 0.0408 0.5319 0.0000 0.3469 0.0000 0.0000 0.0000 0.0541 0.0000 0.0000 0.0000 0.0000
1.0000 0.0000 0.0000 0.0000 0.0000 0.9796 0.0286 0.0200 0.2195 0.0000 0.0000 0.0222 0.1400 0.0217 0.0000 0.0000
1.0000 0.1837 0.1579 0.0000 0.0000 0.0000 0.0000 0.0000 0.0208 0.0870 0.0182 0.0000 0.0000 0.0000 0.0625 0.0000
0.8824 0.0000 0.0000 0.0000 0.0000 0.7222 0.4107 0.0244 0.0000 0.0175 0.0149 0.1176 0.0000 0.0000 0.0000 0.0000
1.0000 0.0000 0.0000 0.0000 0.0000 0.6410 0.5686 0.0000 0.0000 0.0476 0.0192 0.0000 0.0000 0.0000 0.4407 0.0000
0.9538 0.5918 0.0000 0.0000 0.0000 0.0000 0.0263 0.0000 0.0000 0.0000 0.0164 0.0000 0.0000 0.0000 0.0000 0.0000
1.0000 0.0000 0.0000 0.0000 0.0000 0.2889 0.0169 0.0000 0.0196 0.0000 0.0217 0.0000 0.2222 0.0476 0.0000 0.0000
1.0000 0.0000 0.0000 0.0000 0.0208 0.1951 0.0156 0.1186 0.0444 0.1552 0.0000 0.0000 0.0000 0.0000 0.0000 0.0000
1.0000 0.6667 0.4490 0.0182 0.0000 0.0000 0.0000 0.0000 0.0000 0.0727 0.0000 0.0000 0.0000 0.0000 0.0000 0.0000
1.0000 0.7551 0.0000 0.0000 0.0909 0.0000 0.0000 0.0000 0.0000 0.0000 0.0000 0.0000 0.0000 0.0000 0.0185 0.0000
