	cell1	cell1	cell2	cell2	cell3	cell3	cell4	cell4	cell5	cell5	cell6	cell6	cell7	cell7	cell8	cell8	cell9	cell9	cell10	cell10	cell11	cell11	cell12	cell12	cell13	cell13	cell14	cell14	cell15	cell15	cell16	cell16	cell17	cell17	cell18	cell18	cell19	cell19	cell20	cell20	cell21	cell21	cell22	cell22	cell23	cell23	cell24	cell24	cell25	cell25	cell26	cell26	cell27	cell27	cell28	cell28	cell29	cell29	cell30	cell30	cell31	cell31	cell32	cell32	cell33	cell33	cell34	cell34	cell35	cell35	cell36	cell36	cell37	cell37	cell38	cell38	cell39	cell39	cell40	cell40	cell41	cell41	cell42	cell42	cell43	cell43	cell44	cell44	cell45	cell45	cell46	cell46	cell47	cell47	cell48	cell48	cell49	cell49	cell50	cell50
mut15	0	55	0	60	0	66	1	44	0	43	1	54	0	56	0	53	0	53	0	59	0	50	0	48	1	55	6	45	0	59	0	51	0	39	0	47	0	37	0	45	0	63	0	44	0	50	0	51	0	52	0	53	0	48	0	51	0	46	0	43	0	64	0	49	0	42	4	45	0	55	0	38	0	54	3	55	0	49	1	50	0	54	0	50	0	55	6	45	0	44	3	62	0	46	0	41	0	41	0	48
mut1	43	9	13	29	49	0	47	1	16	29	49	0	25	23	50	0	58	0	9	44	50	2	48	0	54	0	20	41	42	4	47	0	59	0	51	0	56	1	58	0	5	47	52	0	11	33	61	0	52	0	48	0	58	0	65	0	45	5	23	33	47	0	49	1	22	36	50	1	1	46	43	0	21	43	58	0	50	0	46	1	47	0	56	0	40	9	50	0	43	0	20	29	48	0	54	0	17	34	12	37
mut2	55	0	21	16	40	8	52	0	36	18	45	0	46	1	47	0	46	9	49	1	46	4	41	0	51	0	33	17	44	3	63	0	48	4	59	0	57	0	56	0	18	42	44	1	48	0	57	0	49	0	62	0	54	0	53	0	48	0	51	0	45	0	42	0	35	36	49	0	44	0	51	1	23	28	57	0	31	0	59	0	59	0	54	0	48	9	54	0	42	0	49	0	54	0	48	0	27	22	47	0
mut3	51	0	19	27	49	0	39	0	50	4	44	1	35	0	40	0	41	4	68	1	52	0	46	0	55	0	64	1	47	0	51	0	53	0	51	0	44	0	54	0	30	19	49	2	50	1	39	0	56	0	56	0	53	0	56	0	44	0	31	1	48	0	43	0	22	22	56	0	43	0	55	1	43	10	43	0	48	0	53	0	39	0	53	0	45	0	58	0	51	0	54	0	46	0	51	0	54	1	45	0
mut4	52	0	54	4	44	0	58	0	55	0	57	0	54	0	57	0	50	1	36	0	52	0	50	2	44	5	55	1	53	0	55	2	52	0	62	0	46	0	45	0	39	17	56	1	48	0	44	0	49	0	43	0	48	3	40	0	62	0	47	0	39	3	72	0	40	0	53	0	50	0	45	0	38	9	56	0	49	0	49	0	47	2	46	0	41	0	54	0	52	0	44	0	42	0	47	1	55	0	50	5
mut5	44	0	47	0	15	39	8	50	39	3	19	34	45	0	4	37	10	30	49	0	23	32	4	47	53	4	49	0	10	25	1	51	48	4	4	36	11	39	3	48	50	0	38	10	41	8	13	38	34	20	16	40	0	55	3	49	3	35	56	0	18	28	5	51	40	0	3	50	42	0	20	42	54	0	21	27	7	40	40	5	22	25	1	48	45	0	10	26	14	25	54	0	32	13	33	8	49	0	55	0
mut6	41	0	70	0	54	0	38	3	42	0	16	38	45	0	28	18	31	23	42	2	49	0	32	11	48	0	59	0	27	27	46	2	49	1	45	2	50	9	27	21	55	0	48	0	68	0	51	0	53	0	54	13	42	16	40	4	31	19	40	0	41	0	25	35	54	1	51	7	56	1	30	20	49	1	24	29	35	13	38	0	61	0	34	1	41	0	33	23	22	29	37	1	58	1	63	1	45	0	46	0
mut7	52	0	61	0	21	36	56	1	54	6	39	0	48	0	45	3	42	0	36	0	41	0	47	0	56	0	61	0	40	1	46	0	66	0	53	0	51	3	46	0	58	0	37	14	42	7	51	0	58	0	61	0	43	0	55	0	45	0	40	0	32	14	47	0	51	1	63	0	60	1	44	0	47	0	52	1	44	0	60	0	32	17	49	1	45	0	40	1	47	0	46	0	41	0	52	7	50	0	49	0
mut8	46	6	56	0	59	1	48	0	41	0	49	0	46	0	39	6	44	1	56	0	39	1	40	0	58	0	51	0	45	2	49	4	67	0	57	0	27	7	58	0	49	0	53	0	54	0	50	4	44	1	44	15	42	5	41	1	41	0	46	0	60	0	54	0	56	0	55	0	53	3	43	0	45	0	43	6	47	0	53	0	45	0	32	9	47	1	50	0	38	0	50	0	50	1	43	2	52	0	49	0
mut9	51	0	71	0	44	0	42	0	43	0	52	0	40	1	37	15	49	1	55	0	40	0	51	0	58	0	50	0	43	0	46	0	46	0	54	0	52	0	59	0	42	0	51	0	36	0	34	2	42	0	43	0	46	5	44	0	52	0	66	0	51	0	51	0	49	0	47	0	52	0	57	0	51	0	34	12	57	1	51	0	55	0	52	0	42	4	56	1	40	2	55	0	43	0	49	9	51	4	60	0
mut10	59	0	49	0	44	16	47	0	49	0	46	0	47	1	55	0	45	5	38	0	47	0	61	0	45	6	63	0	52	0	52	0	54	0	50	0	45	0	62	0	47	5	48	0	46	0	52	0	50	0	48	0	41	0	54	0	48	0	44	0	52	0	46	0	40	0	42	0	54	0	53	0	64	0	53	1	49	0	45	0	50	0	41	0	54	1	66	1	51	1	60	1	45	1	48	0	59	0	47	0
mut11	43	0	56	0	49	0	45	15	49	0	57	0	43	0	52	0	19	29	40	0	45	0	38	10	44	0	61	0	52	0	53	0	54	0	50	2	50	0	41	7	41	0	41	2	50	0	56	0	48	0	36	0	60	0	22	35	46	12	42	6	42	0	41	18	58	1	51	8	44	0	70	0	66	0	43	0	54	0	43	0	35	2	44	1	54	0	45	6	54	0	51	0	51	0	57	0	53	0	56	0
mut12	43	0	49	0	46	0	48	13	53	2	43	0	61	0	47	0	45	0	56	0	40	0	29	17	45	0	27	14	50	0	49	0	56	0	49	4	38	0	43	3	45	0	43	0	40	0	44	0	52	0	56	2	51	0	43	0	34	6	52	0	37	0	34	6	58	0	47	0	44	1	53	0	49	0	44	0	51	0	51	0	41	0	43	7	54	0	57	0	44	0	53	0	42	12	49	0	37	0	43	0
mut13	41	0	64	0	49	0	43	0	46	1	51	0	31	25	52	0	52	0	33	4	45	0	54	0	52	0	41	0	53	0	60	0	52	0	56	1	50	0	51	0	46	0	57	0	39	8	59	0	48	0	56	0	42	0	44	0	45	0	21	33	42	0	54	0	48	0	51	0	40	17	53	0	51	2	47	0	51	2	46	0	41	0	45	1	58	0	73	0	59	0	48	0	40	2	51	0	57	0	60	0
mut14	46	0	55	1	44	0	67	0	52	0	30	23	58	4	54	1	51	0	35	0	52	0	49	0	43	0	58	4	30	13	57	0	35	1	55	0	43	0	50	0	42	0	49	0	46	0	58	0	59	0	54	1	42	0	50	0	49	0	60	0	51	0	50	0	45	0	40	0	41	0	50	8	54	2	42	0	42	2	55	0	52	0	49	0	45	3	53	0	33	26	40	0	56	0	53	0	50	0	53	1
