1.0000 0.0000 0.0000 0.0000 0.0000 0.0000 0.0000 0.0000 0.0000 0.0000 0.0000 0.0000 0.0000 0.0000 0.0000
0.2353 0.1794 0.1253 0.1194 0.3406 0.0000 0.0000 0.0000 0.0000 0.0000 0.0000 0.0000 0.0000 0.0000 0.0000
0.2445 0.0000 0.0000 0.0000 0.0000 0.3026 0.0000 0.3522 0.0000 0.0000 0.1006 0.0000 0.0000 0.0000 0.0000
0.1953 0.0000 0.0000 0.0000 0.0000 0.1561 0.2507 0.0000 0.0000 0.0000 0.0000 0.1909 0.2071 0.0000 0.0000
0.2431 0.4203 0.2574 0.0792 0.0000 0.0000 0.0000 0.0000 0.0000 0.0000 0.0000 0.0000 0.0000 0.0000 0.0000
0.2679 0.0000 0.0000 0.0000 0.0000 0.2406 0.1717 0.0000 0.0000 0.0000 0.0000 0.0000 0.0000 0.0000 0.3198
0.5258 0.0632 0.0000 0.0000 0.0000 0.0000 0.0000 0.0000 0.0000 0.0000 0.0000 0.0000 0.0000 0.4110 0.0000
0.2165 0.0000 0.0000 0.0000 0.0000 0.0867 0.3721 0.0000 0.1151 0.2095 0.0000 0.0000 0.0000 0.0000 0.0000
0.2215 0.0000 0.0000 0.0000 0.0000 0.0646 0.3470 0.0000 0.0000 0.0000 0.0000 0.3670 0.0000 0.0000 0.0000
0.2245 0.6661 0.0000 0.0000 0.0000 0.0000 0.0000 0.0000 0.0000 0.0000 0.0000 0.0000 0.0000 0.1094 0.0000
0.2410 0.0000 0.0000 0.0000 0.0000 0.7590 0.0000 0.0000 0.0000 0.0000 0.0000 0.0000 0.0000 0.0000 0.0000
0.1541 0.0000 0.0000 0.0000 0.0000 0.1340 0.4029 0.0000 0.0000 0.0000 0.0000 0.1016 0.2074 0.0000 0.0000
1.0000 0.0000 0.0000 0.0000 0.0000 0.0000 0.0000 0.0000 0.0000 0.0000 0.0000 0.0000 0.0000 0.0000 0.0000
0.4853 0.2158 0.2314 0.0675 0.0000 0.0000 0.0000 0.0000 0.0000 0.0000 0.0000 0.0000 0.0000 0.0000 0.0000
0.2237 0.0000 0.0000 0.0000 0.0000 0.2292 0.1073 0.0000 0.0000 0.0000 0.0000 0.0000 0.0000 0.0000 0.4398
0.0627 0.0000 0.0000 0.0000 0.0000 0.3416 0.1663 0.0000 0.4294 0.0000 0.0000 0.0000 0.0000 0.0000 0.0000
1.0000 0.0000 0.0000 0.0000 0.0000 0.0000 0.0000 0.0000 0.0000 0.0000 0.0000 0.0000 0.0000 0.0000 0.0000
0.1946 0.0000 0.0000 0.0000 0.0000 0.6445 0.0534 0.0000 0.0000 0.0000 0.0000 0.1074 0.0000 0.0000 0.0000
0.2584 0.0000 0.0000 0.0000 0.0000 0.2072 0.2281 0.0000 0.2280 0.0783 0.0000 0.0000 0.0000 0.0000 0.0000
0.1219 0.0000 0.0000 0.0000 0.0000 0.1246 0.5429 0.0000 0.0000 0.0000 0.0000 0.2106 0.0000 0.0000 0.0000
0.1290 0.1813 0.2451 0.1611 0.2836 0.0000 0.0000 0.0000 0.0000 0.0000 0.0000 0.0000 0.0000 0.0000 0.0000
0.6026 0.0000 0.0000 0.0000 0.0000 0.0738 0.0000 0.3236 0.0000 0.0000 0.0000 0.0000 0.0000 0.0000 0.0000
0.6275 0.1808 0.0000 0.0000 0.0000 0.0000 0.0000 0.0000 0.0000 0.0000 0.0000 0.0000 0.0000 0.1917 0.0000
0.2947 0.0000 0.0000 0.0000 0.0000 0.4429 0.0681 0.0000 0.1943 0.0000 0.0000 0.0000 0.0000 0.0000 0.0000
0.6955 0.0000 0.0000 0.0000 0.0000 0.3045 0.0000 0.0000 0.0000 0.0000 0.0000 0.0000 0.0000 0.0000 0.0000
0.2630 0.0000 0.0000 0.0000 0.0000 0.2777 0.1412 0.0000 0.3181 0.0000 0.0000 0.0000 0.0000 0.0000 0.0000
0.1106 0.0000 0.0000 0.0000 0.0000 0.4649 0.2772 0.0000 0.0638 0.0835 0.0000 0.0000 0.0000 0.0000 0.0000
0.1122 0.0000 0.0000 0.0000 0.0000 0.0588 0.2029 0.0000 0.0000 0.0000 0.0000 0.6261 0.0000 0.0000 0.0000
0.0710 0.0000 0.0000 0.0000 0.0000 0.2297 0.5061 0.0000 0.0000 0.0000 0.0000 0.1932 0.0000 0.0000 0.0000
0.3968 0.1522 0.0000 0.0000 0.0000 0.0000 0.0000 0.0000 0.0000 0.0000 0.0000 0.0000 0.0000 0.4510 0.0000
0.3169 0.0000 0.0000 0.0000 0.0000 0.3037 0.0000 0.3794 0.0000 0.0000 0.0000 0.0000 0.0000 0.0000 0.0000
0.1845 0.0000 0.0000 0.0000 0.0000 0.0531 0.5000 0.0000 0.0000 0.0000 0.0000 0.1611 0.1014 0.0000 0.0000
0.1810 0.1737 0.1640 0.3853 0.0960 0.0000 0.0000 0.0000 0.0000 0.0000 0.0000 0.0000 0.0000 0.0000 0.0000
0.1331 0.0000 0.0000 0.0000 0.0000 0.3616 0.1205 0.0000 0.0000 0.0000 0.0000 0.3847 0.0000 0.0000 0.0000
0.1191 0.3439 0.0000 0.0000 0.0000 0.0000 0.0000 0.0000 0.0000 0.0000 0.0000 0.0000 0.0000 0.5370 0.0000
0.5577 0.0000 0.0000 0.0000 0.0000 0.1085 0.0678 0.0000 0.0000 0.0000 0.0000 0.0000 0.0000 0.0000 0.2660
0.2954 0.2138 0.2673 0.1729 0.0507 0.0000 0.0000 0.0000 0.0000 0.0000 0.0000 0.0000 0.0000 0.0000 0.0000
0.2541 0.0000 0.0000 0.0000 0.0000 0.0698 0.3354 0.0000 0.1237 0.2170 0.0000 0.0000 0.0000 0.0000 0.0000
0.1092 0.0000 0.0000 0.0000 0.0000 0.5728 0.2162 0.0000 0.0000 0.0000 0.0000 0.0000 0.0000 0.0000 0.1019
0.8128 0.0000 0.0000 0.0000 0.0000 0.1872 0.0000 0.0000 0.0000 0.0000 0.0000 0.0000 0.0000 0.0000 0.0000
0.2779 0.0000 0.0000 0.0000 0.0000 0.4929 0.0000 0.2292 0.0000 0.0000 0.0000 0.0000 0.0000 0.0000 0.0000
0.0621 0.0000 0.0000 0.0000 0.0000 0.4816 0.0744 0.0000 0.3819 0.0000 0.0000 0.0000 0.0000 0.0000 0.0000
0.6892 0.1622 0.1486 0.0000 0.0000 0.0000 0.0000 0.0000 0.0000 0.0000 0.0000 0.0000 0.0000 0.0000 0.0000
0.5439 0.0000 0.0000 0.0000 0.0000 0.0791 0.3770 0.0000 0.0000 0.0000 0.0000 0.0000 0.0000 0.0000 0.0000
0.2012 0.0000 0.0000 0.0000 0.0000 0.1709 0.4111 0.0000 0.0000 0.0000 0.0000 0.0000 0.0000 0.0000 0.2168
0.6617 0.3383 0.0000 0.0000 0.0000 0.0000 0.0000 0.0000 0.0000 0.0000 0.0000 0.0000 0.0000 0.0000 0.0000
0.4880 0.0000 0.0000 0.0000 0.0000 0.5120 0.0000 0.0000 0.0000 0.0000 0.0000 0.0000 0.0000 0.0000 0.0000
0.8775 0.0000 0.0000 0.0000 0.0000 0.1225 0.0000 0.0000 0.0000 0.0000 0.0000 0.0000 0.0000 0.0000 0.0000
0.3142 0.2720 0.2536 0.1603 0.0000 0.0000 0.0000 0.0000 0.0000 0.0000 0.0000 0.0000 0.0000 0.0000 0.0000
0.2868 0.7132 0.0000 0.0000 0.0000 0.0000 0.0000 0.0000 0.0000 0.0000 0.0000 0.0000 0.0000 0.0000 0.0000
