	mut10	mut10	mut1	mut1	mut2	mut2	mut3	mut3	mut4	mut4	mut5	mut5	mut6	mut6	mut7	mut7	mut8	mut8	mut9	mut9
cell1	0	52	45	1	46	4	62	0	46	0	43	5	45	4	49	0	9	26	58	0
cell2	3	48	34	20	59	0	50	0	21	32	49	0	65	0	51	0	46	0	58	0
cell3	0	47	54	0	45	0	56	0	44	0	4	49	50	0	32	16	55	0	46	2
cell4	0	50	57	0	49	0	43	0	49	0	16	26	46	0	60	0	48	0	22	28
cell5	5	54	24	24	12	37	52	1	54	0	57	0	35	6	47	0	40	20	43	0
cell6	0	64	54	1	48	0	40	0	34	0	0	39	38	1	63	1	40	0	52	0
cell7	3	45	52	0	53	0	44	3	52	0	43	18	41	0	38	4	71	0	43	0
cell8	0	49	59	0	44	0	42	3	43	0	59	0	49	0	45	1	45	0	53	0
cell9	2	48	51	0	49	0	52	0	44	0	10	51	43	0	38	0	51	0	54	0
cell10	0	56	35	17	49	7	57	0	45	0	59	0	62	1	57	0	25	29	48	0
cell11	0	43	51	0	46	0	53	0	44	0	51	0	55	0	52	0	56	1	64	1
cell12	1	46	57	5	39	6	49	0	39	0	56	0	46	1	47	0	47	10	53	1
cell13	0	46	27	10	31	12	52	2	47	2	42	0	44	2	56	0	38	1	53	0
cell14	0	46	5	37	55	0	48	0	20	32	52	1	38	0	43	0	54	0	42	9
cell15	0	50	46	2	46	0	41	0	45	2	54	1	54	0	52	0	62	0	47	0
cell16	1	52	47	0	57	0	49	0	62	0	49	0	55	0	45	0	47	5	41	0
cell17	0	61	36	12	49	2	40	14	47	0	47	0	50	0	40	0	45	0	61	3
cell18	0	53	11	44	38	0	27	11	37	0	57	0	61	0	56	0	51	0	56	0
cell19	1	35	40	0	47	0	46	1	64	0	46	1	54	1	38	6	59	0	55	0
cell20	8	41	43	3	40	9	55	0	42	0	55	0	40	0	49	5	50	0	47	0
cell21	0	52	36	0	44	0	42	0	42	0	6	38	55	0	18	42	33	0	42	0
cell22	0	62	44	0	35	0	46	0	48	0	34	21	57	0	52	0	50	0	42	0
cell23	0	54	53	0	48	0	45	1	59	0	15	44	44	1	49	6	36	0	45	0
cell24	2	49	35	19	53	0	52	0	49	8	35	0	50	0	50	0	44	4	47	0
cell25	0	44	6	42	53	0	63	0	42	5	44	0	58	0	43	1	44	8	51	0
cell26	0	48	49	0	45	0	51	0	50	1	10	36	47	0	30	21	43	0	40	8
cell27	0	69	15	32	53	0	49	3	60	0	46	0	41	0	50	0	46	0	53	0
cell28	0	56	8	37	58	0	20	29	29	2	44	0	55	0	59	0	44	0	54	0
cell29	0	39	51	3	39	0	49	0	43	0	18	30	46	0	48	1	43	0	38	19
cell30	1	46	6	53	50	0	48	0	26	9	44	0	50	0	59	1	65	0	53	0
cell31	0	48	18	24	61	1	28	32	49	0	43	0	39	0	43	0	45	0	54	0
cell32	0	50	44	0	49	0	50	0	47	0	14	35	48	3	50	0	62	0	61	0
cell33	0	42	52	0	46	0	50	2	45	0	51	3	44	0	50	0	38	0	53	0
cell34	0	55	42	1	61	0	46	0	49	0	44	2	49	0	57	0	33	0	58	0
cell35	0	64	48	1	64	3	53	0	47	2	28	12	42	0	37	15	49	0	52	0
cell36	0	43	34	14	53	0	56	0	42	0	47	0	54	0	38	2	52	0	53	0
cell37	3	43	20	20	44	4	45	0	45	3	47	0	70	0	52	0	26	18	52	0
cell38	0	41	17	38	52	0	56	6	44	0	62	2	46	0	49	3	47	0	48	3
cell39	0	50	29	19	33	14	53	0	51	1	53	0	40	3	54	0	29	19	52	8
cell40	3	46	45	0	49	3	38	2	45	0	7	47	39	0	49	9	53	0	53	1
cell41	0	56	15	32	57	0	33	9	55	0	47	0	59	1	43	2	64	0	45	2
cell42	0	46	55	0	44	0	53	0	52	0	22	23	49	1	47	0	52	0	32	13
cell43	4	41	51	1	49	0	46	0	48	0	44	0	53	2	51	0	47	0	60	1
cell44	0	48	43	0	64	0	46	0	49	1	54	4	56	0	52	0	59	0	44	0
cell45	0	51	30	16	50	0	48	0	52	0	51	0	50	2	38	3	22	24	51	2
cell46	0	47	24	6	23	18	50	0	49	0	56	0	37	6	28	1	36	11	53	0
cell47	0	51	29	16	30	26	43	1	50	0	51	0	57	0	39	0	42	1	38	0
cell48	0	49	48	0	51	0	45	0	48	0	20	42	52	0	16	35	49	0	48	1
cell49	0	36	58	0	52	0	50	0	46	0	10	52	53	0	52	0	54	0	0	55
cell50	0	46	28	20	54	0	65	0	53	0	48	2	36	3	48	0	39	0	37	0
cell51	1	51	15	29	49	0	40	0	50	0	53	0	44	0	45	0	53	0	43	5
cell52	0	47	24	29	41	0	37	1	50	3	40	0	44	0	49	0	42	0	64	0
cell53	0	48	47	0	54	0	37	0	39	1	22	39	58	1	51	0	36	0	46	0
cell54	0	44	23	26	40	12	53	0	50	0	58	2	50	6	45	0	18	34	44	0
cell55	0	53	21	22	46	10	49	0	60	0	44	0	51	2	45	4	47	7	48	0
cell56	0	43	46	15	28	24	58	0	53	0	52	0	54	0	47	0	36	0	41	7
cell57	0	43	37	7	36	20	46	0	55	0	55	0	49	0	64	0	50	0	55	0
cell58	2	44	27	24	52	0	55	3	31	17	61	1	48	3	45	1	47	2	57	0
cell59	0	45	20	32	46	19	44	0	59	0	48	0	43	19	41	0	47	4	47	0
cell60	1	47	17	36	44	12	64	1	65	0	65	1	60	0	50	0	44	0	50	0
cell61	0	46	47	0	58	0	47	0	52	8	33	17	32	2	56	0	56	0	37	4
cell62	0	39	52	0	55	0	48	0	55	0	48	6	51	0	48	0	43	2	41	0
cell63	0	54	27	20	45	0	39	0	52	0	54	0	57	0	45	0	54	0	43	0
cell64	0	45	29	9	28	24	55	0	47	0	57	1	57	0	47	0	40	0	61	0
cell65	7	50	21	30	40	15	64	0	52	0	45	0	58	0	41	0	44	0	46	1
cell66	2	48	39	0	53	1	60	0	57	0	42	0	57	1	54	0	39	1	60	0
cell67	0	47	49	3	28	27	42	0	55	0	46	0	45	5	50	0	49	9	51	0
cell68	0	49	34	8	29	26	52	0	41	0	64	0	46	0	47	0	37	0	55	0
cell69	2	39	41	0	42	0	45	0	45	2	32	21	49	0	51	0	52	0	34	12
cell70	0	47	50	0	72	0	46	1	44	0	12	55	52	0	50	0	42	0	42	0
cell71	0	58	7	25	56	0	52	0	17	33	49	0	45	0	42	0	44	0	36	0
cell72	0	60	42	0	40	1	58	0	55	0	43	0	43	0	49	0	57	0	61	0
cell73	0	50	42	13	38	14	48	0	49	0	48	0	45	0	45	0	43	0	50	0
cell74	0	45	47	0	38	0	62	0	47	0	27	16	37	0	30	20	57	0	41	0
cell75	0	50	8	40	46	0	49	0	42	0	66	0	47	0	50	0	57	0	45	2
cell76	0	44	44	0	48	2	35	0	55	2	62	0	41	4	41	0	48	0	60	0
cell77	0	51	43	3	52	0	38	0	57	0	15	28	42	0	50	0	60	0	47	0
cell78	2	45	60	0	47	0	51	0	59	0	28	28	47	0	49	1	46	0	52	3
cell79	0	44	49	0	46	0	52	1	43	0	3	40	51	0	50	0	55	0	24	18
cell80	0	52	34	28	36	13	47	1	58	0	49	0	47	3	59	0	56	0	66	0
cell81	1	31	49	0	54	2	53	0	60	1	13	37	45	7	57	0	41	0	42	0
cell82	2	58	22	28	49	0	6	24	58	0	60	0	56	0	46	0	53	1	45	0
cell83	0	43	22	17	63	0	33	12	41	0	44	0	40	0	49	0	44	0	50	1
cell84	1	41	39	9	46	0	51	0	45	0	48	0	43	0	51	0	51	0	56	2
cell85	0	49	49	0	69	0	45	0	40	0	2	43	54	0	44	1	52	0	49	0
cell86	0	52	37	0	58	0	46	0	55	0	45	0	29	0	49	1	62	0	53	1
cell87	0	55	22	27	36	16	33	0	43	0	49	0	41	1	62	0	45	0	40	0
cell88	0	46	1	65	49	0	62	0	6	40	41	0	47	0	46	0	45	0	42	0
cell89	0	43	13	35	64	1	56	1	56	0	45	0	46	0	43	1	43	0	47	0
cell90	0	52	48	5	28	22	52	0	63	0	46	0	47	0	38	0	38	14	44	0
cell91	3	55	46	0	46	0	44	0	34	4	22	31	54	0	24	32	50	0	53	0
cell92	0	53	56	3	39	2	44	0	57	1	17	34	47	0	48	0	57	0	45	0
cell93	5	63	11	34	45	0	52	0	36	21	51	1	54	2	55	0	43	0	53	0
cell94	0	49	44	0	49	1	50	0	33	0	25	36	59	0	59	0	55	1	51	3
cell95	0	50	53	0	51	0	50	0	33	0	36	0	42	0	46	0	46	1	55	0
cell96	0	64	7	57	44	0	38	13	45	2	52	0	41	0	46	0	52	1	36	9
cell97	0	53	13	36	49	0	50	0	55	0	51	0	40	6	53	0	50	16	54	2
cell98	0	48	60	0	53	0	55	4	47	0	0	46	51	0	56	1	55	0	35	10
cell99	0	38	55	0	49	3	46	0	55	0	8	44	51	0	58	2	54	0	32	18
cell100	8	48	28	28	27	14	45	3	39	0	47	0	57	1	38	0	57	3	49	0
