52 1 4 0 0 5 4 0 26 0 0
48 20 0 0 32 0 0 0 0 0 0
47 0 0 0 0 49 0 16 0 2 0
50 0 0 0 0 26 0 0 0 28 0
54 24 37 1 0 0 6 0 20 0 0
64 1 0 0 0 39 1 1 0 0 0
45 0 0 3 0 18 0 4 0 0 0
49 0 0 3 0 0 0 1 0 0 0
48 0 0 0 0 51 0 0 0 0 0
56 17 7 0 0 0 1 0 29 0 0
43 0 0 0 0 0 0 0 1 1 0
46 5 6 0 0 0 1 0 10 1 0
46 10 12 2 2 0 2 0 1 0 0
46 37 0 0 32 1 0 0 0 9 0
50 2 0 0 2 1 0 0 0 0 0
52 0 0 0 0 0 0 0 5 0 0
61 12 2 14 0 0 0 0 0 3 0
53 44 0 11 0 0 0 0 0 0 0
35 0 0 1 0 1 1 6 0 0 0
41 3 9 0 0 0 0 5 0 0 0
52 0 0 0 0 38 0 42 0 0 0
62 0 0 0 0 21 0 0 0 0 0
54 0 0 1 0 44 1 6 0 0 0
49 19 0 0 8 0 0 0 4 0 0
44 42 0 0 5 0 0 1 8 0 0
48 0 0 0 1 36 0 21 0 8 0
69 32 0 3 0 0 0 0 0 0 0
56 37 0 29 2 0 0 0 0 0 0
39 3 0 0 0 30 0 1 0 19 0
46 53 0 0 9 0 0 1 0 0 0
48 24 1 32 0 0 0 0 0 0 0
50 0 0 0 0 35 3 0 0 0 0
42 0 0 2 0 3 0 0 0 0 0
55 1 0 0 0 2 0 0 0 0 0
64 1 3 0 2 12 0 15 0 0 0
43 14 0 0 0 0 0 2 0 0 0
43 20 4 0 3 0 0 0 18 0 0
41 38 0 6 0 2 0 3 0 3 0
50 19 14 0 1 0 3 0 19 8 0
46 0 3 2 0 47 0 9 0 1 0
56 32 0 9 0 0 1 2 0 2 0
46 0 0 0 0 23 1 0 0 13 0
41 1 0 0 0 0 2 0 0 1 0
48 0 0 0 1 4 0 0 0 0 0
51 16 0 0 0 0 2 3 24 2 0
47 6 18 0 0 0 6 1 11 0 0
51 16 26 1 0 0 0 0 1 0 0
49 0 0 0 0 42 0 35 0 1 0
36 0 0 0 0 52 0 0 0 55 0
46 20 0 0 0 2 3 0 0 0 0
51 29 0 0 0 0 0 0 0 5 0
47 29 0 1 3 0 0 0 0 0 0
48 0 0 0 1 39 1 0 0 0 0
44 26 12 0 0 2 6 0 34 0 0
53 22 10 0 0 0 2 4 7 0 0
43 15 24 0 0 0 0 0 0 7 0
43 7 20 0 0 0 0 0 0 0 0
44 24 0 3 17 1 3 1 2 0 0
45 32 19 0 0 0 19 0 4 0 0
47 36 12 1 0 1 0 0 0 0 0
46 0 0 0 8 17 2 0 0 4 0
39 0 0 0 0 6 0 0 2 0 0
54 20 0 0 0 0 0 0 0 0 0
45 9 24 0 0 1 0 0 0 0 0
50 30 15 0 0 0 0 0 0 1 0
48 0 1 0 0 0 1 0 1 0 0
47 3 27 0 0 0 5 0 9 0 0
49 8 26 0 0 0 0 0 0 0 0
39 0 0 0 2 21 0 0 0 12 0
47 0 0 1 0 55 0 0 0 0 0
58 25 0 0 33 0 0 0 0 0 0
60 0 1 0 0 0 0 0 0 0 0
50 13 14 0 0 0 0 0 0 0 0
45 0 0 0 0 16 0 20 0 0 0
50 40 0 0 0 0 0 0 0 2 0
44 0 2 0 2 0 4 0 0 0 0
51 3 0 0 0 28 0 0 0 0 0
45 0 0 0 0 28 0 1 0 3 0
44 0 0 1 0 40 0 0 0 18 0
52 28 13 1 0 0 3 0 0 0 0
31 0 2 0 1 37 7 0 0 0 0
58 28 0 24 0 0 0 0 1 0 0
43 17 0 12 0 0 0 0 0 1 0
41 9 0 0 0 0 0 0 0 2 0
49 0 0 0 0 43 0 1 0 0 0
52 0 0 0 0 0 0 1 0 1 0
55 27 16 0 0 0 1 0 0 0 0
46 65 0 0 40 0 0 0 0 0 0
43 35 1 1 0 0 0 1 0 0 0
52 5 22 0 0 0 0 0 14 0 0
55 0 0 0 4 31 0 32 0 0 0
53 3 2 0 1 34 0 0 0 0 0
63 34 0 0 21 1 2 0 0 0 0
49 0 1 0 0 36 0 0 1 3 0
50 0 0 0 0 0 0 0 1 0 0
64 57 0 13 2 0 0 0 1 9 0
53 36 0 0 0 0 6 0 16 2 0
48 0 0 4 0 46 0 1 0 10 0
38 0 3 0 0 44 0 2 0 18 0
48 28 14 3 0 0 1 0 3 0 0
