1.0000 0.0217 0.0800 0.0000 0.0000 0.1042 0.0816 0.0000 0.7429 0.0000 0.0000
0.9412 0.3704 0.0000 0.0000 0.6038 0.0000 0.0000 0.0000 0.0000 0.0000 0.0000
1.0000 0.0000 0.0000 0.0000 0.0000 0.9245 0.0000 0.3333 0.0000 0.0417 0.0000
1.0000 0.0000 0.0000 0.0000 0.0000 0.6190 0.0000 0.0000 0.0000 0.5600 0.0000
0.9153 0.5000 0.7551 0.0189 0.0000 0.0000 0.1463 0.0000 0.3333 0.0000 0.0000
1.0000 0.0182 0.0000 0.0000 0.0000 1.0000 0.0256 0.0156 0.0000 0.0000 0.0000
0.9375 0.0000 0.0000 0.0638 0.0000 0.2951 0.0000 0.0952 0.0000 0.0000 0.0000
1.0000 0.0000 0.0000 0.0667 0.0000 0.0000 0.0000 0.0217 0.0000 0.0000 0.0000
0.9600 0.0000 0.0000 0.0000 0.0000 0.8361 0.0000 0.0000 0.0000 0.0000 0.0000
1.0000 0.3269 0.1250 0.0000 0.0000 0.0000 0.0159 0.0000 0.5370 0.0000 0.0000
1.0000 0.0000 0.0000 0.0000 0.0000 0.0000 0.0000 0.0000 0.0175 0.0154 0.0000
0.9787 0.0806 0.1333 0.0000 0.0000 0.0000 0.0213 0.0000 0.1754 0.0185 0.0000
1.0000 0.2703 0.2791 0.0370 0.0408 0.0000 0.0435 0.0000 0.0256 0.0000 0.0000
1.0000 0.8810 0.0000 0.0000 0.6154 0.0189 0.0000 0.0000 0.0000 0.1765 0.0000
1.0000 0.0417 0.0000 0.0000 0.0426 0.0182 0.0000 0.0000 0.0000 0.0000 0.0000
0.9811 0.0000 0.0000 0.0000 0.0000 0.0000 0.0000 0.0000 0.0962 0.0000 0.0000
1.0000 0.2500 0.0392 0.2593 0.0000 0.0000 0.0000 0.0000 0.0000 0.0469 0.0000
1.0000 0.8000 0.0000 0.2895 0.0000 0.0000 0.0000 0.0000 0.0000 0.0000 0.0000
0.9722 0.0000 0.0000 0.0213 0.0000 0.0213 0.0182 0.1364 0.0000 0.0000 0.0000
0.8367 0.0652 0.1837 0.0000 0.0000 0.0000 0.0000 0.0926 0.0000 0.0000 0.0000
1.0000 0.0000 0.0000 0.0000 0.0000 0.8636 0.0000 0.7000 0.0000 0.0000 0.0000
1.0000 0.0000 0.0000 0.0000 0.0000 0.3818 0.0000 0.0000 0.0000 0.0000 0.0000
1.0000 0.0000 0.0000 0.0217 0.0000 0.7458 0.0222 0.1091 0.0000 0.0000 0.0000
0.9608 0.3519 0.0000 0.0000 0.1404 0.0000 0.0000 0.0000 0.0833 0.0000 0.0000
1.0000 0.8750 0.0000 0.0000 0.1064 0.0000 0.0000 0.0227 0.1538 0.0000 0.0000
1.0000 0.0000 0.0000 0.0000 0.0196 0.7826 0.0000 0.4118 0.0000 0.1667 0.0000
1.0000 0.6809 0.0000 0.0577 0.0000 0.0000 0.0000 0.0000 0.0000 0.0000 0.0000
1.0000 0.8222 0.0000 0.5918 0.0645 0.0000 0.0000 0.0000 0.0000 0.0000 0.0000
1.0000 0.0556 0.0000 0.0000 0.0000 0.6250 0.0000 0.0204 0.0000 0.3333 0.0000
0.9787 0.8983 0.0000 0.0000 0.2571 0.0000 0.0000 0.0167 0.0000 0.0000 0.0000
1.0000 0.5714 0.0161 0.5333 0.0000 0.0000 0.0000 0.0000 0.0000 0.0000 0.0000
1.0000 0.0000 0.0000 0.0000 0.0000 0.7143 0.0588 0.0000 0.0000 0.0000 0.0000
1.0000 0.0000 0.0000 0.0385 0.0000 0.0556 0.0000 0.0000 0.0000 0.0000 0.0000
1.0000 0.0233 0.0000 0.0000 0.0000 0.0435 0.0000 0.0000 0.0000 0.0000 0.0000
1.0000 0.0204 0.0448 0.0000 0.0408 0.3000 0.0000 0.2885 0.0000 0.0000 0.0000
1.0000 0.2917 0.0000 0.0000 0.0000 0.0000 0.0000 0.0500 0.0000 0.0000 0.0000
0.9348 0.5000 0.0833 0.0000 0.0625 0.0000 0.0000 0.0000 0.4091 0.0000 0.0000
1.0000 0.6909 0.0000 0.0968 0.0000 0.0312 0.0000 0.0577 0.0000 0.0588 0.0000
1.0000 0.3958 0.2979 0.0000 0.0192 0.0000 0.0698 0.0000 0.3958 0.1333 0.0000
0.9388 0.0000 0.0577 0.0500 0.0000 0.8704 0.0000 0.1552 0.0000 0.0185 0.0000
1.0000 0.6809 0.0000 0.2143 0.0000 0.0000 0.0167 0.0444 0.0000 0.0426 0.0000
1.0000 0.0000 0.0000 0.0000 0.0000 0.5111 0.0200 0.0000 0.0000 0.2889 0.0000
0.9111 0.0192 0.0000 0.0000 0.0000 0.0000 0.0364 0.0000 0.0000 0.0164 0.0000
1.0000 0.0000 0.0000 0.0000 0.0200 0.0690 0.0000 0.0000 0.0000 0.0000 0.0000
1.0000 0.3478 0.0000 0.0000 0.0000 0.0000 0.0385 0.0732 0.5217 0.0377 0.0000
1.0000 0.2000 0.4390 0.0000 0.0000 0.0000 0.1395 0.0345 0.2340 0.0000 0.0000
1.0000 0.3556 0.4643 0.0227 0.0000 0.0000 0.0000 0.0000 0.0233 0.0000 0.0000
1.0000 0.0000 0.0000 0.0000 0.0000 0.6774 0.0000 0.6863 0.0000 0.0204 0.0000
1.0000 0.0000 0.0000 0.0000 0.0000 0.8387 0.0000 0.0000 0.0000 1.0000 0.0000
1.0000 0.4167 0.0000 0.0000 0.0000 0.0400 0.0769 0.0000 0.0000 0.0000 0.0000
0.9808 0.6591 0.0000 0.0000 0.0000 0.0000 0.0000 0.0000 0.0000 0.1042 0.0000
1.0000 0.5472 0.0000 0.0263 0.0566 0.0000 0.0000 0.0000 0.0000 0.0000 0.0000
1.0000 0.0000 0.0000 0.0000 0.0250 0.6393 0.0169 0.0000 0.0000 0.0000 0.0000
1.0000 0.5306 0.2308 0.0000 0.0000 0.0333 0.1071 0.0000 0.6538 0.0000 0.0000
1.0000 0.5116 0.1786 0.0000 0.0000 0.0000 0.0377 0.0816 0.1296 0.0000 0.0000
1.0000 0.2459 0.4615 0.0000 0.0000 0.0000 0.0000 0.0000 0.0000 0.1458 0.0000
1.0000 0.1591 0.3571 0.0000 0.0000 0.0000 0.0000 0.0000 0.0000 0.0000 0.0000
0.9565 0.4706 0.0000 0.0517 0.3542 0.0161 0.0588 0.0217 0.0408 0.0000 0.0000
1.0000 0.6154 0.2923 0.0000 0.0000 0.0000 0.3065 0.0000 0.0784 0.0000 0.0000
0.9792 0.6792 0.2143 0.0154 0.0000 0.0152 0.0000 0.0000 0.0000 0.0000 0.0000
1.0000 0.0000 0.0000 0.0000 0.1333 0.3400 0.0588 0.0000 0.0000 0.0976 0.0000
1.0000 0.0000 0.0000 0.0000 0.0000 0.1111 0.0000 0.0000 0.0444 0.0000 0.0000
1.0000 0.4255 0.0000 0.0000 0.0000 0.0000 0.0000 0.0000 0.0000 0.0000 0.0000
1.0000 0.2368 0.4615 0.0000 0.0000 0.0172 0.0000 0.0000 0.0000 0.0000 0.0000
0.8772 0.5882 0.2727 0.0000 0.0000 0.0000 0.0000 0.0000 0.0000 0.0213 0.0000
0.9600 0.0000 0.0185 0.0000 0.0000 0.0000 0.0172 0.0000 0.0250 0.0000 0.0000
1.0000 0.0577 0.4909 0.0000 0.0000 0.0000 0.1000 0.0000 0.1552 0.0000 0.0000
1.0000 0.1905 0.4727 0.0000 0.0000 0.0000 0.0000 0.0000 0.0000 0.0000 0.0000
0.9512 0.0000 0.0000 0.0000 0.0426 0.3962 0.0000 0.0000 0.0000 0.2609 0.0000
1.0000 0.0000 0.0000 0.0213 0.0000 0.8209 0.0000 0.0000 0.0000 0.0000 0.0000
1.0000 0.7812 0.0000 0.0000 0.6600 0.0000 0.0000 0.0000 0.0000 0.0000 0.0000
1.0000 0.0000 0.0244 0.0000 0.0000 0.0000 0.0000 0.0000 0.0000 0.0000 0.0000
1.0000 0.2364 0.2692 0.0000 0.0000 0.0000 0.0000 0.0000 0.0000 0.0000 0.0000
1.0000 0.0000 0.0000 0.0000 0.0000 0.3721 0.0000 0.4000 0.0000 0.0000 0.0000
1.0000 0.8333 0.0000 0.0000 0.0000 0.0000 0.0000 0.0000 0.0000 0.0426 0.0000
1.0000 0.0000 0.0400 0.0000 0.0351 0.0000 0.0889 0.0000 0.0000 0.0000 0.0000
1.0000 0.0652 0.0000 0.0000 0.0000 0.6512 0.0000 0.0000 0.0000 0.0000 0.0000
0.9574 0.0000 0.0000 0.0000 0.0000 0.5000 0.0000 0.0200 0.0000 0.0545 0.0000
1.0000 0.0000 0.0000 0.0189 0.0000 0.9302 0.0000 0.0000 0.0000 0.4286 0.0000
1.0000 0.4516 0.2653 0.0208 0.0000 0.0000 0.0600 0.0000 0.0000 0.0000 0.0000
0.9688 0.0000 0.0357 0.0000 0.0164 0.7400 0.1346 0.0000 0.0000 0.0000 0.0000
0.9667 0.5600 0.0000 0.8000 0.0000 0.0000 0.0000 0.0000 0.0185 0.0000 0.0000
1.0000 0.4359 0.0000 0.2667 0.0000 0.0000 0.0000 0.0000 0.0000 0.0196 0.0000
0.9762 0.1875 0.0000 0.0000 0.0000 0.0000 0.0000 0.0000 0.0000 0.0345 0.0000
1.0000 0.0000 0.0000 0.0000 0.0000 0.9556 0.0000 0.0222 0.0000 0.0000 0.0000
1.0000 0.0000 0.0000 0.0000 0.0000 0.0000 0.0000 0.0200 0.0000 0.0185 0.0000
1.0000 0.5510 0.3077 0.0000 0.0000 0.0000 0.0238 0.0000 0.0000 0.0000 0.0000
1.0000 0.9848 0.0000 0.0000 0.8696 0.0000 0.0000 0.0000 0.0000 0.0000 0.0000
1.0000 0.7292 0.0154 0.0175 0.0000 0.0000 0.0000 0.0227 0.0000 0.0000 0.0000
1.0000 0.0943 0.4400 0.0000 0.0000 0.0000 0.0000 0.0000 0.2692 0.0000 0.0000
0.9483 0.0000 0.0000 0.0000 0.1053 0.5849 0.0000 0.5714 0.0000 0.0000 0.0000
1.0000 0.0508 0.0488 0.0000 0.0172 0.6667 0.0000 0.0000 0.0000 0.0000 0.0000
0.9265 0.7556 0.0000 0.0000 0.3684 0.0192 0.0357 0.0000 0.0000 0.0000 0.0000
1.0000 0.0000 0.0200 0.0000 0.0000 0.5902 0.0000 0.0000 0.0179 0.0556 0.0000
1.0000 0.0000 0.0000 0.0000 0.0000 0.0000 0.0000 0.0000 0.0213 0.0000 0.0000
1.0000 0.8906 0.0000 0.2549 0.0426 0.0000 0.0000 0.0000 0.0189 0.2000 0.0000
1.0000 0.7347 0.0000 0.0000 0.0000 0.0000 0.1304 0.0000 0.2424 0.0357 0.0000
1.0000 0.0000 0.0000 0.0678 0.0000 1.0000 0.0000 0.0175 0.0000 0.2222 0.0000
1.0000 0.0000 0.0577 0.0000 0.0000 0.8462 0.0000 0.0333 0.0000 0.3600 0.0000
0.8571 0.5000 0.3415 0.0625 0.0000 0.0000 0.0172 0.0000 0.0500 0.0000 0.0000
