46 27 42 0 6 1 16 0 0 0 0
43 28 0 4 0 4 24 0 0 0 0
40 18 0 0 0 0 0 7 0 10 0
38 37 0 3 0 0 0 12 9 14 0
38 17 0 1 0 1 0 8 2 11 0
42 31 5 0 1 27 0 0 5 0 0
40 10 0 0 0 1 14 0 0 1 0
45 9 0 1 0 0 5 29 1 0 0
52 44 33 0 0 9 0 0 0 0 0
41 39 0 7 0 0 0 0 0 0 0
51 40 0 0 0 0 0 0 0 14 0
39 42 0 42 0 0 0 15 0 1 0
58 33 2 0 0 0 10 0 0 0 0
54 33 1 3 0 0 3 2 2 0 0
55 21 1 0 0 1 0 4 0 2 0
48 53 0 20 2 1 0 12 0 0 0
35 29 0 0 0 0 0 11 0 13 0
54 29 0 0 0 0 1 10 8 15 0
37 31 0 0 0 0 0 21 0 42 0
49 19 0 1 0 0 1 0 0 0 0
52 29 0 0 0 0 0 18 1 30 0
60 15 3 0 1 0 0 9 0 0 0
51 36 0 27 0 0 0 5 0 5 0
48 17 0 0 0 0 34 0 1 0 0
52 0 2 1 2 0 1 0 0 0 0
47 19 5 1 0 0 1 4 0 1 0
54 38 32 0 14 0 4 0 2 4 0
54 11 0 0 0 1 1 24 25 8 0
42 4 0 0 2 1 28 0 0 0 0
51 41 21 0 4 6 6 0 1 0 0
50 7 0 1 0 0 0 23 0 13 0
50 11 0 0 0 0 26 0 1 0 0
53 40 30 0 5 15 0 0 0 0 0
49 24 9 0 1 23 2 0 0 0 0
53 16 0 0 0 1 1 1 0 0 0
44 22 0 0 0 2 0 0 0 0 0
51 36 0 0 0 0 0 0 0 0 0
36 11 1 3 0 1 15 0 0 0 0
55 14 4 0 0 0 36 4 0 0 0
52 33 0 5 0 0 0 5 0 0 0
44 9 0 0 0 0 0 1 0 1 0
51 23 0 0 2 0 0 6 10 45 0
52 2 0 0 5 0 31 0 0 0 0
50 11 0 0 0 0 0 19 0 0 0
57 12 0 0 0 0 3 0 0 0 0
45 7 1 0 0 0 0 30 0 0 0
47 36 16 0 12 2 4 0 0 0 0
55 0 0 0 0 0 2 0 0 0 0
43 19 3 0 0 13 0 0 0 0 0
49 39 11 0 1 11 6 3 2 0 0
56 23 0 0 0 2 0 13 0 0 0
51 0 0 0 0 1 0 0 0 0 0
53 0 1 0 0 0 2 12 0 4 0
54 40 13 0 11 4 12 0 0 0 0
51 11 0 0 2 0 0 3 0 2 0
45 4 0 5 0 0 0 27 0 0 0
49 43 0 0 0 0 8 1 0 1 0
33 30 1 6 0 0 0 0 0 0 0
51 17 4 2 0 10 16 0 0 0 0
61 45 1 0 0 7 8 1 0 0 0
55 33 3 2 0 0 0 9 0 1 0
47 31 0 1 0 0 0 34 6 10 0
50 25 0 1 0 0 4 23 0 29 0
57 0 0 0 16 0 0 0 0 0 0
51 50 19 0 19 0 12 0 2 5 0
49 23 19 0 14 2 27 0 0 0 0
59 12 0 0 0 0 0 16 9 14 0
43 19 0 1 0 5 0 0 0 0 0
47 34 1 0 0 0 0 2 0 4 0
45 15 1 0 0 0 15 2 0 0 0
55 16 13 1 4 4 20 0 0 5 0
57 0 0 5 0 1 0 0 0 0 0
37 16 1 1 0 0 5 13 0 11 0
33 6 0 0 0 0 0 25 0 0 0
45 19 0 0 0 0 4 18 3 8 0
62 13 0 1 0 0 0 32 0 0 0
55 9 0 0 0 0 38 0 2 0 0
61 21 0 0 0 3 0 9 11 5 0
40 21 0 5 0 0 0 13 0 0 0
54 27 0 0 0 0 0 42 13 4 0
52 0 0 0 0 0 0 2 0 0 0
52 42 0 3 0 0 0 0 0 0 0
49 18 0 0 2 0 48 0 0 0 0
55 29 0 0 0 0 0 1 0 14 0
55 38 0 0 0 0 11 1 1 0 0
38 32 0 0 0 0 3 16 4 13 0
52 26 5 1 9 0 0 18 0 7 0
45 23 1 0 0 0 0 14 7 2 0
49 40 6 0 0 12 11 0 0 0 0
48 20 1 0 0 0 4 0 0 0 0
53 38 19 0 1 13 4 3 0 1 0
48 0 0 0 2 0 1 0 0 0 0
51 38 22 0 0 0 7 0 1 0 0
49 27 6 0 1 12 10 1 0 0 0
44 8 0 6 0 1 0 13 0 0 0
53 11 0 2 0 2 0 12 0 0 0
51 40 5 0 0 0 13 1 0 0 0
38 24 0 0 0 0 0 4 0 17 0
50 16 0 7 0 0 1 24 1 0 0
55 4 0 0 0 0 1 0 1 0 0
