46 42 65 50 45 57 54 49 52 38 0
43 49 48 55 38 41 44 36 45 63 0
40 51 66 53 53 54 47 47 59 57 0
38 60 42 48 54 45 54 58 49 46 0
38 45 28 44 45 37 40 52 40 47 0
42 53 64 44 59 53 43 65 56 51 0
40 44 46 64 52 41 43 46 47 53 0
45 42 48 55 47 64 56 41 59 38 0
52 56 50 41 40 52 47 55 61 45 0
43 41 49 53 48 46 56 57 47 41 0
51 49 40 47 41 51 60 50 50 41 0
39 57 45 59 58 41 34 41 44 53 0
58 44 49 48 50 51 58 51 50 46 0
54 50 59 55 39 47 46 52 55 62 0
55 52 57 47 49 60 51 66 39 47 0
48 61 66 44 48 24 47 47 47 51 0
39 49 49 59 47 55 51 55 48 48 0
54 42 53 54 49 61 48 45 54 55 0
38 57 49 54 46 40 55 54 46 65 0
49 39 58 57 52 57 40 47 50 51 0
52 43 55 49 62 41 46 50 47 62 0
60 38 46 50 60 52 46 66 51 43 0
51 50 49 44 43 59 54 41 48 48 0
48 60 56 59 58 45 49 47 50 46 0
52 46 43 38 45 36 47 55 50 54 0
47 51 45 39 43 38 55 52 57 50 0
54 48 40 50 63 40 43 43 46 44 0
54 58 49 52 47 52 54 40 55 65 0
51 42 50 44 46 39 46 42 59 46 0
51 58 40 61 54 43 44 46 43 53 0
50 55 46 29 46 50 45 48 48 52 0
50 45 59 45 51 61 50 49 42 46 0
53 62 46 53 43 50 50 53 55 45 0
49 42 54 64 49 58 44 53 47 55 0
53 51 54 40 46 42 55 47 51 52 0
44 43 47 58 53 48 46 43 48 53 0
51 52 61 44 48 46 42 41 38 56 0
42 48 51 49 68 61 48 39 60 49 0
55 60 48 57 51 64 51 46 60 49 0
52 62 62 49 50 46 49 55 54 41 0
44 47 42 43 53 42 52 60 52 54 0
51 42 38 57 36 50 50 37 45 56 0
52 47 47 51 60 59 49 52 45 58 0
50 51 49 55 47 44 66 42 42 38 0
57 48 53 54 49 51 50 42 48 47 0
45 50 52 39 49 51 49 62 48 53 0
50 50 51 60 61 40 50 52 41 51 0
57 53 72 39 62 59 45 52 57 53 0
43 50 51 45 43 50 44 40 58 42 0
49 51 54 49 48 52 41 54 51 50 0
56 44 50 50 58 60 48 61 48 49 0
51 46 45 51 54 54 57 56 67 43 0
53 51 51 47 51 65 52 39 54 44 0
54 54 44 40 53 57 48 48 52 43 0
51 47 59 58 49 56 48 45 59 46 0
45 53 46 41 49 45 41 54 53 67 0
49 58 56 37 52 62 61 44 59 53 0
33 42 63 45 46 45 38 42 42 53 0
54 54 45 40 60 46 50 50 54 52 0
61 51 53 49 38 47 60 39 36 64 0
55 50 42 65 40 45 46 48 49 49 0
47 44 57 40 58 47 53 54 48 34 0
50 56 45 51 53 55 45 63 35 55 0
57 46 60 52 50 39 51 46 36 49 0
51 50 48 49 48 48 50 47 48 54 0
50 44 53 59 49 56 59 53 52 57 0
59 37 52 60 38 43 47 56 46 54 0
43 44 55 49 54 56 59 52 49 39 0
48 41 45 52 47 42 39 64 61 52 0
46 52 54 55 49 59 53 48 44 56 0
55 58 42 40 46 58 57 44 45 45 0
57 58 52 51 35 40 49 64 43 47 0
37 45 46 66 46 43 49 43 47 48 0
33 43 47 43 55 54 51 48 58 39 0
45 47 49 49 49 52 47 68 50 43 0
62 44 50 54 52 44 41 56 55 50 0
55 49 63 54 40 48 65 38 51 45 0
61 54 58 53 44 55 46 35 44 47 0
40 57 42 59 52 66 47 45 44 46 0
54 52 57 64 47 49 47 47 48 53 0
53 53 57 51 46 55 52 40 48 51 0
52 65 65 47 39 49 54 51 42 57 0
49 45 52 48 46 59 54 37 60 61 0
55 46 63 44 46 52 58 50 42 43 0
55 57 49 59 43 47 59 49 35 47 0
38 56 43 47 47 43 47 39 48 59 0
52 47 42 38 51 50 36 60 52 48 0
45 51 58 57 51 42 60 54 50 44 0
49 53 47 48 44 41 56 54 51 43 0
56 47 42 49 75 52 53 48 44 42 0
54 47 63 48 52 55 52 41 52 42 0
55 58 41 47 36 48 44 49 56 49 0
51 49 48 60 50 53 47 54 55 43 0
51 54 44 52 58 54 48 53 55 52 0
45 53 60 49 48 36 48 47 61 52 0
53 48 48 41 34 54 47 51 52 52 0
51 57 63 52 53 51 63 59 56 55 0
38 54 37 65 42 61 65 58 51 49 0
50 41 50 58 53 47 37 48 52 47 0
55 52 44 39 56 51 56 37 50 57 0
