1.0000 0.6429 0.6462 0.0000 0.1333 0.0175 0.2963 0.0000 0.0000 0.0000 0.0000
1.0000 0.5714 0.0000 0.0727 0.0000 0.0976 0.5455 0.0000 0.0000 0.0000 0.0000
1.0000 0.3529 0.0000 0.0000 0.0000 0.0000 0.0000 0.1489 0.0000 0.1754 0.0000
1.0000 0.6167 0.0000 0.0625 0.0000 0.0000 0.0000 0.2069 0.1837 0.3043 0.0000
1.0000 0.3778 0.0000 0.0227 0.0000 0.0270 0.0000 0.1538 0.0500 0.2340 0.0000
1.0000 0.5849 0.0781 0.0000 0.0169 0.5094 0.0000 0.0000 0.0893 0.0000 0.0000
1.0000 0.2273 0.0000 0.0000 0.0000 0.0244 0.3256 0.0000 0.0000 0.0189 0.0000
1.0000 0.2143 0.0000 0.0182 0.0000 0.0000 0.0893 0.7073 0.0169 0.0000 0.0000
1.0000 0.7857 0.6600 0.0000 0.0000 0.1731 0.0000 0.0000 0.0000 0.0000 0.0000
0.9535 0.9512 0.0000 0.1321 0.0000 0.0000 0.0000 0.0000 0.0000 0.0000 0.0000
1.0000 0.8163 0.0000 0.0000 0.0000 0.0000 0.0000 0.0000 0.0000 0.3415 0.0000
1.0000 0.7368 0.0000 0.7119 0.0000 0.0000 0.0000 0.3659 0.0000 0.0189 0.0000
1.0000 0.7500 0.0408 0.0000 0.0000 0.0000 0.1724 0.0000 0.0000 0.0000 0.0000
1.0000 0.6600 0.0169 0.0545 0.0000 0.0000 0.0652 0.0385 0.0364 0.0000 0.0000
1.0000 0.4038 0.0175 0.0000 0.0000 0.0167 0.0000 0.0606 0.0000 0.0426 0.0000
1.0000 0.8689 0.0000 0.4545 0.0417 0.0417 0.0000 0.2553 0.0000 0.0000 0.0000
0.8974 0.5918 0.0000 0.0000 0.0000 0.0000 0.0000 0.2000 0.0000 0.2708 0.0000
1.0000 0.6905 0.0000 0.0000 0.0000 0.0000 0.0208 0.2222 0.1481 0.2727 0.0000
0.9737 0.5439 0.0000 0.0000 0.0000 0.0000 0.0000 0.3889 0.0000 0.6462 0.0000
1.0000 0.4872 0.0000 0.0175 0.0000 0.0000 0.0250 0.0000 0.0000 0.0000 0.0000
1.0000 0.6744 0.0000 0.0000 0.0000 0.0000 0.0000 0.3600 0.0213 0.4839 0.0000
1.0000 0.3947 0.0652 0.0000 0.0167 0.0000 0.0000 0.1364 0.0000 0.0000 0.0000
1.0000 0.7200 0.0000 0.6136 0.0000 0.0000 0.0000 0.1220 0.0000 0.1042 0.0000
1.0000 0.2833 0.0000 0.0000 0.0000 0.0000 0.6939 0.0000 0.0200 0.0000 0.0000
1.0000 0.0000 0.0465 0.0263 0.0444 0.0000 0.0213 0.0000 0.0000 0.0000 0.0000
1.0000 0.3725 0.1111 0.0256 0.0000 0.0000 0.0182 0.0769 0.0000 0.0200 0.0000
1.0000 0.7917 0.8000 0.0000 0.2222 0.0000 0.0930 0.0000 0.0435 0.0909 0.0000
1.0000 0.1897 0.0000 0.0000 0.0000 0.0192 0.0185 0.6000 0.4545 0.1231 0.0000
0.8235 0.0952 0.0000 0.0000 0.0435 0.0256 0.6087 0.0000 0.0000 0.0000 0.0000
1.0000 0.7069 0.5250 0.0000 0.0741 0.1395 0.1364 0.0000 0.0233 0.0000 0.0000
1.0000 0.1273 0.0000 0.0345 0.0000 0.0000 0.0000 0.4792 0.0000 0.2500 0.0000
1.0000 0.2444 0.0000 0.0000 0.0000 0.0000 0.5200 0.0000 0.0238 0.0000 0.0000
1.0000 0.6452 0.6522 0.0000 0.1163 0.3000 0.0000 0.0000 0.0000 0.0000 0.0000
1.0000 0.5714 0.1667 0.0000 0.0204 0.3966 0.0455 0.0000 0.0000 0.0000 0.0000
1.0000 0.3137 0.0000 0.0000 0.0000 0.0238 0.0182 0.0213 0.0000 0.0000 0.0000
1.0000 0.5116 0.0000 0.0000 0.0000 0.0417 0.0000 0.0000 0.0000 0.0000 0.0000
1.0000 0.6923 0.0000 0.0000 0.0000 0.0000 0.0000 0.0000 0.0000 0.0000 0.0000
0.8571 0.2292 0.0196 0.0612 0.0000 0.0164 0.3125 0.0000 0.0000 0.0000 0.0000
1.0000 0.2333 0.0833 0.0000 0.0000 0.0000 0.7059 0.0870 0.0000 0.0000 0.0000
1.0000 0.5323 0.0000 0.1020 0.0000 0.0000 0.0000 0.0909 0.0000 0.0000 0.0000
1.0000 0.1915 0.0000 0.0000 0.0000 0.0000 0.0000 0.0167 0.0000 0.0185 0.0000
1.0000 0.5476 0.0000 0.0000 0.0556 0.0000 0.0000 0.1622 0.2222 0.8036 0.0000
1.0000 0.0426 0.0000 0.0000 0.0833 0.0000 0.6327 0.0000 0.0000 0.0000 0.0000
1.0000 0.2157 0.0000 0.0000 0.0000 0.0000 0.0000 0.4524 0.0000 0.0000 0.0000
1.0000 0.2500 0.0000 0.0000 0.0000 0.0000 0.0600 0.0000 0.0000 0.0000 0.0000
1.0000 0.1400 0.0192 0.0000 0.0000 0.0000 0.0000 0.4839 0.0000 0.0000 0.0000
0.9400 0.7200 0.3137 0.0000 0.1967 0.0500 0.0800 0.0000 0.0000 0.0000 0.0000
0.9649 0.0000 0.0000 0.0000 0.0000 0.0000 0.0444 0.0000 0.0000 0.0000 0.0000
1.0000 0.3800 0.0588 0.0000 0.0000 0.2600 0.0000 0.0000 0.0000 0.0000 0.0000
1.0000 0.7647 0.2037 0.0000 0.0208 0.2115 0.1463 0.0556 0.0392 0.0000 0.0000
1.0000 0.5227 0.0000 0.0000 0.0000 0.0333 0.0000 0.2131 0.0000 0.0000 0.0000
1.0000 0.0000 0.0000 0.0000 0.0000 0.0185 0.0000 0.0000 0.0000 0.0000 0.0000
1.0000 0.0000 0.0196 0.0000 0.0000 0.0000 0.0385 0.3077 0.0000 0.0909 0.0000
1.0000 0.7407 0.2955 0.0000 0.2075 0.0702 0.2500 0.0000 0.0000 0.0000 0.0000
1.0000 0.2340 0.0000 0.0000 0.0408 0.0000 0.0000 0.0667 0.0000 0.0435 0.0000
1.0000 0.0755 0.0000 0.1220 0.0000 0.0000 0.0000 0.5000 0.0000 0.0000 0.0000
1.0000 0.7414 0.0000 0.0000 0.0000 0.0000 0.1311 0.0227 0.0000 0.0189 0.0000
1.0000 0.7143 0.0159 0.1333 0.0000 0.0000 0.0000 0.0000 0.0000 0.0000 0.0000
0.9444 0.3148 0.0889 0.0500 0.0000 0.2174 0.3200 0.0000 0.0000 0.0000 0.0000
1.0000 0.8824 0.0189 0.0000 0.0000 0.1489 0.1333 0.0256 0.0000 0.0000 0.0000
1.0000 0.6600 0.0714 0.0308 0.0000 0.0000 0.0000 0.1875 0.0000 0.0204 0.0000
1.0000 0.7045 0.0000 0.0250 0.0000 0.0000 0.0000 0.6296 0.1250 0.2941 0.0000
1.0000 0.4464 0.0000 0.0196 0.0000 0.0000 0.0889 0.3651 0.0000 0.5273 0.0000
1.0000 0.0000 0.0000 0.0000 0.3200 0.0000 0.0000 0.0000 0.0000 0.0000 0.0000
1.0000 1.0000 0.3958 0.0000 0.3958 0.0000 0.2400 0.0000 0.0417 0.0926 0.0000
0.9800 0.5227 0.3585 0.0000 0.2857 0.0357 0.4576 0.0000 0.0000 0.0000 0.0000
1.0000 0.3243 0.0000 0.0000 0.0000 0.0000 0.0000 0.2857 0.1957 0.2593 0.0000
1.0000 0.4318 0.0000 0.0204 0.0000 0.0893 0.0000 0.0000 0.0000 0.0000 0.0000
0.9792 0.8293 0.0222 0.0000 0.0000 0.0000 0.0000 0.0312 0.0000 0.0769 0.0000
0.9783 0.2885 0.0185 0.0000 0.0000 0.0000 0.2830 0.0417 0.0000 0.0000 0.0000
1.0000 0.2759 0.3095 0.0250 0.0870 0.0690 0.3509 0.0000 0.0000 0.1111 0.0000
1.0000 0.0000 0.0000 0.0980 0.0000 0.0250 0.0000 0.0000 0.0000 0.0000 0.0000
1.0000 0.3556 0.0217 0.0152 0.0000 0.0000 0.1020 0.3023 0.0000 0.2292 0.0000
1.0000 0.1395 0.0000 0.0000 0.0000 0.0000 0.0000 0.5208 0.0000 0.0000 0.0000
1.0000 0.4043 0.0000 0.0000 0.0000 0.0000 0.0851 0.2647 0.0600 0.1860 0.0000
1.0000 0.2955 0.0000 0.0185 0.0000 0.0000 0.0000 0.5714 0.0000 0.0000 0.0000
1.0000 0.1837 0.0000 0.0000 0.0000 0.0000 0.5846 0.0000 0.0392 0.0000 0.0000
1.0000 0.3889 0.0000 0.0000 0.0000 0.0545 0.0000 0.2571 0.2500 0.1064 0.0000
1.0000 0.3684 0.0000 0.0847 0.0000 0.0000 0.0000 0.2889 0.0000 0.0000 0.0000
1.0000 0.5192 0.0000 0.0000 0.0000 0.0000 0.0000 0.8936 0.2708 0.0755 0.0000
0.9811 0.0000 0.0000 0.0000 0.0000 0.0000 0.0000 0.0500 0.0000 0.0000 0.0000
1.0000 0.6462 0.0000 0.0638 0.0000 0.0000 0.0000 0.0000 0.0000 0.0000 0.0000
1.0000 0.4000 0.0000 0.0000 0.0435 0.0000 0.8889 0.0000 0.0000 0.0000 0.0000
1.0000 0.6304 0.0000 0.0000 0.0000 0.0000 0.0000 0.0200 0.0000 0.3256 0.0000
1.0000 0.6667 0.0000 0.0000 0.0000 0.0000 0.1864 0.0204 0.0286 0.0000 0.0000
1.0000 0.5714 0.0000 0.0000 0.0000 0.0000 0.0638 0.4103 0.0833 0.2203 0.0000
1.0000 0.5532 0.1190 0.0263 0.1765 0.0000 0.0000 0.3000 0.0000 0.1458 0.0000
1.0000 0.4510 0.0172 0.0000 0.0000 0.0000 0.0000 0.2593 0.1400 0.0455 0.0000
1.0000 0.7547 0.1277 0.0000 0.0000 0.2927 0.1964 0.0000 0.0000 0.0000 0.0000
0.8571 0.4255 0.0238 0.0000 0.0000 0.0000 0.0755 0.0000 0.0000 0.0000 0.0000
0.9815 0.8085 0.3016 0.0000 0.0192 0.2364 0.0769 0.0732 0.0000 0.0238 0.0000
0.8727 0.0000 0.0000 0.0000 0.0556 0.0000 0.0227 0.0000 0.0000 0.0000 0.0000
1.0000 0.7755 0.4583 0.0000 0.0000 0.0000 0.1489 0.0000 0.0182 0.0000 0.0000
0.9608 0.5000 0.1364 0.0000 0.0172 0.2222 0.2083 0.0189 0.0000 0.0000 0.0000
0.9778 0.1509 0.0000 0.1224 0.0000 0.0278 0.0000 0.2766 0.0000 0.0000 0.0000
1.0000 0.2292 0.0000 0.0488 0.0000 0.0370 0.0000 0.2353 0.0000 0.0000 0.0000
1.0000 0.7018 0.0794 0.0000 0.0000 0.0000 0.2063 0.0169 0.0000 0.0000 0.0000
1.0000 0.4444 0.0000 0.0000 0.0000 0.0000 0.0000 0.0690 0.0000 0.3469 0.0000
1.0000 0.3902 0.0000 0.1207 0.0000 0.0000 0.0270 0.5000 0.0192 0.0000 0.0000
1.0000 0.0769 0.0000 0.0000 0.0000 0.0000 0.0179 0.0000 0.0200 0.0000 0.0000
