56 46 57 48 46 0
60 57 48 40 40 0
48 43 42 41 53 0
51 47 57 39 46 0
45 48 55 36 44 0
65 45 48 54 46 0
49 46 59 58 51 0
44 48 48 41 56 0
41 58 40 47 46 0
50 59 44 66 51 0
51 62 55 54 49 0
41 45 39 52 39 0
48 43 49 39 44 0
51 65 44 56 31 0
51 47 57 48 56 0
61 38 47 47 50 0
44 55 65 45 37 0
58 49 46 44 46 0
48 59 53 49 44 0
50 51 46 55 38 0
58 47 45 62 57 0
45 36 54 62 53 0
55 65 40 55 49 0
39 58 57 54 49 0
47 53 47 37 64 0
47 46 69 60 45 0
57 58 42 60 52 0
54 49 54 62 51 0
46 48 38 47 58 0
53 52 47 49 52 0
51 38 57 48 48 0
59 54 53 44 43 0
46 53 33 38 58 0
42 46 56 45 45 0
57 60 60 59 38 0
48 45 51 57 51 0
49 47 51 44 59 0
53 48 45 63 55 0
51 42 49 63 44 0
46 58 42 44 37 0
55 54 55 59 50 0
50 36 37 50 59 0
46 47 50 54 48 0
45 61 50 50 53 0
59 74 43 45 50 0
55 42 54 58 45 0
54 52 63 57 41 0
48 52 45 55 43 0
42 43 53 47 55 0
52 43 54 49 53 0
41 54 56 52 52 0
50 43 49 54 41 0
42 58 46 55 44 0
59 53 47 39 63 0
46 55 57 38 52 0
48 44 53 53 58 0
58 54 43 45 38 0
64 70 39 57 64 0
46 45 61 56 64 0
45 41 48 62 56 0
47 45 58 44 46 0
50 45 53 45 64 0
51 52 62 56 51 0
46 48 59 46 47 0
44 66 50 39 60 0
50 53 34 50 46 0
53 51 69 53 55 0
43 43 64 51 43 0
64 62 48 45 50 0
51 56 46 66 52 0
46 44 69 40 46 0
44 42 56 60 41 0
56 53 54 45 55 0
59 47 42 50 50 0
42 64 57 45 50 0
58 49 48 45 62 0
61 40 60 52 66 0
58 45 38 46 50 0
56 66 53 51 38 0
58 50 75 45 53 0
49 55 50 54 58 0
48 49 47 51 59 0
44 55 43 42 55 0
51 47 55 57 52 0
57 60 64 54 51 0
55 37 46 59 60 0
56 51 54 48 54 0
40 47 61 39 59 0
62 66 55 52 49 0
45 60 49 40 44 0
50 48 49 48 36 0
50 54 65 49 50 0
68 52 39 53 47 0
56 46 49 39 41 0
47 44 48 67 43 0
54 47 48 49 58 0
37 54 49 44 51 0
49 42 39 48 60 0
39 49 57 46 55 0
66 40 44 58 55 0
55 53 59 60 48 0
61 62 55 52 41 0
50 42 42 47 39 0
60 48 50 52 42 0
63 34 59 53 49 0
46 48 56 34 41 0
60 39 49 46 64 0
50 55 51 54 56 0
55 43 42 58 41 0
49 58 46 43 35 0
55 51 48 63 34 0
56 58 49 42 48 0
41 44 45 52 50 0
48 41 53 46 42 0
58 51 51 41 50 0
53 47 57 70 43 0
59 57 47 47 46 0
64 45 44 49 48 0
53 49 40 55 52 0
31 46 39 57 48 0
62 54 47 49 49 0
59 52 51 56 49 0
53 36 51 58 53 0
47 55 46 44 45 0
50 50 49 58 49 0
50 51 42 55 44 0
47 38 51 52 44 0
64 53 29 54 43 0
49 53 38 51 62 0
48 52 59 40 39 0
59 53 45 38 62 0
57 51 26 48 51 0
49 53 57 46 62 0
45 52 59 30 60 0
47 46 37 49 44 0
59 47 48 57 62 0
54 47 57 45 56 0
50 42 53 58 48 0
55 45 52 69 43 0
57 48 54 47 59 0
49 53 46 44 41 0
50 59 42 57 50 0
42 49 50 45 62 0
44 56 33 38 40 0
56 43 49 64 45 0
56 62 62 48 49 0
52 49 58 54 49 0
51 53 62 53 51 0
43 57 47 38 55 0
54 55 60 38 39 0
53 46 39 52 59 0
49 46 55 55 41 0
38 37 45 48 48 0
47 46 49 53 65 0
53 52 44 52 42 0
43 50 53 49 52 0
54 53 51 44 54 0
43 49 54 59 55 0
35 43 57 57 37 0
49 45 44 47 46 0
48 50 44 46 63 0
50 41 43 48 49 0
45 52 53 51 54 0
47 46 60 48 52 0
55 52 51 43 55 0
49 42 48 47 50 0
43 41 49 55 54 0
45 39 47 49 43 0
42 51 50 52 49 0
57 37 53 59 45 0
53 49 56 52 57 0
45 51 45 44 48 0
50 53 43 62 59 0
44 46 56 34 49 0
48 62 56 41 46 0
67 49 53 43 63 0
37 51 58 62 59 0
48 43 56 57 44 0
48 48 35 62 52 0
53 48 47 44 46 0
54 51 58 47 58 0
50 51 57 36 45 0
41 53 46 41 43 0
37 44 48 57 40 0
57 62 40 40 61 0
52 42 45 35 58 0
48 57 48 70 33 0
49 46 51 39 51 0
48 56 38 53 53 0
66 41 61 50 51 0
40 51 51 47 68 0
52 56 47 65 51 0
50 61 62 49 42 0
60 52 55 36 54 0
47 47 55 44 60 0
52 41 51 44 61 0
53 54 51 48 57 0
54 54 59 41 44 0
53 43 45 54 52 0
53 49 42 52 45 0
50 45 49 59 54 0
55 51 57 51 57 0
54 53 47 44 55 0
50 47 55 58 48 0
47 58 49 43 53 0
50 56 49 53 52 0
48 48 59 38 49 0
38 51 33 44 56 0
42 52 45 46 47 0
57 56 45 35 47 0
49 43 51 58 38 0
40 49 59 51 50 0
52 54 39 43 51 0
47 49 57 49 51 0
51 59 50 48 57 0
43 53 46 50 57 0
61 58 51 51 54 0
58 44 42 49 58 0
53 52 54 52 56 0
58 41 60 46 62 0
49 64 39 58 42 0
52 51 73 60 52 0
35 40 47 43 52 0
62 49 61 55 49 0
57 47 45 51 46 0
50 45 44 41 59 0
48 51 39 47 54 0
48 49 36 52 49 0
46 57 48 51 43 0
49 51 54 49 57 0
51 48 46 63 47 0
54 57 38 51 51 0
52 56 35 45 45 0
53 49 44 43 51 0
55 40 47 54 62 0
36 32 37 42 39 0
56 51 42 52 50 0
49 49 47 45 53 0
46 38 47 64 40 0
53 61 54 42 48 0
49 64 50 55 47 0
51 47 64 46 57 0
52 51 56 48 42 0
49 63 56 44 47 0
58 54 50 42 56 0
63 51 41 51 49 0
51 39 50 50 43 0
50 45 41 50 37 0
47 49 47 44 49 0
46 52 56 58 55 0
57 43 44 51 57 0
39 54 55 50 48 0
40 51 56 58 50 0
55 42 43 43 47 0
40 47 58 55 45 0
46 55 44 64 48 0
50 53 55 46 66 0
45 39 53 44 57 0
41 46 39 39 70 0
45 58 45 64 55 0
50 65 53 45 38 0
54 60 36 45 42 0
55 46 40 44 50 0
47 41 46 48 50 0
41 54 39 58 52 0
67 55 53 49 55 0
46 57 58 58 61 0
56 44 44 65 50 0
45 48 54 56 60 0
51 48 45 64 45 0
63 46 38 50 50 0
47 46 40 55 56 0
65 60 52 52 63 0
56 50 47 56 49 0
42 41 36 48 53 0
56 60 47 49 56 0
42 38 53 54 40 0
61 49 34 48 49 0
41 43 52 54 49 0
43 48 44 53 64 0
61 56 55 43 54 0
64 42 56 45 49 0
61 56 66 54 49 0
46 45 52 48 42 0
48 57 37 40 42 0
55 55 46 51 39 0
55 46 52 41 50 0
58 60 52 59 46 0
54 48 35 42 44 0
55 52 55 55 52 0
56 43 54 55 50 0
40 42 46 50 48 0
44 60 45 52 52 0
36 43 44 55 37 0
52 43 44 44 60 0
51 37 46 53 50 0
59 49 41 48 47 0
59 62 44 69 57 0
66 65 45 54 53 0
41 48 45 47 64 0
36 40 44 43 48 0
49 59 50 40 64 0
46 54 48 44 42 0
55 58 41 48 52 0
49 52 49 55 47 0
41 38 51 52 43 0
50 41 52 57 58 0
66 49 57 57 62 0
53 57 57 43 50 0
49 48 44 59 44 0
43 42 61 52 55 0
50 51 51 44 38 0
53 36 51 46 44 0
48 48 41 55 52 0
46 37 66 55 46 0
57 55 57 43 48 0
45 67 45 49 44 0
37 44 51 40 40 0
51 49 59 50 54 0
45 45 52 52 60 0
47 42 44 55 57 0
38 50 55 47 50 0
49 65 48 62 45 0
49 46 46 45 50 0
49 56 56 56 66 0
53 59 55 49 46 0
52 58 56 49 50 0
62 38 54 58 41 0
53 52 51 46 48 0
44 51 54 40 39 0
45 42 55 60 58 0
52 56 56 53 46 0
52 50 47 57 51 0
48 44 48 54 54 0
54 54 50 56 59 0
54 52 53 42 43 0
58 41 45 56 50 0
55 65 48 42 42 0
60 37 54 53 45 0
44 50 58 55 55 0
57 57 53 45 57 0
41 47 48 44 50 0
50 43 56 48 56 0
55 38 52 58 55 0
40 44 55 47 41 0
51 41 50 56 56 0
56 42 61 55 49 0
62 46 51 51 44 0
52 54 54 49 42 0
46 54 32 58 47 0
57 42 44 39 43 0
44 48 42 55 52 0
53 60 57 46 58 0
52 46 50 42 51 0
45 40 55 47 45 0
36 41 49 40 56 0
59 54 48 62 44 0
49 42 48 51 51 0
42 50 42 53 67 0
40 43 55 52 48 0
40 52 53 59 65 0
52 38 50 46 47 0
56 52 64 57 54 0
55 48 46 59 63 0
38 56 44 45 53 0
46 51 55 46 55 0
57 60 51 56 65 0
53 55 48 55 47 0
50 38 36 61 39 0
59 70 47 58 47 0
60 41 44 46 38 0
45 50 50 62 49 0
51 52 48 45 64 0
48 50 41 58 54 0
46 54 45 44 59 0
38 50 46 46 61 0
57 42 61 56 42 0
55 45 41 59 52 0
60 55 46 50 55 0
47 48 47 57 51 0
59 35 59 47 57 0
52 54 49 56 40 0
58 60 54 55 38 0
57 50 44 42 41 0
50 58 55 48 46 0
56 47 50 44 46 0
47 49 38 32 40 0
44 53 51 58 36 0
49 45 36 51 44 0
59 44 57 46 49 0
40 62 43 46 44 0
50 39 46 51 65 0
43 43 51 51 47 0
51 47 42 40 53 0
45 55 58 58 49 0
49 53 57 51 57 0
43 63 52 57 55 0
54 40 45 41 46 0
56 52 58 56 58 0
53 52 41 40 47 0
56 51 51 48 50 0
49 35 45 54 49 0
44 37 50 48 46 0
50 49 52 54 52 0
54 39 43 61 64 0
43 49 50 43 46 0
49 45 44 57 56 0
51 50 56 61 53 0
41 39 51 45 41 0
54 50 47 42 45 0
44 50 52 43 50 0
52 51 35 52 46 0
54 59 41 41 58 0
56 64 49 35 47 0
52 57 43 53 41 0
46 47 51 42 59 0
62 59 42 49 45 0
63 52 45 46 37 0
44 54 54 58 54 0
53 44 48 50 45 0
58 49 49 38 32 0
55 59 54 34 41 0
45 41 44 44 47 0
51 46 46 41 46 0
59 54 50 61 54 0
54 44 49 59 50 0
45 54 59 55 46 0
49 54 48 48 43 0
55 41 49 50 48 0
51 44 52 39 43 0
56 55 66 44 52 0
58 51 47 44 48 0
55 50 51 58 58 0
58 40 44 62 55 0
56 39 47 49 45 0
51 50 62 52 56 0
56 56 39 45 45 0
46 53 46 48 38 0
57 55 40 50 52 0
56 35 48 52 39 0
55 37 36 56 47 0
51 48 54 44 58 0
38 63 67 49 38 0
37 41 41 54 36 0
61 50 55 48 54 0
49 40 44 43 66 0
47 42 50 39 56 0
57 40 40 45 65 0
60 56 50 55 54 0
51 58 61 53 50 0
48 53 50 47 46 0
54 46 48 52 59 0
47 53 52 62 55 0
55 45 43 45 61 0
61 56 48 43 52 0
47 46 50 35 49 0
38 53 56 47 51 0
35 55 42 46 42 0
49 46 48 55 39 0
56 35 51 41 49 0
42 44 59 61 47 0
54 49 43 46 50 0
45 47 32 50 40 0
46 47 42 48 40 0
59 58 45 42 55 0
50 51 55 55 42 0
49 57 43 52 49 0
51 39 45 54 47 0
49 54 51 44 43 0
50 64 53 61 40 0
47 52 52 48 49 0
39 74 40 45 45 0
58 53 39 48 54 0
46 54 60 47 49 0
78 46 56 40 42 0
54 58 43 45 52 0
48 52 51 51 48 0
47 48 56 60 54 0
45 45 59 58 49 0
53 62 56 49 54 0
49 51 55 51 45 0
49 53 48 53 41 0
53 52 47 70 42 0
60 51 56 45 50 0
57 50 49 48 52 0
50 49 39 39 57 0
52 65 48 43 50 0
52 52 58 44 50 0
40 55 51 57 47 0
44 59 55 57 49 0
51 51 46 53 49 0
46 37 42 65 57 0
49 63 48 50 33 0
55 51 51 51 47 0
65 47 46 37 51 0
38 64 61 48 36 0
40 51 61 45 60 0
60 44 57 52 65 0
34 45 41 49 47 0
55 57 50 46 46 0
