51 28 37 0 3 0 1 4 1 0 0 0 1 0 0 0
47 52 0 0 4 0 3 0 0 0 0 0 0 0 0 0
63 20 0 0 0 0 0 32 11 0 6 1 1 4 0 0
51 32 4 0 0 0 1 0 1 26 0 0 23 0 0 0
53 11 0 0 0 0 0 1 0 0 2 0 1 0 0 0
56 19 0 0 0 0 0 2 13 0 1 7 0 0 2 0
39 19 0 15 0 2 11 1 0 0 0 0 0 0 1 0
49 31 4 1 0 0 0 0 0 28 0 0 6 0 0 0
56 32 0 16 0 0 3 0 0 0 0 3 5 0 0 0
50 19 0 0 0 0 0 35 18 0 0 0 0 4 1 0
47 1 0 0 0 0 39 0 1 0 0 0 0 0 0 0
38 2 6 0 0 0 0 20 1 0 0 2 1 5 0 0
49 11 6 0 8 0 2 4 1 4 0 0 1 0 0 0
47 10 0 0 0 0 0 7 0 3 0 0 0 0 0 0
45 25 12 0 0 1 0 0 0 26 5 7 0 0 0 0
43 64 1 0 3 0 0 0 0 5 0 0 0 1 0 0
42 41 0 0 0 0 1 0 0 18 4 0 2 2 0 0
47 55 35 1 30 0 0 0 0 6 0 0 4 0 25 0
49 23 21 1 17 0 2 2 0 5 1 0 0 2 5 0
34 8 0 5 4 0 37 0 0 0 0 31 0 0 0 0
48 56 29 0 15 0 0 0 0 13 0 0 0 0 0 0
51 17 6 9 0 0 12 1 0 0 1 0 0 0 2 0
49 32 0 3 0 0 29 0 0 0 0 6 0 10 1 0
48 39 20 4 14 15 0 0 0 9 0 0 4 0 0 0
39 23 0 22 0 22 13 0 0 1 0 0 0 0 0 0
46 16 0 9 0 0 0 0 0 0 0 1 0 0 0 0
50 26 0 0 0 0 0 0 1 0 0 0 0 0 0 0
48 30 1 0 0 2 0 0 0 0 0 4 0 2 0 0
48 35 0 0 0 5 12 1 0 0 0 0 0 0 0 0
43 39 11 1 0 0 0 0 0 30 6 0 0 2 1 0
42 20 6 0 0 1 0 1 0 5 0 0 0 0 0 0
44 29 0 0 0 0 0 0 0 1 0 0 0 0 0 0
45 18 0 0 0 0 6 0 0 0 0 0 0 2 0 0
50 18 0 0 0 0 27 0 0 0 0 0 0 0 0 0
51 47 0 29 0 0 2 0 0 0 0 0 0 0 3 0
46 16 0 0 0 0 3 33 11 0 0 0 0 1 0 0
44 31 0 19 0 0 23 0 0 0 0 0 0 0 0 0
51 32 0 5 0 11 20 0 2 0 2 0 0 0 0 0
47 23 0 0 0 0 0 18 0 0 1 0 18 0 0 0
50 33 31 0 26 0 2 0 1 0 1 0 0 0 0 0
50 0 0 0 1 0 0 0 2 0 0 5 0 0 1 0
50 32 13 3 0 2 0 0 0 18 0 10 0 0 0 0
50 11 0 0 0 0 0 36 0 0 0 0 0 26 0 0
45 41 0 8 0 5 0 0 0 0 0 3 0 0 0 0
51 26 30 0 25 0 0 0 2 5 1 0 0 0 7 0
48 57 2 0 0 0 0 0 0 0 0 0 0 0 0 0
51 6 0 0 0 0 0 42 14 1 0 1 0 6 0 0
48 1 2 0 0 0 0 37 0 0 1 0 4 0 0 0
53 1 0 0 0 0 7 43 30 0 6 0 0 20 2 0
61 4 0 0 0 0 2 25 0 0 1 0 0 0 0 0
