1.0000 0.5833 0.6167 0.0000 0.0652 0.0000 0.0250 0.0800 0.0208 0.0000 0.0000 0.0000 0.0196 0.0000 0.0000 0.0000
1.0000 0.9455 0.0000 0.0000 0.0889 0.0000 0.0588 0.0000 0.0000 0.0000 0.0000 0.0000 0.0000 0.0000 0.0000 0.0000
0.9844 0.4762 0.0000 0.0000 0.0000 0.0000 0.0000 0.5926 0.2075 0.0000 0.1091 0.0208 0.0189 0.0870 0.0000 0.0000
1.0000 0.6809 0.0930 0.0000 0.0000 0.0000 0.0217 0.0000 0.0217 0.4643 0.0000 0.0000 0.4600 0.0000 0.0000 0.0000
1.0000 0.2115 0.0000 0.0000 0.0000 0.0000 0.0000 0.0200 0.0000 0.0000 0.0377 0.0000 0.0185 0.0000 0.0000 0.0000
1.0000 0.3878 0.0000 0.0000 0.0000 0.0000 0.0000 0.0333 0.2708 0.0000 0.0189 0.1429 0.0000 0.0000 0.0400 0.0000
1.0000 0.3585 0.0000 0.2500 0.0000 0.0408 0.2075 0.0192 0.0000 0.0000 0.0000 0.0000 0.0000 0.0000 0.0185 0.0000
1.0000 0.7045 0.0833 0.0167 0.0000 0.0000 0.0000 0.0000 0.0000 0.4667 0.0000 0.0000 0.1176 0.0000 0.0000 0.0000
1.0000 0.7273 0.0000 0.3721 0.0000 0.0000 0.0625 0.0000 0.0000 0.0000 0.0000 0.0625 0.1190 0.0000 0.0000 0.0000
0.9804 0.3276 0.0000 0.0000 0.0000 0.0000 0.0000 0.6604 0.3396 0.0000 0.0000 0.0000 0.0000 0.0656 0.0217 0.0000
0.9216 0.0204 0.0000 0.0000 0.0000 0.0000 0.6500 0.0000 0.0182 0.0000 0.0000 0.0000 0.0000 0.0000 0.0000 0.0000
1.0000 0.0435 0.1364 0.0000 0.0000 0.0000 0.0000 0.4000 0.0222 0.0000 0.0000 0.0408 0.0192 0.1316 0.0000 0.0000
1.0000 0.2292 0.1091 0.0000 0.1951 0.0000 0.0556 0.0889 0.0159 0.1000 0.0000 0.0000 0.0189 0.0000 0.0000 0.0000
1.0000 0.2128 0.0000 0.0000 0.0000 0.0000 0.0000 0.1458 0.0000 0.0667 0.0000 0.0000 0.0000 0.0000 0.0000 0.0000
1.0000 0.8929 0.2727 0.0000 0.0000 0.0250 0.0000 0.0000 0.0000 0.6190 0.0943 0.1094 0.0000 0.0000 0.0000 0.0000
1.0000 0.9846 0.0179 0.0000 0.0750 0.0000 0.0000 0.0000 0.0000 0.1220 0.0000 0.0000 0.0000 0.0189 0.0000 0.0000
1.0000 0.8542 0.0000 0.0000 0.0000 0.0000 0.0244 0.0000 0.0000 0.3462 0.0714 0.0000 0.0488 0.0500 0.0000 0.0000
1.0000 1.0000 0.5738 0.0222 0.6977 0.0000 0.0000 0.0000 0.0000 0.1304 0.0000 0.0000 0.0851 0.0000 0.4902 0.0000
1.0000 0.5750 0.4468 0.0244 0.3333 0.0000 0.0400 0.0400 0.0000 0.1282 0.0175 0.0000 0.0000 0.0345 0.1220 0.0000
1.0000 0.1951 0.0000 0.0943 0.0690 0.0000 0.7551 0.0000 0.0000 0.0000 0.0000 0.6078 0.0000 0.0000 0.0000 0.0000
0.9600 0.9492 0.5273 0.0000 0.3191 0.0000 0.0000 0.0000 0.0000 0.2364 0.0000 0.0000 0.0000 0.0000 0.0000 0.0000
1.0000 0.2576 0.1538 0.1915 0.0000 0.0000 0.1818 0.0227 0.0000 0.0000 0.0213 0.0000 0.0000 0.0000 0.0513 0.0000
1.0000 0.6531 0.0000 0.0638 0.0000 0.0000 0.5273 0.0000 0.0000 0.0000 0.0000 0.1132 0.0000 0.2041 0.0164 0.0000
1.0000 0.8667 0.3704 0.0727 0.3684 0.2632 0.0000 0.0000 0.0000 0.2250 0.0000 0.0000 0.0870 0.0000 0.0000 0.0000
1.0000 0.3966 0.0000 0.4231 0.0000 0.5500 0.2766 0.0000 0.0000 0.0192 0.0000 0.0000 0.0000 0.0000 0.0000 0.0000
1.0000 0.3200 0.0000 0.1452 0.0000 0.0000 0.0000 0.0000 0.0000 0.0000 0.0000 0.0152 0.0000 0.0000 0.0000 0.0000
1.0000 0.5306 0.0000 0.0000 0.0000 0.0000 0.0000 0.0000 0.0208 0.0000 0.0000 0.0000 0.0000 0.0000 0.0000 0.0000
0.9796 0.6383 0.0200 0.0000 0.0000 0.0435 0.0000 0.0000 0.0000 0.0000 0.0000 0.0727 0.0000 0.0370 0.0000 0.0000
0.9412 0.7778 0.0000 0.0000 0.0000 0.0909 0.2308 0.0175 0.0000 0.0000 0.0000 0.0000 0.0000 0.0000 0.0000 0.0000
1.0000 0.9070 0.2391 0.0227 0.0000 0.0000 0.0000 0.0000 0.0000 0.5769 0.1111 0.0000 0.0000 0.0308 0.0196 0.0000
1.0000 0.4000 0.1364 0.0000 0.0000 0.0217 0.0000 0.0169 0.0000 0.0980 0.0000 0.0000 0.0000 0.0000 0.0000 0.0000
1.0000 0.6304 0.0000 0.0000 0.0000 0.0000 0.0000 0.0000 0.0000 0.0200 0.0000 0.0000 0.0000 0.0000 0.0000 0.0000
1.0000 0.3051 0.0000 0.0000 0.0000 0.0000 0.1224 0.0000 0.0000 0.0000 0.0000 0.0000 0.0000 0.0465 0.0000 0.0000
1.0000 0.3396 0.0000 0.0000 0.0000 0.0000 0.5000 0.0000 0.0000 0.0000 0.0000 0.0000 0.0000 0.0000 0.0000 0.0000
1.0000 0.8704 0.0000 0.6304 0.0000 0.0000 0.0426 0.0000 0.0000 0.0000 0.0000 0.0000 0.0000 0.0000 0.0625 0.0000
1.0000 0.3721 0.0000 0.0000 0.0000 0.0000 0.0492 0.7500 0.2292 0.0000 0.0000 0.0000 0.0000 0.0179 0.0000 0.0000
0.9167 0.6078 0.0000 0.2794 0.0000 0.0000 0.5897 0.0000 0.0000 0.0000 0.0000 0.0000 0.0000 0.0000 0.0000 0.0000
1.0000 0.6957 0.0000 0.1020 0.0000 0.1774 0.3226 0.0000 0.0400 0.0000 0.0408 0.0000 0.0000 0.0000 0.0000 0.0000
1.0000 0.5476 0.0000 0.0000 0.0000 0.0000 0.0000 0.3462 0.0000 0.0000 0.0238 0.0000 0.3158 0.0000 0.0000 0.0000
1.0000 0.8919 0.6889 0.0000 0.5000 0.0000 0.0426 0.0000 0.0167 0.0000 0.0204 0.0000 0.0000 0.0000 0.0000 0.0000
0.9804 0.0000 0.0000 0.0000 0.0227 0.0000 0.0000 0.0000 0.0526 0.0000 0.0000 0.0943 0.0000 0.0000 0.0196 0.0000
1.0000 0.7619 0.2708 0.0638 0.0000 0.0400 0.0000 0.0000 0.0000 0.3529 0.0000 0.1613 0.0000 0.0000 0.0000 0.0000
1.0000 0.2157 0.0000 0.0000 0.0000 0.0000 0.0000 0.8780 0.0000 0.0000 0.0000 0.0000 0.0000 0.4194 0.0000 0.0000
1.0000 0.7885 0.0000 0.1509 0.0000 0.1000 0.0000 0.0000 0.0000 0.0000 0.0000 0.0750 0.0000 0.0000 0.0000 0.0000
1.0000 0.4815 0.6122 0.0000 0.4808 0.0000 0.0000 0.0000 0.0400 0.0893 0.0227 0.0000 0.0000 0.0000 0.1167 0.0000
1.0000 0.9344 0.0417 0.0000 0.0000 0.0000 0.0000 0.0000 0.0000 0.0000 0.0000 0.0000 0.0000 0.0000 0.0000 0.0000
1.0000 0.1176 0.0000 0.0000 0.0000 0.0000 0.0000 0.7778 0.3182 0.0185 0.0000 0.0227 0.0000 0.1132 0.0000 0.0000
1.0000 0.0208 0.0385 0.0000 0.0000 0.0000 0.0000 0.6379 0.0000 0.0000 0.0208 0.0000 0.0678 0.0000 0.0000 0.0000
1.0000 0.0217 0.0000 0.0000 0.0000 0.0000 0.1296 0.8113 0.4478 0.0000 0.1034 0.0000 0.0000 0.3846 0.0323 0.0000
1.0000 0.0909 0.0000 0.0000 0.0000 0.0000 0.0317 0.5556 0.0000 0.0000 0.0263 0.0000 0.0000 0.0000 0.0000 0.0000
