	cell1	cell1	cell2	cell2	cell3	cell3	cell4	cell4	cell5	cell5	cell6	cell6	cell7	cell7	cell8	cell8	cell9	cell9	cell10	cell10	cell11	cell11	cell12	cell12	cell13	cell13	cell14	cell14	cell15	cell15	cell16	cell16	cell17	cell17	cell18	cell18	cell19	cell19	cell20	cell20	cell21	cell21	cell22	cell22	cell23	cell23	cell24	cell24	cell25	cell25	cell26	cell26	cell27	cell27	cell28	cell28	cell29	cell29	cell30	cell30	cell31	cell31	cell32	cell32	cell33	cell33	cell34	cell34	cell35	cell35	cell36	cell36	cell37	cell37	cell38	cell38	cell39	cell39	cell40	cell40	cell41	cell41	cell42	cell42	cell43	cell43	cell44	cell44	cell45	cell45	cell46	cell46	cell47	cell47	cell48	cell48	cell49	cell49	cell50	cell50
mut15	0	51	0	47	1	63	0	51	0	53	0	56	0	39	0	49	0	56	1	50	4	47	0	38	0	49	0	47	0	45	0	43	0	42	0	47	0	49	0	34	2	48	0	51	0	49	0	48	0	39	0	46	0	50	1	48	3	48	0	43	0	42	0	44	0	45	0	50	0	51	0	46	4	44	0	51	0	47	0	50	1	50	0	50	0	50	0	45	0	51	0	48	0	51	0	48	0	53	0	61
mut1	20	28	3	52	22	20	15	32	41	11	30	19	34	19	13	31	12	32	39	19	48	1	44	2	37	11	37	10	3	25	1	64	7	41	0	55	17	23	33	8	3	56	49	17	17	32	6	39	35	23	34	16	23	26	17	30	10	35	4	39	30	20	17	29	41	18	35	18	7	47	27	16	20	31	14	32	19	23	4	33	49	0	10	32	40	11	11	41	28	26	4	57	45	6	47	1	45	1	40	4
mut2	23	37	47	0	51	0	39	4	46	0	48	0	62	0	44	4	33	0	44	0	54	0	38	6	49	6	59	0	32	12	55	1	55	0	26	35	26	21	44	0	26	29	33	6	59	0	34	20	57	0	47	0	44	0	49	1	39	0	35	11	38	6	43	0	45	0	55	0	40	0	48	0	49	0	60	0	43	0	14	31	55	0	35	13	60	0	57	0	19	30	46	2	47	0	50	2	41	0	59	0
mut3	54	0	44	0	52	0	64	0	53	0	48	0	45	15	59	1	27	16	50	0	41	0	59	0	38	0	57	0	45	0	51	0	47	0	44	1	40	1	48	5	39	0	38	9	44	3	51	4	30	22	53	9	43	0	46	0	43	0	43	1	46	0	53	0	51	0	45	0	17	29	53	0	49	19	44	5	53	0	56	0	47	0	44	3	61	0	45	8	48	0	49	0	51	0	43	0	49	0	53	0
mut4	43	3	41	4	49	0	57	0	60	0	45	0	37	0	43	0	57	0	52	0	38	0	46	0	33	8	38	0	37	0	37	3	64	0	13	30	34	17	54	4	32	15	48	0	55	0	24	14	57	0	60	0	59	0	52	0	38	0	54	0	39	0	50	0	61	0	49	0	42	0	51	0	61	0	52	0	42	0	26	26	43	1	45	0	40	0	43	0	27	25	51	0	65	0	51	0	45	0	33	0
mut5	59	0	44	0	58	0	51	0	51	0	48	0	47	2	50	0	65	0	37	0	43	0	42	0	44	0	60	0	39	1	44	0	56	0	41	0	60	0	44	0	46	0	61	0	51	0	42	15	18	22	38	0	54	0	44	2	50	5	58	0	45	1	55	0	50	0	42	0	55	0	52	0	48	0	51	11	52	0	47	0	66	0	48	2	50	0	45	5	41	0	46	0	52	0	47	0	41	0	42	0
mut6	39	1	48	3	46	0	45	1	52	0	39	0	42	11	40	0	45	3	48	0	21	39	65	0	34	2	42	0	52	0	46	0	40	1	49	0	48	2	12	37	52	0	54	12	26	29	49	0	34	13	46	0	41	0	43	0	40	12	49	0	42	0	46	0	43	6	27	27	45	2	58	3	16	23	42	20	60	0	45	2	42	0	52	0	52	0	51	0	54	0	45	0	39	0	59	0	47	7	61	2
mut7	46	4	50	0	22	32	45	0	49	1	58	2	51	1	71	0	40	0	18	35	48	0	30	20	41	4	41	7	40	0	64	0	59	0	53	0	48	2	48	0	55	0	43	1	48	0	54	0	50	0	50	0	48	0	38	0	56	1	52	0	58	1	29	0	42	0	64	0	51	0	11	33	60	0	49	0	34	18	51	0	42	0	39	0	5	36	45	0	51	0	51	0	12	42	21	37	10	43	20	25
mut8	47	1	51	0	42	11	45	1	47	0	35	13	55	0	58	0	49	0	35	18	54	1	44	1	62	1	54	0	47	0	52	0	38	0	48	0	41	0	50	0	62	0	48	0	48	0	46	0	51	0	60	0	47	1	45	0	50	0	47	0	46	0	46	0	46	0	49	0	52	0	37	11	49	0	48	2	54	0	59	1	36	2	49	0	51	0	43	0	48	2	54	0	30	14	49	0	37	30	46	0
mut9	40	0	47	0	58	0	30	26	66	0	39	0	54	0	32	28	60	0	46	0	42	0	57	0	36	4	42	3	16	26	36	5	34	18	40	6	34	5	51	0	42	13	24	0	54	0	31	9	51	1	52	0	48	0	36	0	54	0	22	30	46	5	49	1	53	0	58	0	44	0	46	0	55	0	46	0	51	0	59	0	57	0	33	18	57	0	50	0	51	5	54	0	53	1	56	0	49	0	45	0
mut10	46	0	44	0	49	6	39	0	51	2	52	1	42	0	53	0	55	0	63	0	56	0	54	0	51	0	54	0	48	5	43	0	52	4	56	0	56	1	58	0	52	0	46	1	42	0	55	0	43	0	46	0	60	0	47	0	48	0	48	6	58	0	45	0	62	0	44	0	43	0	42	0	60	0	47	2	41	1	48	1	48	0	49	0	53	0	44	0	43	1	57	0	54	0	47	1	52	6	37	1
mut11	43	0	50	0	47	1	46	0	49	0	42	7	48	0	37	0	45	3	56	0	67	0	47	2	66	0	58	0	57	7	46	0	50	0	57	0	45	0	20	31	57	0	47	0	47	6	54	0	55	0	65	1	56	0	51	4	40	0	40	0	40	0	48	0	46	0	53	0	47	0	41	0	48	0	55	0	38	0	52	0	48	5	52	10	72	0	37	3	50	0	56	0	43	1	45	0	56	0	42	0
mut12	50	1	51	0	52	1	27	23	53	1	49	0	47	0	45	6	37	5	53	0	53	0	51	1	52	1	49	0	44	0	47	0	39	2	43	4	59	0	50	0	47	0	47	0	54	0	42	4	49	0	51	0	59	0	50	0	50	0	55	0	61	0	48	0	53	0	47	0	58	0	38	0	57	0	54	0	39	18	45	0	54	0	48	0	39	0	58	0	50	0	67	0	40	0	55	4	37	0	42	0
mut13	49	0	57	0	42	4	54	0	49	0	46	0	48	0	59	0	58	0	57	4	53	0	33	5	53	0	46	0	59	0	52	1	38	2	41	0	56	2	46	0	49	0	51	0	39	10	65	0	62	0	43	0	58	0	52	2	63	0	63	2	54	0	52	0	41	2	55	0	53	0	55	1	51	0	41	0	36	0	58	0	49	0	53	0	36	26	42	0	58	0	43	0	47	6	46	0	32	20	53	0
mut14	62	0	51	0	61	0	55	0	70	0	48	2	53	1	64	0	42	0	45	1	59	0	43	0	54	0	38	0	53	0	45	0	52	0	26	25	36	5	54	0	60	0	37	2	60	1	49	0	41	0	51	0	45	0	47	0	40	0	50	1	43	0	50	0	50	0	53	0	45	3	42	0	64	0	44	0	50	0	50	0	50	1	50	0	59	0	49	0	53	7	53	0	57	0	45	0	60	2	54	0
