0.2373 0.0962 0.6665 0.0000 0.0000 0.0000 0.0000 0.0000 0.0000 0.0000 0.0000 0.0000 0.0000 0.0000 0.0000
0.1244 0.8234 0.0000 0.0000 0.0000 0.0000 0.0521 0.0000 0.0000 0.0000 0.0000 0.0000 0.0000 0.0000 0.0000
0.2481 0.3401 0.0000 0.0000 0.0000 0.0000 0.0000 0.2389 0.0692 0.0000 0.0000 0.0000 0.0000 0.1037 0.0000
0.2383 0.2354 0.0536 0.0000 0.0000 0.0000 0.0000 0.0000 0.0000 0.3780 0.0000 0.0000 0.0947 0.0000 0.0000
0.6434 0.2418 0.0000 0.0000 0.0000 0.0000 0.0000 0.1149 0.0000 0.0000 0.0000 0.0000 0.0000 0.0000 0.0000
0.4970 0.2541 0.0000 0.0000 0.0000 0.0000 0.0000 0.1196 0.1294 0.0000 0.0000 0.0000 0.0000 0.0000 0.0000
0.2725 0.1331 0.0000 0.3499 0.0000 0.0000 0.2445 0.0000 0.0000 0.0000 0.0000 0.0000 0.0000 0.0000 0.0000
0.0584 0.2854 0.1180 0.0000 0.0000 0.0000 0.0000 0.0000 0.0000 0.3262 0.0000 0.0000 0.2120 0.0000 0.0000
0.3512 0.2394 0.0000 0.2636 0.0000 0.0000 0.1458 0.0000 0.0000 0.0000 0.0000 0.0000 0.0000 0.0000 0.0000
0.2831 0.0769 0.0000 0.0000 0.0000 0.0000 0.0000 0.1525 0.2421 0.0000 0.0000 0.0000 0.0000 0.2454 0.0000
0.2590 0.1128 0.0000 0.0000 0.0000 0.0000 0.6282 0.0000 0.0000 0.0000 0.0000 0.0000 0.0000 0.0000 0.0000
0.4382 0.1078 0.0000 0.0000 0.0000 0.0000 0.0000 0.1420 0.1785 0.0000 0.0000 0.0000 0.0000 0.1335 0.0000
0.1089 0.4036 0.0000 0.0000 0.0000 0.0000 0.0000 0.4226 0.0649 0.0000 0.0000 0.0000 0.0000 0.0000 0.0000
0.6542 0.2520 0.0000 0.0000 0.0000 0.0000 0.0000 0.0939 0.0000 0.0000 0.0000 0.0000 0.0000 0.0000 0.0000
0.0831 0.1569 0.2860 0.0000 0.0540 0.0000 0.0000 0.0000 0.0000 0.1057 0.3144 0.0000 0.0000 0.0000 0.0000
0.0742 0.9258 0.0000 0.0000 0.0000 0.0000 0.0000 0.0000 0.0000 0.0000 0.0000 0.0000 0.0000 0.0000 0.0000
0.1536 0.4743 0.0502 0.0000 0.0000 0.0000 0.0000 0.0000 0.0000 0.3219 0.0000 0.0000 0.0000 0.0000 0.0000
0.0806 0.0774 0.1380 0.0000 0.0582 0.0000 0.0000 0.0000 0.0000 0.0502 0.0000 0.0000 0.0000 0.0000 0.5956
0.2820 0.2709 0.0830 0.0000 0.1355 0.0000 0.0000 0.0000 0.0000 0.0579 0.0000 0.0000 0.0000 0.0000 0.1707
0.2472 0.0713 0.0000 0.0817 0.0000 0.0000 0.1643 0.0000 0.0000 0.0000 0.0000 0.4355 0.0000 0.0000 0.0000
0.0699 0.2567 0.1370 0.0000 0.3119 0.0000 0.0000 0.0000 0.0000 0.2245 0.0000 0.0000 0.0000 0.0000 0.0000
0.3671 0.1146 0.0000 0.2963 0.0000 0.0000 0.2220 0.0000 0.0000 0.0000 0.0000 0.0000 0.0000 0.0000 0.0000
0.3035 0.1513 0.0000 0.1013 0.0000 0.0000 0.1930 0.0000 0.0000 0.0000 0.0000 0.2509 0.0000 0.0000 0.0000
0.1751 0.1164 0.2729 0.0000 0.2299 0.0000 0.0000 0.0000 0.0000 0.2056 0.0000 0.0000 0.0000 0.0000 0.0000
0.0939 0.0544 0.0000 0.2079 0.0000 0.4244 0.2193 0.0000 0.0000 0.0000 0.0000 0.0000 0.0000 0.0000 0.0000
0.5215 0.4785 0.0000 0.0000 0.0000 0.0000 0.0000 0.0000 0.0000 0.0000 0.0000 0.0000 0.0000 0.0000 0.0000
0.5959 0.4041 0.0000 0.0000 0.0000 0.0000 0.0000 0.0000 0.0000 0.0000 0.0000 0.0000 0.0000 0.0000 0.0000
0.2454 0.7546 0.0000 0.0000 0.0000 0.0000 0.0000 0.0000 0.0000 0.0000 0.0000 0.0000 0.0000 0.0000 0.0000
0.2335 0.4258 0.0000 0.0704 0.0000 0.0836 0.1867 0.0000 0.0000 0.0000 0.0000 0.0000 0.0000 0.0000 0.0000
0.0645 0.2444 0.1031 0.0000 0.0739 0.0000 0.0000 0.0000 0.0000 0.3849 0.1292 0.0000 0.0000 0.0000 0.0000
0.3912 0.3760 0.1404 0.0000 0.0000 0.0000 0.0000 0.0000 0.0000 0.0923 0.0000 0.0000 0.0000 0.0000 0.0000
0.2691 0.6758 0.0000 0.0000 0.0000 0.0000 0.0000 0.0552 0.0000 0.0000 0.0000 0.0000 0.0000 0.0000 0.0000
0.5069 0.3309 0.0000 0.0000 0.0000 0.0000 0.1622 0.0000 0.0000 0.0000 0.0000 0.0000 0.0000 0.0000 0.0000
0.1598 0.2618 0.0000 0.0000 0.0000 0.0000 0.5784 0.0000 0.0000 0.0000 0.0000 0.0000 0.0000 0.0000 0.0000
0.0825 0.5015 0.0000 0.3181 0.0000 0.0000 0.0978 0.0000 0.0000 0.0000 0.0000 0.0000 0.0000 0.0000 0.0000
0.0870 0.4121 0.0000 0.0000 0.0000 0.0000 0.0000 0.1614 0.3395 0.0000 0.0000 0.0000 0.0000 0.0000 0.0000
0.1203 0.1209 0.0000 0.2260 0.0000 0.0000 0.5327 0.0000 0.0000 0.0000 0.0000 0.0000 0.0000 0.0000 0.0000
0.1300 0.3713 0.0000 0.1254 0.0000 0.1318 0.2415 0.0000 0.0000 0.0000 0.0000 0.0000 0.0000 0.0000 0.0000
0.1156 0.5296 0.0000 0.0000 0.0000 0.0000 0.0000 0.3548 0.0000 0.0000 0.0000 0.0000 0.0000 0.0000 0.0000
0.1164 0.0688 0.2643 0.0000 0.4977 0.0000 0.0000 0.0000 0.0000 0.0527 0.0000 0.0000 0.0000 0.0000 0.0000
0.8575 0.1425 0.0000 0.0000 0.0000 0.0000 0.0000 0.0000 0.0000 0.0000 0.0000 0.0000 0.0000 0.0000 0.0000
0.2476 0.3924 0.0637 0.0000 0.0000 0.0000 0.0000 0.0000 0.0000 0.2964 0.0000 0.0000 0.0000 0.0000 0.0000
0.2675 0.0946 0.0000 0.0000 0.0000 0.0000 0.0000 0.1441 0.0563 0.0000 0.0000 0.0000 0.0000 0.4374 0.0000
0.1017 0.4796 0.0000 0.1430 0.0000 0.1315 0.1442 0.0000 0.0000 0.0000 0.0000 0.0000 0.0000 0.0000 0.0000
0.3003 0.1855 0.1264 0.0000 0.1356 0.0000 0.0000 0.0000 0.0000 0.1380 0.0000 0.0000 0.0000 0.0000 0.1142
0.1347 0.8653 0.0000 0.0000 0.0000 0.0000 0.0000 0.0000 0.0000 0.0000 0.0000 0.0000 0.0000 0.0000 0.0000
0.1345 0.2845 0.0000 0.0000 0.0000 0.0000 0.0000 0.0812 0.3839 0.0000 0.0000 0.0000 0.0000 0.1159 0.0000
0.3495 0.1100 0.0000 0.0000 0.0000 0.0000 0.0000 0.5404 0.0000 0.0000 0.0000 0.0000 0.0000 0.0000 0.0000
0.1188 0.0641 0.0000 0.0000 0.0000 0.0000 0.0000 0.2286 0.3085 0.0000 0.0000 0.0000 0.0000 0.2800 0.0000
0.2829 0.1012 0.0000 0.0000 0.0000 0.0000 0.0000 0.6159 0.0000 0.0000 0.0000 0.0000 0.0000 0.0000 0.0000
