52 26 44 0 0 0 0 11 0 2 0 0 0 0 0 0
49 3 0 0 1 0 27 0 0 0 0 0 0 0 0 0
54 0 1 0 0 0 1 22 7 2 0 0 0 0 0 0
43 41 9 2 8 3 0 0 0 0 0 1 0 1 0 0
56 0 0 1 0 5 1 9 0 0 0 0 0 0 0 0
64 40 25 0 14 0 0 0 0 2 0 6 6 0 6 0
58 47 4 1 1 5 0 0 0 18 11 1 0 0 0 0
57 0 0 0 2 0 2 0 0 0 0 0 0 0 0 0
56 0 1 1 0 0 0 2 1 0 1 2 0 3 1 0
52 18 0 0 0 1 3 0 0 0 0 1 0 0 0 0
51 11 0 0 0 0 0 5 0 3 0 2 1 0 3 0
49 49 16 0 0 0 0 0 0 18 1 0 0 0 0 0
64 19 23 0 1 0 0 0 3 0 0 0 0 0 0 0
40 46 22 0 19 0 0 0 0 0 0 0 0 0 0 0
47 0 0 0 0 1 0 27 14 0 1 0 0 8 1 0
52 0 0 0 0 0 0 0 0 0 0 0 0 1 0 0
46 42 0 0 0 0 0 0 0 0 0 0 0 0 0 0
53 17 0 0 0 33 0 0 2 1 0 0 0 0 0 0
46 6 0 0 0 1 23 2 0 0 0 1 1 0 0 0
48 0 0 0 0 0 3 0 1 1 0 0 0 0 0 0
60 0 0 0 0 2 0 45 9 3 1 0 0 0 0 0
50 1 0 1 0 0 56 0 0 0 0 0 1 0 1 0
58 8 5 0 0 0 0 0 2 0 0 0 0 7 0 0
39 41 42 1 0 0 0 0 0 0 0 0 0 0 0 0
60 43 14 8 0 0 0 0 2 0 0 0 0 0 0 0
43 28 0 0 0 4 0 3 0 8 11 2 10 0 7 0
70 49 8 0 2 13 0 0 0 25 20 1 7 0 0 0
55 13 0 0 0 0 0 4 0 0 5 0 0 4 0 0
52 51 26 1 20 0 0 0 0 1 0 3 1 0 23 0
57 42 12 1 14 5 0 1 3 0 1 1 0 5 5 0
50 20 9 9 0 2 1 0 0 2 0 0 0 6 1 0
60 46 16 0 4 8 0 1 0 13 5 5 3 1 0 0
41 42 20 1 0 1 1 3 0 0 0 0 0 0 0 0
78 37 3 0 1 9 0 0 0 27 9 2 7 0 0 0
42 0 1 0 0 0 27 1 0 0 0 0 0 0 0 0
46 49 33 0 0 0 0 0 2 0 0 0 0 0 0 0
59 0 0 0 0 2 0 8 0 1 1 0 0 0 0 0
62 23 8 0 0 0 0 0 5 8 0 0 0 0 0 0
54 0 0 0 0 0 12 0 0 0 0 0 0 0 0 0
62 0 0 0 0 1 30 5 0 4 0 29 0 0 0 0
40 16 4 0 1 0 3 0 0 1 0 0 1 0 0 0
52 47 37 4 43 0 0 0 0 0 0 3 0 0 17 0
37 25 0 0 0 1 0 0 0 8 0 1 2 0 0 0
67 45 0 0 0 0 0 0 0 0 0 0 0 0 0 0
48 0 0 1 1 0 29 0 0 0 0 0 0 0 1 0
52 0 0 1 3 0 46 0 4 0 0 5 0 1 0 0
47 0 2 2 0 0 1 46 13 0 0 7 5 3 0 0
47 48 0 2 0 5 7 0 0 3 4 0 0 0 0 0
48 35 10 0 0 5 0 1 0 4 0 0 0 0 0 0
44 5 1 0 1 0 0 0 0 0 0 0 0 0 0 0
63 27 20 0 0 13 0 0 0 4 1 0 0 0 0 0
43 41 34 4 28 0 0 0 6 0 0 0 1 0 16 0
49 43 14 0 1 5 0 0 0 20 17 0 3 0 0 0
54 41 13 4 2 10 5 0 0 1 0 0 0 0 0 0
49 34 35 10 0 0 0 0 0 0 0 0 1 8 0 0
41 6 3 0 0 0 0 0 0 0 0 0 0 0 0 0
55 0 2 0 2 0 44 0 0 0 0 34 0 0 0 0
43 0 0 0 0 0 0 2 0 1 0 0 1 0 0 0
60 45 44 0 28 0 0 0 0 0 0 0 2 0 1 0
52 49 7 0 0 14 0 0 0 14 3 0 0 0 0 0
59 44 5 25 0 0 0 0 0 0 0 0 0 1 0 0
43 0 0 0 0 2 0 36 20 1 0 0 0 0 0 0
61 0 0 0 0 1 25 0 0 0 0 36 0 0 0 0
47 0 0 0 10 0 5 0 1 0 0 0 0 0 0 0
47 0 0 0 0 0 0 26 0 0 0 0 0 0 3 0
50 41 1 8 1 0 0 0 0 1 8 0 0 0 0 0
41 0 0 0 0 0 8 16 1 4 0 26 0 5 0 0
60 0 0 0 3 0 0 0 0 0 0 0 0 0 0 0
56 55 23 0 14 0 1 6 1 2 1 0 0 0 1 0
56 0 0 0 0 0 0 30 11 0 0 0 0 5 0 0
45 14 6 1 0 11 0 7 0 0 1 0 0 0 0 0
36 33 6 0 0 1 0 0 0 0 0 3 4 0 0 0
51 10 9 0 0 8 0 0 0 0 0 1 0 0 0 0
52 24 19 24 0 0 0 0 0 0 0 2 0 2 0 0
48 0 0 3 0 0 29 0 0 0 0 9 0 0 0 0
50 8 1 1 0 1 0 0 0 5 0 0 1 0 0 0
42 53 7 0 0 5 0 0 1 34 15 0 5 0 0 0
50 23 1 1 0 10 0 0 0 2 0 0 0 0 0 0
57 43 2 0 0 16 6 0 0 1 0 0 0 0 0 0
56 41 10 2 0 7 0 1 1 21 2 0 0 0 2 0
68 29 26 0 0 3 0 0 0 0 1 0 0 0 2 0
48 0 0 0 3 0 0 0 1 0 0 0 1 0 0 0
47 0 0 0 11 0 33 0 0 2 0 2 0 0 0 0
62 41 0 23 0 0 0 0 0 4 0 0 0 1 0 0
54 38 34 3 17 0 0 0 0 0 0 0 0 0 0 0
41 40 6 1 0 13 0 0 0 3 2 0 0 0 0 0
42 43 13 0 0 16 0 0 0 12 0 0 0 0 0 0
63 1 0 0 0 0 5 17 9 0 0 0 0 0 0 0
58 37 25 0 35 0 0 0 0 1 0 0 0 1 15 0
50 2 0 0 0 0 0 0 5 3 0 0 4 0 0 0
56 0 3 0 0 2 0 36 5 6 0 0 0 0 0 0
47 31 26 0 1 5 0 0 1 0 0 0 0 0 0 0
52 0 0 0 0 0 0 0 0 0 0 1 6 0 0 0
40 14 15 0 0 0 0 2 0 0 0 0 0 0 0 0
47 0 0 0 0 0 0 10 0 0 0 0 0 0 0 0
45 0 0 0 0 0 0 29 24 0 0 0 0 0 0 0
48 9 6 0 0 3 0 0 0 0 0 0 0 0 0 0
63 0 0 0 0 0 35 0 2 0 0 28 2 1 1 0
55 0 1 1 0 0 0 2 0 0 0 0 0 0 0 0
53 6 0 0 0 3 0 55 6 1 4 0 0 3 0 0
