1.0000 0.7222 0.7213 0.0000 0.0000 0.0000 0.0000 0.1719 0.0000 0.0385 0.0000 0.0000 0.0000 0.0000 0.0000 0.0000
0.9800 0.0667 0.0000 0.0000 0.0200 0.0000 0.5870 0.0000 0.0000 0.0000 0.0000 0.0000 0.0000 0.0000 0.0000 0.0000
1.0000 0.0000 0.0256 0.0000 0.0000 0.0000 0.0204 0.3667 0.1750 0.0444 0.0000 0.0000 0.0000 0.0000 0.0000 0.0000
1.0000 0.8039 0.1875 0.0417 0.1778 0.0536 0.0000 0.0000 0.0000 0.0000 0.0000 0.0208 0.0000 0.0161 0.0000 0.0000
0.9825 0.0000 0.0000 0.0189 0.0000 0.1163 0.0192 0.2571 0.0000 0.0000 0.0000 0.0000 0.0000 0.0000 0.0000 0.0000
1.0000 0.8511 0.5208 0.0000 0.2979 0.0000 0.0000 0.0000 0.0000 0.0400 0.0000 0.0952 0.1765 0.0000 0.1500 0.0000
1.0000 0.9792 0.0952 0.0196 0.0213 0.1000 0.0000 0.0000 0.0000 0.3214 0.1774 0.0182 0.0000 0.0000 0.0000 0.0000
1.0000 0.0000 0.0000 0.0000 0.0465 0.0000 0.0417 0.0000 0.0000 0.0000 0.0000 0.0000 0.0000 0.0000 0.0000 0.0000
1.0000 0.0000 0.0182 0.0233 0.0000 0.0000 0.0000 0.0417 0.0208 0.0000 0.0175 0.0408 0.0000 0.0769 0.0164 0.0000
1.0000 0.3273 0.0000 0.0000 0.0000 0.0238 0.0652 0.0000 0.0000 0.0000 0.0000 0.0227 0.0000 0.0000 0.0000 0.0000
1.0000 0.1964 0.0000 0.0000 0.0000 0.0000 0.0000 0.1250 0.0000 0.0638 0.0000 0.0435 0.0200 0.0000 0.0600 0.0000
1.0000 0.8596 0.3077 0.0000 0.0000 0.0000 0.0000 0.0000 0.0000 0.3396 0.0217 0.0000 0.0000 0.0000 0.0000 0.0000
1.0000 0.4524 0.5000 0.0000 0.0192 0.0000 0.0000 0.0000 0.0938 0.0000 0.0000 0.0000 0.0000 0.0000 0.0000 0.0000
1.0000 0.8846 0.3929 0.0000 0.2836 0.0000 0.0000 0.0000 0.0000 0.0000 0.0000 0.0000 0.0000 0.0000 0.0000 0.0000
1.0000 0.0000 0.0000 0.0000 0.0000 0.0204 0.0000 0.6000 0.2917 0.0000 0.0179 0.0000 0.0000 0.1778 0.0222 0.0000
1.0000 0.0000 0.0000 0.0000 0.0000 0.0000 0.0000 0.0000 0.0000 0.0000 0.0000 0.0000 0.0000 0.0200 0.0000 0.0000
1.0000 0.9767 0.0000 0.0000 0.0000 0.0000 0.0000 0.0000 0.0000 0.0000 0.0000 0.0000 0.0000 0.0000 0.0000 0.0000
0.9815 0.4146 0.0000 0.0000 0.0000 0.5238 0.0000 0.0000 0.0488 0.0192 0.0000 0.0000 0.0000 0.0000 0.0000 0.0000
1.0000 0.1304 0.0000 0.0000 0.0000 0.0270 0.4894 0.0400 0.0000 0.0000 0.0000 0.0175 0.0182 0.0000 0.0000 0.0000
1.0000 0.0000 0.0000 0.0000 0.0000 0.0000 0.0682 0.0000 0.0222 0.0270 0.0000 0.0000 0.0000 0.0000 0.0000 0.0000
1.0000 0.0000 0.0000 0.0000 0.0000 0.0385 0.0000 0.8824 0.1731 0.0638 0.0196 0.0000 0.0000 0.0000 0.0000 0.0000
1.0000 0.0147 0.0000 0.0137 0.0000 0.0000 0.9825 0.0000 0.0000 0.0000 0.0000 0.0000 0.0233 0.0000 0.0312 0.0000
1.0000 0.1905 0.1087 0.0000 0.0000 0.0000 0.0000 0.0000 0.0400 0.0000 0.0000 0.0000 0.0000 0.1400 0.0000 0.0000
1.0000 0.8200 0.6364 0.0185 0.0000 0.0000 0.0000 0.0000 0.0000 0.0000 0.0000 0.0000 0.0000 0.0000 0.0000 0.0000
1.0000 0.8269 0.3500 0.1633 0.0000 0.0000 0.0000 0.0000 0.0435 0.0000 0.0000 0.0000 0.0000 0.0000 0.0000 0.0000
1.0000 0.7778 0.0000 0.0000 0.0000 0.0816 0.0000 0.0517 0.0000 0.1778 0.1930 0.0345 0.1923 0.0000 0.1186 0.0000
1.0000 0.8750 0.1818 0.0000 0.0455 0.2549 0.0000 0.0000 0.0000 0.3623 0.4762 0.0256 0.1373 0.0000 0.0000 0.0000
1.0000 0.3095 0.0000 0.0000 0.0000 0.0000 0.0000 0.0952 0.0000 0.0000 0.0909 0.0000 0.0000 0.0784 0.0000 0.0000
1.0000 0.9808 0.6500 0.0182 0.3922 0.0000 0.0000 0.0000 0.0000 0.0185 0.0000 0.0577 0.0147 0.0000 0.3651 0.0000
1.0000 0.9767 0.2500 0.0233 0.2800 0.1000 0.0000 0.0204 0.0612 0.0000 0.0189 0.0204 0.0000 0.0980 0.1136 0.0000
0.9804 0.4255 0.1452 0.1636 0.0000 0.0351 0.0192 0.0000 0.0000 0.0392 0.0000 0.0000 0.0000 0.0984 0.0256 0.0000
1.0000 0.8846 0.2712 0.0000 0.0769 0.1818 0.0000 0.0213 0.0000 0.2600 0.1163 0.1042 0.0667 0.0227 0.0000 0.0000
1.0000 0.8750 0.4651 0.0233 0.0000 0.0204 0.0208 0.0600 0.0000 0.0000 0.0000 0.0000 0.0000 0.0000 0.0000 0.0000
0.9630 0.8043 0.0577 0.0000 0.0196 0.1286 0.0000 0.0000 0.0000 0.7297 0.1915 0.0417 0.1077 0.0000 0.0000 0.0000
1.0000 0.0000 0.0156 0.0000 0.0000 0.0000 0.5400 0.0172 0.0000 0.0000 0.0000 0.0000 0.0000 0.0000 0.0000 0.0000
1.0000 1.0000 0.7857 0.0000 0.0000 0.0000 0.0000 0.0000 0.0317 0.0000 0.0000 0.0000 0.0000 0.0000 0.0000 0.0000
1.0000 0.0000 0.0000 0.0000 0.0000 0.0426 0.0000 0.1455 0.0000 0.0200 0.0182 0.0000 0.0000 0.0000 0.0000 0.0000
1.0000 0.4259 0.1702 0.0000 0.0000 0.0000 0.0000 0.0000 0.0926 0.1379 0.0000 0.0000 0.0000 0.0000 0.0000 0.0000
1.0000 0.0000 0.0000 0.0000 0.0000 0.0000 0.3750 0.0000 0.0000 0.0000 0.0000 0.0000 0.0000 0.0000 0.0000 0.0000
1.0000 0.0000 0.0000 0.0000 0.0000 0.0256 0.7692 0.1064 0.0000 0.0755 0.0000 0.6170 0.0000 0.0000 0.0000 0.0000
0.9524 0.2963 0.0741 0.0000 0.0213 0.0000 0.0469 0.0000 0.0000 0.0222 0.0000 0.0000 0.0172 0.0000 0.0000 0.0000
1.0000 0.8545 0.8409 0.0769 0.8269 0.0000 0.0000 0.0000 0.0000 0.0000 0.0000 0.0612 0.0000 0.0000 0.2833 0.0000
1.0000 0.4167 0.0000 0.0000 0.0000 0.0189 0.0000 0.0000 0.0000 0.1860 0.0000 0.0182 0.0417 0.0000 0.0000 0.0000
1.0000 1.0000 0.0000 0.0000 0.0000 0.0000 0.0000 0.0000 0.0000 0.0000 0.0000 0.0000 0.0000 0.0000 0.0000 0.0000
1.0000 0.0000 0.0000 0.0286 0.0238 0.0000 0.5472 0.0000 0.0000 0.0000 0.0000 0.0000 0.0000 0.0000 0.0256 0.0000
0.9630 0.0000 0.0000 0.0169 0.0536 0.0000 0.8519 0.0000 0.0851 0.0000 0.0000 0.1471 0.0000 0.0217 0.0000 0.0000
0.9592 0.0000 0.0323 0.0339 0.0000 0.0000 0.0154 0.8519 0.3514 0.0000 0.0000 0.1045 0.0943 0.0566 0.0000 0.0000
0.9792 0.9057 0.0000 0.0513 0.0000 0.1020 0.1429 0.0000 0.0000 0.0517 0.0930 0.0000 0.0000 0.0000 0.0000 0.0000
0.9412 0.6140 0.1538 0.0000 0.0000 0.1111 0.0000 0.0189 0.0000 0.0909 0.0000 0.0000 0.0000 0.0000 0.0000 0.0000
0.8980 0.0758 0.0172 0.0000 0.0263 0.0000 0.0000 0.0000 0.0000 0.0000 0.0000 0.0000 0.0000 0.0000 0.0000 0.0000
1.0000 0.6000 0.4000 0.0000 0.0000 0.3095 0.0000 0.0000 0.0000 0.0851 0.0196 0.0000 0.0000 0.0000 0.0000 0.0000
1.0000 0.7455 0.5574 0.0952 0.4912 0.0000 0.0000 0.0000 0.1304 0.0000 0.0000 0.0000 0.0204 0.0000 0.3556 0.0000
1.0000 0.9556 0.2500 0.0000 0.0164 0.0909 0.0000 0.0000 0.0000 0.4444 0.4048 0.0000 0.0625 0.0000 0.0000 0.0000
1.0000 0.8913 0.2407 0.0889 0.0513 0.1923 0.1042 0.0000 0.0000 0.0217 0.0000 0.0000 0.0000 0.0000 0.0000 0.0000
1.0000 0.6415 0.8140 0.2000 0.0000 0.0000 0.0000 0.0000 0.0000 0.0000 0.0000 0.0000 0.0222 0.1509 0.0000 0.0000
1.0000 0.1250 0.0462 0.0000 0.0000 0.0000 0.0000 0.0000 0.0000 0.0000 0.0000 0.0000 0.0000 0.0000 0.0000 0.0000
1.0000 0.0000 0.0408 0.0000 0.0392 0.0000 0.8800 0.0000 0.0000 0.0000 0.0000 0.7907 0.0000 0.0000 0.0000 0.0000
1.0000 0.0000 0.0000 0.0000 0.0000 0.0000 0.0000 0.0455 0.0000 0.0167 0.0000 0.0000 0.0172 0.0000 0.0000 0.0000
1.0000 0.9375 0.7857 0.0000 0.6829 0.0000 0.0000 0.0000 0.0000 0.0000 0.0000 0.0000 0.0426 0.0000 0.0256 0.0000
1.0000 0.9074 0.1400 0.0000 0.0000 0.2373 0.0000 0.0000 0.0000 0.2545 0.0638 0.0000 0.0000 0.0000 0.0000 0.0000
1.0000 0.8627 0.1111 0.4545 0.0000 0.0000 0.0000 0.0000 0.0000 0.0000 0.0000 0.0000 0.0000 0.0204 0.0000 0.0000
1.0000 0.0000 0.0000 0.0000 0.0000 0.0476 0.0000 0.6207 0.4000 0.0167 0.0000 0.0000 0.0000 0.0000 0.0000 0.0000
1.0000 0.0000 0.0000 0.0000 0.0000 0.0238 0.5435 0.0000 0.0000 0.0000 0.0000 0.6792 0.0000 0.0000 0.0000 0.0000
1.0000 0.0000 0.0000 0.0000 0.1613 0.0000 0.0806 0.0000 0.0154 0.0000 0.0000 0.0000 0.0000 0.0000 0.0000 0.0000
1.0000 0.0000 0.0000 0.0000 0.0000 0.0000 0.0000 0.5532 0.0000 0.0000 0.0000 0.0000 0.0000 0.0000 0.0638 0.0000
1.0000 0.7069 0.0238 0.1818 0.0185 0.0000 0.0000 0.0000 0.0000 0.0189 0.1818 0.0000 0.0000 0.0000 0.0000 0.0000
0.9111 0.0000 0.0000 0.0000 0.0000 0.0000 0.1356 0.3478 0.0185 0.0784 0.0000 0.4561 0.0000 0.0833 0.0000 0.0000
1.0000 0.0000 0.0000 0.0000 0.0612 0.0000 0.0000 0.0000 0.0000 0.0000 0.0000 0.0000 0.0000 0.0000 0.0000 0.0000
1.0000 1.0000 0.5227 0.0000 0.3111 0.0000 0.0196 0.1224 0.0169 0.0377 0.0192 0.0000 0.0000 0.0000 0.0182 0.0000
1.0000 0.0000 0.0000 0.0000 0.0000 0.0000 0.0000 0.6250 0.2340 0.0000 0.0000 0.0000 0.0000 0.1163 0.0000 0.0000
1.0000 0.2800 0.1333 0.0185 0.0000 0.1930 0.0000 0.1429 0.0000 0.0000 0.0189 0.0000 0.0000 0.0000 0.0000 0.0000
0.9000 0.7500 0.1224 0.0000 0.0000 0.0250 0.0000 0.0000 0.0000 0.0000 0.0000 0.0556 0.0667 0.0000 0.0000 0.0000
1.0000 0.2439 0.1731 0.0000 0.0000 0.1600 0.0000 0.0000 0.0000 0.0000 0.0000 0.0208 0.0000 0.0000 0.0000 0.0000
0.9455 0.5455 0.3878 0.4706 0.0000 0.0000 0.0000 0.0000 0.0000 0.0000 0.0000 0.0444 0.0000 0.0426 0.0000 0.0000
1.0000 0.0000 0.0000 0.0600 0.0000 0.0000 0.5088 0.0000 0.0000 0.0000 0.0000 0.1667 0.0000 0.0000 0.0000 0.0000
1.0000 0.1739 0.0213 0.0175 0.0000 0.0233 0.0000 0.0000 0.0000 0.1000 0.0000 0.0000 0.0200 0.0000 0.0000 0.0000
0.8750 0.9298 0.1489 0.0000 0.0000 0.0893 0.0000 0.0000 0.0200 0.5862 0.2727 0.0000 0.1020 0.0000 0.0000 0.0000
1.0000 0.5000 0.0227 0.0222 0.0000 0.1961 0.0000 0.0000 0.0000 0.0444 0.0000 0.0000 0.0000 0.0000 0.0000 0.0000
1.0000 0.7167 0.0400 0.0000 0.0000 0.4211 0.1250 0.0000 0.0000 0.0200 0.0000 0.0000 0.0000 0.0000 0.0000 0.0000
0.9655 0.9762 0.2273 0.0408 0.0000 0.1944 0.0000 0.0238 0.0185 0.4200 0.0435 0.0000 0.0000 0.0000 0.0299 0.0000
1.0000 0.5918 0.5098 0.0000 0.0000 0.0682 0.0000 0.0000 0.0000 0.0000 0.0167 0.0000 0.0000 0.0000 0.0417 0.0000
1.0000 0.0000 0.0000 0.0000 0.0612 0.0000 0.0000 0.0000 0.0189 0.0000 0.0000 0.0000 0.0154 0.0000 0.0000 0.0000
0.9792 0.0000 0.0000 0.0000 0.1719 0.0000 0.6875 0.0000 0.0000 0.0312 0.0000 0.0417 0.0000 0.0000 0.0000 0.0000
1.0000 0.9762 0.0000 0.4423 0.0000 0.0000 0.0000 0.0000 0.0000 0.0800 0.0000 0.0000 0.0000 0.0200 0.0000 0.0000
1.0000 0.6909 0.6667 0.0600 0.4048 0.0000 0.0000 0.0000 0.0000 0.0000 0.0000 0.0000 0.0000 0.0000 0.0000 0.0000
1.0000 0.9091 0.1304 0.0164 0.0000 0.2600 0.0000 0.0000 0.0000 0.0857 0.0444 0.0000 0.0000 0.0000 0.0000 0.0000
1.0000 0.7288 0.2321 0.0000 0.0000 0.2807 0.0000 0.0000 0.0000 0.2222 0.0000 0.0000 0.0000 0.0000 0.0000 0.0000
1.0000 0.0200 0.0000 0.0000 0.0000 0.0000 0.0909 0.3469 0.1957 0.0000 0.0000 0.0000 0.0000 0.0000 0.0000 0.0000
1.0000 0.9250 0.5556 0.0000 0.8333 0.0000 0.0000 0.0000 0.0000 0.0196 0.0000 0.0000 0.0000 0.0200 0.2778 0.0000
1.0000 0.0385 0.0000 0.0000 0.0000 0.0000 0.0000 0.0000 0.1042 0.0682 0.0000 0.0000 0.0889 0.0000 0.0000 0.0000
0.9825 0.0000 0.0652 0.0000 0.0000 0.0500 0.0000 0.7826 0.1064 0.1017 0.0000 0.0000 0.0000 0.0000 0.0000 0.0000
1.0000 0.7045 0.4333 0.0000 0.0263 0.1316 0.0000 0.0000 0.0244 0.0000 0.0000 0.0000 0.0000 0.0000 0.0000 0.0000
1.0000 0.0000 0.0000 0.0000 0.0000 0.0000 0.0000 0.0000 0.0000 0.0000 0.0000 0.0159 0.0923 0.0000 0.0000 0.0000
1.0000 0.3590 0.2830 0.0000 0.0000 0.0000 0.0000 0.0556 0.0000 0.0000 0.0000 0.0000 0.0000 0.0000 0.0000 0.0000
1.0000 0.0000 0.0000 0.0000 0.0000 0.0000 0.0000 0.2778 0.0000 0.0000 0.0000 0.0000 0.0000 0.0000 0.0000 0.0000
1.0000 0.0000 0.0000 0.0000 0.0000 0.0000 0.0000 0.5800 0.5854 0.0000 0.0000 0.0000 0.0000 0.0000 0.0000 0.0000
1.0000 0.1875 0.1132 0.0000 0.0000 0.0638 0.0000 0.0000 0.0000 0.0000 0.0000 0.0000 0.0000 0.0000 0.0000 0.0000
1.0000 0.0000 0.0000 0.0000 0.0000 0.0000 0.6140 0.0000 0.0426 0.0000 0.0000 0.5091 0.0333 0.0213 0.0208 0.0000
1.0000 0.0000 0.0161 0.0200 0.0000 0.0000 0.0000 0.0323 0.0000 0.0000 0.0000 0.0000 0.0000 0.0000 0.0000 0.0000
0.9815 0.1071 0.0000 0.0000 0.0000 0.0536 0.0000 1.0000 0.1304 0.0213 0.1081 0.0000 0.0000 0.0588 0.0000 0.0000
