0.2373 0.0962 0.6665 0.0000 0.0000 0.0000 0.0000 0.0000 0.0000 0.0000 0.0000 0.0000 0.0000 0.0000 0.0000
0.1313 0.0000 0.0000 0.0000 0.0000 0.0000 0.8687 0.0000 0.0000 0.0000 0.0000 0.0000 0.0000 0.0000 0.0000
0.4909 0.0000 0.0000 0.0000 0.0000 0.0000 0.0000 0.2518 0.2573 0.0000 0.0000 0.0000 0.0000 0.0000 0.0000
0.2383 0.3780 0.0536 0.0000 0.2354 0.0000 0.0000 0.0000 0.0000 0.0000 0.0000 0.0000 0.0000 0.0000 0.0947
0.7269 0.0000 0.0000 0.0000 0.0000 0.0000 0.0000 0.2731 0.0000 0.0000 0.0000 0.0000 0.0000 0.0000 0.0000
0.3065 0.1240 0.3379 0.0000 0.1389 0.0000 0.0000 0.0000 0.0000 0.0000 0.0000 0.0000 0.0000 0.0000 0.0927
0.1054 0.4287 0.1389 0.0000 0.0000 0.1307 0.0000 0.0000 0.0000 0.1363 0.0600 0.0000 0.0000 0.0000 0.0000
0.8757 0.0000 0.0000 0.0000 0.0000 0.0000 0.1243 0.0000 0.0000 0.0000 0.0000 0.0000 0.0000 0.0000 0.0000
1.0000 0.0000 0.0000 0.0000 0.0000 0.0000 0.0000 0.0000 0.0000 0.0000 0.0000 0.0000 0.0000 0.0000 0.0000
0.8669 0.1331 0.0000 0.0000 0.0000 0.0000 0.0000 0.0000 0.0000 0.0000 0.0000 0.0000 0.0000 0.0000 0.0000
0.7219 0.0000 0.0000 0.0000 0.0000 0.0000 0.0000 0.2781 0.0000 0.0000 0.0000 0.0000 0.0000 0.0000 0.0000
0.1650 0.1011 0.4310 0.0000 0.0000 0.0509 0.0000 0.0000 0.0000 0.2520 0.0000 0.0000 0.0000 0.0000 0.0000
0.3234 0.2744 0.4022 0.0000 0.0000 0.0000 0.0000 0.0000 0.0000 0.0000 0.0000 0.0000 0.0000 0.0000 0.0000
0.0781 0.4451 0.2386 0.0000 0.2382 0.0000 0.0000 0.0000 0.0000 0.0000 0.0000 0.0000 0.0000 0.0000 0.0000
0.4923 0.0000 0.0000 0.0000 0.0000 0.0000 0.0000 0.1063 0.2823 0.0000 0.0000 0.0000 0.0000 0.1191 0.0000
1.0000 0.0000 0.0000 0.0000 0.0000 0.0000 0.0000 0.0000 0.0000 0.0000 0.0000 0.0000 0.0000 0.0000 0.0000
0.0742 0.9258 0.0000 0.0000 0.0000 0.0000 0.0000 0.0000 0.0000 0.0000 0.0000 0.0000 0.0000 0.0000 0.0000
0.4840 0.0834 0.0513 0.0000 0.0000 0.2559 0.0000 0.0000 0.0000 0.1254 0.0000 0.0000 0.0000 0.0000 0.0000
0.4311 0.0000 0.0000 0.0000 0.0000 0.0000 0.5689 0.0000 0.0000 0.0000 0.0000 0.0000 0.0000 0.0000 0.0000
1.0000 0.0000 0.0000 0.0000 0.0000 0.0000 0.0000 0.0000 0.0000 0.0000 0.0000 0.0000 0.0000 0.0000 0.0000
0.2401 0.0000 0.0000 0.0000 0.0000 0.0000 0.0000 0.4854 0.2746 0.0000 0.0000 0.0000 0.0000 0.0000 0.0000
0.1198 0.0000 0.0000 0.0000 0.0000 0.0000 0.8802 0.0000 0.0000 0.0000 0.0000 0.0000 0.0000 0.0000 0.0000
0.5095 0.2110 0.1951 0.0844 0.0000 0.0000 0.0000 0.0000 0.0000 0.0000 0.0000 0.0000 0.0000 0.0000 0.0000
0.1011 0.3889 0.5099 0.0000 0.0000 0.0000 0.0000 0.0000 0.0000 0.0000 0.0000 0.0000 0.0000 0.0000 0.0000
0.2000 0.2621 0.2626 0.2752 0.0000 0.0000 0.0000 0.0000 0.0000 0.0000 0.0000 0.0000 0.0000 0.0000 0.0000
0.1681 0.2244 0.0542 0.0000 0.0000 0.2241 0.0000 0.0000 0.0000 0.1118 0.0748 0.0000 0.1426 0.0000 0.0000
0.1839 0.1253 0.1344 0.0000 0.0000 0.1368 0.0000 0.0000 0.0000 0.1132 0.2477 0.0000 0.0589 0.0000 0.0000
0.6281 0.3719 0.0000 0.0000 0.0000 0.0000 0.0000 0.0000 0.0000 0.0000 0.0000 0.0000 0.0000 0.0000 0.0000
0.1208 0.1479 0.3436 0.0000 0.1853 0.0000 0.0000 0.0000 0.0000 0.0000 0.0000 0.0000 0.0000 0.0000 0.2024
0.2452 0.4189 0.1576 0.0000 0.0000 0.1784 0.0000 0.0000 0.0000 0.0000 0.0000 0.0000 0.0000 0.0000 0.0000
0.4191 0.3022 0.0925 0.1863 0.0000 0.0000 0.0000 0.0000 0.0000 0.0000 0.0000 0.0000 0.0000 0.0000 0.0000
0.2123 0.0533 0.3460 0.0000 0.0000 0.1572 0.0000 0.0000 0.0000 0.1150 0.0552 0.0000 0.0611 0.0000 0.0000
0.0582 0.3039 0.5258 0.1121 0.0000 0.0000 0.0000 0.0000 0.0000 0.0000 0.0000 0.0000 0.0000 0.0000 0.0000
0.0910 0.1640 0.0745 0.0000 0.0000 0.1233 0.0000 0.0000 0.0000 0.2862 0.1272 0.0000 0.1339 0.0000 0.0000
0.3851 0.0000 0.0000 0.0000 0.0000 0.0000 0.6149 0.0000 0.0000 0.0000 0.0000 0.0000 0.0000 0.0000 0.0000
0.0888 0.1424 0.7688 0.0000 0.0000 0.0000 0.0000 0.0000 0.0000 0.0000 0.0000 0.0000 0.0000 0.0000 0.0000
0.8407 0.0000 0.0000 0.0000 0.0000 0.0000 0.0000 0.1593 0.0000 0.0000 0.0000 0.0000 0.0000 0.0000 0.0000
0.3721 0.1096 0.2188 0.0000 0.0000 0.0534 0.0000 0.0000 0.0000 0.1034 0.0886 0.0000 0.0543 0.0000 0.0000
0.8179 0.0000 0.0000 0.0000 0.0000 0.0000 0.1821 0.0000 0.0000 0.0000 0.0000 0.0000 0.0000 0.0000 0.0000
0.1558 0.0000 0.0000 0.0000 0.0000 0.0000 0.2555 0.0000 0.0000 0.0000 0.0000 0.5888 0.0000 0.0000 0.0000
0.5772 0.3408 0.0821 0.0000 0.0000 0.0000 0.0000 0.0000 0.0000 0.0000 0.0000 0.0000 0.0000 0.0000 0.0000
0.1172 0.0560 0.0583 0.0000 0.3721 0.0000 0.0000 0.0000 0.0000 0.0000 0.0000 0.0000 0.0000 0.0000 0.3964
0.3342 0.1752 0.1133 0.0000 0.0000 0.0729 0.0000 0.0000 0.0000 0.3045 0.0000 0.0000 0.0000 0.0000 0.0000
0.0611 0.9389 0.0000 0.0000 0.0000 0.0000 0.0000 0.0000 0.0000 0.0000 0.0000 0.0000 0.0000 0.0000 0.0000
0.5090 0.0000 0.0000 0.0000 0.0000 0.0000 0.4910 0.0000 0.0000 0.0000 0.0000 0.0000 0.0000 0.0000 0.0000
0.1249 0.0000 0.0000 0.0000 0.0000 0.0000 0.7461 0.0000 0.0000 0.0000 0.0000 0.1290 0.0000 0.0000 0.0000
0.0970 0.0000 0.0000 0.0000 0.0000 0.0000 0.0000 0.3651 0.4273 0.0000 0.0000 0.0000 0.0000 0.1105 0.0000
0.1805 0.3347 0.1644 0.0000 0.0000 0.1497 0.0000 0.0000 0.0000 0.1180 0.0526 0.0000 0.0000 0.0000 0.0000
0.3108 0.2087 0.1264 0.0000 0.0000 0.3541 0.0000 0.0000 0.0000 0.0000 0.0000 0.0000 0.0000 0.0000 0.0000
1.0000 0.0000 0.0000 0.0000 0.0000 0.0000 0.0000 0.0000 0.0000 0.0000 0.0000 0.0000 0.0000 0.0000 0.0000
0.4913 0.1647 0.0924 0.0000 0.0000 0.1570 0.0000 0.0000 0.0000 0.0946 0.0000 0.0000 0.0000 0.0000 0.0000
0.2615 0.1431 0.0588 0.0000 0.0928 0.0000 0.0000 0.0000 0.0000 0.0000 0.0000 0.0000 0.0000 0.0000 0.4439
0.1372 0.1035 0.0881 0.0000 0.0000 0.0830 0.0000 0.0000 0.0000 0.0636 0.4581 0.0000 0.0665 0.0000 0.0000
0.1931 0.2086 0.1537 0.0000 0.0000 0.4446 0.0000 0.0000 0.0000 0.0000 0.0000 0.0000 0.0000 0.0000 0.0000
0.1482 0.1993 0.5772 0.0753 0.0000 0.0000 0.0000 0.0000 0.0000 0.0000 0.0000 0.0000 0.0000 0.0000 0.0000
0.8729 0.1271 0.0000 0.0000 0.0000 0.0000 0.0000 0.0000 0.0000 0.0000 0.0000 0.0000 0.0000 0.0000 0.0000
0.2215 0.0000 0.0000 0.0000 0.0000 0.0000 0.0640 0.0000 0.0000 0.0000 0.0000 0.7146 0.0000 0.0000 0.0000
0.9346 0.0000 0.0000 0.0000 0.0000 0.0000 0.0000 0.0654 0.0000 0.0000 0.0000 0.0000 0.0000 0.0000 0.0000
0.1543 0.0876 0.2518 0.0000 0.5063 0.0000 0.0000 0.0000 0.0000 0.0000 0.0000 0.0000 0.0000 0.0000 0.0000
0.1707 0.1861 0.1187 0.0000 0.0000 0.2016 0.0000 0.0000 0.0000 0.2441 0.0788 0.0000 0.0000 0.0000 0.0000
0.2164 0.1637 0.2146 0.4054 0.0000 0.0000 0.0000 0.0000 0.0000 0.0000 0.0000 0.0000 0.0000 0.0000 0.0000
0.3207 0.0000 0.0000 0.0000 0.0000 0.0000 0.0000 0.3497 0.3296 0.0000 0.0000 0.0000 0.0000 0.0000 0.0000
0.3263 0.0000 0.0000 0.0000 0.0000 0.0000 0.2540 0.0000 0.0000 0.0000 0.0000 0.4198 0.0000 0.0000 0.0000
1.0000 0.0000 0.0000 0.0000 0.0000 0.0000 0.0000 0.0000 0.0000 0.0000 0.0000 0.0000 0.0000 0.0000 0.0000
0.4367 0.0000 0.0000 0.0000 0.0000 0.0000 0.0000 0.5633 0.0000 0.0000 0.0000 0.0000 0.0000 0.0000 0.0000
0.1813 0.4344 0.1242 0.2601 0.0000 0.0000 0.0000 0.0000 0.0000 0.0000 0.0000 0.0000 0.0000 0.0000 0.0000
0.3652 0.0000 0.0000 0.0000 0.0000 0.0000 0.0000 0.6348 0.0000 0.0000 0.0000 0.0000 0.0000 0.0000 0.0000
1.0000 0.0000 0.0000 0.0000 0.0000 0.0000 0.0000 0.0000 0.0000 0.0000 0.0000 0.0000 0.0000 0.0000 0.0000
0.0852 0.4251 0.0661 0.0000 0.4236 0.0000 0.0000 0.0000 0.0000 0.0000 0.0000 0.0000 0.0000 0.0000 0.0000
0.4597 0.0000 0.0000 0.0000 0.0000 0.0000 0.0000 0.0749 0.3207 0.0000 0.0000 0.0000 0.0000 0.1447 0.0000
0.5937 0.0767 0.1205 0.0000 0.0000 0.2092 0.0000 0.0000 0.0000 0.0000 0.0000 0.0000 0.0000 0.0000 0.0000
0.2253 0.4971 0.1581 0.0000 0.0000 0.1195 0.0000 0.0000 0.0000 0.0000 0.0000 0.0000 0.0000 0.0000 0.0000
0.6740 0.1403 0.0946 0.0000 0.0000 0.0912 0.0000 0.0000 0.0000 0.0000 0.0000 0.0000 0.0000 0.0000 0.0000
0.1676 0.2692 0.0871 0.4761 0.0000 0.0000 0.0000 0.0000 0.0000 0.0000 0.0000 0.0000 0.0000 0.0000 0.0000
0.7237 0.0000 0.0000 0.0000 0.0000 0.0000 0.1632 0.0000 0.0000 0.0000 0.0000 0.1131 0.0000 0.0000 0.0000
0.5218 0.4782 0.0000 0.0000 0.0000 0.0000 0.0000 0.0000 0.0000 0.0000 0.0000 0.0000 0.0000 0.0000 0.0000
0.0873 0.0714 0.1966 0.0000 0.0000 0.1027 0.0000 0.0000 0.0000 0.1171 0.2933 0.0000 0.1316 0.0000 0.0000
0.5130 0.1429 0.0719 0.0000 0.0000 0.1142 0.0000 0.0000 0.0000 0.1580 0.0000 0.0000 0.0000 0.0000 0.0000
0.3462 0.1857 0.0605 0.0000 0.0000 0.3287 0.0000 0.0000 0.0000 0.0790 0.0000 0.0000 0.0000 0.0000 0.0000
0.0794 0.2947 0.2099 0.0000 0.0000 0.1115 0.0000 0.0000 0.0000 0.3046 0.0000 0.0000 0.0000 0.0000 0.0000
0.3455 0.1881 0.4664 0.0000 0.0000 0.0000 0.0000 0.0000 0.0000 0.0000 0.0000 0.0000 0.0000 0.0000 0.0000
1.0000 0.0000 0.0000 0.0000 0.0000 0.0000 0.0000 0.0000 0.0000 0.0000 0.0000 0.0000 0.0000 0.0000 0.0000
0.4431 0.0000 0.0000 0.0000 0.0000 0.0000 0.5569 0.0000 0.0000 0.0000 0.0000 0.0000 0.0000 0.0000 0.0000
0.0927 0.3203 0.1436 0.4434 0.0000 0.0000 0.0000 0.0000 0.0000 0.0000 0.0000 0.0000 0.0000 0.0000 0.0000
0.3052 0.1011 0.1996 0.0000 0.3941 0.0000 0.0000 0.0000 0.0000 0.0000 0.0000 0.0000 0.0000 0.0000 0.0000
0.0890 0.2755 0.3170 0.0000 0.0000 0.0840 0.0000 0.0000 0.0000 0.0766 0.1579 0.0000 0.0000 0.0000 0.0000
0.1249 0.1308 0.4109 0.0000 0.0000 0.1798 0.0000 0.0000 0.0000 0.1535 0.0000 0.0000 0.0000 0.0000 0.0000
0.5792 0.0000 0.0000 0.0000 0.0000 0.0000 0.0000 0.2391 0.1817 0.0000 0.0000 0.0000 0.0000 0.0000 0.0000
0.1345 0.0874 0.1497 0.0000 0.2397 0.0000 0.0000 0.0000 0.0000 0.0000 0.0000 0.0000 0.0000 0.0000 0.3886
1.0000 0.0000 0.0000 0.0000 0.0000 0.0000 0.0000 0.0000 0.0000 0.0000 0.0000 0.0000 0.0000 0.0000 0.0000
0.1866 0.0000 0.0000 0.0000 0.0000 0.0000 0.0000 0.5960 0.2173 0.0000 0.0000 0.0000 0.0000 0.0000 0.0000
0.1211 0.0608 0.5613 0.0000 0.0000 0.2568 0.0000 0.0000 0.0000 0.0000 0.0000 0.0000 0.0000 0.0000 0.0000
1.0000 0.0000 0.0000 0.0000 0.0000 0.0000 0.0000 0.0000 0.0000 0.0000 0.0000 0.0000 0.0000 0.0000 0.0000
0.6302 0.2147 0.1552 0.0000 0.0000 0.0000 0.0000 0.0000 0.0000 0.0000 0.0000 0.0000 0.0000 0.0000 0.0000
0.8957 0.0000 0.0000 0.0000 0.0000 0.0000 0.0000 0.1043 0.0000 0.0000 0.0000 0.0000 0.0000 0.0000 0.0000
0.3323 0.0000 0.0000 0.0000 0.0000 0.0000 0.0000 0.0723 0.5954 0.0000 0.0000 0.0000 0.0000 0.0000 0.0000
0.6540 0.1890 0.0588 0.0000 0.0000 0.0982 0.0000 0.0000 0.0000 0.0000 0.0000 0.0000 0.0000 0.0000 0.0000
0.2776 0.0000 0.0000 0.0000 0.0000 0.0000 0.2285 0.0000 0.0000 0.0000 0.0000 0.4939 0.0000 0.0000 0.0000
1.0000 0.0000 0.0000 0.0000 0.0000 0.0000 0.0000 0.0000 0.0000 0.0000 0.0000 0.0000 0.0000 0.0000 0.0000
0.0633 0.0000 0.0000 0.0000 0.0000 0.0000 0.0000 0.5349 0.3072 0.0000 0.0000 0.0000 0.0000 0.0947 0.0000
