53 49 54 43 42 0
58 51 54 53 42 0
49 54 48 43 53 0
34 47 55 50 60 0
50 47 47 56 47 0
57 65 44 48 57 0
42 39 53 45 64 0
43 53 49 49 54 0
56 57 48 57 39 0
43 45 49 58 36 0
53 57 42 54 56 0
36 54 50 43 49 0
53 50 48 33 63 0
62 48 48 45 51 0
51 44 50 51 42 0
49 50 47 50 54 0
61 49 54 48 46 0
51 53 44 57 50 0
69 39 64 54 52 0
45 45 47 43 56 0
51 40 43 47 47 0
33 48 48 26 47 0
48 52 48 53 60 0
44 55 49 46 50 0
35 51 50 43 62 0
32 40 49 55 47 0
58 57 46 46 53 0
54 58 60 46 46 0
51 52 46 40 45 0
54 44 48 40 47 0
39 47 51 54 58 0
45 56 66 42 32 0
55 42 43 54 49 0
53 45 63 51 65 0
41 51 51 52 38 0
42 49 59 55 53 0
44 49 48 56 53 0
60 47 53 53 43 0
49 43 42 43 53 0
43 53 51 50 48 0
44 55 42 66 43 0
52 54 69 53 61 0
46 62 44 54 56 0
61 61 42 58 49 0
46 53 42 51 48 0
60 54 46 59 40 0
50 48 40 46 43 0
51 49 62 47 55 0
47 44 45 44 51 0
50 51 47 44 50 0
