53 17 0 0 0 0
58 49 6 0 1 0
49 41 34 0 31 0
34 0 0 1 2 0
50 0 0 0 1 0
56 48 19 0 3 0
42 20 0 1 0 0
43 37 37 0 24 0
56 37 34 0 7 0
43 40 6 0 0 0
53 55 13 0 9 0
36 44 16 0 6 0
53 0 0 0 2 0
59 8 2 0 0 0
51 11 0 0 0 0
49 36 16 0 25 0
59 0 0 0 0 0
48 31 5 1 3 0
68 16 1 0 0 0
45 25 0 0 0 0
51 25 0 0 0 0
33 26 1 0 0 0
48 21 0 4 6 0
44 47 11 0 15 0
35 34 16 0 1 0
32 35 22 0 0 0
58 15 0 1 0 0
54 38 1 1 0 0
50 41 19 0 4 0
54 21 15 0 0 0
33 34 27 0 29 0
45 54 59 0 21 0
55 23 8 0 0 0
53 42 0 33 0 0
41 20 0 0 0 0
42 0 0 0 4 0
44 47 0 0 0 0
60 33 0 19 0 0
47 16 16 0 0 0
43 0 0 0 0 0
43 0 0 2 0 0
50 16 40 9 18 0
46 51 34 0 1 0
61 46 0 12 0 0
46 46 15 0 0 0
59 42 7 0 0 0
50 0 0 0 0 0
51 2 0 2 0 0
47 22 3 0 0 0
50 0 0 0 0 0
