1.0000 0.3469 0.0000 0.0000 0.0000 0.0000
1.0000 0.9608 0.1111 0.0000 0.0238 0.0000
1.0000 0.7593 0.7083 0.0000 0.5849 0.0000
1.0000 0.0000 0.0000 0.0200 0.0333 0.0000
1.0000 0.0000 0.0000 0.0000 0.0213 0.0000
0.9825 0.7385 0.4318 0.0000 0.0526 0.0000
1.0000 0.5128 0.0000 0.0222 0.0000 0.0000
1.0000 0.6981 0.7551 0.0000 0.4444 0.0000
1.0000 0.6491 0.7083 0.0000 0.1795 0.0000
1.0000 0.8889 0.1224 0.0000 0.0000 0.0000
1.0000 0.9649 0.3095 0.0000 0.1607 0.0000
1.0000 0.8148 0.3200 0.0000 0.1224 0.0000
1.0000 0.0000 0.0000 0.0000 0.0317 0.0000
0.9516 0.1667 0.0417 0.0000 0.0000 0.0000
1.0000 0.2500 0.0000 0.0000 0.0000 0.0000
1.0000 0.7200 0.3404 0.0000 0.4630 0.0000
0.9672 0.0000 0.0000 0.0000 0.0000 0.0000
0.9412 0.5849 0.1136 0.0175 0.0600 0.0000
0.9855 0.4103 0.0156 0.0000 0.0000 0.0000
1.0000 0.5556 0.0000 0.0000 0.0000 0.0000
1.0000 0.6250 0.0000 0.0000 0.0000 0.0000
1.0000 0.5417 0.0208 0.0000 0.0000 0.0000
1.0000 0.4038 0.0000 0.0755 0.1000 0.0000
1.0000 0.8545 0.2245 0.0000 0.3000 0.0000
1.0000 0.6667 0.3200 0.0000 0.0161 0.0000
1.0000 0.8750 0.4490 0.0000 0.0000 0.0000
1.0000 0.2632 0.0000 0.0217 0.0000 0.0000
1.0000 0.6552 0.0167 0.0217 0.0000 0.0000
0.9804 0.7885 0.4130 0.0000 0.0889 0.0000
1.0000 0.4773 0.3125 0.0000 0.0000 0.0000
0.8462 0.7234 0.5294 0.0000 0.5000 0.0000
1.0000 0.9643 0.8939 0.0000 0.6562 0.0000
1.0000 0.5476 0.1860 0.0000 0.0000 0.0000
1.0000 0.9333 0.0000 0.6471 0.0000 0.0000
1.0000 0.3922 0.0000 0.0000 0.0000 0.0000
1.0000 0.0000 0.0000 0.0000 0.0755 0.0000
1.0000 0.9592 0.0000 0.0000 0.0000 0.0000
1.0000 0.7021 0.0000 0.3585 0.0000 0.0000
0.9592 0.3721 0.3810 0.0000 0.0000 0.0000
1.0000 0.0000 0.0000 0.0000 0.0000 0.0000
0.9773 0.0000 0.0000 0.0303 0.0000 0.0000
0.9615 0.2963 0.5797 0.1698 0.2951 0.0000
1.0000 0.8226 0.7727 0.0000 0.0179 0.0000
1.0000 0.7541 0.0000 0.2069 0.0000 0.0000
1.0000 0.8679 0.3571 0.0000 0.0000 0.0000
0.9833 0.7778 0.1522 0.0000 0.0000 0.0000
1.0000 0.0000 0.0000 0.0000 0.0000 0.0000
1.0000 0.0408 0.0000 0.0426 0.0000 0.0000
1.0000 0.5000 0.0667 0.0000 0.0000 0.0000
1.0000 0.0000 0.0000 0.0000 0.0000 0.0000
