	mut10	mut10	mut1	mut1	mut2	mut2	mut3	mut3	mut4	mut4	mut5	mut5	mut6	mut6	mut7	mut7	mut8	mut8	mut9	mut9
cell1	0	62	15	52	58	0	19	29	37	9	46	6	46	8	45	0	48	3	43	0
cell2	0	56	6	32	47	0	33	15	29	26	37	12	44	17	49	0	47	1	35	0
cell3	0	47	50	0	55	0	42	0	58	0	50	0	49	0	51	0	55	0	60	0
cell4	0	50	0	49	52	0	14	38	23	11	26	19	47	8	39	14	51	1	55	0
cell5	0	45	6	39	35	0	45	13	51	10	43	8	57	3	43	1	50	0	43	0
cell6	0	52	11	30	42	2	64	0	40	0	43	0	46	0	50	0	55	0	45	1
cell7	0	47	19	37	57	0	42	13	65	0	49	0	56	1	52	0	69	0	62	0
cell8	0	38	50	2	33	0	39	8	66	0	39	0	63	1	49	0	49	0	49	0
cell9	0	50	11	39	58	1	35	30	43	0	37	0	47	0	54	0	49	0	43	0
cell10	0	52	5	56	44	0	25	21	50	7	33	18	42	8	40	2	44	9	51	0
cell11	0	51	6	38	42	0	40	19	45	11	43	0	45	0	55	0	40	1	42	0
cell12	2	56	48	0	54	0	39	6	49	0	47	0	34	0	61	0	53	0	58	1
cell13	0	50	55	1	53	2	56	0	68	0	47	0	54	3	52	0	44	2	47	1
cell14	0	41	2	53	57	0	19	26	15	33	48	0	40	0	51	0	44	0	51	0
cell15	0	55	58	0	50	0	43	3	55	0	40	1	41	1	42	0	48	0	56	0
cell16	0	63	42	2	46	0	48	0	53	0	50	0	51	0	56	1	52	0	49	0
cell17	0	50	33	20	53	0	26	19	39	4	48	6	34	3	47	2	36	9	57	0
cell18	1	54	4	41	49	0	12	39	43	1	43	3	39	0	64	0	58	0	41	0
cell19	0	41	57	0	48	0	53	1	50	0	55	0	49	0	53	0	49	1	49	1
cell20	0	44	0	61	24	9	36	14	41	16	21	32	17	34	52	7	36	15	54	0
cell21	0	53	37	1	40	0	37	0	60	1	45	0	56	0	59	2	35	0	48	10
cell22	0	43	33	25	58	0	41	10	55	5	39	13	43	0	47	4	48	0	53	0
cell23	3	52	26	12	57	0	47	0	49	0	47	0	51	0	54	0	45	0	41	0
cell24	0	65	47	0	55	0	56	1	45	0	53	0	40	0	47	0	54	0	49	0
cell25	0	57	18	23	42	0	37	20	42	0	62	0	48	0	37	3	41	0	69	0
cell26	0	44	57	0	58	0	47	2	47	0	50	2	57	0	58	0	50	0	8	40
cell27	0	52	29	5	61	0	36	2	54	0	47	0	62	0	64	0	48	0	56	0
cell28	0	51	16	43	39	0	36	13	41	6	45	8	38	0	55	0	51	0	54	0
cell29	0	52	24	35	49	0	24	26	29	12	39	11	49	0	56	0	57	0	54	0
cell30	0	58	23	17	12	37	42	0	51	0	58	0	57	1	45	0	51	1	56	0
cell31	0	49	1	46	56	0	25	34	41	7	50	1	41	13	45	1	39	7	60	2
cell32	0	51	1	57	51	0	47	13	34	8	38	2	58	0	53	0	36	0	35	0
cell33	0	47	53	0	42	0	50	0	46	0	39	0	48	0	55	0	54	0	50	2
cell34	0	52	48	0	56	2	47	0	47	1	39	0	36	2	46	0	50	0	48	0
cell35	0	50	6	53	52	1	25	25	57	4	47	0	59	0	44	0	50	0	48	0
cell36	0	46	39	9	42	1	37	0	58	0	62	0	54	0	56	0	51	0	55	0
cell37	0	52	12	27	36	2	55	0	50	2	48	3	52	0	53	0	54	1	53	0
cell38	0	52	38	7	50	0	47	7	57	1	44	0	53	0	53	0	51	0	46	0
cell39	0	56	34	10	41	7	65	0	49	0	39	0	59	0	50	0	42	0	60	0
cell40	0	46	12	37	52	0	42	0	54	0	47	0	53	0	55	0	45	0	43	0
cell41	0	52	1	38	44	0	35	8	42	7	42	6	32	18	51	0	39	6	50	0
cell42	4	43	0	56	57	0	30	32	41	5	29	22	37	19	47	5	33	20	43	0
cell43	2	43	6	38	56	1	24	32	51	2	26	18	35	7	40	0	51	0	51	0
cell44	0	41	1	48	57	0	23	19	27	29	35	2	47	0	44	0	47	0	44	0
cell45	0	65	46	0	38	7	37	0	59	0	46	0	63	0	50	0	44	0	58	0
cell46	0	38	58	0	48	0	60	0	58	0	44	0	65	2	49	0	51	0	38	20
cell47	0	52	4	44	41	0	27	27	24	17	22	37	39	9	56	0	43	7	52	0
cell48	0	50	9	48	45	1	30	19	31	27	53	6	50	2	42	3	34	4	56	0
cell49	0	50	22	7	52	0	50	9	38	4	48	1	62	0	62	0	58	0	55	2
cell50	0	48	34	16	44	2	52	0	50	0	46	0	55	0	46	0	54	0	45	0
