62 67 58 48 46 52 54 45 51 43 0
56 38 47 48 55 49 61 49 48 35 0
47 50 55 42 58 50 49 51 55 60 0
50 49 52 52 34 45 55 53 52 55 0
45 45 35 58 61 51 60 44 50 43 0
52 41 44 64 40 43 46 50 55 46 0
47 56 57 55 65 49 57 52 69 62 0
38 52 33 47 66 39 64 49 49 49 0
50 50 59 65 43 37 47 54 49 43 0
52 61 44 46 57 51 50 42 53 51 0
51 44 42 59 56 43 45 55 41 42 0
58 48 54 45 49 47 34 61 53 59 0
50 56 55 56 68 47 57 52 46 48 0
41 55 57 45 48 48 40 51 44 51 0
55 58 50 46 55 41 42 42 48 56 0
63 44 46 48 53 50 51 57 52 49 0
50 53 53 45 43 54 37 49 45 57 0
55 45 49 51 44 46 39 64 58 41 0
41 57 48 54 50 55 49 53 50 50 0
44 61 33 50 57 53 51 59 51 54 0
53 38 40 37 61 45 56 61 35 58 0
43 58 58 51 60 52 43 51 48 53 0
55 38 57 47 49 47 51 54 45 41 0
65 47 55 57 45 53 40 47 54 49 0
57 41 42 57 42 62 48 40 41 69 0
44 57 58 49 47 52 57 58 50 48 0
52 34 61 38 54 47 62 64 48 56 0
51 59 39 49 47 53 38 55 51 54 0
52 59 49 50 41 50 49 56 57 54 0
58 40 49 42 51 58 58 45 52 56 0
49 47 56 59 48 51 54 46 46 62 0
51 58 51 60 42 40 58 53 36 35 0
47 53 42 50 46 39 48 55 54 52 0
52 48 58 47 48 39 38 46 50 48 0
50 59 53 50 61 47 59 44 50 48 0
46 48 43 37 58 62 54 56 51 55 0
52 39 38 55 52 51 52 53 55 53 0
52 45 50 54 58 44 53 53 51 46 0
56 44 48 65 49 39 59 50 42 60 0
46 49 52 42 54 47 53 55 45 43 0
52 39 44 43 49 48 50 51 45 50 0
47 56 57 62 46 51 56 52 53 43 0
45 44 57 56 53 44 42 40 51 51 0
41 49 57 42 56 37 47 44 47 44 0
65 46 45 37 59 46 63 50 44 58 0
38 58 48 60 58 44 67 49 51 58 0
52 48 41 54 41 59 48 56 50 52 0
50 57 46 49 58 59 52 45 38 56 0
50 29 52 59 42 49 62 62 58 57 0
48 50 46 52 50 46 55 46 54 45 0
