62 52 0 29 9 6 8 0 3 0 0
56 32 0 15 26 12 17 0 1 0 0
47 0 0 0 0 0 0 0 0 0 0
50 49 0 38 11 19 8 14 1 0 0
45 39 0 13 10 8 3 1 0 0 0
52 30 2 0 0 0 0 0 0 1 0
47 37 0 13 0 0 1 0 0 0 0
38 2 0 8 0 0 1 0 0 0 0
50 39 1 30 0 0 0 0 0 0 0
52 56 0 21 7 18 8 2 9 0 0
51 38 0 19 11 0 0 0 1 0 0
56 0 0 6 0 0 0 0 0 1 0
50 1 2 0 0 0 3 0 2 1 0
41 53 0 26 33 0 0 0 0 0 0
55 0 0 3 0 1 1 0 0 0 0
63 2 0 0 0 0 0 1 0 0 0
50 20 0 19 4 6 3 2 9 0 0
54 41 0 39 1 3 0 0 0 0 0
41 0 0 1 0 0 0 0 1 1 0
44 61 9 14 16 32 34 7 15 0 0
53 1 0 0 1 0 0 2 0 10 0
43 25 0 10 5 13 0 4 0 0 0
52 12 0 0 0 0 0 0 0 0 0
65 0 0 1 0 0 0 0 0 0 0
57 23 0 20 0 0 0 3 0 0 0
44 0 0 2 0 2 0 0 0 40 0
52 5 0 2 0 0 0 0 0 0 0
51 43 0 13 6 8 0 0 0 0 0
52 35 0 26 12 11 0 0 0 0 0
58 17 37 0 0 0 1 0 1 0 0
49 46 0 34 7 1 13 1 7 2 0
51 57 0 13 8 2 0 0 0 0 0
47 0 0 0 0 0 0 0 0 2 0
52 0 2 0 1 0 2 0 0 0 0
50 53 1 25 4 0 0 0 0 0 0
46 9 1 0 0 0 0 0 0 0 0
52 27 2 0 2 3 0 0 1 0 0
52 7 0 7 1 0 0 0 0 0 0
56 10 7 0 0 0 0 0 0 0 0
46 37 0 0 0 0 0 0 0 0 0
52 38 0 8 7 6 18 0 6 0 0
43 56 0 32 5 22 19 5 20 0 0
43 38 1 32 2 18 7 0 0 0 0
41 48 0 19 29 2 0 0 0 0 0
65 0 7 0 0 0 0 0 0 0 0
38 0 0 0 0 0 2 0 0 20 0
52 44 0 27 17 37 9 0 7 0 0
50 48 1 19 27 6 2 3 4 0 0
50 7 0 9 4 1 0 0 0 2 0
48 16 2 0 0 0 0 0 0 0 0
