#chr	position	description	Normal	cell1	cell2	cell3	cell4	cell5	cell6	cell7	cell8	cell9	cell10	cell11	cell12	cell13	cell14	cell15	cell16	cell17	cell18	cell19	cell20	cell21	cell22	cell23	cell24	cell25	cell26	cell27	cell28	cell29	cell30	cell31	cell32	cell33	cell34	cell35	cell36	cell37	cell38	cell39	cell40	cell41	cell42	cell43	cell44	cell45	cell46	cell47	cell48	cell49	cell50
1	1	1	0.0	1.0	1.0	1.0	1.0	1.0	1.0	1.0	1.0	1.0	1.0	1.0	0.9655172413793104	1.0	1.0	1.0	1.0	1.0	0.9818181818181818	1.0	1.0	1.0	1.0	0.9454545454545454	1.0	1.0	1.0	1.0	1.0	1.0	1.0	1.0	1.0	1.0	1.0	1.0	1.0	1.0	1.0	1.0	1.0	1.0	0.9148936170212766	0.9555555555555556	1.0	1.0	1.0	1.0	1.0	1.0	1.0
2	2	2	0.0	0.7761194029850746	0.8421052631578947	0.0	1.0	0.8666666666666667	0.7317073170731707	0.6607142857142857	0.038461538461538464	0.78	0.9180327868852459	0.8636363636363636	0.0	0.017857142857142856	0.9636363636363636	0.0	0.045454545454545456	0.37735849056603776	0.9111111111111111	0.0	1.0	0.02631578947368421	0.43103448275862066	0.3157894736842105	0.0	0.5609756097560976	0.0	0.14705882352941177	0.7288135593220338	0.5932203389830508	0.425	0.9787234042553191	0.9827586206896551	0.0	0.0	0.8983050847457628	0.1875	0.6923076923076923	0.15555555555555556	0.22727272727272727	0.7551020408163265	0.9743589743589743	1.0	0.8636363636363636	0.9795918367346939	0.0	0.0	0.9166666666666666	0.8421052631578947	0.2413793103448276	0.32
3	3	3	0.0	0.0	0.0	0.0	0.0	0.0	0.045454545454545456	0.0	0.0	0.01694915254237288	0.0	0.0	0.0	0.03636363636363636	0.0	0.0	0.0	0.0	0.0	0.0	0.2727272727272727	0.0	0.0	0.0	0.0	0.0	0.0	0.0	0.0	0.0	0.7551020408163265	0.0	0.0	0.0	0.034482758620689655	0.018867924528301886	0.023255813953488372	0.05263157894736842	0.0	0.14583333333333334	0.0	0.0	0.0	0.017543859649122806	0.0	0.15555555555555556	0.0	0.0	0.021739130434782608	0.0	0.043478260869565216
4	4	4	0.0	0.6041666666666666	0.3125	0.0	0.7307692307692307	0.22413793103448276	0.0	0.23636363636363636	0.1702127659574468	0.46153846153846156	0.45652173913043476	0.3220338983050847	0.13333333333333333	0.0	0.5777777777777777	0.06521739130434782	0.0	0.4222222222222222	0.7647058823529411	0.018518518518518517	0.28	0.0	0.19607843137254902	0.0	0.017543859649122806	0.3508771929824561	0.04081632653061224	0.05263157894736842	0.2653061224489796	0.52	0.0	0.576271186440678	0.21666666666666667	0.0	0.0	0.5	0.0	0.0	0.12962962962962962	0.0	0.0	0.18604651162790697	0.5161290322580645	0.5714285714285714	0.4523809523809524	0.0	0.0	0.5	0.3877551020408163	0.15254237288135594	0.0
5	5	5	0.0	0.1956521739130435	0.4727272727272727	0.0	0.3235294117647059	0.16393442622950818	0.0	0.0	0.0	0.0	0.12280701754385964	0.19642857142857142	0.0	0.0	0.6875	0.0	0.0	0.09302325581395349	0.022727272727272728	0.0	0.2807017543859649	0.01639344262295082	0.08333333333333333	0.0	0.0	0.0	0.0	0.0	0.1276595744680851	0.2926829268292683	0.0	0.14583333333333334	0.19047619047619047	0.0	0.020833333333333332	0.06557377049180328	0.0	0.038461538461538464	0.017241379310344827	0.0	0.0	0.14285714285714285	0.10869565217391304	0.03773584905660377	0.5178571428571429	0.0	0.0	0.4146341463414634	0.46551724137931033	0.09523809523809523	0.0
6	6	6	0.0	0.11538461538461539	0.24489795918367346	0.0	0.4222222222222222	0.1568627450980392	0.0	0.0	0.0	0.0	0.35294117647058826	0.0	0.0	0.0	0.0	0.024390243902439025	0.0	0.1111111111111111	0.06521739130434782	0.0	0.6037735849056604	0.0	0.25	0.0	0.0	0.0	0.038461538461538464	0.0	0.1509433962264151	0.22	0.0	0.0196078431372549	0.05	0.0	0.0	0.0	0.0	0.058823529411764705	0.0	0.0	0.0	0.125	0.43137254901960786	0.4090909090909091	0.05405405405405406	0.0	0.0	0.6271186440677966	0.1016949152542373	0.02040816326530612	0.0
7	7	7	0.0	0.14814814814814814	0.2786885245901639	0.0	0.14545454545454545	0.05	0.0	0.017543859649122806	0.015625	0.0	0.16	0.0	0.0	0.05263157894736842	0.0	0.023809523809523808	0.0	0.08108108108108109	0.0	0.0	0.6666666666666666	0.0	0.0	0.0	0.0	0.0	0.0	0.0	0.0	0.0	0.017241379310344827	0.24074074074074073	0.0	0.0	0.05263157894736842	0.0	0.0	0.0	0.0	0.0	0.0	0.36	0.3392857142857143	0.16666666666666666	0.0	0.0	0.029850746268656716	0.1875	0.038461538461538464	0.0	0.0
8	8	8	0.0	0.0	0.0	0.0	0.2641509433962264	0.022727272727272728	0.0	0.0	0.0	0.0	0.047619047619047616	0.0	0.0	0.0	0.0	0.0	0.017543859649122806	0.04081632653061224	0.0	0.0	0.11864406779661017	0.03278688524590164	0.0784313725490196	0.0	0.0	0.075	0.0	0.0	0.0	0.0	0.0	0.021739130434782608	0.0	0.0	0.0	0.0	0.0	0.0	0.0	0.0	0.0	0.0	0.09615384615384616	0.0	0.0	0.0	0.0	0.0	0.06666666666666667	0.0	0.0
9	9	9	0.0	0.058823529411764705	0.020833333333333332	0.0	0.019230769230769232	0.0	0.0	0.0	0.0	0.0	0.16981132075471697	0.024390243902439025	0.0	0.043478260869565216	0.0	0.0	0.0	0.2	0.0	0.02	0.29411764705882354	0.0	0.0	0.0	0.0	0.0	0.0	0.0	0.0	0.0	0.019230769230769232	0.15217391304347827	0.0	0.0	0.0	0.0	0.0	0.01818181818181818	0.0	0.0	0.0	0.13333333333333333	0.37735849056603776	0.0	0.0	0.0	0.0	0.14	0.10526315789473684	0.0	0.0
10	10	10	0.0	0.0	0.0	0.0	0.0	0.0	0.021739130434782608	0.0	0.0	0.0	0.0	0.0	0.01694915254237288	0.020833333333333332	0.0	0.0	0.0	0.0	0.0	0.02	0.0	0.1724137931034483	0.0	0.0	0.0	0.0	0.8333333333333334	0.0	0.0	0.0	0.0	0.03225806451612903	0.0	0.038461538461538464	0.0	0.0	0.0	0.0	0.0	0.0	0.0	0.0	0.0	0.0	0.0	0.0	0.3448275862068966	0.0	0.0	0.03508771929824561	0.0
