1.0000 0.7761 0.0000 0.6042 0.1957 0.1154 0.1481 0.0000 0.0588 0.0000 0.0000
1.0000 0.8421 0.0000 0.3125 0.4727 0.2449 0.2787 0.0000 0.0208 0.0000 0.0000
1.0000 0.0000 0.0000 0.0000 0.0000 0.0000 0.0000 0.0000 0.0000 0.0000 0.0000
1.0000 1.0000 0.0000 0.7308 0.3235 0.4222 0.1455 0.2642 0.0192 0.0000 0.0000
1.0000 0.8667 0.0000 0.2241 0.1639 0.1569 0.0500 0.0227 0.0000 0.0000 0.0000
1.0000 0.7317 0.0455 0.0000 0.0000 0.0000 0.0000 0.0000 0.0000 0.0217 0.0000
1.0000 0.6607 0.0000 0.2364 0.0000 0.0000 0.0175 0.0000 0.0000 0.0000 0.0000
1.0000 0.0385 0.0000 0.1702 0.0000 0.0000 0.0156 0.0000 0.0000 0.0000 0.0000
1.0000 0.7800 0.0169 0.4615 0.0000 0.0000 0.0000 0.0000 0.0000 0.0000 0.0000
1.0000 0.9180 0.0000 0.4565 0.1228 0.3529 0.1600 0.0476 0.1698 0.0000 0.0000
1.0000 0.8636 0.0000 0.3220 0.1964 0.0000 0.0000 0.0000 0.0244 0.0000 0.0000
0.9655 0.0000 0.0000 0.1333 0.0000 0.0000 0.0000 0.0000 0.0000 0.0169 0.0000
1.0000 0.0179 0.0364 0.0000 0.0000 0.0000 0.0526 0.0000 0.0435 0.0208 0.0000
1.0000 0.9636 0.0000 0.5778 0.6875 0.0000 0.0000 0.0000 0.0000 0.0000 0.0000
1.0000 0.0000 0.0000 0.0652 0.0000 0.0244 0.0238 0.0000 0.0000 0.0000 0.0000
1.0000 0.0455 0.0000 0.0000 0.0000 0.0000 0.0000 0.0175 0.0000 0.0000 0.0000
1.0000 0.3774 0.0000 0.4222 0.0930 0.1111 0.0811 0.0408 0.2000 0.0000 0.0000
0.9818 0.9111 0.0000 0.7647 0.0227 0.0652 0.0000 0.0000 0.0000 0.0000 0.0000
1.0000 0.0000 0.0000 0.0185 0.0000 0.0000 0.0000 0.0000 0.0200 0.0200 0.0000
1.0000 1.0000 0.2727 0.2800 0.2807 0.6038 0.6667 0.1186 0.2941 0.0000 0.0000
1.0000 0.0263 0.0000 0.0000 0.0164 0.0000 0.0000 0.0328 0.0000 0.1724 0.0000
1.0000 0.4310 0.0000 0.1961 0.0833 0.2500 0.0000 0.0784 0.0000 0.0000 0.0000
0.9455 0.3158 0.0000 0.0000 0.0000 0.0000 0.0000 0.0000 0.0000 0.0000 0.0000
1.0000 0.0000 0.0000 0.0175 0.0000 0.0000 0.0000 0.0000 0.0000 0.0000 0.0000
1.0000 0.5610 0.0000 0.3509 0.0000 0.0000 0.0000 0.0750 0.0000 0.0000 0.0000
1.0000 0.0000 0.0000 0.0408 0.0000 0.0385 0.0000 0.0000 0.0000 0.8333 0.0000
1.0000 0.1471 0.0000 0.0526 0.0000 0.0000 0.0000 0.0000 0.0000 0.0000 0.0000
1.0000 0.7288 0.0000 0.2653 0.1277 0.1509 0.0000 0.0000 0.0000 0.0000 0.0000
1.0000 0.5932 0.0000 0.5200 0.2927 0.2200 0.0000 0.0000 0.0000 0.0000 0.0000
1.0000 0.4250 0.7551 0.0000 0.0000 0.0000 0.0172 0.0000 0.0192 0.0000 0.0000
1.0000 0.9787 0.0000 0.5763 0.1458 0.0196 0.2407 0.0217 0.1522 0.0323 0.0000
1.0000 0.9828 0.0000 0.2167 0.1905 0.0500 0.0000 0.0000 0.0000 0.0000 0.0000
1.0000 0.0000 0.0000 0.0000 0.0000 0.0000 0.0000 0.0000 0.0000 0.0385 0.0000
1.0000 0.0000 0.0345 0.0000 0.0208 0.0000 0.0526 0.0000 0.0000 0.0000 0.0000
1.0000 0.8983 0.0189 0.5000 0.0656 0.0000 0.0000 0.0000 0.0000 0.0000 0.0000
1.0000 0.1875 0.0233 0.0000 0.0000 0.0000 0.0000 0.0000 0.0000 0.0000 0.0000
1.0000 0.6923 0.0526 0.0000 0.0385 0.0588 0.0000 0.0000 0.0182 0.0000 0.0000
1.0000 0.1556 0.0000 0.1296 0.0172 0.0000 0.0000 0.0000 0.0000 0.0000 0.0000
1.0000 0.2273 0.1458 0.0000 0.0000 0.0000 0.0000 0.0000 0.0000 0.0000 0.0000
1.0000 0.7551 0.0000 0.0000 0.0000 0.0000 0.0000 0.0000 0.0000 0.0000 0.0000
1.0000 0.9744 0.0000 0.1860 0.1429 0.1250 0.3600 0.0000 0.1333 0.0000 0.0000
0.9149 1.0000 0.0000 0.5161 0.1087 0.4314 0.3393 0.0962 0.3774 0.0000 0.0000
0.9556 0.8636 0.0175 0.5714 0.0377 0.4091 0.1667 0.0000 0.0000 0.0000 0.0000
1.0000 0.9796 0.0000 0.4524 0.5179 0.0541 0.0000 0.0000 0.0000 0.0000 0.0000
1.0000 0.0000 0.1556 0.0000 0.0000 0.0000 0.0000 0.0000 0.0000 0.0000 0.0000
1.0000 0.0000 0.0000 0.0000 0.0000 0.0000 0.0299 0.0000 0.0000 0.3448 0.0000
1.0000 0.9167 0.0000 0.5000 0.4146 0.6271 0.1875 0.0000 0.1400 0.0000 0.0000
1.0000 0.8421 0.0217 0.3878 0.4655 0.1017 0.0385 0.0667 0.1053 0.0000 0.0000
1.0000 0.2414 0.0000 0.1525 0.0952 0.0204 0.0000 0.0000 0.0000 0.0351 0.0000
1.0000 0.3200 0.0435 0.0000 0.0000 0.0000 0.0000 0.0000 0.0000 0.0000 0.0000
