45 60 52 50 54 42 40 51 62 52 41 42 46 47 60 0
70 45 46 57 54 56 43 44 49 54 48 49 51 42 56 0
41 45 50 60 53 62 45 53 46 46 64 52 51 50 54 0
58 68 55 53 58 49 53 56 59 46 38 43 48 46 51 0
43 42 38 45 49 60 42 42 58 52 52 45 52 45 58 0
50 37 55 50 39 50 42 63 54 48 43 44 49 54 38 0
48 51 53 42 31 64 42 46 63 33 44 68 34 48 35 0
46 41 50 58 38 43 42 50 40 52 52 52 51 62 50 0
53 43 41 56 56 52 40 41 45 54 55 44 44 42 65 0
43 57 62 44 48 56 49 48 51 59 56 47 53 51 57 0
41 50 43 53 39 53 56 38 43 38 48 42 46 49 52 0
53 55 39 59 55 58 51 47 57 50 41 48 62 49 58 0
54 38 46 67 53 56 37 49 39 52 52 39 46 50 63 0
60 46 43 44 44 49 61 43 57 53 49 38 53 51 68 0
43 50 68 48 49 43 50 43 53 41 49 52 47 62 53 0
54 42 51 56 46 47 42 65 36 60 53 53 43 46 48 0
63 56 52 49 62 49 40 59 52 49 45 49 61 60 69 0
53 44 42 50 49 44 46 50 58 58 43 48 49 54 44 0
50 51 59 33 48 54 55 53 61 46 51 60 50 51 56 0
44 47 51 53 55 52 50 56 52 46 46 52 63 50 45 0
54 49 47 47 44 57 42 55 43 34 52 48 51 46 52 0
49 50 51 59 60 50 50 49 47 46 52 51 54 46 55 0
40 40 51 46 37 55 49 50 50 55 48 66 39 48 47 0
54 45 54 49 45 56 43 58 62 49 40 52 65 45 59 0
51 55 48 56 45 49 54 42 50 47 53 44 47 55 54 0
57 45 47 59 50 50 60 57 55 53 62 55 64 55 59 0
45 63 40 46 30 35 53 40 44 53 57 45 61 44 53 0
49 52 62 55 48 49 40 56 46 41 54 43 56 51 42 0
50 38 42 48 42 49 57 43 44 53 55 49 49 51 54 0
51 48 58 51 49 62 53 53 41 58 50 41 33 40 58 0
41 48 46 51 48 49 46 59 57 70 44 54 66 40 55 0
58 42 58 45 56 46 45 57 53 54 54 51 51 45 49 0
51 49 58 61 45 43 47 50 42 57 50 60 61 51 38 0
37 31 48 49 39 56 52 59 39 51 42 58 33 58 54 0
65 43 49 40 48 45 45 43 41 48 52 60 41 58 64 0
51 61 51 48 46 49 46 54 46 52 67 61 58 57 49 0
41 56 48 59 51 58 35 46 61 54 43 49 63 58 38 0
46 45 54 45 53 40 53 48 51 46 40 37 60 55 44 0
55 63 47 53 46 58 63 42 44 41 53 58 53 37 57 0
56 64 49 55 52 57 56 57 33 52 52 46 53 44 46 0
44 50 46 55 66 31 45 39 44 53 53 41 50 46 50 0
48 37 63 44 47 55 47 59 57 47 41 39 39 49 42 0
39 48 56 65 63 47 60 46 64 48 43 45 51 49 49 0
56 47 49 42 54 56 52 33 47 48 50 44 44 48 44 0
41 60 40 44 52 42 42 40 45 48 52 59 45 33 44 0
45 44 60 38 37 55 45 48 41 39 65 51 53 50 53 0
49 37 55 53 47 56 55 36 42 52 53 46 49 39 48 0
48 57 57 56 51 49 48 51 53 55 53 58 55 41 44 0
57 48 57 49 51 54 48 40 52 52 51 42 53 50 43 0
54 45 46 56 50 44 55 44 51 57 36 45 48 52 61 0
43 48 49 35 46 41 53 40 46 51 65 59 38 51 42 0
53 48 54 61 55 49 45 49 49 65 50 57 36 40 46 0
56 55 46 40 62 69 44 47 48 52 57 48 43 48 55 0
55 45 57 58 36 55 62 54 40 55 45 49 57 45 62 0
52 50 51 41 45 52 56 36 59 56 57 54 63 42 54 0
54 53 47 51 55 44 45 44 41 49 57 48 42 56 61 0
48 54 48 38 55 47 52 46 52 40 59 55 52 43 47 0
48 53 52 51 35 42 42 41 47 55 58 42 51 55 48 0
52 50 67 57 56 55 46 64 49 48 51 49 43 59 53 0
69 50 30 38 39 50 50 50 42 53 39 52 51 52 56 0
47 67 56 52 40 50 58 55 44 45 45 54 44 47 58 0
54 41 40 51 50 48 65 57 56 55 56 50 44 41 43 0
53 45 62 53 56 44 51 42 43 57 51 48 50 65 66 0
49 57 34 45 58 52 52 41 52 49 50 42 36 54 47 0
44 42 48 46 55 52 52 48 43 46 37 52 48 54 53 0
59 50 53 53 51 53 59 49 56 51 57 36 55 46 52 0
54 52 60 60 45 50 47 40 49 38 45 54 52 43 59 0
48 43 51 55 43 50 48 56 42 44 51 66 58 52 48 0
55 46 44 50 46 57 43 52 36 59 54 43 49 45 58 0
55 53 69 57 45 45 43 44 44 62 65 48 54 40 37 0
55 51 55 55 57 51 59 56 47 50 46 55 53 40 49 0
58 53 44 53 48 53 47 42 46 62 36 54 65 37 38 0
38 54 35 54 53 48 58 59 43 48 52 59 52 56 36 0
46 46 49 47 42 60 63 43 48 55 67 58 41 54 57 0
42 46 43 50 52 54 49 56 56 49 53 65 58 45 50 0
59 40 42 58 46 53 60 61 55 41 54 56 48 48 45 0
44 38 50 55 55 59 53 56 58 55 40 55 48 61 63 0
50 58 44 65 53 52 47 57 43 39 41 64 42 38 39 0
70 49 61 42 47 45 36 41 47 46 55 43 56 56 39 0
38 43 52 53 50 53 50 42 57 52 52 53 50 54 54 0
65 52 44 41 50 45 50 44 51 56 44 49 51 42 41 0
43 54 50 52 66 51 48 62 46 58 50 49 49 43 43 0
46 44 52 50 46 42 66 53 58 50 57 53 56 46 50 0
57 43 47 50 45 49 48 59 55 50 48 46 49 51 51 0
52 46 45 43 46 49 58 37 54 41 57 43 48 38 53 0
46 46 44 51 52 33 42 47 47 40 44 55 50 41 48 0
69 43 48 48 56 46 45 54 52 51 42 41 34 58 39 0
58 54 49 62 48 51 48 41 60 63 49 52 60 62 48 0
50 60 50 54 44 45 43 33 50 56 52 49 52 48 45 0
56 46 55 65 48 53 48 41 59 43 47 35 45 46 57 0
58 39 55 68 42 52 58 54 54 54 54 59 38 37 42 0
51 54 49 53 51 36 52 51 42 56 64 44 38 43 43 0
49 56 48 53 43 68 50 36 45 43 55 48 46 52 53 0
57 51 54 56 53 46 53 50 52 43 55 48 50 50 43 0
49 49 50 41 41 44 50 50 48 36 44 44 60 43 41 0
54 50 61 43 42 48 56 52 54 44 45 54 59 53 40 0
55 39 43 49 43 51 52 47 69 48 51 53 61 46 49 0
48 43 54 51 59 47 66 62 47 45 45 60 46 54 62 0
43 57 34 35 52 35 55 56 59 40 58 50 47 49 40 0
48 55 56 52 68 36 41 52 51 57 42 43 41 45 50 0
