45 0 0 0 0 0 0 0 0 0 0 0 0 0 0 0
70 42 23 27 4 1 0 0 0 0 0 7 1 10 4 0
41 0 0 0 2 62 15 23 1 1 26 0 0 0 0 0
58 0 0 0 0 44 5 34 0 0 0 0 1 0 0 0
42 0 0 0 0 54 2 2 16 0 0 3 0 1 3 0
50 0 0 0 0 45 11 32 8 0 0 0 0 0 6 0
48 29 27 32 0 0 0 0 2 0 0 1 0 5 0 0
46 1 0 0 3 13 4 0 0 0 0 0 0 2 3 0
53 0 0 0 0 45 3 4 0 0 0 5 0 0 0 0
43 21 2 0 1 0 0 0 0 0 0 3 0 0 0 0
35 0 0 0 0 52 21 4 3 0 0 0 1 0 25 0
53 0 0 0 2 55 11 11 5 0 2 0 0 0 1 0
53 29 1 0 0 0 0 0 1 0 0 0 0 0 0 0
60 40 3 0 0 0 1 0 0 3 0 0 0 0 0 0
43 2 1 0 0 3 1 1 0 0 0 0 0 1 0 0
54 0 0 0 0 32 8 10 2 0 0 1 0 0 0 0
63 43 4 1 0 0 0 0 0 0 0 0 0 24 0 0
53 1 0 0 0 0 0 0 0 0 1 2 0 0 0 0
50 0 0 0 0 39 33 27 0 0 0 0 0 0 0 0
44 33 4 0 7 0 0 0 0 0 4 0 0 1 0 0
54 0 1 0 0 33 3 2 0 2 0 0 0 0 1 0
49 50 11 5 0 0 0 0 3 7 0 0 0 25 1 0
40 1 0 0 0 0 0 1 2 0 0 0 2 0 0 0
52 0 0 0 0 52 1 15 0 9 9 0 0 0 0 0
50 0 0 0 0 44 11 22 5 10 21 0 1 0 0 0
57 0 0 1 0 0 0 0 1 0 0 0 0 1 0 0
45 0 0 0 0 31 4 3 0 0 0 0 2 6 0 0
49 0 0 0 0 43 15 18 0 0 1 0 0 0 0 0
50 1 1 0 1 43 12 5 2 0 0 11 12 0 2 0
51 3 0 0 0 52 0 11 23 0 0 0 0 0 0 0
39 1 0 0 2 36 7 15 8 0 0 0 0 0 0 0
58 31 0 0 0 0 1 0 0 0 0 1 0 0 0 0
50 0 0 2 0 42 0 1 1 1 5 0 0 8 0 0
37 1 0 0 0 44 4 20 4 1 0 0 0 4 0 0
65 0 0 3 0 0 0 0 0 0 0 0 0 0 0 0
51 0 2 0 0 37 4 1 24 0 0 0 1 0 0 0
41 45 23 11 16 0 0 0 0 0 0 0 0 15 0 0
46 44 12 3 0 0 1 0 1 0 0 0 0 25 0 0
55 0 0 0 0 36 0 0 5 0 1 0 0 0 3 0
56 57 0 0 0 2 0 0 0 0 0 0 0 0 1 0
44 0 0 0 0 28 4 14 7 12 2 0 0 0 0 0
48 0 0 0 0 45 8 1 13 0 0 2 1 0 2 0
39 0 0 0 0 25 7 2 23 0 0 15 0 0 1 0
56 2 1 0 0 41 13 0 32 0 0 0 0 0 11 0
41 0 0 0 0 0 0 0 0 0 0 0 0 0 0 0
45 0 0 3 0 35 9 2 5 0 0 0 0 0 13 0
49 32 10 0 0 0 0 3 0 1 0 0 0 15 3 0
47 0 0 0 0 46 1 1 13 0 0 4 0 0 3 0
57 17 20 18 6 11 0 0 0 0 0 0 0 11 3 0
54 0 0 0 0 39 26 9 2 0 0 8 0 0 20 0
42 40 11 1 0 0 0 0 0 0 0 0 0 12 0 0
53 0 0 0 7 23 2 3 2 11 0 0 0 1 2 0
56 38 4 0 0 0 0 0 0 1 1 0 0 0 0 0
55 17 20 0 0 0 0 0 0 0 0 4 0 0 0 0
52 0 0 0 0 32 0 8 9 0 0 0 0 0 0 0
54 49 3 0 0 2 0 1 0 0 0 0 0 0 0 0
47 0 0 0 0 42 6 7 10 5 3 0 0 0 0 0
48 1 0 0 0 39 18 8 0 0 0 5 0 0 22 0
51 0 4 1 0 50 0 0 28 0 0 4 0 0 0 0
69 0 0 0 0 0 0 0 0 0 0 3 6 3 0 0
46 2 0 0 0 0 0 0 0 0 1 1 0 0 0 0
53 0 0 0 6 48 14 22 6 0 4 3 0 0 0 0
53 0 0 0 0 38 10 8 6 5 0 0 0 0 1 0
49 1 2 0 0 51 0 0 0 3 0 0 0 0 0 0
44 0 0 1 0 33 9 1 10 0 0 15 3 0 0 0
55 0 0 0 0 19 0 0 0 0 0 0 0 0 0 0
54 0 0 0 0 36 29 12 6 0 2 1 0 0 29 0
43 26 12 0 0 6 0 0 6 0 1 0 0 12 0 0
55 0 0 0 0 56 4 3 1 0 0 18 13 0 1 0
55 0 0 0 0 32 11 0 0 0 0 0 0 0 1 0
42 0 2 0 1 25 4 13 5 1 0 11 0 0 0 0
58 42 9 2 0 5 1 0 0 1 3 0 0 2 0 0
38 0 0 1 0 47 12 41 0 0 0 0 0 0 0 0
45 39 20 14 4 0 0 0 0 0 0 0 0 8 0 0
42 0 2 0 0 0 0 0 0 3 0 0 0 0 0 0
54 11 0 2 0 0 0 1 0 0 0 0 0 0 0 0
43 2 0 0 0 47 7 9 0 0 0 12 0 0 0 0
50 56 31 16 0 2 1 0 2 0 0 0 0 3 0 0
64 0 0 0 0 27 13 6 0 2 0 0 0 9 0 0
37 30 28 0 1 0 0 0 0 0 3 2 0 0 0 0
65 0 0 1 0 5 0 0 0 0 0 0 0 0 0 0
42 0 0 0 0 37 10 0 0 1 0 1 0 0 0 0
46 10 14 0 0 0 0 0 0 0 0 0 0 19 0 0
57 0 0 0 0 48 6 11 14 0 0 18 12 0 2 0
52 0 0 2 4 42 34 0 0 0 0 2 0 0 0 0
45 40 31 13 3 0 0 0 1 2 7 5 0 9 1 0
67 38 3 0 0 2 0 0 1 0 0 0 0 0 0 0
58 44 0 0 0 1 2 0 0 0 4 0 0 0 0 0
50 0 0 0 0 43 1 3 3 0 0 7 0 0 0 0
56 0 3 0 0 0 0 0 0 0 0 0 0 0 0 0
53 0 3 0 0 50 8 13 1 7 12 1 0 0 0 0
50 6 0 0 0 23 5 3 10 10 0 0 0 0 0 0
49 52 34 12 4 1 0 1 0 0 0 0 0 5 0 0
57 0 0 1 0 46 0 0 2 2 11 0 0 0 0 0
49 1 0 0 0 3 0 1 0 0 0 0 1 0 1 0
54 1 0 1 0 43 3 2 16 1 0 0 2 0 1 0
55 0 0 1 3 38 22 4 6 0 0 0 0 0 0 0
47 0 13 2 0 13 3 5 3 1 0 4 0 0 0 0
43 3 4 0 0 33 11 9 21 2 8 2 0 2 0 0
47 0 0 0 0 30 11 21 0 2 0 0 4 0 0 0
