1.0000 0.0000 0.0000 0.0000 0.0000 0.0000 0.0000 0.0000 0.0000 0.0000 0.0000 0.0000 0.0000 0.0000 0.0000 0.0000
1.0000 0.9333 0.5000 0.4737 0.0741 0.0179 0.0000 0.0000 0.0000 0.0000 0.0000 0.1429 0.0196 0.2381 0.0714 0.0000
1.0000 0.0000 0.0000 0.0000 0.0377 1.0000 0.3333 0.4340 0.0217 0.0217 0.4062 0.0000 0.0000 0.0000 0.0000 0.0000
1.0000 0.0000 0.0000 0.0000 0.0000 0.8980 0.0943 0.6071 0.0000 0.0000 0.0000 0.0000 0.0208 0.0000 0.0000 0.0000
0.9767 0.0000 0.0000 0.0000 0.0000 0.9000 0.0476 0.0476 0.2759 0.0000 0.0000 0.0667 0.0000 0.0222 0.0517 0.0000
1.0000 0.0000 0.0000 0.0000 0.0000 0.9000 0.2619 0.5079 0.1481 0.0000 0.0000 0.0000 0.0000 0.0000 0.1579 0.0000
1.0000 0.5686 0.5094 0.7619 0.0000 0.0000 0.0000 0.0000 0.0317 0.0000 0.0000 0.0147 0.0000 0.1042 0.0000 0.0000
1.0000 0.0244 0.0000 0.0000 0.0789 0.3023 0.0952 0.0000 0.0000 0.0000 0.0000 0.0000 0.0000 0.0323 0.0600 0.0000
1.0000 0.0000 0.0000 0.0000 0.0000 0.8654 0.0750 0.0976 0.0000 0.0000 0.0000 0.1136 0.0000 0.0000 0.0000 0.0000
1.0000 0.3684 0.0323 0.0000 0.0208 0.0000 0.0000 0.0000 0.0000 0.0000 0.0000 0.0638 0.0000 0.0000 0.0000 0.0000
0.8537 0.0000 0.0000 0.0000 0.0000 0.9811 0.3750 0.1053 0.0698 0.0000 0.0000 0.0000 0.0217 0.0000 0.4808 0.0000
1.0000 0.0000 0.0000 0.0000 0.0364 0.9483 0.2157 0.2340 0.0877 0.0000 0.0488 0.0000 0.0000 0.0000 0.0172 0.0000
0.9815 0.7632 0.0217 0.0000 0.0000 0.0000 0.0000 0.0000 0.0256 0.0000 0.0000 0.0000 0.0000 0.0000 0.0000 0.0000
1.0000 0.8696 0.0698 0.0000 0.0000 0.0000 0.0164 0.0000 0.0000 0.0566 0.0000 0.0000 0.0000 0.0000 0.0000 0.0000
1.0000 0.0400 0.0147 0.0000 0.0000 0.0698 0.0200 0.0233 0.0000 0.0000 0.0000 0.0000 0.0000 0.0161 0.0000 0.0000
1.0000 0.0000 0.0000 0.0000 0.0000 0.6809 0.1905 0.1538 0.0556 0.0000 0.0000 0.0189 0.0000 0.0000 0.0000 0.0000
1.0000 0.7679 0.0769 0.0204 0.0000 0.0000 0.0000 0.0000 0.0000 0.0000 0.0000 0.0000 0.0000 0.4000 0.0000 0.0000
1.0000 0.0227 0.0000 0.0000 0.0000 0.0000 0.0000 0.0000 0.0000 0.0000 0.0233 0.0417 0.0000 0.0000 0.0000 0.0000
1.0000 0.0000 0.0000 0.0000 0.0000 0.7222 0.6000 0.5094 0.0000 0.0000 0.0000 0.0000 0.0000 0.0000 0.0000 0.0000
1.0000 0.7021 0.0784 0.0000 0.1273 0.0000 0.0000 0.0000 0.0000 0.0000 0.0870 0.0000 0.0000 0.0200 0.0000 0.0000
1.0000 0.0000 0.0213 0.0000 0.0000 0.5789 0.0714 0.0364 0.0000 0.0588 0.0000 0.0000 0.0000 0.0000 0.0192 0.0000
1.0000 1.0000 0.2157 0.0847 0.0000 0.0000 0.0000 0.0000 0.0638 0.1522 0.0000 0.0000 0.0000 0.5435 0.0182 0.0000
1.0000 0.0250 0.0000 0.0000 0.0000 0.0000 0.0000 0.0200 0.0400 0.0000 0.0000 0.0000 0.0513 0.0000 0.0000 0.0000
0.9630 0.0000 0.0000 0.0000 0.0000 0.9286 0.0233 0.2586 0.0000 0.1837 0.2250 0.0000 0.0000 0.0000 0.0000 0.0000
0.9804 0.0000 0.0000 0.0000 0.0000 0.8980 0.2037 0.5238 0.1000 0.2128 0.3962 0.0000 0.0213 0.0000 0.0000 0.0000
1.0000 0.0000 0.0000 0.0169 0.0000 0.0000 0.0000 0.0000 0.0182 0.0000 0.0000 0.0000 0.0000 0.0182 0.0000 0.0000
1.0000 0.0000 0.0000 0.0000 0.0000 0.8857 0.0755 0.0750 0.0000 0.0000 0.0000 0.0000 0.0328 0.1364 0.0000 0.0000
1.0000 0.0000 0.0000 0.0000 0.0000 0.8776 0.3750 0.3214 0.0000 0.0000 0.0185 0.0000 0.0000 0.0000 0.0000 0.0000
1.0000 0.0263 0.0238 0.0000 0.0238 0.8776 0.2105 0.1163 0.0455 0.0000 0.0000 0.2245 0.2449 0.0000 0.0370 0.0000
1.0000 0.0625 0.0000 0.0000 0.0000 0.8387 0.0000 0.2075 0.5610 0.0000 0.0000 0.0000 0.0000 0.0000 0.0000 0.0000
0.9512 0.0208 0.0000 0.0000 0.0417 0.7347 0.1522 0.2542 0.1404 0.0000 0.0000 0.0000 0.0000 0.0000 0.0000 0.0000
1.0000 0.7381 0.0000 0.0000 0.0000 0.0000 0.0222 0.0000 0.0000 0.0000 0.0000 0.0196 0.0000 0.0000 0.0000 0.0000
0.9804 0.0000 0.0000 0.0328 0.0000 0.9767 0.0000 0.0200 0.0238 0.0175 0.1000 0.0000 0.0000 0.1569 0.0000 0.0000
1.0000 0.0323 0.0000 0.0000 0.0000 0.7857 0.0769 0.3390 0.1026 0.0196 0.0000 0.0000 0.0000 0.0690 0.0000 0.0000
1.0000 0.0000 0.0000 0.0750 0.0000 0.0000 0.0000 0.0000 0.0000 0.0000 0.0000 0.0000 0.0000 0.0000 0.0000 0.0000
1.0000 0.0000 0.0392 0.0000 0.0000 0.7551 0.0870 0.0185 0.5217 0.0000 0.0000 0.0000 0.0172 0.0000 0.0000 0.0000
1.0000 0.8036 0.4792 0.1864 0.3137 0.0000 0.0000 0.0000 0.0000 0.0000 0.0000 0.0000 0.0000 0.2586 0.0000 0.0000
1.0000 0.9778 0.2222 0.0667 0.0000 0.0000 0.0189 0.0000 0.0196 0.0000 0.0000 0.0000 0.0000 0.4545 0.0000 0.0000
1.0000 0.0000 0.0000 0.0000 0.0000 0.6207 0.0000 0.0000 0.1136 0.0000 0.0189 0.0000 0.0000 0.0000 0.0526 0.0000
1.0000 0.8906 0.0000 0.0000 0.0000 0.0351 0.0000 0.0000 0.0000 0.0000 0.0000 0.0000 0.0000 0.0000 0.0217 0.0000
1.0000 0.0000 0.0000 0.0000 0.0000 0.9032 0.0889 0.3590 0.1591 0.2264 0.0377 0.0000 0.0000 0.0000 0.0000 0.0000
1.0000 0.0000 0.0000 0.0000 0.0000 0.8182 0.1702 0.0169 0.2281 0.0000 0.0000 0.0513 0.0256 0.0000 0.0476 0.0000
1.0000 0.0000 0.0000 0.0000 0.0000 0.5319 0.1167 0.0435 0.3594 0.0000 0.0000 0.3333 0.0000 0.0000 0.0204 0.0000
1.0000 0.0426 0.0204 0.0000 0.0000 0.7321 0.2500 0.0000 0.6809 0.0000 0.0000 0.0000 0.0000 0.0000 0.2500 0.0000
1.0000 0.0000 0.0000 0.0000 0.0000 0.0000 0.0000 0.0000 0.0000 0.0000 0.0000 0.0000 0.0000 0.0000 0.0000 0.0000
1.0000 0.0000 0.0000 0.0789 0.0000 0.6364 0.2000 0.0417 0.1220 0.0000 0.0000 0.0000 0.0000 0.0000 0.2453 0.0000
1.0000 0.8649 0.1818 0.0000 0.0000 0.0000 0.0000 0.0833 0.0000 0.0192 0.0000 0.0000 0.0000 0.3846 0.0625 0.0000
0.9792 0.0000 0.0000 0.0000 0.0000 0.9388 0.0208 0.0196 0.2453 0.0000 0.0000 0.0690 0.0000 0.0000 0.0682 0.0000
1.0000 0.3542 0.3509 0.3673 0.1176 0.2037 0.0000 0.0000 0.0000 0.0000 0.0000 0.0000 0.0000 0.2200 0.0698 0.0000
1.0000 0.0000 0.0000 0.0000 0.0000 0.8864 0.4727 0.2045 0.0392 0.0000 0.0000 0.1778 0.0000 0.0000 0.3279 0.0000
0.9767 0.8333 0.2245 0.0286 0.0000 0.0000 0.0000 0.0000 0.0000 0.0000 0.0000 0.0000 0.0000 0.2353 0.0000 0.0000
1.0000 0.0000 0.0000 0.0000 0.1273 0.4694 0.0444 0.0612 0.0408 0.1692 0.0000 0.0000 0.0000 0.0250 0.0435 0.0000
1.0000 0.6909 0.0870 0.0000 0.0000 0.0000 0.0000 0.0000 0.0000 0.0192 0.0175 0.0000 0.0000 0.0000 0.0000 0.0000
1.0000 0.3778 0.3509 0.0000 0.0000 0.0000 0.0000 0.0000 0.0000 0.0000 0.0000 0.0816 0.0000 0.0000 0.0000 0.0000
1.0000 0.0000 0.0000 0.0000 0.0000 0.6154 0.0000 0.2222 0.1525 0.0000 0.0000 0.0000 0.0000 0.0000 0.0000 0.0000
1.0000 0.9245 0.0638 0.0000 0.0000 0.0455 0.0000 0.0227 0.0000 0.0000 0.0000 0.0000 0.0000 0.0000 0.0000 0.0000
0.9792 0.0000 0.0000 0.0000 0.0000 0.8936 0.1154 0.1522 0.1923 0.1250 0.0508 0.0000 0.0000 0.0000 0.0000 0.0000
1.0000 0.0189 0.0000 0.0000 0.0000 0.9286 0.4286 0.1951 0.0000 0.0000 0.0000 0.1190 0.0000 0.0000 0.4583 0.0000
0.9808 0.0000 0.0597 0.0175 0.0000 0.9091 0.0000 0.0000 0.5714 0.0000 0.0000 0.0816 0.0000 0.0000 0.0000 0.0000
1.0000 0.0000 0.0000 0.0000 0.0000 0.0000 0.0000 0.0000 0.0000 0.0000 0.0000 0.0577 0.1176 0.0577 0.0000 0.0000
0.9787 0.0299 0.0000 0.0000 0.0000 0.0000 0.0000 0.0000 0.0000 0.0000 0.0222 0.0185 0.0000 0.0000 0.0000 0.0000
0.9815 0.0000 0.0000 0.0000 0.1200 1.0000 0.2154 0.3860 0.1071 0.0000 0.0714 0.0600 0.0000 0.0000 0.0000 0.0000
1.0000 0.0000 0.0000 0.0000 0.0000 0.8636 0.1961 0.1905 0.1395 0.0877 0.0000 0.0000 0.0000 0.0000 0.0152 0.0000
1.0000 0.0175 0.0588 0.0000 0.0000 0.9808 0.0000 0.0000 0.0000 0.0612 0.0000 0.0000 0.0000 0.0000 0.0000 0.0000
1.0000 0.0000 0.0000 0.0217 0.0000 0.6346 0.1731 0.0208 0.2326 0.0000 0.0000 0.2885 0.0625 0.0000 0.0000 0.0000
0.9322 0.0000 0.0000 0.0000 0.0000 0.3585 0.0000 0.0000 0.0000 0.0000 0.0000 0.0000 0.0000 0.0000 0.0000 0.0000
1.0000 0.0000 0.0000 0.0000 0.0000 0.7200 0.6170 0.3000 0.1224 0.0000 0.0444 0.0185 0.0000 0.0000 0.4915 0.0000
0.8958 0.6047 0.2353 0.0000 0.0000 0.1200 0.0000 0.0000 0.1429 0.0000 0.0196 0.0000 0.0000 0.2308 0.0000 0.0000
1.0000 0.0000 0.0000 0.0000 0.0000 0.9825 0.0930 0.0577 0.0278 0.0000 0.0000 0.4186 0.2653 0.0000 0.0172 0.0000
1.0000 0.0000 0.0000 0.0000 0.0000 0.7111 0.2558 0.0000 0.0000 0.0000 0.0000 0.0000 0.0000 0.0000 0.0270 0.0000
0.7636 0.0000 0.0364 0.0000 0.0175 0.4902 0.0678 0.2321 0.1064 0.0200 0.0000 0.2000 0.0000 0.0000 0.0000 0.0000
1.0000 0.7925 0.2045 0.0377 0.0000 0.0943 0.0213 0.0000 0.0000 0.0161 0.0833 0.0000 0.0000 0.0541 0.0000 0.0000
1.0000 0.0000 0.0000 0.0185 0.0000 0.9792 0.2069 0.6949 0.0000 0.0000 0.0000 0.0000 0.0000 0.0000 0.0000 0.0000
0.9783 0.8478 0.4082 0.2979 0.0952 0.0000 0.0000 0.0000 0.0000 0.0000 0.0000 0.0000 0.0000 0.1481 0.0000 0.0000
1.0000 0.0000 0.0465 0.0000 0.0000 0.0000 0.0000 0.0000 0.0000 0.0612 0.0000 0.0000 0.0000 0.0000 0.0000 0.0000
0.9153 0.2750 0.0000 0.0345 0.0000 0.0000 0.0000 0.0164 0.0000 0.0000 0.0000 0.0000 0.0000 0.0000 0.0000 0.0000
0.9773 0.0526 0.0000 0.0000 0.0000 0.7966 0.1321 0.1607 0.0000 0.0000 0.0000 0.2182 0.0000 0.0000 0.0000 0.0000
1.0000 0.9655 0.7045 0.2462 0.0000 0.0385 0.0213 0.0000 0.0465 0.0000 0.0000 0.0000 0.0000 0.0789 0.0000 0.0000
0.9143 0.0000 0.0000 0.0000 0.0000 0.6000 0.3611 0.1463 0.0000 0.0435 0.0000 0.0000 0.0000 0.1607 0.0000 0.0000
0.9737 0.6977 0.5385 0.0000 0.0200 0.0000 0.0000 0.0000 0.0000 0.0000 0.0577 0.0377 0.0000 0.0000 0.0000 0.0000
1.0000 0.0000 0.0000 0.0244 0.0000 0.1111 0.0000 0.0000 0.0000 0.0000 0.0000 0.0000 0.0000 0.0000 0.0000 0.0000
0.9767 0.0000 0.0000 0.0000 0.0000 0.7255 0.2083 0.0000 0.0000 0.0172 0.0000 0.0204 0.0000 0.0000 0.0000 0.0000
1.0000 0.2273 0.2692 0.0000 0.0000 0.0000 0.0000 0.0000 0.0000 0.0000 0.0000 0.0000 0.0000 0.4130 0.0000 0.0000
1.0000 0.0000 0.0000 0.0000 0.0000 0.9796 0.1250 0.1864 0.2545 0.0000 0.0000 0.3913 0.2449 0.0000 0.0392 0.0000
1.0000 0.0000 0.0000 0.0465 0.0870 0.8571 0.5862 0.0000 0.0000 0.0000 0.0000 0.0465 0.0000 0.0000 0.0000 0.0000
0.9783 0.8696 0.7045 0.2549 0.0577 0.0000 0.0000 0.0000 0.0213 0.0500 0.1591 0.0909 0.0000 0.2195 0.0208 0.0000
0.9710 0.8837 0.0625 0.0000 0.0000 0.0435 0.0000 0.0000 0.0192 0.0000 0.0000 0.0000 0.0000 0.0000 0.0000 0.0000
1.0000 0.8148 0.0000 0.0000 0.0000 0.0196 0.0417 0.0000 0.0000 0.0000 0.0816 0.0000 0.0000 0.0000 0.0000 0.0000
1.0000 0.0000 0.0000 0.0000 0.0000 0.9556 0.0233 0.0909 0.0600 0.0000 0.0000 0.1429 0.0000 0.0000 0.0000 0.0000
1.0000 0.0000 0.0545 0.0000 0.0000 0.0000 0.0000 0.0000 0.0000 0.0000 0.0000 0.0000 0.0000 0.0000 0.0000 0.0000
0.9138 0.0000 0.0545 0.0000 0.0000 0.9615 0.1379 0.2407 0.0185 0.1296 0.2222 0.0169 0.0000 0.0000 0.0000 0.0000
0.9804 0.1111 0.0000 0.0000 0.0000 0.6389 0.0962 0.0588 0.2381 0.1786 0.0000 0.0000 0.0000 0.0000 0.0000 0.0000
1.0000 0.9286 0.7083 0.2264 0.0930 0.0147 0.0000 0.0278 0.0000 0.0000 0.0000 0.0000 0.0000 0.0962 0.0000 0.0000
1.0000 0.0000 0.0000 0.0179 0.0000 1.0000 0.0000 0.0000 0.0385 0.0465 0.2000 0.0000 0.0000 0.0000 0.0000 0.0000
1.0000 0.0204 0.0000 0.0000 0.0000 0.0682 0.0000 0.0200 0.0000 0.0000 0.0000 0.0000 0.0167 0.0000 0.0244 0.0000
1.0000 0.0200 0.0000 0.0233 0.0000 0.8958 0.0536 0.0385 0.2963 0.0227 0.0000 0.0000 0.0339 0.0000 0.0250 0.0000
1.0000 0.0000 0.0000 0.0204 0.0698 0.7451 0.4231 0.0851 0.0870 0.0000 0.0000 0.0000 0.0000 0.0000 0.0000 0.0000
0.9792 0.0000 0.2407 0.0392 0.0000 0.2766 0.0455 0.0806 0.0638 0.0222 0.0000 0.0667 0.0000 0.0000 0.0000 0.0000
1.0000 0.0526 0.1176 0.0000 0.0000 0.9429 0.2000 0.1607 0.3559 0.0500 0.1379 0.0400 0.0000 0.0408 0.0000 0.0000
0.9792 0.0000 0.0000 0.0000 0.0000 0.8333 0.2683 0.4038 0.0000 0.0351 0.0000 0.0000 0.0976 0.0000 0.0000 0.0000
