cell_idx/mut_idx	mut15	mut1	mut2	mut3	mut4	mut5	mut6	mut7	mut8	mut9	mut10	mut11	mut12	mut13	mut14
cell1	1	0	0	0	0	0	0	0	0	0	0	0	0	0	0
cell2	1	1	1	1	1	0	0	0	0	0	0	1	0	1	1
cell3	1	0	0	0	0	1	1	1	0	0	1	0	0	0	0
cell4	1	0	0	0	0	1	1	1	0	0	0	0	0	0	0
cell5	1	0	0	0	0	1	0	0	1	0	0	1	0	0	1
cell6	1	0	0	0	0	1	1	1	1	0	0	0	0	0	1
cell7	1	1	1	1	0	0	0	0	0	0	0	0	0	1	0
cell8	1	0	0	0	1	1	1	0	0	0	0	0	0	0	1
cell9	1	0	0	0	0	1	1	1	0	0	0	1	0	0	0
cell10	1	1	0	0	0	0	0	0	0	0	0	1	0	0	0
cell11	1	0	0	0	0	1	1	1	1	0	0	0	0	0	1
cell12	1	0	0	0	0	1	1	1	1	0	0	0	0	0	0
cell13	1	1	0	0	0	0	0	0	0	0	0	0	0	0	0
cell14	1	1	1	0	0	0	0	0	0	1	0	0	0	0	0
cell15	1	0	0	0	0	1	0	0	0	0	0	0	0	0	0
cell16	1	0	0	0	0	1	1	1	1	0	0	0	0	0	0
cell17	1	1	1	0	0	0	0	0	0	0	0	0	0	1	0
cell18	1	0	0	0	0	0	0	0	0	0	0	0	0	0	0
cell19	1	0	0	0	0	1	1	1	0	0	0	0	0	0	0
cell20	1	1	1	0	1	0	0	0	0	0	1	0	0	0	0
cell21	1	0	0	0	0	1	1	0	0	1	0	0	0	0	0
cell22	1	1	1	1	0	0	0	0	1	1	0	0	0	1	0
cell23	1	0	0	0	0	0	0	0	0	0	0	0	1	0	0
cell24	1	0	0	0	0	1	0	1	0	1	1	0	0	0	0
cell25	1	0	0	0	0	1	1	1	1	1	1	0	0	0	0
cell26	1	0	0	0	0	0	0	0	0	0	0	0	0	0	0
cell27	1	0	0	0	0	1	1	1	0	0	0	0	0	1	0
cell28	1	0	0	0	0	1	1	1	0	0	0	0	0	0	0
cell29	1	0	0	0	0	1	1	1	0	0	0	1	1	0	0
cell30	1	1	0	0	0	1	0	1	1	0	0	0	0	0	0
cell31	1	0	0	0	0	1	1	1	1	0	0	0	0	0	0
cell32	1	1	0	0	0	0	0	0	0	0	0	0	0	0	0
cell33	1	0	0	0	0	1	0	0	0	0	1	0	0	1	0
cell34	1	0	0	0	0	1	1	1	1	0	0	0	0	1	0
cell35	1	0	0	1	0	0	0	0	0	0	0	0	0	0	0
cell36	1	0	0	0	0	1	1	0	1	0	0	0	0	0	0
cell37	1	1	1	1	1	0	0	0	0	0	0	0	0	1	0
cell38	1	1	1	1	0	0	0	0	0	0	0	0	0	1	0
cell39	1	0	0	0	0	1	0	0	1	0	0	0	0	0	1
cell40	1	1	0	0	0	0	0	0	0	0	0	0	0	0	0
cell41	1	0	0	0	0	1	1	1	1	1	0	0	0	0	0
cell42	1	0	0	0	0	1	1	0	1	0	0	1	0	0	0
cell43	1	0	0	0	0	1	1	0	1	0	0	1	0	0	0
cell44	1	0	0	0	0	1	1	0	1	0	0	0	0	0	1
cell45	1	0	0	0	0	0	0	0	0	0	0	0	0	0	0
cell46	1	0	0	1	0	1	1	0	1	0	0	0	0	0	1
cell47	1	1	1	0	0	0	0	1	0	0	0	0	0	1	1
cell48	1	0	0	0	0	1	0	0	1	0	0	1	0	0	1
cell49	1	1	1	1	1	1	0	0	0	0	0	0	0	1	1
cell50	1	0	0	0	0	1	1	1	0	0	0	1	0	0	1
cell51	1	1	1	0	0	0	0	0	0	0	0	0	0	1	0
cell52	1	0	0	0	1	1	0	1	0	1	0	0	0	0	0
cell53	1	1	1	0	0	0	0	0	0	0	0	0	0	0	0
cell54	1	1	1	0	0	0	0	0	0	0	0	1	0	0	0
cell55	1	0	0	0	0	1	0	1	1	0	0	0	0	0	0
cell56	1	1	1	0	0	0	0	0	0	0	0	0	0	0	0
cell57	1	0	0	0	0	1	1	1	1	1	1	0	0	0	0
cell58	1	0	0	0	0	1	1	1	0	0	0	1	0	0	1
cell59	1	0	1	0	0	1	0	0	1	0	0	1	0	0	0
cell60	1	0	0	0	0	0	0	0	0	0	0	1	1	1	0
cell61	1	0	0	0	0	0	0	0	0	0	0	0	0	0	0
cell62	1	0	0	0	1	1	1	1	1	0	1	1	0	0	0
cell63	1	0	0	0	0	1	1	1	1	1	0	0	0	0	0
cell64	1	0	1	0	0	1	0	0	0	1	0	0	0	0	0
cell65	1	0	0	0	0	1	1	0	1	0	0	1	1	0	0
cell66	1	0	0	0	0	1	0	0	0	0	0	0	0	0	0
cell67	1	0	0	0	0	1	1	1	1	0	0	0	0	0	1
cell68	1	1	1	0	0	1	0	0	1	0	0	0	0	1	0
cell69	1	0	0	0	0	1	1	1	0	0	0	1	1	0	0
cell70	1	0	0	0	0	1	1	0	0	0	0	0	0	0	0
cell71	1	0	0	0	0	1	1	1	1	0	0	1	0	0	0
cell72	1	1	1	0	0	1	0	0	0	0	1	0	0	1	0
cell73	1	0	0	0	0	1	1	1	0	0	0	0	0	0	0
cell74	1	1	1	1	1	0	0	0	0	0	0	0	0	1	0
cell75	1	0	0	0	0	0	0	0	0	1	0	0	0	0	0
cell76	1	1	0	0	0	0	0	0	0	0	0	0	0	0	0
cell77	1	1	0	0	0	1	1	1	0	0	0	1	0	0	0
cell78	1	1	1	1	0	0	0	0	0	0	0	0	0	1	0
cell79	1	0	0	0	0	1	1	1	0	0	0	0	0	1	0
cell80	1	1	1	0	0	0	0	0	0	0	1	0	0	0	0
cell81	1	0	0	0	0	1	0	0	0	0	0	0	0	0	0
cell82	1	0	0	0	0	1	1	0	0	0	0	0	0	0	0
cell83	1	1	1	0	0	0	0	0	0	0	0	0	0	1	0
cell84	1	0	0	0	0	1	1	1	1	0	0	1	1	0	0
cell85	1	0	0	0	1	1	1	0	0	0	0	0	0	0	0
cell86	1	1	1	1	1	0	0	0	0	1	1	1	0	1	0
cell87	1	1	1	0	0	0	0	0	0	0	0	0	0	0	0
cell88	1	1	0	0	0	0	0	0	0	0	1	0	0	0	0
cell89	1	0	0	0	0	1	0	1	1	0	0	1	0	0	0
cell90	1	0	1	0	0	0	0	0	0	0	0	0	0	0	0
cell91	1	0	1	0	0	1	1	1	0	1	1	0	0	0	0
cell92	1	1	0	0	0	1	1	1	1	1	0	0	0	0	0
cell93	1	1	1	1	1	0	0	0	0	0	0	0	0	1	0
cell94	1	0	0	0	0	1	0	0	0	0	1	0	0	0	0
cell95	1	0	0	0	0	1	0	0	0	0	0	0	0	0	0
cell96	1	0	0	0	0	1	1	0	1	0	0	0	0	0	0
cell97	1	0	0	0	1	1	1	1	1	0	0	0	0	0	0
cell98	1	0	1	0	0	1	0	1	1	0	0	1	0	0	0
cell99	1	1	1	0	0	1	1	1	1	1	1	0	0	0	0
cell100	1	0	0	0	0	1	1	1	0	0	0	0	1	0	0
