	mut10	mut10	mut1	mut1	mut2	mut2	mut3	mut3	mut4	mut4	mut5	mut5	mut6	mut6	mut7	mut7	mut8	mut8	mut9	mut9
cell1	0	45	54	0	45	2	41	4	51	0	41	0	35	22	44	0	48	0	35	0
cell2	0	63	42	0	46	0	51	0	48	0	46	0	39	4	60	0	52	0	43	0
cell3	0	54	48	0	60	0	41	26	43	1	53	0	53	3	44	0	46	0	30	19
cell4	0	38	7	45	22	23	46	0	44	0	55	0	81	0	55	0	54	1	39	2
cell5	0	54	45	0	41	0	41	9	52	1	54	12	38	7	55	0	50	0	38	1
cell6	0	44	43	0	54	0	31	15	53	4	49	0	58	3	43	0	66	0	56	0
cell7	1	52	59	0	48	0	12	39	39	21	24	23	49	1	48	11	58	0	49	0
cell8	0	57	18	38	37	18	55	0	53	0	55	0	40	3	46	1	40	5	40	0
cell9	0	54	12	39	34	15	52	0	55	0	54	4	41	0	58	7	48	3	48	2
cell10	1	47	51	1	42	0	44	4	50	0	38	0	45	0	51	0	49	0	49	0
cell11	0	36	34	25	44	14	45	0	45	0	68	2	52	0	58	0	52	7	46	0
cell12	0	60	48	0	53	1	45	17	53	0	48	0	49	0	51	0	50	0	48	0
cell13	0	47	49	0	66	0	12	42	22	22	42	10	43	4	23	17	64	0	50	0
cell14	0	64	26	15	31	30	56	0	47	0	62	0	57	0	61	0	55	9	30	0
cell15	0	51	45	0	50	0	4	37	45	1	40	0	56	0	44	1	57	0	4	54
cell16	0	45	54	1	66	0	34	18	52	0	60	0	42	2	58	0	50	0	28	6
cell17	0	52	51	0	57	0	26	17	39	23	34	11	45	3	39	0	43	0	74	0
cell18	1	53	54	0	47	0	52	5	41	2	45	0	34	12	47	8	62	0	50	0
cell19	0	45	62	2	45	0	19	26	49	0	46	0	44	0	60	0	45	3	30	12
cell20	0	56	17	33	42	16	55	0	50	1	42	0	52	0	51	0	42	4	39	2
cell21	0	66	58	0	57	0	20	29	31	11	29	32	45	2	45	0	48	2	48	0
cell22	0	48	22	19	41	0	39	0	39	4	39	2	48	0	51	0	46	4	45	0
cell23	3	43	50	0	51	0	25	34	35	9	51	0	43	5	59	0	48	0	49	0
cell24	0	49	6	42	9	29	47	0	53	0	42	0	48	0	40	0	47	3	45	0
cell25	0	41	47	0	54	0	47	18	25	29	52	0	35	28	38	2	55	0	57	0
cell26	0	56	44	0	58	0	18	31	49	1	47	0	52	2	48	0	39	0	36	12
cell27	0	50	46	0	43	0	14	25	43	2	51	0	23	32	46	0	43	0	51	0
cell28	0	62	48	0	54	0	49	9	45	0	71	0	43	17	56	0	50	0	48	1
cell29	0	34	38	0	55	0	46	0	53	0	59	0	50	0	50	0	73	0	52	0
cell30	0	44	58	2	44	0	36	24	45	0	44	0	51	1	58	1	54	1	48	15
cell31	0	49	50	0	50	0	47	2	44	0	44	0	38	0	61	2	33	0	47	0
cell32	0	63	48	0	50	0	12	26	52	0	55	0	32	35	55	1	41	0	44	0
cell33	1	49	39	0	52	0	18	36	49	0	46	0	64	0	41	1	63	0	40	0
cell34	0	53	48	0	69	0	20	45	45	5	48	4	47	13	40	0	52	0	57	0
cell35	1	44	7	32	53	0	45	0	50	0	47	2	59	0	49	1	49	0	55	0
cell36	0	51	43	0	44	0	24	28	50	0	45	0	53	0	51	0	67	0	46	0
cell37	0	56	46	0	61	0	26	13	44	0	49	0	28	19	53	0	56	1	51	0
cell38	0	45	54	0	60	0	48	0	45	0	51	0	42	5	56	0	37	0	49	0
cell39	0	41	49	0	44	2	31	15	42	5	43	11	30	15	43	0	50	0	50	0
cell40	0	60	64	0	51	0	7	30	40	19	64	0	44	0	45	0	47	0	49	3
cell41	0	61	34	1	25	11	45	5	43	0	54	0	51	0	57	0	59	0	54	0
cell42	0	48	58	0	47	1	17	32	31	7	50	0	53	3	40	3	51	0	50	0
cell43	0	51	44	1	51	0	52	0	47	1	43	0	57	0	52	0	43	0	56	0
cell44	0	49	53	0	51	0	15	42	25	21	49	0	49	7	64	0	49	1	44	0
cell45	0	41	26	27	51	3	45	0	59	0	47	0	53	0	57	0	60	0	49	1
cell46	0	44	46	0	40	0	48	0	57	0	48	0	42	0	57	0	51	1	50	0
cell47	2	51	62	0	50	0	26	22	30	20	46	4	45	12	43	2	45	0	53	0
cell48	0	50	59	0	51	0	3	47	62	0	53	0	52	3	50	1	56	4	52	0
cell49	0	60	54	0	52	0	48	0	47	0	58	0	57	0	43	0	55	0	46	0
cell50	0	42	62	0	44	0	11	23	34	15	25	16	34	11	50	1	75	0	59	0
cell51	1	48	43	1	43	1	40	0	38	0	44	0	52	0	45	4	44	0	41	0
cell52	0	42	55	0	61	1	47	2	59	0	50	0	15	29	50	1	51	1	57	0
cell53	0	52	51	0	64	0	52	0	47	0	55	0	55	0	52	0	43	0	40	0
cell54	0	54	24	34	14	32	42	0	37	0	50	1	53	0	59	0	20	28	48	0
cell55	0	63	60	0	48	0	51	0	42	0	59	0	53	0	54	0	49	0	56	0
cell56	0	53	52	0	53	1	56	0	35	1	47	0	56	0	40	5	46	1	44	1
cell57	0	54	57	0	49	1	34	23	59	3	44	0	26	24	36	0	58	2	48	0
cell58	0	49	47	0	52	4	33	11	24	22	53	0	33	16	43	1	52	0	48	0
cell59	4	38	52	0	50	0	16	36	52	0	49	0	34	0	45	0	61	0	26	26
cell60	0	50	52	2	53	1	41	4	53	0	52	0	28	24	41	0	63	1	55	0
cell61	2	46	36	4	46	0	31	22	56	0	55	0	51	0	42	0	40	1	45	13
cell62	1	46	41	0	54	0	17	41	33	0	56	0	52	0	51	0	62	0	14	37
cell63	0	45	51	0	47	0	28	29	41	20	52	5	29	28	40	1	57	0	59	1
cell64	0	59	47	0	50	4	40	6	42	0	64	0	47	0	48	2	56	0	54	1
cell65	0	44	39	14	44	1	31	3	57	0	32	7	48	0	48	0	61	0	57	0
cell66	0	55	48	0	59	0	11	38	12	43	17	39	48	11	15	34	58	0	45	0
cell67	1	50	36	3	40	0	38	20	41	0	41	1	65	0	43	0	55	2	44	1
cell68	0	48	16	43	52	2	53	0	48	0	53	0	54	0	49	0	63	1	48	3
cell69	0	64	35	14	57	0	41	0	49	0	46	0	44	0	68	0	45	2	48	0
cell70	0	43	55	0	47	0	42	3	50	1	46	0	48	0	68	0	51	0	45	0
cell71	0	42	51	2	52	0	23	24	31	19	31	17	50	5	50	0	55	0	55	0
cell72	0	48	43	12	51	0	36	6	52	0	50	1	17	33	38	8	36	0	52	0
cell73	0	50	49	3	55	0	24	31	29	12	36	20	36	5	47	8	51	0	43	0
cell74	0	45	47	0	51	0	17	22	68	0	43	4	48	8	51	0	51	0	59	0
cell75	0	42	53	0	53	0	21	27	38	7	55	0	47	8	49	0	49	0	41	0
cell76	0	53	7	43	39	0	39	0	49	3	46	0	47	0	39	0	47	0	63	0
cell77	0	51	12	32	15	41	53	0	51	0	54	0	53	0	49	0	42	0	42	9
cell78	0	48	44	0	46	0	31	26	26	23	44	1	41	5	52	0	55	0	44	0
cell79	0	48	45	0	66	0	46	8	50	1	43	0	45	4	47	0	55	0	47	0
cell80	0	61	43	5	38	0	23	35	52	0	43	0	52	0	41	0	48	0	49	0
cell81	0	57	46	10	59	0	49	1	52	0	57	0	75	0	39	0	46	0	55	0
cell82	0	59	38	0	48	0	2	40	26	27	42	13	54	8	32	18	41	0	54	1
cell83	0	53	51	0	51	0	0	51	37	1	38	0	55	2	52	0	53	2	57	3
cell84	5	46	47	0	47	0	34	17	46	1	57	5	35	14	45	0	52	0	49	0
cell85	0	52	51	0	55	0	17	38	19	26	43	15	38	3	43	0	45	1	57	0
cell86	0	42	52	0	49	2	48	10	48	1	55	0	29	14	36	1	44	1	51	0
cell87	0	45	49	0	48	3	54	4	49	0	40	3	46	1	53	0	58	0	34	0
cell88	0	42	53	0	50	1	21	36	44	0	44	0	47	0	51	0	45	0	56	0
cell89	0	55	22	13	26	24	33	0	39	0	51	0	49	1	47	0	35	8	43	0
cell90	0	49	6	48	46	17	43	0	47	2	38	0	46	0	53	1	51	0	54	0
cell91	0	40	54	0	47	5	14	36	21	22	58	1	47	2	59	0	55	4	50	0
cell92	0	49	51	0	56	0	2	58	7	28	33	17	51	2	37	12	52	0	59	0
cell93	0	42	57	1	42	0	3	44	5	36	39	14	57	0	56	2	41	1	49	0
cell94	6	52	36	0	58	0	29	17	57	1	46	1	53	1	50	0	51	0	28	20
cell95	0	49	19	36	46	0	40	0	53	0	50	0	46	0	65	1	43	0	52	0
cell96	0	47	59	0	55	0	36	17	35	6	46	0	51	0	51	0	53	0	25	16
cell97	0	46	46	0	42	0	15	34	24	42	31	12	44	1	48	10	45	1	45	0
cell98	0	44	35	0	51	0	25	31	52	6	44	6	39	0	60	0	46	0	48	2
cell99	0	45	11	49	13	33	44	0	42	0	63	0	44	0	51	0	41	0	59	0
cell100	1	50	46	0	63	0	16	41	22	29	43	9	34	15	42	0	58	0	46	1
