45 0 2 4 0 0 22 0 0 0 0
63 0 0 0 0 0 4 0 0 0 0
54 0 0 26 1 0 3 0 0 19 0
38 45 23 0 0 0 0 0 1 2 0
54 0 0 9 1 12 7 0 0 1 0
44 0 0 15 4 0 3 0 0 0 0
52 0 0 39 21 23 1 11 0 0 0
57 38 18 0 0 0 3 1 5 0 0
54 39 15 0 0 4 0 7 3 2 0
47 1 0 4 0 0 0 0 0 0 0
36 25 14 0 0 2 0 0 7 0 0
60 0 1 17 0 0 0 0 0 0 0
47 0 0 42 22 10 4 17 0 0 0
64 15 30 0 0 0 0 0 9 0 0
51 0 0 37 1 0 0 1 0 54 0
45 1 0 18 0 0 2 0 0 6 0
52 0 0 17 23 11 3 0 0 0 0
53 0 0 5 2 0 12 8 0 0 0
45 2 0 26 0 0 0 0 3 12 0
56 33 16 0 1 0 0 0 4 2 0
66 0 0 29 11 32 2 0 2 0 0
48 19 0 0 4 2 0 0 4 0 0
43 0 0 34 9 0 5 0 0 0 0
49 42 29 0 0 0 0 0 3 0 0
41 0 0 18 29 0 28 2 0 0 0
56 0 0 31 1 0 2 0 0 12 0
50 0 0 25 2 0 32 0 0 0 0
62 0 0 9 0 0 17 0 0 1 0
34 0 0 0 0 0 0 0 0 0 0
44 2 0 24 0 0 1 1 1 15 0
49 0 0 2 0 0 0 2 0 0 0
63 0 0 26 0 0 35 1 0 0 0
49 0 0 36 0 0 0 1 0 0 0
53 0 0 45 5 4 13 0 0 0 0
44 32 0 0 0 2 0 1 0 0 0
51 0 0 28 0 0 0 0 0 0 0
56 0 0 13 0 0 19 0 1 0 0
45 0 0 0 0 0 5 0 0 0 0
41 0 2 15 5 11 15 0 0 0 0
60 0 0 30 19 0 0 0 0 3 0
61 1 11 5 0 0 0 0 0 0 0
48 0 1 32 7 0 3 3 0 0 0
51 1 0 0 1 0 0 0 0 0 0
49 0 0 42 21 0 7 0 1 0 0
41 27 3 0 0 0 0 0 0 1 0
44 0 0 0 0 0 0 0 1 0 0
51 0 0 22 20 4 12 2 0 0 0
50 0 0 47 0 0 3 1 4 0 0
60 0 0 0 0 0 0 0 0 0 0
42 0 0 23 15 16 11 1 0 0 0
48 1 1 0 0 0 0 4 0 0 0
42 0 1 2 0 0 29 1 1 0 0
52 0 0 0 0 0 0 0 0 0 0
54 34 32 0 0 1 0 0 28 0 0
63 0 0 0 0 0 0 0 0 0 0
53 0 1 0 1 0 0 5 1 1 0
54 0 1 23 3 0 24 0 2 0 0
49 0 4 11 22 0 16 1 0 0 0
38 0 0 36 0 0 0 0 0 26 0
50 2 1 4 0 0 24 0 1 0 0
46 4 0 22 0 0 0 0 1 13 0
46 0 0 41 0 0 0 0 0 37 0
45 0 0 29 20 5 28 1 0 1 0
59 0 4 6 0 0 0 2 0 1 0
44 14 1 3 0 7 0 0 0 0 0
55 0 0 38 43 39 11 34 0 0 0
50 3 0 20 0 1 0 0 2 1 0
48 43 2 0 0 0 0 0 1 3 0
64 14 0 0 0 0 0 0 2 0 0
43 0 0 3 1 0 0 0 0 0 0
42 2 0 24 19 17 5 0 0 0 0
48 12 0 6 0 1 33 8 0 0 0
50 3 0 31 12 20 5 8 0 0 0
45 0 0 22 0 4 8 0 0 0 0
42 0 0 27 7 0 8 0 0 0 0
53 43 0 0 3 0 0 0 0 0 0
51 32 41 0 0 0 0 0 0 9 0
48 0 0 26 23 1 5 0 0 0 0
48 0 0 8 1 0 4 0 0 0 0
61 5 0 35 0 0 0 0 0 0 0
57 10 0 1 0 0 0 0 0 0 0
59 0 0 40 27 13 8 18 0 1 0
53 0 0 51 1 0 2 0 2 3 0
46 0 0 17 1 5 14 0 0 0 0
52 0 0 38 26 15 3 0 1 0 0
42 0 2 10 1 0 14 1 1 0 0
45 0 3 4 0 3 1 0 0 0 0
42 0 1 36 0 0 0 0 0 0 0
55 13 24 0 0 0 1 0 8 0 0
49 48 17 0 2 0 0 1 0 0 0
40 0 5 36 22 1 2 0 4 0 0
49 0 0 58 28 17 2 12 0 0 0
42 1 0 44 36 14 0 2 1 0 0
52 0 0 17 1 1 1 0 0 20 0
49 36 0 0 0 0 0 1 0 0 0
47 0 0 17 6 0 0 0 0 16 0
46 0 0 34 42 12 1 10 1 0 0
44 0 0 31 6 6 0 0 0 2 0
45 49 33 0 0 0 0 0 0 0 0
50 0 0 41 29 9 15 0 0 1 0
