1.0000 0.0000 0.0426 0.0889 0.0000 0.0000 0.3860 0.0000 0.0000 0.0000 0.0000
1.0000 0.0000 0.0000 0.0000 0.0000 0.0000 0.0930 0.0000 0.0000 0.0000 0.0000
1.0000 0.0000 0.0000 0.3881 0.0227 0.0000 0.0536 0.0000 0.0000 0.3878 0.0000
1.0000 0.8654 0.5111 0.0000 0.0000 0.0000 0.0000 0.0000 0.0182 0.0488 0.0000
1.0000 0.0000 0.0000 0.1800 0.0189 0.1818 0.1556 0.0000 0.0000 0.0256 0.0000
1.0000 0.0000 0.0000 0.3261 0.0702 0.0000 0.0492 0.0000 0.0000 0.0000 0.0000
0.9811 0.0000 0.0000 0.7647 0.3500 0.4894 0.0200 0.1864 0.0000 0.0000 0.0000
1.0000 0.6786 0.3273 0.0000 0.0000 0.0000 0.0698 0.0213 0.1111 0.0000 0.0000
1.0000 0.7647 0.3061 0.0000 0.0000 0.0690 0.0000 0.1077 0.0588 0.0400 0.0000
0.9792 0.0192 0.0000 0.0833 0.0000 0.0000 0.0000 0.0000 0.0000 0.0000 0.0000
1.0000 0.4237 0.2414 0.0000 0.0000 0.0286 0.0000 0.0000 0.1186 0.0000 0.0000
1.0000 0.0000 0.0185 0.2742 0.0000 0.0000 0.0000 0.0000 0.0000 0.0000 0.0000
1.0000 0.0000 0.0000 0.7778 0.5000 0.1923 0.0851 0.4250 0.0000 0.0000 0.0000
1.0000 0.3659 0.4918 0.0000 0.0000 0.0000 0.0000 0.0000 0.1406 0.0000 0.0000
1.0000 0.0000 0.0000 0.9024 0.0217 0.0000 0.0000 0.0222 0.0000 0.9310 0.0000
1.0000 0.0182 0.0000 0.3462 0.0000 0.0000 0.0455 0.0000 0.0000 0.1765 0.0000
1.0000 0.0000 0.0000 0.3953 0.3710 0.2444 0.0625 0.0000 0.0000 0.0000 0.0000
0.9815 0.0000 0.0000 0.0877 0.0465 0.0000 0.2609 0.1455 0.0000 0.0000 0.0000
1.0000 0.0312 0.0000 0.5778 0.0000 0.0000 0.0000 0.0000 0.0625 0.2857 0.0000
1.0000 0.6600 0.2759 0.0000 0.0196 0.0000 0.0000 0.0000 0.0870 0.0488 0.0000
1.0000 0.0000 0.0000 0.5918 0.2619 0.5246 0.0426 0.0000 0.0400 0.0000 0.0000
1.0000 0.4634 0.0000 0.0000 0.0930 0.0488 0.0000 0.0000 0.0800 0.0000 0.0000
0.9348 0.0000 0.0000 0.5763 0.2045 0.0000 0.1042 0.0000 0.0000 0.0000 0.0000
1.0000 0.8750 0.7632 0.0000 0.0000 0.0000 0.0000 0.0000 0.0600 0.0000 0.0000
1.0000 0.0000 0.0000 0.2769 0.5370 0.0000 0.4444 0.0500 0.0000 0.0000 0.0000
1.0000 0.0000 0.0000 0.6327 0.0200 0.0000 0.0370 0.0000 0.0000 0.2500 0.0000
1.0000 0.0000 0.0000 0.6410 0.0444 0.0000 0.5818 0.0000 0.0000 0.0000 0.0000
1.0000 0.0000 0.0000 0.1552 0.0000 0.0000 0.2833 0.0000 0.0000 0.0204 0.0000
1.0000 0.0000 0.0000 0.0000 0.0000 0.0000 0.0000 0.0000 0.0000 0.0000 0.0000
1.0000 0.0333 0.0000 0.4000 0.0000 0.0000 0.0192 0.0169 0.0182 0.2381 0.0000
1.0000 0.0000 0.0000 0.0408 0.0000 0.0000 0.0000 0.0317 0.0000 0.0000 0.0000
1.0000 0.0000 0.0000 0.6842 0.0000 0.0000 0.5224 0.0179 0.0000 0.0000 0.0000
0.9800 0.0000 0.0000 0.6667 0.0000 0.0000 0.0000 0.0238 0.0000 0.0000 0.0000
1.0000 0.0000 0.0000 0.6923 0.1000 0.0769 0.2167 0.0000 0.0000 0.0000 0.0000
0.9778 0.8205 0.0000 0.0000 0.0000 0.0408 0.0000 0.0200 0.0000 0.0000 0.0000
1.0000 0.0000 0.0000 0.5385 0.0000 0.0000 0.0000 0.0000 0.0000 0.0000 0.0000
1.0000 0.0000 0.0000 0.3333 0.0000 0.0000 0.4043 0.0000 0.0175 0.0000 0.0000
1.0000 0.0000 0.0000 0.0000 0.0000 0.0000 0.1064 0.0000 0.0000 0.0000 0.0000
1.0000 0.0000 0.0435 0.3261 0.1064 0.2037 0.3333 0.0000 0.0000 0.0000 0.0000
1.0000 0.0000 0.0000 0.8108 0.3220 0.0000 0.0000 0.0000 0.0000 0.0577 0.0000
1.0000 0.0286 0.3056 0.1000 0.0000 0.0000 0.0000 0.0000 0.0000 0.0000 0.0000
1.0000 0.0000 0.0208 0.6531 0.1842 0.0000 0.0536 0.0698 0.0000 0.0000 0.0000
1.0000 0.0222 0.0000 0.0000 0.0208 0.0000 0.0000 0.0000 0.0000 0.0000 0.0000
1.0000 0.0000 0.0000 0.7368 0.4565 0.0000 0.1250 0.0000 0.0200 0.0000 0.0000
1.0000 0.5094 0.0556 0.0000 0.0000 0.0000 0.0000 0.0000 0.0000 0.0200 0.0000
1.0000 0.0000 0.0000 0.0000 0.0000 0.0000 0.0000 0.0000 0.0192 0.0000 0.0000
0.9623 0.0000 0.0000 0.4583 0.4000 0.0800 0.2105 0.0444 0.0000 0.0000 0.0000
1.0000 0.0000 0.0000 0.9400 0.0000 0.0000 0.0545 0.0196 0.0667 0.0000 0.0000
1.0000 0.0000 0.0000 0.0000 0.0000 0.0000 0.0000 0.0000 0.0000 0.0000 0.0000
1.0000 0.0000 0.0000 0.6765 0.3061 0.3902 0.2444 0.0196 0.0000 0.0000 0.0000
0.9796 0.0227 0.0227 0.0000 0.0000 0.0000 0.0000 0.0816 0.0000 0.0000 0.0000
1.0000 0.0000 0.0161 0.0408 0.0000 0.0000 0.6591 0.0196 0.0192 0.0000 0.0000
1.0000 0.0000 0.0000 0.0000 0.0000 0.0000 0.0000 0.0000 0.0000 0.0000 0.0000
1.0000 0.5862 0.6957 0.0000 0.0000 0.0196 0.0000 0.0000 0.5833 0.0000 0.0000
1.0000 0.0000 0.0000 0.0000 0.0000 0.0000 0.0000 0.0000 0.0000 0.0000 0.0000
1.0000 0.0000 0.0185 0.0000 0.0278 0.0000 0.0000 0.1111 0.0213 0.0222 0.0000
1.0000 0.0000 0.0200 0.4035 0.0484 0.0000 0.4800 0.0000 0.0333 0.0000 0.0000
1.0000 0.0000 0.0714 0.2500 0.4783 0.0000 0.3265 0.0227 0.0000 0.0000 0.0000
0.9048 0.0000 0.0000 0.6923 0.0000 0.0000 0.0000 0.0000 0.0000 0.5000 0.0000
1.0000 0.0370 0.0185 0.0889 0.0000 0.0000 0.4615 0.0000 0.0156 0.0000 0.0000
0.9583 0.1000 0.0000 0.4151 0.0000 0.0000 0.0000 0.0000 0.0244 0.2241 0.0000
0.9787 0.0000 0.0000 0.7069 0.0000 0.0000 0.0000 0.0000 0.0000 0.7255 0.0000
1.0000 0.0000 0.0000 0.5088 0.3279 0.0877 0.4912 0.0244 0.0000 0.0167 0.0000
1.0000 0.0000 0.0741 0.1304 0.0000 0.0000 0.0000 0.0400 0.0000 0.0182 0.0000
1.0000 0.2642 0.0222 0.0882 0.0000 0.1795 0.0000 0.0000 0.0000 0.0000 0.0000
1.0000 0.0000 0.0000 0.7755 0.7818 0.6964 0.1864 0.6939 0.0000 0.0000 0.0000
0.9804 0.0769 0.0000 0.3448 0.0000 0.0238 0.0000 0.0000 0.0351 0.0222 0.0000
1.0000 0.7288 0.0370 0.0000 0.0000 0.0000 0.0000 0.0000 0.0156 0.0588 0.0000
1.0000 0.2857 0.0000 0.0000 0.0000 0.0000 0.0000 0.0000 0.0426 0.0000 0.0000
1.0000 0.0000 0.0000 0.0667 0.0196 0.0000 0.0000 0.0000 0.0000 0.0000 0.0000
1.0000 0.0377 0.0000 0.5106 0.3800 0.3542 0.0909 0.0000 0.0000 0.0000 0.0000
1.0000 0.2182 0.0000 0.1429 0.0000 0.0196 0.6600 0.1739 0.0000 0.0000 0.0000
1.0000 0.0577 0.0000 0.5636 0.2927 0.3571 0.1220 0.1455 0.0000 0.0000 0.0000
1.0000 0.0000 0.0000 0.5641 0.0000 0.0851 0.1429 0.0000 0.0000 0.0000 0.0000
1.0000 0.0000 0.0000 0.5625 0.1556 0.0000 0.1455 0.0000 0.0000 0.0000 0.0000
1.0000 0.8600 0.0000 0.0000 0.0577 0.0000 0.0000 0.0000 0.0000 0.0000 0.0000
1.0000 0.7273 0.7321 0.0000 0.0000 0.0000 0.0000 0.0000 0.0000 0.1765 0.0000
1.0000 0.0000 0.0000 0.4561 0.4694 0.0222 0.1087 0.0000 0.0000 0.0000 0.0000
1.0000 0.0000 0.0000 0.1481 0.0196 0.0000 0.0816 0.0000 0.0000 0.0000 0.0000
1.0000 0.1042 0.0000 0.6034 0.0000 0.0000 0.0000 0.0000 0.0000 0.0000 0.0000
1.0000 0.1786 0.0000 0.0200 0.0000 0.0000 0.0000 0.0000 0.0000 0.0000 0.0000
1.0000 0.0000 0.0000 0.9524 0.5094 0.2364 0.1290 0.3600 0.0000 0.0182 0.0000
1.0000 0.0000 0.0000 1.0000 0.0263 0.0000 0.0351 0.0000 0.0364 0.0500 0.0000
0.9020 0.0000 0.0000 0.3333 0.0213 0.0806 0.2857 0.0000 0.0000 0.0000 0.0000
1.0000 0.0000 0.0000 0.6909 0.5778 0.2586 0.0732 0.0000 0.0217 0.0000 0.0000
1.0000 0.0000 0.0392 0.1724 0.0204 0.0000 0.3256 0.0270 0.0222 0.0000 0.0000
1.0000 0.0000 0.0588 0.0690 0.0000 0.0698 0.0213 0.0000 0.0000 0.0000 0.0000
1.0000 0.0000 0.0196 0.6316 0.0000 0.0000 0.0000 0.0000 0.0000 0.0000 0.0000
1.0000 0.3714 0.4800 0.0000 0.0000 0.0000 0.0200 0.0000 0.1860 0.0000 0.0000
1.0000 0.8889 0.2698 0.0000 0.0408 0.0000 0.0000 0.0185 0.0000 0.0000 0.0000
1.0000 0.0000 0.0962 0.7200 0.5116 0.0169 0.0408 0.0000 0.0678 0.0000 0.0000
1.0000 0.0000 0.0000 0.9667 0.8000 0.3400 0.0377 0.2449 0.0000 0.0000 0.0000
1.0000 0.0172 0.0000 0.9362 0.8780 0.2642 0.0000 0.0345 0.0238 0.0000 0.0000
0.8966 0.0000 0.0000 0.3696 0.0172 0.0213 0.0185 0.0000 0.0000 0.4167 0.0000
1.0000 0.6545 0.0000 0.0000 0.0000 0.0000 0.0000 0.0152 0.0000 0.0000 0.0000
1.0000 0.0000 0.0000 0.3208 0.1463 0.0000 0.0000 0.0000 0.0000 0.3902 0.0000
1.0000 0.0000 0.0000 0.6939 0.6364 0.2791 0.0222 0.1724 0.0217 0.0000 0.0000
1.0000 0.0000 0.0000 0.5536 0.1034 0.1200 0.0000 0.0000 0.0000 0.0400 0.0000
1.0000 0.8167 0.7174 0.0000 0.0000 0.0000 0.0000 0.0000 0.0000 0.0000 0.0000
0.9804 0.0000 0.0000 0.7193 0.5686 0.1731 0.3061 0.0000 0.0000 0.0213 0.0000
