0.6923 0.0000 0.0000 0.1296 0.0000 0.0000 0.1781 0.0000 0.0000 0.0000
1.0000 0.0000 0.0000 0.0000 0.0000 0.0000 0.0000 0.0000 0.0000 0.0000
0.3747 0.0000 0.0000 0.2060 0.0000 0.0000 0.0000 0.0000 0.0000 0.4193
0.1681 0.4251 0.3363 0.0000 0.0000 0.0000 0.0000 0.0000 0.0705 0.0000
0.6739 0.0000 0.0000 0.3261 0.0000 0.0000 0.0000 0.0000 0.0000 0.0000
0.4748 0.0000 0.0000 0.2599 0.1105 0.0000 0.1548 0.0000 0.0000 0.0000
0.3673 0.0000 0.0000 0.0746 0.1193 0.1886 0.0882 0.1619 0.0000 0.0000
0.3495 0.3198 0.1988 0.0000 0.0000 0.0000 0.0000 0.0000 0.1319 0.0000
0.1398 0.6447 0.0799 0.0000 0.0000 0.0000 0.0000 0.0000 0.1357 0.0000
0.8649 0.0000 0.0000 0.1351 0.0000 0.0000 0.0000 0.0000 0.0000 0.0000
0.6465 0.1734 0.0897 0.0000 0.0000 0.0000 0.0000 0.0000 0.0903 0.0000
0.5528 0.0000 0.0000 0.4472 0.0000 0.0000 0.0000 0.0000 0.0000 0.0000
0.0812 0.0000 0.0000 0.2548 0.2637 0.1273 0.1455 0.1275 0.0000 0.0000
0.4282 0.1512 0.4206 0.0000 0.0000 0.0000 0.0000 0.0000 0.0000 0.0000
0.0796 0.0000 0.0000 0.1785 0.0000 0.0000 0.0000 0.0000 0.0000 0.7419
0.3928 0.0000 0.0000 0.1871 0.0000 0.0000 0.0000 0.0000 0.0000 0.4201
0.2521 0.0000 0.0000 0.3711 0.0827 0.1776 0.1165 0.0000 0.0000 0.0000
0.3085 0.0000 0.0000 0.0885 0.1800 0.0000 0.4230 0.0000 0.0000 0.0000
0.2265 0.0000 0.0000 0.2496 0.0000 0.0000 0.0000 0.0000 0.0000 0.5238
0.5440 0.0845 0.2713 0.0000 0.0000 0.0000 0.0000 0.0000 0.1002 0.0000
0.1587 0.0000 0.0000 0.3563 0.1071 0.2880 0.0899 0.0000 0.0000 0.0000
0.4378 0.5622 0.0000 0.0000 0.0000 0.0000 0.0000 0.0000 0.0000 0.0000
0.3709 0.0000 0.0000 0.1208 0.2221 0.0897 0.1965 0.0000 0.0000 0.0000
0.0760 0.2720 0.4980 0.0000 0.0000 0.0000 0.0000 0.0000 0.1541 0.0000
0.1497 0.0000 0.0000 0.0680 0.3449 0.0000 0.4374 0.0000 0.0000 0.0000
0.3621 0.0000 0.0000 0.2394 0.0000 0.0000 0.0000 0.0000 0.0000 0.3985
0.2774 0.0000 0.0000 0.2369 0.1531 0.0000 0.3327 0.0000 0.0000 0.0000
0.5781 0.0000 0.0000 0.1540 0.0000 0.0000 0.2680 0.0000 0.0000 0.0000
1.0000 0.0000 0.0000 0.0000 0.0000 0.0000 0.0000 0.0000 0.0000 0.0000
0.6898 0.0000 0.0000 0.0949 0.0000 0.0000 0.0000 0.0000 0.0000 0.2153
0.8552 0.0000 0.0000 0.1448 0.0000 0.0000 0.0000 0.0000 0.0000 0.0000
0.2261 0.0000 0.0000 0.5666 0.0000 0.0000 0.2072 0.0000 0.0000 0.0000
0.4560 0.0000 0.0000 0.4896 0.0000 0.0000 0.0544 0.0000 0.0000 0.0000
0.0857 0.0000 0.0000 0.4491 0.1044 0.0000 0.3608 0.0000 0.0000 0.0000
0.2517 0.7483 0.0000 0.0000 0.0000 0.0000 0.0000 0.0000 0.0000 0.0000
0.4226 0.0000 0.0000 0.5774 0.0000 0.0000 0.0000 0.0000 0.0000 0.0000
0.3147 0.0000 0.0000 0.2452 0.0000 0.0000 0.4401 0.0000 0.0000 0.0000
0.5207 0.0000 0.0000 0.1517 0.0000 0.0000 0.3276 0.0000 0.0000 0.0000
0.2652 0.0000 0.0000 0.1193 0.0559 0.2300 0.3296 0.0000 0.0000 0.0000
0.3167 0.0000 0.0000 0.3481 0.2521 0.0000 0.0831 0.0000 0.0000 0.0000
0.8943 0.0000 0.0000 0.1057 0.0000 0.0000 0.0000 0.0000 0.0000 0.0000
0.2187 0.0000 0.0000 0.3148 0.3423 0.0000 0.1243 0.0000 0.0000 0.0000
1.0000 0.0000 0.0000 0.0000 0.0000 0.0000 0.0000 0.0000 0.0000 0.0000
0.1594 0.0000 0.0000 0.4189 0.3231 0.0000 0.0986 0.0000 0.0000 0.0000
0.3333 0.5219 0.1448 0.0000 0.0000 0.0000 0.0000 0.0000 0.0000 0.0000
1.0000 0.0000 0.0000 0.0000 0.0000 0.0000 0.0000 0.0000 0.0000 0.0000
0.0948 0.0000 0.0000 0.1804 0.1753 0.0729 0.3736 0.1030 0.0000 0.0000
0.1369 0.0000 0.0000 0.8631 0.0000 0.0000 0.0000 0.0000 0.0000 0.0000
1.0000 0.0000 0.0000 0.0000 0.0000 0.0000 0.0000 0.0000 0.0000 0.0000
0.3184 0.0000 0.0000 0.0665 0.1620 0.1468 0.1535 0.1529 0.0000 0.0000
1.0000 0.0000 0.0000 0.0000 0.0000 0.0000 0.0000 0.0000 0.0000 0.0000
0.1333 0.0000 0.0000 0.1095 0.0000 0.0000 0.7573 0.0000 0.0000 0.0000
1.0000 0.0000 0.0000 0.0000 0.0000 0.0000 0.0000 0.0000 0.0000 0.0000
0.2807 0.0934 0.0777 0.0000 0.0000 0.0000 0.0000 0.0000 0.5482 0.0000
1.0000 0.0000 0.0000 0.0000 0.0000 0.0000 0.0000 0.0000 0.0000 0.0000
1.0000 0.0000 0.0000 0.0000 0.0000 0.0000 0.0000 0.0000 0.0000 0.0000
0.2253 0.0000 0.0000 0.0632 0.2110 0.0000 0.5004 0.0000 0.0000 0.0000
0.2381 0.0000 0.0000 0.0595 0.3513 0.0000 0.3511 0.0000 0.0000 0.0000
0.2674 0.0000 0.0000 0.3540 0.0000 0.0000 0.0000 0.0000 0.0000 0.3787
0.3507 0.0000 0.0000 0.1725 0.0000 0.0000 0.4768 0.0000 0.0000 0.0000
0.3146 0.0000 0.0000 0.5257 0.0000 0.0000 0.0000 0.0000 0.0000 0.1597
0.2043 0.0000 0.0000 0.1502 0.0000 0.0000 0.0000 0.0000 0.0000 0.6456
0.0760 0.0000 0.0000 0.1479 0.0839 0.1302 0.5620 0.0000 0.0000 0.0000
0.8181 0.0000 0.0000 0.1819 0.0000 0.0000 0.0000 0.0000 0.0000 0.0000
0.6669 0.3331 0.0000 0.0000 0.0000 0.0000 0.0000 0.0000 0.0000 0.0000
0.0513 0.0000 0.0000 0.1079 0.1721 0.1079 0.0992 0.4617 0.0000 0.0000
0.5389 0.0000 0.0000 0.4611 0.0000 0.0000 0.0000 0.0000 0.0000 0.0000
0.2127 0.7873 0.0000 0.0000 0.0000 0.0000 0.0000 0.0000 0.0000 0.0000
0.6486 0.3514 0.0000 0.0000 0.0000 0.0000 0.0000 0.0000 0.0000 0.0000
1.0000 0.0000 0.0000 0.0000 0.0000 0.0000 0.0000 0.0000 0.0000 0.0000
0.2609 0.0000 0.0000 0.2080 0.1528 0.2029 0.1754 0.0000 0.0000 0.0000
0.1722 0.0000 0.0000 0.0992 0.0000 0.0000 0.7286 0.0000 0.0000 0.0000
0.3449 0.0000 0.0000 0.0755 0.0594 0.1204 0.1275 0.2723 0.0000 0.0000
0.2278 0.0000 0.0000 0.3402 0.0000 0.0000 0.4320 0.0000 0.0000 0.0000
0.2986 0.0000 0.0000 0.0726 0.4043 0.0000 0.2244 0.0000 0.0000 0.0000
0.2101 0.7899 0.0000 0.0000 0.0000 0.0000 0.0000 0.0000 0.0000 0.0000
0.1831 0.1449 0.6720 0.0000 0.0000 0.0000 0.0000 0.0000 0.0000 0.0000
0.1513 0.0000 0.0000 0.1730 0.3615 0.1131 0.2011 0.0000 0.0000 0.0000
0.4832 0.0000 0.0000 0.2975 0.0000 0.0000 0.2193 0.0000 0.0000 0.0000
0.2230 0.0000 0.0000 0.7770 0.0000 0.0000 0.0000 0.0000 0.0000 0.0000
0.6854 0.3146 0.0000 0.0000 0.0000 0.0000 0.0000 0.0000 0.0000 0.0000
0.0834 0.0000 0.0000 0.3758 0.1282 0.2188 0.0883 0.1055 0.0000 0.0000
0.1007 0.0000 0.0000 0.8143 0.0000 0.0000 0.0000 0.0000 0.0000 0.0850
0.6333 0.0000 0.0000 0.1206 0.0645 0.0868 0.0948 0.0000 0.0000 0.0000
0.0736 0.0000 0.0000 0.1408 0.1364 0.3077 0.2630 0.0784 0.0000 0.0000
0.4754 0.0000 0.0000 0.1700 0.0000 0.0000 0.3546 0.0000 0.0000 0.0000
0.8587 0.0000 0.0000 0.1413 0.0000 0.0000 0.0000 0.0000 0.0000 0.0000
0.3173 0.0000 0.0000 0.6827 0.0000 0.0000 0.0000 0.0000 0.0000 0.0000
0.6281 0.0649 0.2183 0.0000 0.0000 0.0000 0.0000 0.0000 0.0888 0.0000
0.2484 0.4014 0.3502 0.0000 0.0000 0.0000 0.0000 0.0000 0.0000 0.0000
0.1421 0.0000 0.0000 0.2320 0.3391 0.2125 0.0743 0.0000 0.0000 0.0000
0.0824 0.0000 0.0000 0.1617 0.2508 0.0877 0.0761 0.3413 0.0000 0.0000
0.0968 0.0000 0.0000 0.0977 0.3501 0.3280 0.0512 0.0762 0.0000 0.0000
0.4827 0.0000 0.0000 0.2107 0.0000 0.0000 0.0000 0.0000 0.0000 0.3065
0.3580 0.6420 0.0000 0.0000 0.0000 0.0000 0.0000 0.0000 0.0000 0.0000
0.4799 0.0000 0.0000 0.2879 0.0000 0.0000 0.0000 0.0000 0.0000 0.2322
0.2100 0.0000 0.0000 0.0927 0.3807 0.1116 0.0852 0.1198 0.0000 0.0000
0.3970 0.0000 0.0000 0.2356 0.0648 0.2152 0.0874 0.0000 0.0000 0.0000
0.0788 0.1536 0.7676 0.0000 0.0000 0.0000 0.0000 0.0000 0.0000 0.0000
0.0927 0.0000 0.0000 0.2356 0.2541 0.2060 0.2115 0.0000 0.0000 0.0000
