	mut5	mut5	mut1	mut1	mut2	mut2	mut3	mut3	mut4	mut4
cell1	0	61	62	0	44	0	62	0	39	1
cell2	0	50	45	0	53	0	43	0	45	4
cell3	1	54	27	24	35	2	45	0	22	30
cell4	0	49	16	40	41	18	56	0	59	0
cell5	0	53	51	0	38	0	47	1	40	0
cell6	2	62	30	25	26	32	49	1	37	17
cell7	0	55	45	0	42	1	49	0	32	1
cell8	0	51	13	33	52	0	49	0	45	1
cell9	11	50	0	49	51	0	44	7	42	0
cell10	0	53	33	4	31	13	44	0	46	0
cell11	2	56	10	48	59	0	23	31	62	0
cell12	0	44	12	43	40	12	48	0	34	12
cell13	0	51	13	38	50	0	50	0	55	5
cell14	0	55	12	41	59	0	45	1	53	0
cell15	0	54	20	27	7	45	43	2	44	3
cell16	1	47	51	0	46	0	56	3	58	1
cell17	0	53	40	19	57	1	62	0	65	0
cell18	0	53	33	2	41	0	51	0	44	0
cell19	3	47	14	35	56	0	53	5	60	0
cell20	0	57	55	1	43	3	46	0	49	3
cell21	0	46	29	22	44	1	44	0	38	0
cell22	2	41	44	0	49	0	43	1	56	0
cell23	0	51	23	22	34	16	50	12	50	2
cell24	1	49	57	0	45	3	60	0	51	0
cell25	1	44	37	19	54	4	53	0	35	6
cell26	0	52	22	28	36	11	35	9	44	3
cell27	2	40	54	0	51	1	46	1	60	0
cell28	0	49	47	0	46	0	42	1	51	1
cell29	0	46	26	42	48	2	51	0	59	0
cell30	0	53	49	0	47	0	47	1	55	0
cell31	0	42	22	36	52	0	44	0	37	0
cell32	0	43	22	36	44	0	23	30	51	0
cell33	0	39	24	25	54	0	61	0	12	35
cell34	0	50	2	50	51	0	45	0	54	0
cell35	0	45	35	2	14	36	51	1	47	0
cell36	0	49	1	52	62	0	54	1	60	0
cell37	0	40	6	51	51	0	18	25	59	2
cell38	0	57	40	13	22	28	37	6	61	0
cell39	0	48	30	13	51	0	54	0	51	0
cell40	0	51	21	46	45	0	29	23	46	0
cell41	0	63	45	11	20	14	57	0	25	28
cell42	0	54	57	0	41	0	41	0	45	0
cell43	0	42	29	7	43	8	59	0	57	0
cell44	0	56	0	56	43	0	49	2	48	0
cell45	1	43	37	13	49	0	30	23	45	0
cell46	5	45	18	30	61	0	49	0	41	0
cell47	0	59	53	0	44	0	42	0	57	0
cell48	0	54	18	27	47	1	53	0	51	0
cell49	0	59	42	2	51	0	44	0	44	0
cell50	1	54	28	26	33	11	52	0	55	0
