61 0 0 0 1 0
50 0 0 0 4 0
54 24 2 0 30 0
49 40 18 0 0 0
53 0 0 1 0 0
62 25 32 1 17 0
55 0 1 0 1 0
51 33 0 0 1 0
50 49 0 7 0 0
53 4 13 0 0 0
56 48 0 31 0 0
44 43 12 0 12 0
51 38 0 0 5 0
55 41 0 1 0 0
54 27 45 2 3 0
47 0 0 3 1 0
53 19 1 0 0 0
53 2 0 0 0 0
47 35 0 5 0 0
57 1 3 0 3 0
46 22 1 0 0 0
41 0 0 1 0 0
51 22 16 12 2 0
49 0 3 0 0 0
44 19 4 0 6 0
52 28 11 9 3 0
40 0 1 1 0 0
49 0 0 1 1 0
46 42 2 0 0 0
53 0 0 1 0 0
42 36 0 0 0 0
43 36 0 30 0 0
39 25 0 0 35 0
50 50 0 0 0 0
45 2 36 1 0 0
49 52 0 1 0 0
40 51 0 25 2 0
57 13 28 6 0 0
48 13 0 0 0 0
51 46 0 23 0 0
63 11 14 0 28 0
54 0 0 0 0 0
42 7 8 0 0 0
56 56 0 2 0 0
43 13 0 23 0 0
45 30 0 0 0 0
59 0 0 0 0 0
54 27 1 0 0 0
59 2 0 0 0 0
54 26 11 0 0 0
