61 62 44 62 40 0
50 45 53 43 49 0
55 51 37 45 52 0
49 56 59 56 59 0
53 51 38 48 40 0
64 55 58 50 54 0
55 45 43 49 33 0
51 46 52 49 46 0
61 49 51 51 42 0
53 37 44 44 46 0
58 58 59 54 62 0
44 55 52 48 46 0
51 51 50 50 60 0
55 53 59 46 53 0
54 47 52 45 47 0
48 51 46 59 59 0
53 59 58 62 65 0
53 35 41 51 44 0
50 49 56 58 60 0
57 56 46 46 52 0
46 51 45 44 38 0
43 44 49 44 56 0
51 45 50 62 52 0
50 57 48 60 51 0
45 56 58 53 41 0
52 50 47 44 47 0
42 54 52 47 60 0
49 47 46 43 52 0
46 68 50 51 59 0
53 49 47 48 55 0
42 58 52 44 37 0
43 58 44 53 51 0
39 49 54 61 47 0
50 52 51 45 54 0
45 37 50 52 47 0
49 53 62 55 60 0
40 57 51 43 61 0
57 53 50 43 61 0
48 43 51 54 51 0
51 67 45 52 46 0
63 56 34 57 53 0
54 57 41 41 45 0
42 36 51 59 57 0
56 56 43 51 48 0
44 50 49 53 45 0
50 48 61 49 41 0
59 53 44 42 57 0
54 45 48 53 51 0
59 44 51 44 44 0
55 54 44 52 55 0
