1.0000 0.0000 0.0000 0.0000 0.0250 0.0000
1.0000 0.0000 0.0000 0.0000 0.0816 0.0000
0.9818 0.4706 0.0541 0.0000 0.5769 0.0000
1.0000 0.7143 0.3051 0.0000 0.0000 0.0000
1.0000 0.0000 0.0000 0.0208 0.0000 0.0000
0.9688 0.4545 0.5517 0.0200 0.3148 0.0000
1.0000 0.0000 0.0233 0.0000 0.0303 0.0000
1.0000 0.7174 0.0000 0.0000 0.0217 0.0000
0.8197 1.0000 0.0000 0.1373 0.0000 0.0000
1.0000 0.1081 0.2955 0.0000 0.0000 0.0000
0.9655 0.8276 0.0000 0.5741 0.0000 0.0000
1.0000 0.7818 0.2308 0.0000 0.2609 0.0000
1.0000 0.7451 0.0000 0.0000 0.0833 0.0000
1.0000 0.7736 0.0000 0.0217 0.0000 0.0000
1.0000 0.5745 0.8654 0.0444 0.0638 0.0000
0.9792 0.0000 0.0000 0.0508 0.0169 0.0000
1.0000 0.3220 0.0172 0.0000 0.0000 0.0000
1.0000 0.0571 0.0000 0.0000 0.0000 0.0000
0.9400 0.7143 0.0000 0.0862 0.0000 0.0000
1.0000 0.0179 0.0652 0.0000 0.0577 0.0000
1.0000 0.4314 0.0222 0.0000 0.0000 0.0000
0.9535 0.0000 0.0000 0.0227 0.0000 0.0000
1.0000 0.4889 0.3200 0.1935 0.0385 0.0000
0.9800 0.0000 0.0625 0.0000 0.0000 0.0000
0.9778 0.3393 0.0690 0.0000 0.1463 0.0000
1.0000 0.5600 0.2340 0.2045 0.0638 0.0000
0.9524 0.0000 0.0192 0.0213 0.0000 0.0000
1.0000 0.0000 0.0000 0.0233 0.0192 0.0000
1.0000 0.6176 0.0400 0.0000 0.0000 0.0000
1.0000 0.0000 0.0000 0.0208 0.0000 0.0000
1.0000 0.6207 0.0000 0.0000 0.0000 0.0000
1.0000 0.6207 0.0000 0.5660 0.0000 0.0000
1.0000 0.5102 0.0000 0.0000 0.7447 0.0000
1.0000 0.9615 0.0000 0.0000 0.0000 0.0000
1.0000 0.0541 0.7200 0.0192 0.0000 0.0000
1.0000 0.9811 0.0000 0.0182 0.0000 0.0000
1.0000 0.8947 0.0000 0.5814 0.0328 0.0000
1.0000 0.2453 0.5600 0.1395 0.0000 0.0000
1.0000 0.3023 0.0000 0.0000 0.0000 0.0000
1.0000 0.6866 0.0000 0.4423 0.0000 0.0000
1.0000 0.1964 0.4118 0.0000 0.5283 0.0000
1.0000 0.0000 0.0000 0.0000 0.0000 0.0000
1.0000 0.1944 0.1569 0.0000 0.0000 0.0000
1.0000 1.0000 0.0000 0.0392 0.0000 0.0000
0.9773 0.2600 0.0000 0.4340 0.0000 0.0000
0.9000 0.6250 0.0000 0.0000 0.0000 0.0000
1.0000 0.0000 0.0000 0.0000 0.0000 0.0000
1.0000 0.6000 0.0208 0.0000 0.0000 0.0000
1.0000 0.0455 0.0000 0.0000 0.0000 0.0000
0.9818 0.4815 0.2500 0.0000 0.0000 0.0000
