54 0 0 0 0 0 0 0 0 0 0 0 0 0 1 0
47 26 0 34 43 12 0 0 0 0 0 0 0 5 8 0
53 49 17 0 0 0 0 2 0 0 1 0 0 0 0 0
48 0 0 0 0 0 0 0 2 0 0 0 0 1 0 0
45 39 0 1 0 0 4 0 0 0 2 1 1 0 0 0
50 18 0 15 2 0 0 0 0 4 0 0 0 1 0 0
52 9 0 30 0 13 1 0 0 3 14 0 1 13 3 0
47 18 0 9 13 0 0 0 0 0 0 0 1 6 0 0
48 29 0 17 13 2 0 0 0 0 0 0 0 7 0 0
55 16 0 39 16 21 1 26 0 0 0 0 0 18 1 0
44 34 43 0 0 0 1 0 0 0 0 18 0 0 0 0
45 29 0 8 0 0 0 8 0 0 0 3 0 15 0 0
63 0 3 1 3 1 0 0 0 0 0 0 0 0 0 0
53 5 0 37 24 27 0 0 0 0 0 0 0 0 13 0
42 21 1 2 0 0 1 3 0 0 8 0 1 0 0 0
52 16 0 34 9 7 0 0 0 0 0 0 0 8 0 0
52 16 0 12 0 0 0 0 0 0 0 1 2 5 0 0
43 28 0 13 1 0 0 0 0 25 1 0 0 9 0 0
49 16 3 23 27 7 4 0 1 0 0 2 0 8 0 0
53 16 0 26 16 1 0 0 0 1 0 0 0 4 7 0
37 10 0 53 1 0 0 6 0 23 5 0 1 1 0 0
60 45 21 0 1 0 2 5 0 0 0 0 0 0 0 0
54 45 37 0 0 0 0 0 15 0 0 15 0 0 3 0
55 23 0 27 2 13 0 0 0 0 0 0 2 15 15 0
52 38 0 2 3 0 0 0 0 0 1 0 0 0 0 0
56 48 3 0 0 0 0 0 0 0 0 17 0 0 0 0
50 11 3 22 0 0 1 0 1 11 0 0 0 5 0 0
45 40 0 2 0 0 0 0 0 9 0 0 0 12 0 0
46 19 0 18 2 2 8 0 0 0 0 1 0 0 0 0
46 30 1 16 0 0 0 0 0 3 0 0 0 17 1 0
43 7 2 44 16 7 0 0 0 0 1 0 1 1 0 0
41 19 0 7 6 6 0 1 0 0 2 0 0 9 0 0
51 46 0 1 6 0 0 3 0 0 0 0 0 33 0 0
48 12 1 34 13 0 0 2 2 13 18 0 0 0 0 0
45 31 7 0 0 0 0 0 1 0 0 0 0 6 0 0
54 0 0 0 3 0 0 3 0 0 9 0 0 0 0 0
54 17 0 41 0 0 0 0 0 19 29 0 0 1 2 0
52 25 0 15 11 0 1 0 0 0 0 0 1 16 0 0
52 26 1 24 0 0 0 0 0 1 0 0 0 9 0 0
49 47 0 11 19 0 0 0 0 5 0 1 0 6 0 0
39 20 0 29 15 9 0 10 0 0 0 1 0 11 0 0
36 29 0 13 9 0 0 2 0 0 0 0 0 0 0 0
58 43 20 0 0 0 0 0 1 0 0 29 0 0 0 0
58 30 0 9 0 0 0 0 0 9 0 1 1 30 0 0
51 7 0 29 14 3 1 0 0 0 0 0 0 0 1 0
46 31 0 29 0 0 0 0 0 0 1 0 0 10 0 0
49 0 1 0 0 0 0 0 0 0 0 0 0 0 0 0
50 9 2 23 11 0 0 0 0 0 0 0 0 4 5 0
54 5 10 3 1 0 36 0 0 0 0 0 0 2 0 0
53 4 0 35 1 0 0 0 0 0 0 0 0 0 0 0
49 17 0 32 12 14 0 0 7 0 2 0 1 13 5 0
46 30 0 12 26 0 2 0 0 0 1 0 4 11 0 0
45 8 0 42 13 15 0 0 0 0 2 0 0 2 0 0
51 13 0 31 16 10 0 21 0 0 0 3 0 4 1 0
57 39 0 10 1 0 0 1 3 5 0 4 0 39 1 0
39 19 0 32 16 19 0 0 0 4 0 0 0 17 0 0
45 54 44 3 9 0 0 0 25 0 0 4 0 0 0 0
45 27 2 0 0 0 0 0 0 0 0 0 0 0 0 0
50 19 0 23 0 0 0 1 0 4 0 0 7 19 0 0
51 14 0 3 2 0 1 0 0 3 0 0 1 0 0 0
55 28 5 0 0 0 0 0 0 2 2 34 0 0 0 0
43 19 0 31 2 0 0 0 0 0 0 4 32 16 4 0
55 12 0 39 33 11 2 0 0 0 2 0 0 13 19 0
52 49 40 3 5 1 2 0 0 0 1 0 0 7 0 0
47 47 2 2 0 0 2 0 0 0 0 15 0 0 0 0
52 13 6 11 1 0 0 0 0 0 0 0 0 0 0 0
53 0 1 17 0 0 23 1 0 0 0 0 0 0 0 0
65 24 0 0 0 0 2 0 0 13 0 1 0 5 1 0
57 31 1 15 23 7 0 0 0 0 0 0 1 30 4 0
54 44 43 0 0 0 0 4 0 0 2 0 0 0 0 0
51 9 0 44 0 0 0 0 1 11 0 0 0 4 2 0
39 38 4 1 0 0 0 0 0 0 0 11 0 0 0 0
38 38 32 0 10 0 0 0 17 0 0 9 0 0 0 0
44 13 0 17 0 0 16 1 0 0 0 0 0 0 0 0
56 26 0 19 23 0 0 0 1 0 0 0 0 19 2 0
48 13 0 16 3 0 0 0 0 0 0 0 0 8 0 0
46 24 1 15 13 9 0 0 0 0 0 4 1 16 0 0
54 23 1 0 0 0 0 0 0 0 0 3 4 0 0 0
42 23 0 30 0 0 0 0 0 0 6 0 2 9 0 0
46 18 0 34 0 0 0 0 0 5 0 2 0 24 2 0
45 18 0 10 0 1 0 0 0 0 1 0 0 7 1 0
40 8 1 17 0 0 0 0 0 23 0 1 0 11 0 0
37 9 1 21 0 0 4 0 0 0 0 0 0 1 0 0
38 28 2 13 0 0 0 0 0 3 0 0 0 24 0 0
56 29 0 19 29 17 2 10 1 0 0 0 0 18 0 0
48 18 20 0 0 2 0 0 0 0 0 5 0 0 0 0
53 14 0 35 0 0 0 0 0 9 2 1 5 11 0 0
51 25 4 1 0 0 3 3 0 0 0 0 1 0 0 0
54 29 32 0 0 1 0 9 0 0 0 0 0 1 0 0
43 18 0 16 1 0 2 1 10 5 16 0 0 10 4 0
52 15 0 33 15 3 1 0 0 0 0 0 0 3 0 0
48 14 6 6 1 0 17 0 0 0 0 0 1 0 0 0
37 11 0 37 0 0 0 0 0 9 0 0 0 5 0 0
45 11 0 35 30 10 0 0 0 0 0 0 0 10 5 0
58 43 47 0 0 0 0 0 0 0 0 0 0 3 0 0
50 24 0 16 0 4 0 0 0 8 4 0 0 18 0 0
44 45 0 0 0 2 0 0 0 0 3 0 0 1 0 0
42 24 0 10 8 0 0 0 0 0 0 0 2 3 1 0
48 30 0 9 3 2 1 0 0 0 0 0 0 19 0 0
49 35 0 7 0 0 0 0 1 2 8 0 0 10 1 0
