1.0000 0.0000 0.0000 0.0000 0.0000 0.0000 0.0000 0.0000 0.0000 0.0000 0.0000 0.0000 0.0000 0.0000 0.0250 0.0000
1.0000 0.4561 0.0000 0.6939 0.7818 0.2553 0.0000 0.0000 0.0000 0.0000 0.0000 0.0000 0.0000 0.1020 0.1538 0.0000
1.0000 0.9245 0.4359 0.0000 0.0000 0.0000 0.0000 0.0392 0.0000 0.0000 0.0238 0.0000 0.0000 0.0000 0.0000 0.0000
1.0000 0.0000 0.0000 0.0000 0.0000 0.0000 0.0000 0.0000 0.0417 0.0000 0.0000 0.0000 0.0000 0.0217 0.0000 0.0000
1.0000 0.9512 0.0000 0.0164 0.0000 0.0000 0.0741 0.0000 0.0000 0.0000 0.0323 0.0189 0.0233 0.0000 0.0000 0.0000
1.0000 0.3750 0.0000 0.3846 0.0455 0.0000 0.0000 0.0000 0.0000 0.0741 0.0000 0.0000 0.0000 0.0208 0.0000 0.0000
1.0000 0.2045 0.0000 0.6250 0.0000 0.2241 0.0213 0.0000 0.0000 0.0652 0.2258 0.0000 0.0189 0.2321 0.0577 0.0000
1.0000 0.3273 0.0000 0.1875 0.1884 0.0000 0.0000 0.0000 0.0000 0.0000 0.0000 0.0000 0.0189 0.0938 0.0000 0.0000
1.0000 0.4833 0.0000 0.4857 0.2653 0.0357 0.0000 0.0000 0.0000 0.0000 0.0000 0.0000 0.0000 0.1489 0.0000 0.0000
1.0000 0.3333 0.0000 0.7222 0.3721 0.3333 0.0172 0.4815 0.0000 0.0000 0.0000 0.0000 0.0000 0.2609 0.0323 0.0000
0.9167 0.6182 0.7414 0.0000 0.0000 0.0000 0.0200 0.0000 0.0000 0.0000 0.0000 0.3333 0.0000 0.0000 0.0000 0.0000
0.9783 0.7073 0.0000 0.2000 0.0000 0.0000 0.0000 0.1429 0.0000 0.0000 0.0000 0.0526 0.0000 0.3061 0.0000 0.0000
0.9265 0.0000 0.0638 0.0213 0.0536 0.0238 0.0000 0.0000 0.0000 0.0000 0.0000 0.0000 0.0000 0.0000 0.0000 0.0000
1.0000 0.0909 0.0000 0.9250 0.3871 0.5400 0.0000 0.0000 0.0000 0.0000 0.0000 0.0000 0.0000 0.0000 0.2321 0.0000
1.0000 0.4375 0.0182 0.0408 0.0000 0.0000 0.0189 0.0789 0.0000 0.0000 0.2051 0.0000 0.0152 0.0000 0.0000 0.0000
1.0000 0.3019 0.0000 0.6800 0.1837 0.1400 0.0000 0.0000 0.0000 0.0000 0.0000 0.0000 0.0000 0.1481 0.0000 0.0000
1.0000 0.3902 0.0000 0.2400 0.0000 0.0000 0.0000 0.0000 0.0000 0.0000 0.0000 0.0204 0.0400 0.1190 0.0000 0.0000
1.0000 0.4118 0.0000 0.3250 0.0172 0.0000 0.0000 0.0000 0.0000 0.4545 0.0227 0.0000 0.0000 0.2432 0.0000 0.0000
0.9800 0.2857 0.0638 0.3833 0.4909 0.1591 0.0800 0.0000 0.0152 0.0000 0.0000 0.0278 0.0000 0.1333 0.0000 0.0000
1.0000 0.2909 0.0000 0.7027 0.3019 0.0185 0.0000 0.0000 0.0000 0.0175 0.0000 0.0000 0.0000 0.0816 0.1207 0.0000
1.0000 0.2000 0.0000 0.8281 0.0182 0.0000 0.0000 0.1364 0.0000 0.4259 0.1190 0.0000 0.0185 0.0196 0.0000 0.0000
0.9836 0.9375 0.3684 0.0000 0.0196 0.0000 0.0513 0.1000 0.0000 0.0000 0.0000 0.0000 0.0000 0.0000 0.0000 0.0000
1.0000 0.9375 0.5781 0.0000 0.0000 0.0000 0.0000 0.0000 0.3000 0.0000 0.0000 0.3947 0.0000 0.0000 0.0588 0.0000
1.0000 0.5000 0.0000 0.5192 0.0339 0.2453 0.0000 0.0000 0.0000 0.0000 0.0000 0.0000 0.0417 0.3191 0.3125 0.0000
1.0000 1.0000 0.0000 0.0465 0.0612 0.0000 0.0000 0.0000 0.0000 0.0000 0.0192 0.0000 0.0000 0.0000 0.0000 0.0000
1.0000 0.8136 0.0600 0.0000 0.0000 0.0000 0.0000 0.0000 0.0000 0.0000 0.0000 0.3091 0.0000 0.0000 0.0000 0.0000
1.0000 0.2200 0.0714 0.3729 0.0000 0.0000 0.0250 0.0000 0.0200 0.2444 0.0000 0.0000 0.0000 0.0746 0.0000 0.0000
1.0000 0.7018 0.0000 0.0323 0.0000 0.0000 0.0000 0.0000 0.0000 0.1636 0.0000 0.0000 0.0000 0.3000 0.0000 0.0000
1.0000 0.3878 0.0000 0.4091 0.0385 0.0400 0.1633 0.0000 0.0000 0.0000 0.0000 0.0213 0.0000 0.0000 0.0000 0.0000
1.0000 0.5357 0.0227 0.4324 0.0000 0.0000 0.0000 0.0000 0.0000 0.0556 0.0000 0.0000 0.0000 0.3696 0.0179 0.0000
1.0000 0.1321 0.0377 0.8462 0.2909 0.1628 0.0000 0.0000 0.0000 0.0000 0.0204 0.0000 0.0182 0.0244 0.0000 0.0000
1.0000 0.4872 0.0000 0.1429 0.1304 0.1463 0.0000 0.0217 0.0000 0.0000 0.0408 0.0000 0.0000 0.1875 0.0000 0.0000
0.9623 0.9583 0.0000 0.0256 0.1111 0.0000 0.0000 0.0492 0.0000 0.0000 0.0000 0.0000 0.0000 0.6735 0.0000 0.0000
1.0000 0.2500 0.0175 0.7907 0.4062 0.0000 0.0000 0.0351 0.0444 0.2364 0.4091 0.0000 0.0000 0.0000 0.0000 0.0000
0.8654 0.5962 0.1489 0.0000 0.0000 0.0000 0.0000 0.0000 0.0208 0.0000 0.0000 0.0000 0.0000 0.1132 0.0000 0.0000
1.0000 0.0000 0.0000 0.0000 0.0536 0.0000 0.0000 0.0789 0.0000 0.0000 0.1525 0.0000 0.0000 0.0000 0.0000 0.0000
1.0000 0.2833 0.0000 0.6721 0.0000 0.0000 0.0000 0.0000 0.0000 0.4634 0.5088 0.0000 0.0000 0.0200 0.0435 0.0000
1.0000 0.5435 0.0000 0.2273 0.2292 0.0000 0.0167 0.0000 0.0000 0.0000 0.0000 0.0000 0.0192 0.4444 0.0000 0.0000
1.0000 0.5098 0.0250 0.4138 0.0000 0.0000 0.0000 0.0000 0.0000 0.0263 0.0000 0.0000 0.0000 0.2045 0.0000 0.0000
1.0000 0.7833 0.0000 0.2292 0.3878 0.0000 0.0000 0.0000 0.0000 0.1163 0.0000 0.0213 0.0000 0.1395 0.0000 0.0000
0.9070 0.3922 0.0000 0.5686 0.2830 0.1250 0.0000 0.1695 0.0000 0.0000 0.0000 0.0164 0.0000 0.1964 0.0000 0.0000
1.0000 0.5179 0.0000 0.2766 0.1636 0.0000 0.0000 0.0526 0.0000 0.0000 0.0000 0.0000 0.0000 0.0000 0.0000 0.0000
1.0000 0.9773 0.3922 0.0000 0.0000 0.0000 0.0000 0.0000 0.0175 0.0000 0.0000 0.6304 0.0000 0.0000 0.0000 0.0000
1.0000 0.5769 0.0000 0.1698 0.0000 0.0000 0.0000 0.0000 0.0000 0.2195 0.0000 0.0159 0.0145 0.5455 0.0000 0.0000
1.0000 0.1707 0.0000 0.5273 0.3590 0.0536 0.0208 0.0000 0.0000 0.0000 0.0000 0.0000 0.0000 0.0000 0.0159 0.0000
1.0000 0.6200 0.0000 0.5370 0.0000 0.0000 0.0000 0.0000 0.0000 0.0000 0.0189 0.0000 0.0000 0.2381 0.0000 0.0000
0.9800 0.0000 0.0204 0.0000 0.0000 0.0000 0.0000 0.0000 0.0000 0.0000 0.0000 0.0000 0.0000 0.0000 0.0000 0.0000
1.0000 0.1800 0.0312 0.4259 0.2391 0.0000 0.0000 0.0000 0.0000 0.0000 0.0000 0.0000 0.0000 0.0769 0.1282 0.0000
1.0000 0.1020 0.2083 0.0698 0.0192 0.0000 0.6792 0.0000 0.0000 0.0000 0.0000 0.0000 0.0000 0.0526 0.0000 0.0000
1.0000 0.0909 0.0000 0.6604 0.0189 0.0000 0.0000 0.0000 0.0000 0.0000 0.0000 0.0000 0.0000 0.0000 0.0000 0.0000
0.9800 0.3400 0.0000 0.5926 0.2105 0.2373 0.0000 0.0000 0.1077 0.0000 0.0345 0.0000 0.0227 0.2889 0.1190 0.0000
1.0000 0.5172 0.0000 0.4000 0.5652 0.0000 0.0333 0.0000 0.0000 0.0000 0.0213 0.0000 0.0784 0.2037 0.0000 0.0000
1.0000 0.1333 0.0000 0.8235 0.3714 0.3261 0.0000 0.0000 0.0000 0.0000 0.0488 0.0000 0.0000 0.0541 0.0000 0.0000
1.0000 0.2889 0.0000 0.9688 0.2857 0.2326 0.0000 0.4667 0.0000 0.0000 0.0000 0.0500 0.0000 0.0870 0.0204 0.0000
1.0000 0.6724 0.0000 0.2326 0.0192 0.0000 0.0000 0.0213 0.0492 0.1282 0.0000 0.0930 0.0000 0.6000 0.0185 0.0000
0.8864 0.5000 0.0000 0.6038 0.2857 0.3393 0.0000 0.0000 0.0000 0.0741 0.0000 0.0000 0.0000 0.4359 0.0000 0.0000
1.0000 0.9818 0.7719 0.0682 0.1250 0.0000 0.0000 0.0000 0.3846 0.0000 0.0000 0.0741 0.0000 0.0000 0.0000 0.0000
1.0000 0.6429 0.0377 0.0000 0.0000 0.0000 0.0000 0.0000 0.0000 0.0000 0.0000 0.0000 0.0000 0.0000 0.0000 0.0000
1.0000 0.4222 0.0000 0.3833 0.0000 0.0000 0.0000 0.0169 0.0000 0.0645 0.0000 0.0000 0.1207 0.3519 0.0000 0.0000
1.0000 0.2373 0.0000 0.0638 0.0465 0.0000 0.0175 0.0000 0.0000 0.0769 0.0000 0.0000 0.0270 0.0000 0.0000 0.0000
1.0000 0.8750 0.0893 0.0000 0.0000 0.0000 0.0000 0.0000 0.0000 0.0385 0.0455 0.7083 0.0000 0.0000 0.0000 0.0000
1.0000 0.3958 0.0000 0.5849 0.0392 0.0000 0.0000 0.0000 0.0000 0.0000 0.0000 0.0625 0.5517 0.3404 0.0952 0.0000
1.0000 0.2353 0.0000 0.5909 0.5593 0.2444 0.0476 0.0000 0.0000 0.0000 0.0408 0.0000 0.0000 0.2653 0.4419 0.0000
1.0000 0.9245 0.8163 0.0732 0.0980 0.0192 0.0364 0.0000 0.0000 0.0000 0.0175 0.0000 0.0000 0.1373 0.0000 0.0000
1.0000 0.9792 0.0606 0.0345 0.0000 0.0000 0.0488 0.0000 0.0000 0.0000 0.0000 0.3571 0.0000 0.0000 0.0000 0.0000
1.0000 0.2321 0.1091 0.2200 0.0270 0.0000 0.0000 0.0000 0.0000 0.0000 0.0000 0.0000 0.0000 0.0000 0.0000 0.0000
1.0000 0.0000 0.0192 0.3269 0.0000 0.0000 0.4182 0.0196 0.0000 0.0000 0.0000 0.0000 0.0000 0.0000 0.0000 0.0000
1.0000 0.4706 0.0000 0.0000 0.0000 0.0000 0.0556 0.0000 0.0000 0.2281 0.0000 0.0182 0.0000 0.0833 0.0192 0.0000
0.9828 0.6200 0.0204 0.2830 0.4340 0.1522 0.0000 0.0000 0.0000 0.0000 0.0000 0.0000 0.0185 0.6250 0.0833 0.0000
1.0000 0.8302 0.8431 0.0000 0.0000 0.0000 0.0000 0.0851 0.0000 0.0000 0.0377 0.0000 0.0000 0.0000 0.0000 0.0000
0.9808 0.2368 0.0000 0.8800 0.0000 0.0000 0.0000 0.0000 0.0217 0.1897 0.0000 0.0000 0.0000 0.0952 0.0357 0.0000
1.0000 0.8636 0.0909 0.0167 0.0000 0.0000 0.0000 0.0000 0.0000 0.0000 0.0000 0.1642 0.0000 0.0000 0.0000 0.0000
1.0000 0.7600 0.5517 0.0000 0.1818 0.0000 0.0000 0.0000 0.3148 0.0000 0.0000 0.1837 0.0000 0.0000 0.0000 0.0000
1.0000 0.2203 0.0000 0.3400 0.0000 0.0000 0.3636 0.0204 0.0000 0.0000 0.0000 0.0000 0.0000 0.0000 0.0000 0.0000
1.0000 0.5417 0.0000 0.4130 0.3485 0.0000 0.0000 0.0000 0.0263 0.0000 0.0000 0.0000 0.0000 0.3878 0.0392 0.0000
1.0000 0.2241 0.0000 0.2500 0.0455 0.0000 0.0000 0.0000 0.0000 0.0000 0.0000 0.0000 0.0000 0.1778 0.0000 0.0000
1.0000 0.5581 0.0189 0.2344 0.2653 0.1800 0.0000 0.0000 0.0000 0.0000 0.0000 0.0851 0.0208 0.3636 0.0000 0.0000
1.0000 0.4340 0.0175 0.0000 0.0000 0.0000 0.0000 0.0000 0.0000 0.0000 0.0000 0.0652 0.0727 0.0000 0.0000 0.0000
0.9767 0.4510 0.0000 0.5263 0.0000 0.0000 0.0000 0.0000 0.0000 0.0000 0.1132 0.0000 0.0364 0.1837 0.0000 0.0000
1.0000 0.3600 0.0000 0.5862 0.0000 0.0000 0.0000 0.0000 0.0000 0.1250 0.0000 0.0417 0.0000 0.4364 0.0370 0.0000
1.0000 0.3750 0.0000 0.2222 0.0000 0.0208 0.0000 0.0000 0.0000 0.0000 0.0175 0.0000 0.0000 0.1489 0.0164 0.0000
1.0000 0.1739 0.0270 0.3333 0.0000 0.0000 0.0000 0.0000 0.0000 0.5897 0.0000 0.0227 0.0000 0.2075 0.0000 0.0000
1.0000 0.1667 0.0270 0.4118 0.0000 0.0000 0.0833 0.0000 0.0000 0.0000 0.0000 0.0000 0.0000 0.0270 0.0000 0.0000
1.0000 0.6222 0.0333 0.2653 0.0000 0.0000 0.0000 0.0000 0.0000 0.0556 0.0000 0.0000 0.0000 0.4898 0.0000 0.0000
1.0000 0.5472 0.0000 0.5000 0.5273 0.4048 0.0500 0.2778 0.0217 0.0000 0.0000 0.0000 0.0000 0.4286 0.0000 0.0000
1.0000 0.4390 0.4348 0.0000 0.0000 0.0476 0.0000 0.0000 0.0000 0.0000 0.0000 0.1163 0.0000 0.0000 0.0000 0.0000
1.0000 0.3333 0.0000 0.5932 0.0000 0.0000 0.0000 0.0000 0.0000 0.1607 0.0426 0.0169 0.1042 0.2619 0.0000 0.0000
1.0000 0.4630 0.0741 0.0182 0.0000 0.0000 0.0789 0.0625 0.0000 0.0000 0.0000 0.0000 0.0204 0.0000 0.0000 0.0000
1.0000 0.5800 0.5818 0.0000 0.0000 0.0217 0.0000 0.1698 0.0000 0.0000 0.0000 0.0000 0.0000 0.0172 0.0000 0.0000
1.0000 0.3396 0.0000 0.3265 0.0278 0.0000 0.0500 0.0208 0.2174 0.1111 0.3137 0.0000 0.0000 0.2326 0.0784 0.0000
1.0000 0.2500 0.0000 0.5893 0.3261 0.0652 0.0185 0.0000 0.0000 0.0000 0.0000 0.0000 0.0000 0.0612 0.0000 0.0000
1.0000 0.3043 0.1277 0.0952 0.0208 0.0000 0.3696 0.0000 0.0000 0.0000 0.0000 0.0000 0.0189 0.0000 0.0000 0.0000
0.9737 0.2619 0.0000 0.5873 0.0000 0.0000 0.0000 0.0000 0.0000 0.1475 0.0000 0.0000 0.0000 0.0909 0.0000 0.0000
1.0000 0.2444 0.0000 0.8333 0.5882 0.2326 0.0000 0.0000 0.0000 0.0000 0.0000 0.0000 0.0000 0.1786 0.1111 0.0000
1.0000 1.0000 0.8545 0.0000 0.0000 0.0000 0.0000 0.0000 0.0000 0.0000 0.0000 0.0000 0.0000 0.0600 0.0000 0.0000
1.0000 0.5455 0.0000 0.3404 0.0000 0.0889 0.0000 0.0000 0.0000 0.1455 0.0714 0.0000 0.0000 0.3600 0.0000 0.0000
0.8627 0.9574 0.0000 0.0000 0.0000 0.0526 0.0000 0.0000 0.0000 0.0000 0.0612 0.0000 0.0000 0.0256 0.0000 0.0000
1.0000 0.5217 0.0000 0.2041 0.1356 0.0000 0.0000 0.0000 0.0000 0.0000 0.0000 0.0000 0.0385 0.0652 0.0167 0.0000
1.0000 0.7500 0.0000 0.1667 0.0714 0.0400 0.0179 0.0000 0.0000 0.0000 0.0000 0.0000 0.0000 0.4130 0.0000 0.0000
0.9608 0.7955 0.0000 0.1489 0.0000 0.0000 0.0000 0.0000 0.0222 0.0435 0.1860 0.0000 0.0000 0.2222 0.0233 0.0000
