57 48 58 55 51 0
44 60 45 58 48 0
56 52 45 50 42 0
55 46 50 44 61 0
47 54 44 51 49 0
60 66 51 46 45 0
47 37 54 45 46 0
41 51 48 52 43 0
48 60 52 54 44 0
46 46 49 43 54 0
55 48 55 43 48 0
49 39 64 50 49 0
34 42 47 39 57 0
49 60 50 54 59 0
57 51 57 53 53 0
45 47 52 53 54 0
45 54 64 48 51 0
51 55 44 59 44 0
55 47 50 46 58 0
67 50 38 52 56 0
55 54 59 48 48 0
41 44 52 54 47 0
44 49 48 55 57 0
54 48 38 49 46 0
44 37 44 48 35 0
40 42 48 45 45 0
48 45 48 62 60 0
42 56 55 58 36 0
41 37 51 62 55 0
47 43 45 60 34 0
49 46 71 57 50 0
56 52 51 55 49 0
46 54 49 56 47 0
52 51 52 54 54 0
59 44 47 51 60 0
46 39 54 42 38 0
62 56 55 41 54 0
55 59 48 55 51 0
38 44 49 53 52 0
51 51 46 52 50 0
63 44 50 34 61 0
62 55 55 49 54 0
55 54 38 63 52 0
49 51 54 41 40 0
52 40 55 43 63 0
58 43 53 46 54 0
53 49 47 51 44 0
49 55 50 56 56 0
43 50 39 47 52 0
51 48 51 52 68 0
