57 0 22 0 0 0
44 18 0 0 0 0
56 0 31 0 15 0
55 0 27 0 37 0
47 12 0 0 0 0
60 0 44 0 0 0
47 0 0 0 0 0
41 0 22 0 0 0
48 31 0 0 0 0
46 20 0 0 0 0
55 4 0 10 0 0
49 9 0 0 0 0
34 14 0 7 0 0
49 44 0 8 0 0
57 9 0 13 0 0
45 0 40 0 26 0
45 0 32 0 23 0
51 0 0 0 0 0
55 39 0 0 0 0
67 0 23 0 29 0
55 0 0 0 0 0
41 0 17 0 0 0
44 0 24 0 0 0
54 12 0 0 0 0
44 0 0 0 0 0
40 4 0 9 0 0
48 0 45 0 0 0
42 0 33 0 0 0
41 14 0 0 0 0
47 3 0 28 0 0
49 0 15 0 0 0
56 0 0 0 0 0
46 0 0 0 0 0
52 0 43 0 0 0
59 0 0 0 0 0
46 0 25 0 0 0
62 0 26 0 0 0
55 0 34 0 0 0
38 0 0 0 0 0
51 0 0 0 0 0
63 19 0 12 0 0
62 0 0 0 0 0
55 0 15 0 0 0
49 0 47 0 19 0
52 0 47 0 4 0
58 24 0 15 0 0
53 0 34 0 13 0
49 0 0 0 0 0
43 0 8 0 0 0
51 9 0 32 0 0
