1.0000 0.0000 0.3793 0.0000 0.0000 0.0000
1.0000 0.3000 0.0000 0.0000 0.0000 0.0000
1.0000 0.0000 0.6889 0.0000 0.3571 0.0000
1.0000 0.0000 0.5400 0.0000 0.6066 0.0000
1.0000 0.2222 0.0000 0.0000 0.0000 0.0000
1.0000 0.0000 0.8627 0.0000 0.0000 0.0000
1.0000 0.0000 0.0000 0.0000 0.0000 0.0000
1.0000 0.0000 0.4583 0.0000 0.0000 0.0000
1.0000 0.5167 0.0000 0.0000 0.0000 0.0000
1.0000 0.4348 0.0000 0.0000 0.0000 0.0000
1.0000 0.0000 0.0545 0.2326 0.0000 0.0000
1.0000 0.2308 0.0000 0.0000 0.0000 0.0000
1.0000 0.0000 0.4043 0.1795 0.0000 0.0000
1.0000 0.0000 0.6600 0.1481 0.0000 0.0000
1.0000 0.0000 0.2632 0.2453 0.0000 0.0000
1.0000 0.0000 0.7692 0.0000 0.4815 0.0000
1.0000 0.0000 0.5000 0.0000 0.4510 0.0000
1.0000 0.0000 0.0000 0.0000 0.0000 0.0000
1.0000 0.8298 0.0000 0.0000 0.0000 0.0000
1.0000 0.0000 0.6053 0.0000 0.5179 0.0000
1.0000 0.0000 0.0000 0.0000 0.0000 0.0000
1.0000 0.0000 0.3269 0.0000 0.0000 0.0000
1.0000 0.0000 0.5000 0.0000 0.0000 0.0000
1.0000 0.2500 0.0000 0.0000 0.0000 0.0000
1.0000 0.0000 0.0000 0.0000 0.0000 0.0000
1.0000 0.0000 0.1250 0.2000 0.0000 0.0000
1.0000 0.0000 0.9375 0.0000 0.0000 0.0000
1.0000 0.0000 0.6000 0.0000 0.0000 0.0000
1.0000 0.3784 0.0000 0.0000 0.0000 0.0000
1.0000 0.0000 0.0889 0.4667 0.0000 0.0000
1.0000 0.0000 0.2113 0.0000 0.0000 0.0000
1.0000 0.0000 0.0000 0.0000 0.0000 0.0000
1.0000 0.0000 0.0000 0.0000 0.0000 0.0000
1.0000 0.0000 0.8269 0.0000 0.0000 0.0000
1.0000 0.0000 0.0000 0.0000 0.0000 0.0000
1.0000 0.0000 0.4630 0.0000 0.0000 0.0000
1.0000 0.0000 0.4727 0.0000 0.0000 0.0000
1.0000 0.0000 0.7083 0.0000 0.0000 0.0000
1.0000 0.0000 0.0000 0.0000 0.0000 0.0000
1.0000 0.0000 0.0000 0.0000 0.0000 0.0000
1.0000 0.0000 0.4600 0.3529 0.0000 0.0000
1.0000 0.0000 0.0000 0.0000 0.0000 0.0000
1.0000 0.0000 0.3947 0.0000 0.0000 0.0000
1.0000 0.0000 0.8704 0.0000 0.4750 0.0000
1.0000 0.0000 0.8545 0.0000 0.0635 0.0000
1.0000 0.0000 0.5660 0.3261 0.0000 0.0000
1.0000 0.0000 0.7234 0.0000 0.2955 0.0000
1.0000 0.0000 0.0000 0.0000 0.0000 0.0000
1.0000 0.0000 0.2051 0.0000 0.0000 0.0000
1.0000 0.0000 0.1569 0.6154 0.0000 0.0000
