43 51 38 46 30 0
57 55 49 52 49 0
40 56 42 50 52 0
43 47 52 49 44 0
63 61 54 48 46 0
54 47 40 51 37 0
52 48 41 52 49 0
48 40 46 43 40 0
48 48 54 53 50 0
39 39 45 50 41 0
47 58 49 50 60 0
53 46 51 61 42 0
66 44 55 33 54 0
44 43 53 44 52 0
44 47 62 33 62 0
42 52 45 42 48 0
44 55 48 56 56 0
44 54 54 51 42 0
48 57 41 48 53 0
52 42 53 47 51 0
53 47 46 42 35 0
39 53 47 46 54 0
52 52 46 52 39 0
55 58 50 49 59 0
57 55 45 46 58 0
51 55 43 45 50 0
47 42 41 63 58 0
39 51 51 58 60 0
53 51 53 48 55 0
46 40 44 51 51 0
47 38 46 49 52 0
42 47 43 52 56 0
46 61 52 44 48 0
47 53 41 43 53 0
56 72 52 49 52 0
47 43 46 53 60 0
64 64 48 47 46 0
54 50 48 45 52 0
55 42 64 50 53 0
57 49 59 55 51 0
54 48 51 54 49 0
45 36 60 49 51 0
49 55 48 41 40 0
59 52 45 60 55 0
47 48 52 57 44 0
56 59 49 51 48 0
49 49 57 46 37 0
51 41 36 46 45 0
49 51 39 46 45 0
58 47 38 46 52 0
45 46 51 63 40 0
50 56 39 53 44 0
47 46 48 59 62 0
50 61 47 43 54 0
45 48 51 51 53 0
46 42 49 50 55 0
56 31 43 49 40 0
47 59 51 40 40 0
57 45 47 55 45 0
47 55 44 48 48 0
49 64 46 60 59 0
67 44 50 49 59 0
49 59 68 46 43 0
60 58 51 54 47 0
59 47 55 41 61 0
53 59 46 59 55 0
46 45 57 44 61 0
61 53 56 45 56 0
44 41 57 50 58 0
40 53 50 37 65 0
49 48 46 43 54 0
44 60 54 52 44 0
54 46 49 48 41 0
47 54 44 57 52 0
54 45 43 75 52 0
64 52 47 53 56 0
64 45 44 56 51 0
56 42 55 44 53 0
56 44 41 55 62 0
54 52 62 44 43 0
56 36 44 68 47 0
66 50 39 43 52 0
55 41 43 60 50 0
42 48 53 52 52 0
49 54 61 52 51 0
54 68 44 64 52 0
39 48 48 58 51 0
57 51 44 35 50 0
42 52 54 61 48 0
43 56 54 54 51 0
49 43 46 50 45 0
56 49 46 48 53 0
48 52 46 51 42 0
53 49 44 48 45 0
53 51 34 52 50 0
63 45 52 50 63 0
45 55 45 47 37 0
48 46 53 44 71 0
51 49 54 43 40 0
55 52 55 41 60 0
36 35 50 50 37 0
50 51 58 40 68 0
53 32 51 41 51 0
50 54 55 43 40 0
52 57 51 37 41 0
58 44 52 51 36 0
64 54 39 40 65 0
69 49 31 56 54 0
65 60 36 54 54 0
63 51 43 48 48 0
55 44 46 53 45 0
44 53 43 54 45 0
47 38 61 56 76 0
47 50 61 43 49 0
48 61 40 53 44 0
47 53 40 60 57 0
53 52 57 57 47 0
58 59 45 48 56 0
49 45 47 59 38 0
41 56 54 43 53 0
49 35 43 52 51 0
61 60 48 56 57 0
59 56 59 47 59 0
64 50 36 53 58 0
40 40 49 65 50 0
47 50 52 45 56 0
62 47 45 33 42 0
56 51 39 50 56 0
57 37 52 50 53 0
57 59 58 58 61 0
53 55 64 58 48 0
43 43 50 51 48 0
50 53 48 53 60 0
56 46 41 62 54 0
60 55 51 39 57 0
50 44 59 64 43 0
57 46 43 47 41 0
32 55 41 37 50 0
68 47 47 51 47 0
58 54 51 56 50 0
49 52 48 43 48 0
43 42 50 48 56 0
67 55 57 55 51 0
54 59 55 48 53 0
44 46 51 40 53 0
58 48 47 59 37 0
46 57 50 49 63 0
51 59 47 58 56 0
49 49 50 57 44 0
46 59 52 44 41 0
48 53 60 47 52 0
48 42 46 47 46 0
50 45 48 40 62 0
46 50 43 59 48 0
29 42 47 65 49 0
40 44 57 42 68 0
47 59 45 56 55 0
49 58 48 51 60 0
72 57 37 42 55 0
52 47 51 54 52 0
49 50 49 40 48 0
53 50 55 59 45 0
39 53 51 54 43 0
72 47 50 57 45 0
48 59 46 60 49 0
57 43 45 47 54 0
47 47 56 45 49 0
42 53 46 54 52 0
56 62 48 56 58 0
49 49 45 56 50 0
57 48 54 47 53 0
43 49 40 67 50 0
41 53 45 50 43 0
47 45 47 50 49 0
54 39 60 47 41 0
48 59 49 45 61 0
48 54 46 50 50 0
50 48 59 53 44 0
47 48 49 44 55 0
47 53 53 51 61 0
47 43 50 47 56 0
52 53 59 63 41 0
50 52 38 46 49 0
60 43 53 48 60 0
56 57 48 38 56 0
49 54 55 45 55 0
56 47 54 53 44 0
39 45 51 37 35 0
33 44 55 38 60 0
55 49 51 46 46 0
59 49 48 39 51 0
45 63 63 58 49 0
52 61 58 56 46 0
59 62 47 76 41 0
40 51 51 52 51 0
46 46 52 49 45 0
55 43 54 54 51 0
62 40 41 43 45 0
53 49 44 50 40 0
47 53 51 51 45 0
60 48 50 51 56 0
52 46 44 59 62 0
54 53 46 58 45 0
47 53 50 57 57 0
49 51 44 44 46 0
45 58 46 51 56 0
52 52 46 44 49 0
56 44 49 57 41 0
49 53 36 46 58 0
64 59 49 37 33 0
41 45 53 48 40 0
49 48 62 59 69 0
37 45 50 53 54 0
35 50 50 56 53 0
52 52 46 66 49 0
40 54 54 53 49 0
44 49 45 46 45 0
50 41 50 50 55 0
53 58 71 43 48 0
50 45 47 53 56 0
50 56 40 50 53 0
59 43 37 39 36 0
50 44 49 47 61 0
50 48 41 55 39 0
50 44 53 48 47 0
58 47 55 49 53 0
60 46 56 54 58 0
59 51 59 44 41 0
50 53 44 47 44 0
41 43 61 47 54 0
63 41 46 66 57 0
55 42 45 60 55 0
60 40 50 48 35 0
57 40 51 42 45 0
52 51 47 48 42 0
46 41 65 45 42 0
55 38 54 56 52 0
49 49 52 51 38 0
48 46 55 40 40 0
50 47 53 50 61 0
55 45 58 44 50 0
52 43 52 52 33 0
54 50 56 59 43 0
51 37 60 41 54 0
43 51 59 53 47 0
42 45 58 50 60 0
45 54 46 45 43 0
55 45 48 57 56 0
52 46 50 41 40 0
61 47 65 50 52 0
48 37 44 45 49 0
45 55 45 47 40 0
37 38 35 48 49 0
33 47 55 44 59 0
48 51 51 45 53 0
54 45 47 55 38 0
44 46 49 54 47 0
45 54 54 48 46 0
47 47 44 51 57 0
57 47 37 50 48 0
52 48 55 65 48 0
58 58 44 38 45 0
44 45 45 51 38 0
45 53 49 41 59 0
49 50 49 45 61 0
54 52 55 46 63 0
54 50 54 45 57 0
52 47 54 39 37 0
56 46 57 44 48 0
59 54 46 51 50 0
50 56 39 53 57 0
56 47 57 54 52 0
48 53 42 49 59 0
49 53 41 43 58 0
43 60 51 58 51 0
48 42 55 44 53 0
49 42 46 45 58 0
49 52 48 59 62 0
52 55 44 37 56 0
40 29 41 32 45 0
48 52 40 50 45 0
40 46 54 56 63 0
48 52 49 61 56 0
61 45 52 55 49 0
50 62 55 40 58 0
42 43 62 48 53 0
52 46 49 61 63 0
40 49 45 52 40 0
50 49 51 50 43 0
49 55 54 40 49 0
49 54 49 57 54 0
45 59 38 54 43 0
54 39 51 52 44 0
49 48 47 52 49 0
41 45 54 46 61 0
40 43 53 48 47 0
55 47 46 54 43 0
42 60 56 30 40 0
59 51 56 48 63 0
48 49 44 32 50 0
56 52 43 56 49 0
49 50 41 56 50 0
42 38 53 55 54 0
52 41 56 53 40 0
52 61 42 41 48 0
55 48 55 54 53 0
56 41 53 59 45 0
60 33 40 46 51 0
67 50 57 58 53 0
45 47 50 46 50 0
51 51 51 62 53 0
60 63 47 58 50 0
45 61 49 51 53 0
60 51 56 48 51 0
56 47 58 50 52 0
55 56 47 51 52 0
49 33 50 43 51 0
52 51 63 58 48 0
45 53 50 51 51 0
52 49 42 41 46 0
52 47 49 49 54 0
42 48 52 40 58 0
55 45 41 53 52 0
43 48 41 58 46 0
56 47 48 39 61 0
39 49 59 63 42 0
51 51 46 48 38 0
45 52 65 56 38 0
52 38 60 55 43 0
41 59 44 47 43 0
61 43 52 53 55 0
53 52 48 63 44 0
50 45 49 36 47 0
47 54 63 53 44 0
45 48 53 51 44 0
49 47 56 46 55 0
39 47 63 51 49 0
51 48 41 48 44 0
49 45 58 60 43 0
44 59 40 50 38 0
52 52 49 53 62 0
61 54 52 45 58 0
55 57 51 52 55 0
39 43 51 44 43 0
33 58 51 37 34 0
53 56 46 53 68 0
49 42 58 47 51 0
51 38 47 55 41 0
44 62 51 43 53 0
48 59 50 57 72 0
48 48 53 50 48 0
67 51 48 58 39 0
50 57 62 37 53 0
44 56 55 58 57 0
46 49 43 44 51 0
57 53 57 62 45 0
50 57 53 44 45 0
48 58 49 52 51 0
49 43 56 50 50 0
56 41 45 51 62 0
43 45 57 39 61 0
51 52 39 53 46 0
50 58 41 43 30 0
48 51 50 38 48 0
36 61 51 56 44 0
61 49 53 57 40 0
52 50 48 39 41 0
51 66 50 50 45 0
39 58 59 48 50 0
41 50 49 42 54 0
50 52 56 47 49 0
48 57 58 59 59 0
63 55 46 46 59 0
46 53 33 61 52 0
55 66 36 44 54 0
49 49 62 54 30 0
58 48 54 42 48 0
50 64 44 54 50 0
56 40 45 38 54 0
49 49 43 49 49 0
58 45 61 48 51 0
62 55 55 42 48 0
45 52 32 36 37 0
57 53 58 47 38 0
54 54 51 44 51 0
32 49 59 62 52 0
53 52 53 41 50 0
40 47 56 53 50 0
62 48 59 49 51 0
44 64 50 40 41 0
39 46 50 55 39 0
47 57 64 47 39 0
59 41 50 59 45 0
46 47 41 56 53 0
56 61 67 53 56 0
54 59 55 44 44 0
45 49 46 44 56 0
55 41 51 45 41 0
53 50 49 60 50 0
57 53 54 67 51 0
53 54 47 54 49 0
56 46 53 65 45 0
48 31 43 54 62 0
49 38 39 51 57 0
45 65 51 44 68 0
42 44 56 58 54 0
60 59 50 48 51 0
55 39 48 56 55 0
52 43 47 51 54 0
56 50 52 49 50 0
40 49 48 47 46 0
38 44 52 43 51 0
56 55 34 53 59 0
44 61 44 43 41 0
44 47 55 38 41 0
47 58 46 48 42 0
56 52 63 52 52 0
52 50 48 59 50 0
50 48 43 54 53 0
54 62 55 48 54 0
49 53 58 54 46 0
47 48 60 49 54 0
50 57 55 46 56 0
53 39 65 50 41 0
52 53 49 38 36 0
54 43 52 53 68 0
43 59 37 47 49 0
55 47 50 48 46 0
40 47 51 54 51 0
52 43 58 53 65 0
47 49 40 47 45 0
66 64 50 44 51 0
51 44 44 45 51 0
58 47 57 46 58 0
53 44 47 55 52 0
54 44 42 50 51 0
58 69 50 63 44 0
64 65 53 68 43 0
43 54 50 54 46 0
53 57 46 47 33 0
29 52 49 50 48 0
53 52 51 35 43 0
45 36 49 45 48 0
48 53 47 48 50 0
39 55 49 42 45 0
41 39 51 50 43 0
41 45 57 60 42 0
50 51 46 50 47 0
61 44 47 41 46 0
45 51 53 56 37 0
53 50 57 53 47 0
48 42 52 60 47 0
47 52 48 53 55 0
36 47 42 47 44 0
54 56 62 54 49 0
51 54 39 47 61 0
60 54 43 43 51 0
52 44 44 49 39 0
49 41 50 49 63 0
51 45 60 60 47 0
38 63 51 44 52 0
54 55 53 55 47 0
52 44 53 40 51 0
42 53 53 46 57 0
54 47 44 46 43 0
46 49 56 59 58 0
50 53 41 47 44 0
45 43 46 46 56 0
53 51 63 54 59 0
61 55 49 56 54 0
58 48 58 54 50 0
62 62 48 53 51 0
45 42 57 57 39 0
44 60 52 51 52 0
48 40 53 56 54 0
45 51 64 53 57 0
50 45 49 58 40 0
54 48 53 49 59 0
37 49 60 50 46 0
47 49 48 54 53 0
50 49 54 63 45 0
65 65 54 52 61 0
33 46 64 55 49 0
38 44 59 46 45 0
70 61 46 47 56 0
45 49 51 39 37 0
43 42 44 51 47 0
47 42 49 44 53 0
55 50 52 48 66 0
57 60 46 50 37 0
53 48 52 49 67 0
50 50 53 56 51 0
57 38 45 44 42 0
53 38 45 39 48 0
52 55 52 59 55 0
55 50 61 62 49 0
33 35 58 46 49 0
43 50 53 62 40 0
52 47 62 54 54 0
46 51 65 45 39 0
