43 17 10 5 10 0
57 16 12 6 10 0
39 18 11 23 0 0
42 23 0 1 0 0
63 39 0 0 0 0
54 0 2 0 1 0
52 37 34 6 0 0
48 7 0 18 0 0
48 30 25 1 4 0
39 0 0 0 0 0
47 40 0 2 0 0
53 0 0 0 0 0
66 19 28 15 16 0
44 28 16 23 15 0
44 21 10 25 0 0
42 6 1 0 0 0
43 0 0 0 0 0
44 29 33 13 0 0
47 23 0 9 2 0
52 12 6 19 18 0
53 35 0 0 0 0
39 24 19 1 0 0
52 15 1 0 0 0
55 0 0 0 0 0
55 25 1 34 15 0
51 43 1 17 0 0
47 8 0 28 0 0
39 10 10 32 2 0
53 41 36 8 8 0
46 0 0 2 1 0
46 38 0 1 0 0
42 18 0 5 0 0
43 43 15 29 7 0
47 3 0 18 0 0
56 0 20 0 0 0
47 32 14 8 0 0
64 26 1 32 16 0
54 36 0 0 0 0
55 0 0 0 0 0
57 27 21 10 0 0
54 6 0 4 4 0
45 0 0 1 2 0
49 23 0 0 0 0
59 0 0 0 0 0
47 13 0 38 5 0
56 48 0 0 0 0
49 22 0 11 0 0
51 25 0 17 2 0
49 25 17 10 5 0
58 0 0 0 0 0
45 0 1 0 0 0
50 43 10 21 0 0
47 17 0 0 0 0
50 1 0 0 0 0
45 35 10 0 0 0
46 2 0 21 0 0
56 3 0 23 0 0
47 0 0 0 0 0
57 6 0 5 1 0
45 27 0 0 0 0
49 9 0 0 1 0
67 19 24 6 12 0
47 18 0 6 0 0
60 14 2 30 21 0
55 11 3 20 7 0
53 36 3 9 0 0
46 4 5 36 13 0
61 19 2 14 0 0
44 15 0 3 0 0
40 14 4 25 0 0
49 11 16 29 39 0
44 60 0 0 2 0
54 0 0 0 0 0
47 34 0 2 0 0
54 2 0 3 0 0
64 17 5 31 0 0
64 0 1 1 2 0
56 4 0 27 3 0
56 14 0 0 0 0
54 6 0 0 4 0
56 0 0 0 0 0
66 22 8 19 12 0
55 25 0 0 0 0
42 32 0 0 0 0
49 40 2 0 0 0
52 35 33 3 0 0
39 37 0 0 0 0
57 26 1 0 0 0
42 1 0 0 0 0
43 4 1 0 0 0
49 17 17 17 4 0
56 32 0 4 0 0
46 5 0 5 2 0
52 19 1 9 6 0
53 45 0 2 3 0
61 0 0 0 0 0
45 8 1 13 0 0
48 10 0 2 1 0
50 5 9 21 1 0
55 10 2 0 1 0
36 0 0 0 1 0
49 31 35 2 0 0
53 7 12 17 0 0
50 33 25 15 12 0
52 36 15 8 1 0
58 16 1 28 0 0
64 0 0 0 0 0
69 0 0 37 0 0
58 0 0 0 0 0
62 22 15 5 6 0
54 0 0 0 0 0
44 34 6 12 7 0
47 16 4 24 0 0
47 20 2 15 0 0
48 43 12 5 1 0
47 20 5 18 0 0
53 34 0 1 1 0
58 2 0 0 0 0
44 24 5 1 0 0
40 1 0 0 0 0
49 4 6 0 0 0
61 27 0 10 1 0
59 24 17 7 0 0
64 7 7 33 38 0
39 14 0 0 0 0
47 10 0 0 0 0
62 38 0 0 1 0
56 10 14 20 12 0
57 2 4 17 2 0
57 9 0 0 0 0
53 22 4 38 0 0
42 33 0 0 0 0
50 0 8 0 3 0
56 16 1 10 1 0
60 41 0 0 0 0
48 14 12 35 23 0
57 8 0 0 0 0
32 17 27 16 0 0
64 28 0 0 0 0
56 25 19 35 20 0
49 1 1 4 0 0
42 17 23 6 0 0
67 5 0 32 0 0
54 18 0 37 0 0
44 26 0 0 0 0
58 48 0 1 0 0
46 17 0 26 0 0
51 0 0 0 0 0
49 5 0 0 1 0
46 17 5 16 0 0
48 3 0 1 0 0
48 3 0 0 3 0
50 19 8 16 18 0
46 32 14 36 0 0
29 30 3 23 17 0
40 10 9 31 3 0
47 0 0 1 0 0
49 0 0 0 0 0
72 56 0 0 0 0
50 28 11 32 11 0
49 16 0 10 0 0
53 0 0 0 0 0
39 0 0 0 0 0
72 0 0 0 0 0
48 0 0 0 0 0
57 0 0 0 0 0
47 21 18 8 4 0
42 11 0 0 5 0
56 0 0 0 0 0
45 10 3 39 35 0
57 8 0 22 0 0
43 19 3 32 0 0
41 10 24 3 0 0
47 0 0 0 1 0
54 29 4 0 0 0
48 15 1 2 0 0
48 27 11 12 23 0
50 13 4 40 10 0
47 0 0 0 0 0
47 34 41 4 0 0
47 8 2 0 0 0
52 8 0 16 1 0
50 44 9 7 5 0
43 30 19 0 0 0
56 53 24 7 0 0
49 7 6 26 3 0
56 25 22 7 2 0
39 3 0 35 0 0
32 31 0 18 0 0
55 28 26 1 0 0
56 12 13 19 6 0
45 16 0 36 0 0
52 27 23 12 1 0
59 53 8 5 0 0
40 6 0 39 0 0
46 35 0 7 1 0
52 0 0 0 1 0
62 17 0 8 2 0
53 19 21 18 0 0
47 0 0 0 0 0
59 10 8 30 0 0
52 28 0 3 0 0
54 39 2 2 0 0
47 47 10 2 0 0
49 30 0 5 0 0
45 21 3 22 5 0
50 43 0 0 4 0
56 27 18 21 7 0
49 7 1 2 0 0
64 0 0 0 0 0
41 0 4 0 0 0
49 9 3 10 0 0
37 22 1 0 0 0
28 2 14 29 9 0
52 48 0 0 1 0
38 22 8 29 7 0
44 0 0 0 0 0
50 1 0 0 5 0
53 38 33 6 0 0
49 30 0 20 2 0
50 29 1 10 10 0
59 20 0 1 0 0
49 2 0 0 0 0
50 4 0 26 0 0
50 21 0 24 0 0
58 2 0 4 0 0
59 43 2 0 0 0
51 36 14 0 0 0
50 8 0 38 0 0
40 0 0 3 1 0
63 23 0 0 0 0
55 0 0 4 0 0
60 8 14 37 14 0
57 0 3 35 0 0
52 11 0 0 0 0
46 28 0 1 1 0
55 25 0 25 0 0
49 28 14 27 11 0
48 2 0 1 1 0
50 40 0 5 1 0
55 8 0 0 0 0
52 0 4 0 1 0
54 6 3 5 14 0
51 10 3 30 18 0
43 0 0 15 0 0
42 0 0 0 0 0
45 0 8 0 0 0
53 19 0 28 0 0
52 36 1 0 0 0
61 33 0 2 0 0
48 0 0 0 0 0
45 0 0 0 2 0
37 31 0 0 0 0
32 15 0 19 0 0
48 18 0 1 0 0
54 26 0 0 0 0
44 9 2 9 3 0
45 28 21 35 7 0
45 7 3 23 0 0
57 27 12 25 1 0
52 45 9 14 1 0
58 27 0 8 6 0
44 0 1 0 0 0
45 12 13 24 33 0
49 2 0 9 5 0
52 0 0 0 10 0
54 19 11 12 2 0
52 22 11 15 0 0
56 35 0 3 0 0
53 10 7 40 5 0
50 10 0 31 28 0
53 8 3 2 0 0
48 0 2 0 0 0
49 34 0 0 0 0
43 44 27 2 0 0
46 5 0 7 0 0
47 22 0 20 17 0
49 28 5 15 0 0
52 0 0 0 0 0
40 19 0 10 1 0
48 3 0 10 0 0
40 9 0 41 0 0
48 36 28 22 0 0
61 45 0 0 0 0
50 7 0 18 2 0
40 28 3 0 0 0
52 0 0 0 0 0
40 17 0 13 0 0
50 20 18 4 0 0
49 45 0 6 0 0
49 0 0 2 0 0
45 24 13 21 0 0
52 13 0 13 0 0
49 30 16 6 0 0
41 25 0 37 0 0
37 27 26 9 0 0
55 35 1 5 3 0
40 13 0 6 0 0
59 37 0 0 0 0
48 25 0 0 0 0
56 29 0 24 0 0
49 26 6 11 18 0
42 37 2 0 0 0
52 17 0 49 0 0
52 0 1 2 3 0
55 0 0 0 0 0
56 2 0 0 0 0
60 25 18 3 2 0
66 50 3 0 0 0
44 13 9 1 0 0
48 33 1 0 0 0
57 38 0 0 0 0
45 7 7 29 13 0
60 23 8 38 1 0
56 11 6 10 3 0
55 0 0 0 0 0
49 7 1 0 2 0
52 12 35 14 3 0
45 0 0 0 0 0
52 25 1 4 0 0
51 13 0 24 0 0
42 10 0 0 0 0
55 18 7 26 18 0
43 37 0 0 0 0
56 0 1 2 0 0
39 41 28 7 1 0
50 34 20 16 6 0
45 6 5 29 21 0
52 27 0 0 2 0
41 49 0 4 1 0
61 20 17 12 0 0
53 1 0 0 0 0
50 10 2 26 0 0
47 11 2 0 0 0
45 34 25 6 0 0
49 41 4 2 0 0
34 36 0 0 0 0
51 33 0 0 0 0
49 0 0 16 0 0
43 40 3 22 0 0
51 0 0 0 0 0
61 0 0 0 2 0
54 0 0 0 0 0
39 16 0 0 0 0
33 48 0 0 0 0
53 15 1 28 12 0
49 0 0 0 0 0
51 0 0 0 0 0
44 18 0 0 0 0
48 31 0 7 0 0
48 24 4 15 4 0
66 35 1 1 0 0
50 10 2 20 3 0
44 10 11 21 0 0
46 9 1 17 0 0
57 7 4 45 5 0
50 28 6 13 0 0
46 0 0 0 0 0
45 9 9 31 27 0
52 12 10 2 3 0
43 17 10 2 0 0
51 19 4 22 6 0
50 36 0 0 0 0
48 28 2 14 16 0
34 0 0 3 0 0
61 5 0 0 0 0
52 0 0 0 0 0
51 15 11 13 1 0
39 42 0 0 0 0
41 45 33 5 0 0
50 28 20 15 0 0
46 26 13 6 0 0
63 34 8 10 18 0
41 38 0 0 0 0
54 53 0 0 1 0
49 0 0 2 0 0
57 0 0 0 0 0
50 62 23 8 0 0
56 0 0 0 0 0
49 7 5 16 0 0
58 30 30 10 0 0
62 5 0 1 0 0
45 30 1 17 19 0
57 0 0 1 0 0
54 27 11 10 0 0
32 25 36 29 0 0
53 32 7 3 3 0
40 0 2 40 0 0
62 20 21 29 23 0
44 63 0 0 1 0
39 14 11 12 1 0
47 42 37 7 3 0
59 19 6 31 0 0
44 38 1 13 1 0
55 19 0 27 0 0
54 25 0 12 0 0
45 21 0 0 2 0
52 27 24 8 13 0
52 14 0 18 0 0
57 46 0 0 0 0
52 21 0 43 0 0
56 33 26 10 8 0
48 15 7 31 0 0
49 35 0 4 6 0
45 32 12 15 0 0
42 36 0 0 0 0
54 38 1 0 0 0
55 0 0 1 0 0
52 24 0 3 0 0
56 10 0 0 0 0
40 30 24 8 3 0
38 0 0 0 0 0
55 0 0 2 0 0
44 11 0 0 0 0
44 13 7 24 16 0
47 0 0 0 3 0
56 0 0 0 2 0
52 0 0 0 0 0
50 29 5 37 0 0
54 24 21 26 29 0
48 23 0 5 0 0
47 16 0 18 0 0
50 1 0 0 0 0
53 12 17 44 30 0
52 0 2 1 0 0
54 0 0 0 2 0
43 0 0 0 0 0
55 0 0 0 0 0
40 31 5 8 0 0
52 14 1 5 5 0
47 42 0 0 0 0
64 0 0 0 0 0
48 31 17 17 0 0
58 23 0 35 0 0
53 24 6 30 2 0
54 7 0 0 0 0
57 4 1 11 0 0
64 2 15 35 0 0
43 17 0 0 0 0
53 17 0 0 1 0
29 9 0 3 0 0
53 6 0 20 2 0
45 10 6 33 23 0
48 25 14 15 10 0
39 24 0 18 1 0
41 24 34 11 2 0
41 30 5 6 0 0
50 10 6 26 21 0
61 18 2 33 15 0
45 15 0 0 0 0
53 47 0 0 0 0
48 0 0 1 0 0
47 36 0 0 0 0
36 18 0 1 0 0
54 22 0 0 0 0
47 49 4 6 0 0
60 0 0 1 0 0
52 26 13 15 3 0
49 38 0 0 0 0
51 35 14 20 0 0
38 27 15 14 2 0
54 31 17 25 5 0
51 14 5 3 0 0
39 24 0 0 0 0
54 16 7 15 5 0
46 14 3 8 0 0
49 0 0 0 0 0
45 29 2 42 0 0
53 0 0 1 0 0
61 18 2 21 1 0
58 13 16 0 4 0
62 54 1 2 2 0
45 7 2 17 0 0
42 27 14 21 9 0
48 0 0 0 0 0
45 28 3 8 21 0
50 0 0 0 0 0
54 0 0 0 0 0
37 25 2 28 21 0
47 44 9 7 4 0
50 23 0 25 0 0
65 63 0 0 0 0
33 14 3 4 0 0
38 36 0 0 3 0
70 6 0 36 0 0
45 26 5 19 6 0
43 29 1 3 0 0
47 20 5 12 0 0
49 21 8 2 13 0
57 43 0 0 0 0
53 16 0 22 13 0
50 36 24 36 22 0
57 37 0 0 0 0
51 20 1 7 8 0
51 22 0 1 0 0
55 7 0 23 0 0
32 1 0 1 0 0
43 31 19 12 5 0
52 11 0 32 0 0
43 4 1 23 0 0
