1.0000 0.3333 0.2632 0.1087 0.3333 0.0000
1.0000 0.2909 0.2449 0.1154 0.2041 0.0000
0.9750 0.3214 0.2619 0.4600 0.0000 0.0000
0.9767 0.4894 0.0000 0.0204 0.0000 0.0000
1.0000 0.6393 0.0000 0.0000 0.0000 0.0000
1.0000 0.0000 0.0500 0.0000 0.0270 0.0000
1.0000 0.7708 0.8293 0.1154 0.0000 0.0000
1.0000 0.1750 0.0000 0.4186 0.0000 0.0000
1.0000 0.6250 0.4630 0.0189 0.0800 0.0000
1.0000 0.0000 0.0000 0.0000 0.0000 0.0000
1.0000 0.6897 0.0000 0.0400 0.0000 0.0000
1.0000 0.0000 0.0000 0.0000 0.0000 0.0000
1.0000 0.4318 0.5091 0.4545 0.2963 0.0000
1.0000 0.6512 0.3019 0.5227 0.2885 0.0000
1.0000 0.4468 0.1613 0.7576 0.0000 0.0000
1.0000 0.1154 0.0222 0.0000 0.0000 0.0000
0.9773 0.0000 0.0000 0.0000 0.0000 0.0000
1.0000 0.5370 0.6111 0.2549 0.0000 0.0000
0.9792 0.4035 0.0000 0.1875 0.0377 0.0000
1.0000 0.2857 0.1132 0.4043 0.3529 0.0000
1.0000 0.7447 0.0000 0.0000 0.0000 0.0000
1.0000 0.4528 0.4043 0.0217 0.0000 0.0000
1.0000 0.2885 0.0217 0.0000 0.0000 0.0000
1.0000 0.0000 0.0000 0.0000 0.0000 0.0000
0.9649 0.4545 0.0222 0.7391 0.2586 0.0000
1.0000 0.7818 0.0233 0.3778 0.0000 0.0000
1.0000 0.1905 0.0000 0.4444 0.0000 0.0000
1.0000 0.1961 0.1961 0.5517 0.0333 0.0000
1.0000 0.8039 0.6792 0.1667 0.1455 0.0000
1.0000 0.0000 0.0000 0.0392 0.0196 0.0000
0.9787 1.0000 0.0000 0.0204 0.0000 0.0000
1.0000 0.3830 0.0000 0.0962 0.0000 0.0000
0.9348 0.7049 0.2885 0.6591 0.1458 0.0000
1.0000 0.0566 0.0000 0.4186 0.0000 0.0000
1.0000 0.0000 0.3846 0.0000 0.0000 0.0000
1.0000 0.7442 0.3043 0.1509 0.0000 0.0000
1.0000 0.4062 0.0208 0.6809 0.3478 0.0000
1.0000 0.7200 0.0000 0.0000 0.0000 0.0000
1.0000 0.0000 0.0000 0.0000 0.0000 0.0000
1.0000 0.5510 0.3559 0.1818 0.0000 0.0000
1.0000 0.1250 0.0000 0.0741 0.0816 0.0000
1.0000 0.0000 0.0000 0.0204 0.0392 0.0000
1.0000 0.4182 0.0000 0.0000 0.0000 0.0000
1.0000 0.0000 0.0000 0.0000 0.0000 0.0000
1.0000 0.2708 0.0000 0.6667 0.1136 0.0000
1.0000 0.8136 0.0000 0.0000 0.0000 0.0000
1.0000 0.4490 0.0000 0.2391 0.0000 0.0000
1.0000 0.6098 0.0000 0.3696 0.0444 0.0000
1.0000 0.4902 0.4359 0.2174 0.1111 0.0000
1.0000 0.0000 0.0000 0.0000 0.0000 0.0000
1.0000 0.0000 0.0196 0.0000 0.0000 0.0000
1.0000 0.7679 0.2564 0.3962 0.0000 0.0000
1.0000 0.3696 0.0000 0.0000 0.0000 0.0000
1.0000 0.0164 0.0000 0.0000 0.0000 0.0000
1.0000 0.7292 0.1961 0.0000 0.0000 0.0000
1.0000 0.0476 0.0000 0.4200 0.0000 0.0000
1.0000 0.0968 0.0000 0.4694 0.0000 0.0000
1.0000 0.0000 0.0000 0.0000 0.0000 0.0000
1.0000 0.1333 0.0000 0.0909 0.0222 0.0000
0.9574 0.4909 0.0000 0.0000 0.0000 0.0000
1.0000 0.1406 0.0000 0.0000 0.0169 0.0000
1.0000 0.4318 0.4800 0.1224 0.2034 0.0000
0.9592 0.3051 0.0000 0.1304 0.0000 0.0000
1.0000 0.2414 0.0392 0.5556 0.4468 0.0000
0.9322 0.2340 0.0545 0.4878 0.1148 0.0000
1.0000 0.6102 0.0652 0.1525 0.0000 0.0000
1.0000 0.0889 0.0877 0.8182 0.2131 0.0000
1.0000 0.3585 0.0357 0.3111 0.0000 0.0000
1.0000 0.3659 0.0000 0.0600 0.0000 0.0000
1.0000 0.2642 0.0800 0.6757 0.0000 0.0000
1.0000 0.2292 0.3478 0.6744 0.7222 0.0000
1.0000 1.0000 0.0000 0.0000 0.0455 0.0000
1.0000 0.0000 0.0000 0.0000 0.0000 0.0000
1.0000 0.6296 0.0000 0.0351 0.0000 0.0000
1.0000 0.0444 0.0000 0.0400 0.0000 0.0000
1.0000 0.3269 0.1064 0.5849 0.0000 0.0000
1.0000 0.0000 0.0227 0.0179 0.0392 0.0000
1.0000 0.0952 0.0000 0.6136 0.0566 0.0000
1.0000 0.3182 0.0000 0.0000 0.0000 0.0000
1.0000 0.1154 0.0000 0.0000 0.0930 0.0000
1.0000 0.0000 0.0000 0.0000 0.0000 0.0000
1.0000 0.4400 0.2051 0.4419 0.2308 0.0000
1.0000 0.6098 0.0000 0.0000 0.0000 0.0000
1.0000 0.6667 0.0000 0.0000 0.0000 0.0000
1.0000 0.7407 0.0328 0.0000 0.0000 0.0000
0.9630 0.5147 0.7500 0.0469 0.0000 0.0000
1.0000 0.7708 0.0000 0.0000 0.0000 0.0000
1.0000 0.5098 0.0227 0.0000 0.0000 0.0000
1.0000 0.0192 0.0000 0.0000 0.0000 0.0000
1.0000 0.0714 0.0185 0.0000 0.0000 0.0000
1.0000 0.3953 0.3696 0.3400 0.0889 0.0000
1.0000 0.6531 0.0000 0.0833 0.0000 0.0000
0.9583 0.0962 0.0000 0.0980 0.0476 0.0000
0.9811 0.3878 0.0227 0.1875 0.1333 0.0000
1.0000 0.8824 0.0000 0.0385 0.0600 0.0000
0.9683 0.0000 0.0000 0.0000 0.0000 0.0000
1.0000 0.1455 0.0222 0.2766 0.0000 0.0000
1.0000 0.2174 0.0000 0.0455 0.0141 0.0000
0.9804 0.1020 0.1667 0.4884 0.0250 0.0000
1.0000 0.1923 0.0364 0.0000 0.0167 0.0000
1.0000 0.0000 0.0000 0.0000 0.0270 0.0000
0.9800 0.6078 0.6034 0.0500 0.0000 0.0000
1.0000 0.2188 0.2353 0.4146 0.0000 0.0000
1.0000 0.6111 0.4545 0.3488 0.3000 0.0000
1.0000 0.6316 0.2941 0.2162 0.0244 0.0000
1.0000 0.3636 0.0192 0.5490 0.0000 0.0000
1.0000 0.0000 0.0000 0.0000 0.0000 0.0000
1.0000 0.0000 0.0000 0.6607 0.0000 0.0000
0.8923 0.0000 0.0000 0.0000 0.0000 0.0000
0.9841 0.4314 0.3488 0.1042 0.1250 0.0000
0.9818 0.0000 0.0000 0.0000 0.0000 0.0000
1.0000 0.6415 0.1395 0.2222 0.1556 0.0000
1.0000 0.4211 0.0656 0.4286 0.0000 0.0000
1.0000 0.4000 0.0328 0.3488 0.0000 0.0000
1.0000 0.7049 0.3000 0.0943 0.0227 0.0000
1.0000 0.3774 0.1250 0.3000 0.0000 0.0000
1.0000 0.6538 0.0000 0.0175 0.0213 0.0000
1.0000 0.0339 0.0000 0.0000 0.0000 0.0000
0.8980 0.5333 0.1064 0.0169 0.0000 0.0000
0.9756 0.0179 0.0000 0.0000 0.0000 0.0000
1.0000 0.1143 0.1395 0.0000 0.0000 0.0000
1.0000 0.4500 0.0000 0.1786 0.0175 0.0000
1.0000 0.4286 0.2881 0.1489 0.0000 0.0000
1.0000 0.1400 0.1944 0.6226 0.6552 0.0000
0.9750 0.3500 0.0000 0.0000 0.0000 0.0000
1.0000 0.2000 0.0000 0.0000 0.0000 0.0000
1.0000 0.8085 0.0000 0.0000 0.0238 0.0000
1.0000 0.1961 0.3590 0.4000 0.2143 0.0000
1.0000 0.0541 0.0769 0.3400 0.0377 0.0000
1.0000 0.1525 0.0000 0.0000 0.0000 0.0000
1.0000 0.4000 0.0625 0.6552 0.0000 0.0000
0.9767 0.7674 0.0000 0.0000 0.0000 0.0000
1.0000 0.0000 0.1667 0.0000 0.0500 0.0000
1.0000 0.3478 0.0244 0.1613 0.0185 0.0000
1.0000 0.7455 0.0000 0.0000 0.0000 0.0000
0.9600 0.3182 0.2034 0.5469 0.5349 0.0000
1.0000 0.1739 0.0000 0.0000 0.0000 0.0000
1.0000 0.3091 0.6585 0.4324 0.0000 0.0000
0.9412 0.5957 0.0000 0.0000 0.0000 0.0000
0.9655 0.4630 0.3725 0.6250 0.4000 0.0000
1.0000 0.0192 0.0208 0.0930 0.0000 0.0000
0.9767 0.4048 0.4600 0.1250 0.0000 0.0000
1.0000 0.0909 0.0000 0.5818 0.0000 0.0000
1.0000 0.3051 0.0000 0.7708 0.0000 0.0000
1.0000 0.5652 0.0000 0.0000 0.0000 0.0000
1.0000 1.0000 0.0000 0.0169 0.0000 0.0000
1.0000 0.2982 0.0000 0.5306 0.0000 0.0000
1.0000 0.0000 0.0000 0.0000 0.0000 0.0000
1.0000 0.1020 0.0000 0.0000 0.0227 0.0000
1.0000 0.2881 0.0962 0.3636 0.0000 0.0000
1.0000 0.0566 0.0000 0.0213 0.0000 0.0000
1.0000 0.0714 0.0000 0.0000 0.0652 0.0000
1.0000 0.4222 0.1667 0.4000 0.2903 0.0000
1.0000 0.6400 0.3256 0.6102 0.0000 0.0000
1.0000 0.7143 0.0638 0.3538 0.3469 0.0000
1.0000 0.2273 0.1579 0.7381 0.0441 0.0000
1.0000 0.0000 0.0000 0.0179 0.0000 0.0000
1.0000 0.0000 0.0000 0.0000 0.0000 0.0000
1.0000 0.9825 0.0000 0.0000 0.0000 0.0000
0.9615 0.5957 0.2157 0.5926 0.2115 0.0000
1.0000 0.3200 0.0000 0.2500 0.0000 0.0000
1.0000 0.0000 0.0000 0.0000 0.0000 0.0000
1.0000 0.0000 0.0000 0.0000 0.0000 0.0000
1.0000 0.0000 0.0000 0.0000 0.0000 0.0000
1.0000 0.0000 0.0000 0.0000 0.0000 0.0000
1.0000 0.0000 0.0000 0.0000 0.0000 0.0000
1.0000 0.4468 0.3214 0.1778 0.0816 0.0000
1.0000 0.2075 0.0000 0.0000 0.0962 0.0000
1.0000 0.0000 0.0000 0.0000 0.0000 0.0000
0.9184 0.2041 0.0667 0.6964 0.7000 0.0000
1.0000 0.1667 0.0000 0.4681 0.0000 0.0000
1.0000 0.3878 0.0750 0.4776 0.0000 0.0000
1.0000 0.1887 0.5333 0.0600 0.0000 0.0000
1.0000 0.0000 0.0000 0.0000 0.0204 0.0000
1.0000 0.7436 0.0667 0.0000 0.0000 0.0000
1.0000 0.2542 0.0204 0.0444 0.0000 0.0000
1.0000 0.5000 0.2391 0.2400 0.4600 0.0000
1.0000 0.2708 0.0678 0.7547 0.2273 0.0000
1.0000 0.0000 0.0000 0.0000 0.0000 0.0000
1.0000 0.6415 0.7736 0.0784 0.0000 0.0000
1.0000 0.1860 0.0400 0.0000 0.0000 0.0000
1.0000 0.1509 0.0000 0.2540 0.0244 0.0000
1.0000 0.8462 0.2368 0.1522 0.1020 0.0000
0.7167 0.6977 0.3585 0.0000 0.0000 0.0000
1.0000 0.9298 0.5000 0.1842 0.0000 0.0000
1.0000 0.1296 0.1091 0.5778 0.0545 0.0000
1.0000 0.5319 0.4074 0.1321 0.0455 0.0000
1.0000 0.0667 0.0000 0.9459 0.0000 0.0000
0.9697 0.7045 0.0000 0.4737 0.0000 0.0000
1.0000 0.5714 0.5098 0.0217 0.0000 0.0000
0.9492 0.2449 0.2708 0.4872 0.1176 0.0000
1.0000 0.2540 0.0000 0.6207 0.0000 0.0000
1.0000 0.4426 0.3966 0.2143 0.0217 0.0000
1.0000 0.8548 0.1702 0.0658 0.0000 0.0000
1.0000 0.1176 0.0000 0.7500 0.0000 0.0000
1.0000 0.7609 0.0000 0.1429 0.0222 0.0000
0.9455 0.0000 0.0000 0.0000 0.0196 0.0000
1.0000 0.4250 0.0000 0.1860 0.0444 0.0000
1.0000 0.3878 0.4773 0.3600 0.0000 0.0000
1.0000 0.0000 0.0000 0.0000 0.0000 0.0000
0.9833 0.2083 0.1600 0.5882 0.0000 0.0000
1.0000 0.6087 0.0000 0.0508 0.0000 0.0000
1.0000 0.7358 0.0435 0.0345 0.0000 0.0000
1.0000 0.8868 0.2000 0.0351 0.0000 0.0000
1.0000 0.5882 0.0000 0.1136 0.0000 0.0000
1.0000 0.3621 0.0652 0.4314 0.0893 0.0000
0.9615 0.8269 0.0000 0.0000 0.0816 0.0000
1.0000 0.6136 0.3673 0.3684 0.1707 0.0000
1.0000 0.1321 0.0278 0.0435 0.0000 0.0000
1.0000 0.0000 0.0000 0.0000 0.0000 0.0000
1.0000 0.0000 0.0755 0.0000 0.0000 0.0000
1.0000 0.1875 0.0484 0.1695 0.0000 0.0000
1.0000 0.4889 0.0200 0.0000 0.0000 0.0000
0.8000 0.0400 0.2800 0.5179 0.1698 0.0000
1.0000 0.9231 0.0000 0.0000 0.0204 0.0000
0.9500 0.4074 0.1481 0.5472 0.1429 0.0000
1.0000 0.0000 0.0000 0.0000 0.0000 0.0000
1.0000 0.0244 0.0000 0.0000 0.0909 0.0000
1.0000 0.6552 0.4648 0.1395 0.0000 0.0000
0.9800 0.6667 0.0000 0.3774 0.0357 0.0000
1.0000 0.5179 0.0250 0.2000 0.1887 0.0000
1.0000 0.4651 0.0000 0.0256 0.0000 0.0000
0.9800 0.0455 0.0000 0.0000 0.0000 0.0000
1.0000 0.0833 0.0000 0.4727 0.0000 0.0000
1.0000 0.4773 0.0000 0.5000 0.0000 0.0000
1.0000 0.0426 0.0000 0.0816 0.0000 0.0000
0.9833 0.9348 0.0357 0.0000 0.0000 0.0000
0.8644 0.7059 0.2373 0.0000 0.0000 0.0000
1.0000 0.1509 0.0000 0.8085 0.0000 0.0000
0.9756 0.0000 0.0000 0.0638 0.0185 0.0000
1.0000 0.5610 0.0000 0.0000 0.0000 0.0000
1.0000 0.0000 0.0000 0.0667 0.0000 0.0000
1.0000 0.2000 0.2800 0.7708 0.4000 0.0000
1.0000 0.0000 0.0588 0.8333 0.0000 0.0000
1.0000 0.2157 0.0000 0.0000 0.0000 0.0000
1.0000 0.6829 0.0000 0.0222 0.0238 0.0000
1.0000 0.6579 0.0000 0.4464 0.0000 0.0000
1.0000 0.5714 0.2692 0.5294 0.2895 0.0000
1.0000 0.0435 0.0000 0.0250 0.0250 0.0000
1.0000 0.8511 0.0000 0.1000 0.0164 0.0000
1.0000 0.1778 0.0000 0.0000 0.0000 0.0000
1.0000 0.0000 0.0769 0.0000 0.0303 0.0000
1.0000 0.1200 0.0536 0.0847 0.3256 0.0000
1.0000 0.2703 0.0500 0.7317 0.3333 0.0000
1.0000 0.0000 0.0000 0.2830 0.0000 0.0000
1.0000 0.0000 0.0000 0.0000 0.0000 0.0000
1.0000 0.0000 0.1739 0.0000 0.0000 0.0000
0.9636 0.4222 0.0000 0.4912 0.0000 0.0000
1.0000 0.7826 0.0200 0.0000 0.0000 0.0000
1.0000 0.7021 0.0000 0.0400 0.0000 0.0000
1.0000 0.0000 0.0000 0.0000 0.0000 0.0000
1.0000 0.0000 0.0000 0.0000 0.0500 0.0000
1.0000 0.8158 0.0000 0.0000 0.0000 0.0000
0.9697 0.3191 0.0000 0.4318 0.0000 0.0000
1.0000 0.3529 0.0000 0.0222 0.0000 0.0000
1.0000 0.5778 0.0000 0.0000 0.0000 0.0000
1.0000 0.1957 0.0408 0.1667 0.0638 0.0000
1.0000 0.5185 0.3889 0.7292 0.1522 0.0000
0.9574 0.1489 0.0682 0.4510 0.0000 0.0000
1.0000 0.5745 0.3243 0.5000 0.0208 0.0000
1.0000 0.9375 0.1636 0.2154 0.0208 0.0000
1.0000 0.4655 0.0000 0.2105 0.1333 0.0000
1.0000 0.0000 0.0222 0.0000 0.0000 0.0000
1.0000 0.2264 0.2653 0.5854 0.5593 0.0000
1.0000 0.0400 0.0000 0.2000 0.0820 0.0000
0.9630 0.0000 0.0000 0.0000 0.1587 0.0000
1.0000 0.3800 0.2037 0.2667 0.0351 0.0000
1.0000 0.4681 0.2037 0.3846 0.0000 0.0000
1.0000 0.7609 0.0000 0.0682 0.0000 0.0000
0.8983 0.1852 0.1522 0.7843 0.1000 0.0000
1.0000 0.1786 0.0000 0.5849 0.4912 0.0000
0.9464 0.1702 0.0526 0.0370 0.0000 0.0000
1.0000 0.0000 0.0476 0.0000 0.0000 0.0000
1.0000 0.6415 0.0000 0.0000 0.0000 0.0000
1.0000 0.7333 0.5294 0.0345 0.0000 0.0000
0.9583 0.1190 0.0000 0.1591 0.0000 0.0000
0.9592 0.5238 0.0000 0.4444 0.2931 0.0000
1.0000 0.5385 0.1042 0.2542 0.0000 0.0000
1.0000 0.0000 0.0000 0.0000 0.0000 0.0000
1.0000 0.6552 0.0000 0.3125 0.0222 0.0000
1.0000 0.0577 0.0000 0.2000 0.0000 0.0000
1.0000 0.1957 0.0000 0.7321 0.0000 0.0000
1.0000 0.6923 0.5714 0.3607 0.0000 0.0000
1.0000 1.0000 0.0000 0.0000 0.0000 0.0000
1.0000 0.1129 0.0000 0.4500 0.0345 0.0000
0.9524 0.6512 0.0484 0.0000 0.0000 0.0000
1.0000 0.0000 0.0000 0.0000 0.0000 0.0000
1.0000 0.3469 0.0000 0.2500 0.0000 0.0000
1.0000 0.4082 0.3529 0.0800 0.0000 0.0000
1.0000 0.8182 0.0000 0.1500 0.0000 0.0000
1.0000 0.0000 0.0000 0.0351 0.0000 0.0000
1.0000 0.4068 0.3421 0.3889 0.0000 0.0000
0.9630 0.3333 0.0000 0.2500 0.0000 0.0000
1.0000 0.6250 0.3404 0.1154 0.0000 0.0000
1.0000 0.5556 0.0000 0.8043 0.0000 0.0000
0.9250 0.6279 0.4906 0.1875 0.0000 0.0000
1.0000 0.7447 0.0217 0.0926 0.0698 0.0000
0.9524 0.2167 0.0000 0.2000 0.0000 0.0000
1.0000 0.7255 0.0000 0.0000 0.0000 0.0000
1.0000 0.5102 0.0000 0.0000 0.0000 0.0000
1.0000 0.5577 0.0000 0.4286 0.0000 0.0000
1.0000 0.5200 0.1463 0.1964 0.3600 0.0000
1.0000 0.9737 0.0377 0.0000 0.0000 0.0000
1.0000 0.4146 0.0000 0.9245 0.0000 0.0000
1.0000 0.0000 0.0238 0.0488 0.0625 0.0000
1.0000 0.0000 0.0000 0.0000 0.0000 0.0000
1.0000 0.0488 0.0000 0.0000 0.0000 0.0000
1.0000 0.7576 0.4500 0.0652 0.0392 0.0000
0.9851 1.0000 0.0526 0.0000 0.0000 0.0000
0.9778 0.2766 0.1800 0.0217 0.0000 0.0000
0.9412 0.6471 0.0196 0.0000 0.0000 0.0000
0.9500 0.6032 0.0000 0.0000 0.0000 0.0000
1.0000 0.1148 0.1429 0.5686 0.2453 0.0000
1.0000 0.4510 0.1429 0.7917 0.0196 0.0000
1.0000 0.2340 0.1034 0.2000 0.0577 0.0000
1.0000 0.0000 0.0000 0.0000 0.0000 0.0000
1.0000 0.2121 0.0200 0.0000 0.0392 0.0000
1.0000 0.2353 0.5556 0.2414 0.0625 0.0000
1.0000 0.0000 0.0000 0.0000 0.0000 0.0000
1.0000 0.5102 0.0238 0.0976 0.0000 0.0000
0.9808 0.2766 0.0000 0.4898 0.0000 0.0000
1.0000 0.2083 0.0000 0.0000 0.0000 0.0000
1.0000 0.4000 0.1707 0.4906 0.3462 0.0000
1.0000 0.7708 0.0000 0.0000 0.0000 0.0000
1.0000 0.0000 0.0208 0.0513 0.0000 0.0000
1.0000 0.8367 0.4746 0.1111 0.0238 0.0000
0.9804 0.6667 0.4348 0.3333 0.1579 0.0000
1.0000 0.1154 0.0769 0.5179 0.5526 0.0000
1.0000 0.7105 0.0000 0.0000 0.0465 0.0000
1.0000 0.8305 0.0000 0.0851 0.0233 0.0000
1.0000 0.4651 0.3269 0.2264 0.0000 0.0000
1.0000 0.0192 0.0000 0.0000 0.0000 0.0000
1.0000 0.2222 0.0408 0.7222 0.0000 0.0000
1.0000 0.2037 0.0317 0.0000 0.0000 0.0000
1.0000 0.7083 0.4717 0.1176 0.0000 0.0000
1.0000 0.8723 0.0714 0.0435 0.0000 0.0000
0.8718 0.7660 0.0000 0.0000 0.0000 0.0000
1.0000 0.6875 0.0000 0.0000 0.0000 0.0000
1.0000 0.0000 0.0000 0.2667 0.0000 0.0000
0.9773 0.6780 0.0750 0.4400 0.0000 0.0000
0.9808 0.0000 0.0000 0.0000 0.0000 0.0000
1.0000 0.0000 0.0000 0.0000 0.0345 0.0000
0.9818 0.0000 0.0000 0.0000 0.0000 0.0000
1.0000 0.3721 0.0000 0.0000 0.0000 0.0000
1.0000 0.8276 0.0000 0.0000 0.0000 0.0000
1.0000 0.2679 0.0217 0.5283 0.1765 0.0000
1.0000 0.0000 0.0000 0.0000 0.0000 0.0000
1.0000 0.0000 0.0000 0.0000 0.0000 0.0000
1.0000 0.2903 0.0000 0.0000 0.0000 0.0000
1.0000 0.5254 0.0000 0.1228 0.0000 0.0000
1.0000 0.5000 0.0755 0.3000 0.0833 0.0000
0.9851 0.6863 0.0208 0.0172 0.0000 0.0000
1.0000 0.1754 0.0323 0.5405 0.0566 0.0000
1.0000 0.1786 0.2000 0.3621 0.0000 0.0000
1.0000 0.1837 0.0233 0.3864 0.0000 0.0000
1.0000 0.1321 0.0702 0.7258 0.1111 0.0000
1.0000 0.4912 0.1132 0.2955 0.0000 0.0000
0.9583 0.0000 0.0000 0.0000 0.0000 0.0000
0.9184 0.2093 0.1607 0.6200 0.5400 0.0000
0.9286 0.2927 0.2222 0.0392 0.0484 0.0000
1.0000 0.3778 0.1754 0.0513 0.0000 0.0000
1.0000 0.3654 0.1026 0.4151 0.1304 0.0000
1.0000 0.6207 0.0000 0.0000 0.0000 0.0000
1.0000 0.5490 0.0400 0.3684 0.3333 0.0000
0.9444 0.0000 0.0000 0.0536 0.0000 0.0000
1.0000 0.1020 0.0000 0.0000 0.0000 0.0000
1.0000 0.0000 0.0000 0.0000 0.0000 0.0000
1.0000 0.2273 0.2200 0.2600 0.0222 0.0000
1.0000 0.7241 0.0000 0.0000 0.0000 0.0000
1.0000 0.9000 0.6735 0.1190 0.0000 0.0000
1.0000 0.5385 0.3571 0.3191 0.0000 0.0000
0.9583 0.4561 0.2241 0.1017 0.0000 0.0000
1.0000 0.6182 0.1739 0.2174 0.3051 0.0000
0.8913 0.7170 0.0000 0.0000 0.0000 0.0000
0.9818 0.8030 0.0000 0.0000 0.0185 0.0000
1.0000 0.0000 0.0000 0.0370 0.0000 0.0000
0.9828 0.0000 0.0000 0.0000 0.0000 0.0000
1.0000 0.9688 0.5227 0.1481 0.0000 0.0000
1.0000 0.0000 0.0000 0.0000 0.0000 0.0000
1.0000 0.1429 0.1163 0.3265 0.0000 0.0000
1.0000 0.6667 0.4918 0.2083 0.0000 0.0000
1.0000 0.0909 0.0000 0.0238 0.0000 0.0000
1.0000 0.5769 0.0312 0.4722 0.5135 0.0000
1.0000 0.0000 0.0000 0.0213 0.0000 0.0000
1.0000 0.5000 0.2157 0.2273 0.0000 0.0000
1.0000 0.5102 0.6102 0.4677 0.0000 0.0000
1.0000 0.6154 0.1321 0.0732 0.0600 0.0000
1.0000 0.0000 0.0357 0.7547 0.0000 0.0000
1.0000 0.4167 0.3559 0.5918 0.4510 0.0000
1.0000 0.9844 0.0000 0.0000 0.0244 0.0000
1.0000 0.3043 0.2200 0.2182 0.0256 0.0000
1.0000 0.7368 0.5781 0.1489 0.0769 0.0000
1.0000 0.4634 0.1200 0.5254 0.0000 0.0000
0.9565 0.8085 0.0244 0.2321 0.0189 0.0000
0.9821 0.3115 0.0000 0.5094 0.0000 0.0000
1.0000 0.4237 0.0000 0.2727 0.0000 0.0000
1.0000 0.4286 0.0000 0.0000 0.0357 0.0000
0.9455 0.6585 0.4706 0.1778 0.3171 0.0000
0.9811 0.2800 0.0000 0.3000 0.0000 0.0000
1.0000 0.8679 0.0000 0.0000 0.0000 0.0000
0.9811 0.3889 0.0000 0.7963 0.0000 0.0000
1.0000 0.7174 0.4906 0.1538 0.1778 0.0000
1.0000 0.4839 0.1628 0.5741 0.0000 0.0000
1.0000 0.9211 0.0000 0.0784 0.1053 0.0000
1.0000 0.4923 0.2353 0.3409 0.0000 0.0000
1.0000 0.8182 0.0000 0.0000 0.0000 0.0000
0.9000 0.6441 0.0200 0.0000 0.0000 0.0000
1.0000 0.0000 0.0000 0.0179 0.0000 0.0000
1.0000 0.5581 0.0000 0.0588 0.0000 0.0000
1.0000 0.2000 0.0000 0.0000 0.0000 0.0000
1.0000 0.6122 0.5000 0.1702 0.0652 0.0000
1.0000 0.0000 0.0000 0.0000 0.0000 0.0000
0.9821 0.0000 0.0000 0.0377 0.0000 0.0000
1.0000 0.1803 0.0000 0.0000 0.0000 0.0000
1.0000 0.2766 0.1273 0.6316 0.3902 0.0000
1.0000 0.0000 0.0000 0.0000 0.0714 0.0000
1.0000 0.0000 0.0000 0.0000 0.0385 0.0000
1.0000 0.0000 0.0000 0.0000 0.0000 0.0000
1.0000 0.6042 0.1163 0.6852 0.0000 0.0000
1.0000 0.3871 0.3818 0.5417 0.5370 0.0000
0.9796 0.4340 0.0000 0.0926 0.0000 0.0000
1.0000 0.3333 0.0000 0.3673 0.0000 0.0000
1.0000 0.0175 0.0000 0.0000 0.0000 0.0000
1.0000 0.3077 0.2615 0.8800 0.7317 0.0000
1.0000 0.0000 0.0408 0.0263 0.0000 0.0000
1.0000 0.0000 0.0000 0.0000 0.0294 0.0000
1.0000 0.0000 0.0000 0.0000 0.0000 0.0000
1.0000 0.0000 0.0000 0.0000 0.0000 0.0000
1.0000 0.6596 0.0980 0.1481 0.0000 0.0000
1.0000 0.3256 0.0172 0.0943 0.0769 0.0000
1.0000 0.8571 0.0000 0.0000 0.0000 0.0000
0.9697 0.0000 0.0000 0.0000 0.0000 0.0000
0.9412 0.7045 0.3864 0.3778 0.0000 0.0000
1.0000 0.4894 0.0000 0.7609 0.0000 0.0000
1.0000 0.5455 0.1277 0.5455 0.0385 0.0000
1.0000 0.1591 0.0000 0.0000 0.0000 0.0000
0.9828 0.0580 0.0200 0.1746 0.0000 0.0000
1.0000 0.0308 0.2830 0.5147 0.0000 0.0000
1.0000 0.3148 0.0000 0.0000 0.0000 0.0000
1.0000 0.2982 0.0000 0.0000 0.0303 0.0000
1.0000 0.1731 0.0000 0.0600 0.0000 0.0000
1.0000 0.1154 0.0000 0.5714 0.0465 0.0000
1.0000 0.2778 0.1224 0.7333 0.4792 0.0000
1.0000 0.4717 0.2979 0.3125 0.2000 0.0000
1.0000 0.4364 0.0000 0.4286 0.0222 0.0000
1.0000 0.6154 0.6667 0.2200 0.0465 0.0000
1.0000 0.6667 0.0877 0.1000 0.0000 0.0000
1.0000 0.1961 0.1304 0.5200 0.4468 0.0000
1.0000 0.4091 0.0426 0.8049 0.3261 0.0000
1.0000 0.2941 0.0000 0.0000 0.0000 0.0000
1.0000 0.9400 0.0000 0.0000 0.0000 0.0000
1.0000 0.0000 0.0000 0.0167 0.0000 0.0000
1.0000 0.6923 0.0000 0.0000 0.0000 0.0000
1.0000 0.3830 0.0000 0.0213 0.0000 0.0000
1.0000 0.3929 0.0000 0.0000 0.0000 0.0000
0.9216 0.9074 0.1026 0.1277 0.0000 0.0000
1.0000 0.0000 0.0000 0.0233 0.0000 0.0000
1.0000 0.5909 0.2955 0.3061 0.0769 0.0000
1.0000 0.9268 0.0000 0.0000 0.0000 0.0000
1.0000 0.7778 0.2333 0.3333 0.0000 0.0000
1.0000 0.4286 0.2941 0.3182 0.0385 0.0000
1.0000 0.5636 0.3208 0.4545 0.1064 0.0000
0.9808 0.3182 0.0943 0.0750 0.0000 0.0000
0.9286 0.4528 0.0000 0.0000 0.0000 0.0000
1.0000 0.3404 0.1591 0.3261 0.1163 0.0000
1.0000 0.2857 0.0536 0.1356 0.0000 0.0000
0.9800 0.0000 0.0000 0.0000 0.0000 0.0000
1.0000 0.6744 0.0435 0.9130 0.0000 0.0000
1.0000 0.0000 0.0000 0.0185 0.0000 0.0000
1.0000 0.3273 0.0408 0.3750 0.0185 0.0000
1.0000 0.2708 0.2759 0.0000 0.0800 0.0000
1.0000 0.8710 0.0208 0.0377 0.0392 0.0000
1.0000 0.1667 0.0351 0.2982 0.0000 0.0000
0.9545 0.4500 0.2692 0.4118 0.1731 0.0000
1.0000 0.0000 0.0000 0.0000 0.0000 0.0000
1.0000 0.5490 0.0469 0.1509 0.3684 0.0000
1.0000 0.0000 0.0000 0.0000 0.0000 0.0000
1.0000 0.0000 0.0000 0.0000 0.0000 0.0000
1.0000 0.5102 0.0333 0.5600 0.4565 0.0000
1.0000 0.8980 0.1875 0.1296 0.0755 0.0000
1.0000 0.4694 0.0000 0.3968 0.0000 0.0000
1.0000 0.9692 0.0000 0.0000 0.0000 0.0000
1.0000 0.3043 0.0469 0.0727 0.0000 0.0000
1.0000 0.8182 0.0000 0.0000 0.0667 0.0000
1.0000 0.0984 0.0000 0.7660 0.0000 0.0000
1.0000 0.5306 0.0980 0.4872 0.1622 0.0000
1.0000 0.6905 0.0227 0.0588 0.0000 0.0000
1.0000 0.4762 0.1020 0.2727 0.0000 0.0000
0.8909 0.4200 0.1538 0.0417 0.1970 0.0000
1.0000 0.7167 0.0000 0.0000 0.0000 0.0000
1.0000 0.3333 0.0000 0.4490 0.1940 0.0000
1.0000 0.7200 0.4528 0.6429 0.4314 0.0000
1.0000 0.9737 0.0000 0.0000 0.0000 0.0000
0.9623 0.5263 0.0222 0.1795 0.1667 0.0000
0.9808 0.4000 0.0000 0.0169 0.0000 0.0000
1.0000 0.1400 0.0000 0.3710 0.0000 0.0000
0.9697 0.0286 0.0000 0.0217 0.0000 0.0000
1.0000 0.6200 0.3585 0.1935 0.1250 0.0000
1.0000 0.2340 0.0000 0.5926 0.0000 0.0000
0.9348 0.0784 0.0154 0.5111 0.0000 0.0000
