37 47 52 64 50 0
46 48 54 50 44 0
39 41 42 47 61 0
51 44 55 54 49 0
50 45 47 42 44 0
49 50 38 41 47 0
55 51 50 43 39 0
53 54 38 50 43 0
48 46 51 57 69 0
45 52 60 49 42 0
51 64 49 48 51 0
39 34 53 53 54 0
38 41 57 37 40 0
45 41 37 50 43 0
45 50 74 54 51 0
55 44 48 37 39 0
52 53 40 42 53 0
52 59 53 47 53 0
61 61 47 51 52 0
46 51 53 44 43 0
46 49 46 60 42 0
43 55 50 53 67 0
48 44 55 50 41 0
62 40 54 58 39 0
56 53 58 62 52 0
45 56 48 55 51 0
47 57 69 45 50 0
47 58 62 54 57 0
52 52 40 38 51 0
56 70 59 56 49 0
50 47 48 52 57 0
51 51 43 52 58 0
53 48 45 48 45 0
48 44 55 50 38 0
52 58 35 58 51 0
48 52 53 53 44 0
70 51 43 44 38 0
42 57 50 40 47 0
56 54 53 43 48 0
43 57 49 39 49 0
37 51 57 52 38 0
42 44 44 47 36 0
42 43 54 48 48 0
53 62 49 54 53 0
50 47 57 54 41 0
47 45 51 49 53 0
36 42 56 58 45 0
60 52 46 47 52 0
57 49 51 42 45 0
58 41 46 58 43 0
61 54 57 45 50 0
51 53 61 53 47 0
56 48 52 56 51 0
49 51 63 48 40 0
51 47 52 42 42 0
42 48 51 55 56 0
44 42 57 55 45 0
47 50 44 46 47 0
56 40 43 42 42 0
46 57 41 48 48 0
50 45 49 53 39 0
41 52 50 65 53 0
52 53 62 49 66 0
50 54 44 50 55 0
48 53 53 64 56 0
49 52 39 48 53 0
55 51 55 44 52 0
52 68 48 53 50 0
48 41 48 53 61 0
47 41 35 43 57 0
57 50 36 61 54 0
44 50 58 54 51 0
58 42 51 70 63 0
53 49 66 60 53 0
40 54 49 70 51 0
58 46 36 52 59 0
42 51 42 52 47 0
40 58 40 40 48 0
34 52 39 46 35 0
53 44 59 34 43 0
49 42 47 56 40 0
56 51 42 56 55 0
52 45 58 63 41 0
58 45 53 44 50 0
49 41 52 58 46 0
38 49 52 58 48 0
52 49 50 55 61 0
55 58 47 44 50 0
50 47 35 47 39 0
35 41 58 45 42 0
48 47 52 51 48 0
49 44 57 50 38 0
38 46 53 47 57 0
53 49 53 57 42 0
43 55 60 44 50 0
36 60 32 46 42 0
49 46 44 59 60 0
57 48 57 48 49 0
52 59 58 62 51 0
49 48 45 54 61 0
