37 0 0 0 0 0
45 1 0 0 0 0
39 15 0 0 10 0
51 33 0 0 15 0
50 27 0 0 28 0
49 33 0 0 7 0
54 28 0 6 0 0
53 20 0 0 0 0
48 8 0 0 0 0
45 35 0 0 0 0
51 57 4 6 0 0
39 0 12 1 1 0
38 0 0 1 5 0
45 14 0 5 0 0
44 38 2 1 9 0
55 42 0 0 24 0
52 19 0 0 12 0
52 41 0 0 32 0
61 1 0 0 0 0
46 0 3 0 0 0
46 0 0 0 0 0
43 2 0 0 0 0
48 9 0 4 1 0
62 16 0 0 24 0
56 0 0 0 0 0
45 0 48 0 0 0
47 0 69 0 0 0
47 56 0 44 0 0
52 46 0 18 0 0
56 37 1 21 3 0
50 0 2 0 0 0
51 0 17 0 3 0
53 0 10 0 0 0
48 0 0 0 0 0
52 0 0 1 0 0
48 14 1 0 0 0
70 18 0 0 12 0
42 20 0 1 8 0
56 0 0 4 0 0
42 36 0 3 0 0
37 0 32 0 0 0
42 0 0 0 0 0
42 0 0 0 5 0
53 0 10 0 0 0
49 0 2 0 0 0
47 39 0 0 0 0
36 1 37 0 2 0
60 2 0 0 0 0
56 3 0 0 0 0
58 0 8 0 1 0
61 0 35 0 0 0
49 4 0 1 0 0
56 0 34 0 1 0
49 39 0 0 0 0
51 1 21 2 0 0
42 0 18 0 0 0
42 0 30 0 0 0
42 0 2 0 1 0
56 2 35 0 0 0
37 0 0 0 0 0
50 41 0 0 7 0
41 0 44 0 0 0
52 0 0 0 0 0
50 0 0 0 0 0
47 1 21 3 5 0
49 5 1 3 0 0
55 31 1 0 3 0
52 0 1 1 0 0
48 1 0 8 0 0
47 22 0 0 0 0
57 4 0 5 0 0
42 26 0 4 0 0
58 0 0 0 2 0
53 45 0 0 40 0
37 2 16 0 0 0
58 27 0 39 0 0
42 20 0 0 1 0
38 49 0 10 0 0
34 41 0 2 0 0
53 0 0 0 2 0
49 0 8 0 0 0
56 0 0 0 0 0
52 0 0 0 0 0
58 25 1 0 16 0
49 0 7 0 0 0
36 28 1 0 13 0
52 0 2 1 0 0
55 23 0 0 0 0
50 22 0 0 19 0
32 33 1 0 0 0
48 0 0 0 0 0
49 0 18 0 0 0
38 0 1 0 0 0
51 42 0 2 0 0
43 0 53 0 0 0
36 0 17 0 1 0
49 6 0 31 0 0
57 0 0 1 0 0
52 57 0 55 0 0
49 0 7 0 0 0
