1.0000 0.0000 0.0000 0.0000 0.0000 0.0000
0.9783 0.0208 0.0000 0.0000 0.0000 0.0000
1.0000 0.3659 0.0000 0.0000 0.1639 0.0000
1.0000 0.7500 0.0000 0.0000 0.3061 0.0000
1.0000 0.6000 0.0000 0.0000 0.6364 0.0000
1.0000 0.6600 0.0000 0.0000 0.1489 0.0000
0.9818 0.5490 0.0000 0.1395 0.0000 0.0000
1.0000 0.3704 0.0000 0.0000 0.0000 0.0000
1.0000 0.1739 0.0000 0.0000 0.0000 0.0000
1.0000 0.6731 0.0000 0.0000 0.0000 0.0000
1.0000 0.8906 0.0816 0.1250 0.0000 0.0000
1.0000 0.0000 0.2264 0.0189 0.0185 0.0000
1.0000 0.0000 0.0000 0.0270 0.1250 0.0000
1.0000 0.3415 0.0000 0.1000 0.0000 0.0000
0.9778 0.7600 0.0270 0.0185 0.1765 0.0000
1.0000 0.9545 0.0000 0.0000 0.6154 0.0000
1.0000 0.3585 0.0000 0.0000 0.2264 0.0000
1.0000 0.6949 0.0000 0.0000 0.6038 0.0000
1.0000 0.0164 0.0000 0.0000 0.0000 0.0000
1.0000 0.0000 0.0566 0.0000 0.0000 0.0000
1.0000 0.0000 0.0000 0.0000 0.0000 0.0000
1.0000 0.0364 0.0000 0.0000 0.0000 0.0000
1.0000 0.2045 0.0000 0.0800 0.0244 0.0000
1.0000 0.4000 0.0000 0.0000 0.6154 0.0000
1.0000 0.0000 0.0000 0.0000 0.0000 0.0000
1.0000 0.0000 1.0000 0.0000 0.0000 0.0000
1.0000 0.0000 1.0000 0.0000 0.0000 0.0000
1.0000 0.9655 0.0000 0.8148 0.0000 0.0000
1.0000 0.8846 0.0000 0.4737 0.0000 0.0000
1.0000 0.5286 0.0169 0.3750 0.0612 0.0000
1.0000 0.0000 0.0417 0.0000 0.0000 0.0000
1.0000 0.0000 0.3953 0.0000 0.0517 0.0000
1.0000 0.0000 0.2222 0.0000 0.0000 0.0000
1.0000 0.0000 0.0000 0.0000 0.0000 0.0000
1.0000 0.0000 0.0000 0.0172 0.0000 0.0000
1.0000 0.2692 0.0189 0.0000 0.0000 0.0000
1.0000 0.3529 0.0000 0.0000 0.3158 0.0000
1.0000 0.3509 0.0000 0.0250 0.1702 0.0000
1.0000 0.0000 0.0000 0.0930 0.0000 0.0000
0.9767 0.6316 0.0000 0.0769 0.0000 0.0000
1.0000 0.0000 0.5614 0.0000 0.0000 0.0000
1.0000 0.0000 0.0000 0.0000 0.0000 0.0000
1.0000 0.0000 0.0000 0.0000 0.1042 0.0000
1.0000 0.0000 0.2041 0.0000 0.0000 0.0000
0.9800 0.0000 0.0351 0.0000 0.0000 0.0000
1.0000 0.8667 0.0000 0.0000 0.0000 0.0000
1.0000 0.0238 0.6607 0.0000 0.0444 0.0000
1.0000 0.0385 0.0000 0.0000 0.0000 0.0000
0.9825 0.0612 0.0000 0.0000 0.0000 0.0000
1.0000 0.0000 0.1739 0.0000 0.0233 0.0000
1.0000 0.0000 0.6140 0.0000 0.0000 0.0000
0.9608 0.0755 0.0000 0.0189 0.0000 0.0000
1.0000 0.0000 0.6538 0.0000 0.0196 0.0000
1.0000 0.7647 0.0000 0.0000 0.0000 0.0000
1.0000 0.0213 0.4038 0.0476 0.0000 0.0000
1.0000 0.0000 0.3529 0.0000 0.0000 0.0000
0.9545 0.0000 0.5263 0.0000 0.0000 0.0000
0.8936 0.0000 0.0455 0.0000 0.0213 0.0000
1.0000 0.0500 0.8140 0.0000 0.0000 0.0000
0.8043 0.0000 0.0000 0.0000 0.0000 0.0000
1.0000 0.9111 0.0000 0.0000 0.1795 0.0000
1.0000 0.0000 0.8800 0.0000 0.0000 0.0000
1.0000 0.0000 0.0000 0.0000 0.0000 0.0000
1.0000 0.0000 0.0000 0.0000 0.0000 0.0000
0.9792 0.0189 0.3962 0.0469 0.0893 0.0000
1.0000 0.0962 0.0256 0.0625 0.0000 0.0000
1.0000 0.6078 0.0182 0.0000 0.0577 0.0000
1.0000 0.0000 0.0208 0.0189 0.0000 0.0000
1.0000 0.0244 0.0000 0.1509 0.0000 0.0000
1.0000 0.5366 0.0000 0.0000 0.0000 0.0000
1.0000 0.0800 0.0000 0.0820 0.0000 0.0000
0.9545 0.5200 0.0000 0.0741 0.0000 0.0000
1.0000 0.0000 0.0000 0.0000 0.0317 0.0000
1.0000 0.9184 0.0000 0.0000 0.7547 0.0000
0.9250 0.0370 0.3265 0.0000 0.0000 0.0000
1.0000 0.5870 0.0000 0.7500 0.0000 0.0000
1.0000 0.3922 0.0000 0.0000 0.0213 0.0000
0.9500 0.8448 0.0000 0.2500 0.0000 0.0000
1.0000 0.7885 0.0000 0.0435 0.0000 0.0000
1.0000 0.0000 0.0000 0.0000 0.0465 0.0000
1.0000 0.0000 0.1702 0.0000 0.0000 0.0000
1.0000 0.0000 0.0000 0.0000 0.0000 0.0000
1.0000 0.0000 0.0000 0.0000 0.0000 0.0000
1.0000 0.5556 0.0189 0.0000 0.3200 0.0000
1.0000 0.0000 0.1346 0.0000 0.0000 0.0000
0.9474 0.5714 0.0192 0.0000 0.2708 0.0000
1.0000 0.0000 0.0400 0.0182 0.0000 0.0000
1.0000 0.3966 0.0000 0.0000 0.0000 0.0000
1.0000 0.4681 0.0000 0.0000 0.4872 0.0000
0.9143 0.8049 0.0172 0.0000 0.0000 0.0000
1.0000 0.0000 0.0000 0.0000 0.0000 0.0000
1.0000 0.0000 0.3158 0.0000 0.0000 0.0000
1.0000 0.0000 0.0189 0.0000 0.0000 0.0000
0.9623 0.8571 0.0000 0.0351 0.0000 0.0000
1.0000 0.0000 0.8833 0.0000 0.0000 0.0000
1.0000 0.0000 0.5312 0.0000 0.0238 0.0000
1.0000 0.1304 0.0000 0.5254 0.0000 0.0000
1.0000 0.0000 0.0000 0.0208 0.0000 0.0000
1.0000 0.9661 0.0000 0.8871 0.0000 0.0000
1.0000 0.0000 0.1556 0.0000 0.0000 0.0000
