43 0 0 0 2 0
45 33 17 16 0 0
57 29 29 17 5 0
47 36 32 17 6 0
50 8 1 0 0 0
43 0 0 0 0 0
53 14 33 22 0 0
53 39 55 19 19 0
51 43 32 19 4 0
52 34 27 10 0 0
48 32 15 17 0 0
47 50 0 0 0 0
43 63 0 0 1 0
55 1 5 3 0 0
43 1 0 0 0 0
58 14 0 0 0 0
60 28 0 2 0 0
47 64 49 37 0 0
49 36 34 15 5 0
66 36 39 23 9 0
54 1 0 1 0 0
59 33 20 19 0 0
45 24 13 0 0 0
58 33 33 6 0 0
47 41 24 0 0 0
40 41 42 0 0 0
42 1 3 1 0 0
49 39 35 31 7 0
55 41 24 13 2 0
53 42 0 0 0 0
46 29 0 0 2 0
56 29 14 0 1 0
45 41 36 19 1 0
47 37 36 22 7 0
49 36 19 0 2 0
41 25 12 0 2 0
55 48 40 9 0 0
53 56 0 0 1 0
40 2 0 9 1 0
50 0 5 0 0 0
59 35 1 0 0 0
49 34 17 6 2 0
38 24 15 2 0 0
50 37 31 10 0 0
55 38 25 0 0 0
47 0 0 0 0 0
48 0 0 0 0 0
41 25 0 0 0 0
55 4 0 0 0 0
56 42 0 0 0 0
