44 55 56 49 38 0
45 41 38 48 54 0
57 34 49 49 42 0
47 51 42 59 48 0
50 44 47 56 43 0
43 40 55 49 40 0
53 45 45 53 51 0
53 46 60 46 46 0
51 50 45 47 36 0
54 44 49 40 52 0
48 43 34 43 44 0
47 59 49 42 53 0
43 68 50 58 50 0
55 52 55 51 52 0
44 41 52 52 51 0
59 43 43 41 46 0
60 42 37 46 58 0
47 70 61 56 71 0
49 56 49 64 56 0
66 49 48 49 44 0
54 54 57 60 44 0
60 49 46 49 44 0
45 48 52 39 58 0
58 41 57 48 42 0
47 60 61 43 67 0
43 45 54 54 55 0
42 42 60 41 43 0
49 49 55 47 52 0
55 49 45 45 57 0
53 54 39 49 52 0
46 57 43 51 53 0
56 48 47 35 54 0
45 45 48 46 41 0
48 43 61 56 62 0
53 50 47 40 57 0
41 46 48 45 52 0
55 52 47 52 55 0
53 58 55 45 51 0
40 54 42 45 50 0
50 48 45 52 51 0
59 53 50 69 36 0
49 44 36 56 55 0
38 40 56 37 35 0
50 52 50 52 52 0
55 49 41 40 40 0
47 45 40 45 52 0
48 48 41 46 52 0
51 43 47 40 51 0
61 48 46 54 49 0
56 54 51 55 49 0
