0.9773 0.0000 0.0000 0.0000 0.0526 0.0000
1.0000 0.8049 0.4474 0.3333 0.0000 0.0000
1.0000 0.8529 0.5918 0.3469 0.1190 0.0000
1.0000 0.7059 0.7619 0.2881 0.1250 0.0000
1.0000 0.1818 0.0213 0.0000 0.0000 0.0000
1.0000 0.0000 0.0000 0.0000 0.0000 0.0000
1.0000 0.3111 0.7333 0.4151 0.0000 0.0000
1.0000 0.8478 0.9167 0.4130 0.4130 0.0000
1.0000 0.8600 0.7111 0.4043 0.1111 0.0000
0.9630 0.7727 0.5510 0.2500 0.0000 0.0000
1.0000 0.7442 0.4412 0.3953 0.0000 0.0000
1.0000 0.8475 0.0000 0.0000 0.0000 0.0000
1.0000 0.9265 0.0000 0.0000 0.0200 0.0000
1.0000 0.0192 0.0909 0.0588 0.0000 0.0000
0.9773 0.0244 0.0000 0.0000 0.0000 0.0000
0.9831 0.3256 0.0000 0.0000 0.0000 0.0000
1.0000 0.6667 0.0000 0.0435 0.0000 0.0000
1.0000 0.9143 0.8033 0.6607 0.0000 0.0000
1.0000 0.6429 0.6939 0.2344 0.0893 0.0000
1.0000 0.7347 0.8125 0.4694 0.2045 0.0000
1.0000 0.0185 0.0000 0.0167 0.0000 0.0000
0.9833 0.6735 0.4348 0.3878 0.0000 0.0000
1.0000 0.5000 0.2500 0.0000 0.0000 0.0000
1.0000 0.8049 0.5789 0.1250 0.0000 0.0000
1.0000 0.6833 0.3934 0.0000 0.0000 0.0000
0.9302 0.9111 0.7778 0.0000 0.0000 0.0000
1.0000 0.0238 0.0500 0.0244 0.0000 0.0000
1.0000 0.7959 0.6364 0.6596 0.1346 0.0000
1.0000 0.8367 0.5333 0.2889 0.0351 0.0000
1.0000 0.7778 0.0000 0.0000 0.0000 0.0000
1.0000 0.5088 0.0000 0.0000 0.0377 0.0000
1.0000 0.6042 0.2979 0.0000 0.0185 0.0000
1.0000 0.9111 0.7500 0.4130 0.0244 0.0000
0.9792 0.8605 0.5902 0.3929 0.1129 0.0000
0.9245 0.7200 0.4043 0.0000 0.0351 0.0000
1.0000 0.5435 0.2500 0.0000 0.0385 0.0000
1.0000 0.9231 0.8511 0.1731 0.0000 0.0000
1.0000 0.9655 0.0000 0.0000 0.0196 0.0000
1.0000 0.0370 0.0000 0.2000 0.0200 0.0000
1.0000 0.0000 0.1111 0.0000 0.0000 0.0000
1.0000 0.6604 0.0200 0.0000 0.0000 0.0000
1.0000 0.7727 0.4722 0.1071 0.0364 0.0000
1.0000 0.6000 0.2679 0.0541 0.0000 0.0000
1.0000 0.7115 0.6200 0.1923 0.0000 0.0000
1.0000 0.7755 0.6098 0.0000 0.0000 0.0000
1.0000 0.0000 0.0000 0.0000 0.0000 0.0000
1.0000 0.0000 0.0000 0.0000 0.0000 0.0000
0.8039 0.5814 0.0000 0.0000 0.0000 0.0000
0.9016 0.0833 0.0000 0.0000 0.0000 0.0000
1.0000 0.7778 0.0000 0.0000 0.0000 0.0000
