42 0 0 13 0 0 11 0 0 0 0
54 6 0 0 0 0 0 0 0 0 0
54 0 0 31 10 1 0 1 0 18 0
62 35 22 0 1 0 0 1 12 0 0
54 0 0 0 0 0 0 0 0 0 0
45 35 0 0 0 1 2 0 0 6 0
54 0 0 45 43 7 0 1 3 1 0
31 8 0 26 30 21 0 14 0 4 0
52 36 9 0 0 0 0 0 3 1 0
42 49 4 0 10 0 0 0 5 0 0
41 0 0 9 0 0 0 0 0 0 0
40 18 9 0 0 0 0 0 8 0 0
41 0 0 18 0 0 0 0 0 0 0
46 0 4 50 17 10 0 4 0 9 0
51 35 11 0 0 0 4 0 0 4 0
52 0 0 46 27 0 0 0 0 5 0
62 0 1 23 37 29 0 1 1 16 0
50 0 0 18 23 0 1 0 6 1 0
60 4 0 45 21 0 0 2 0 0 0
49 0 0 9 0 0 0 2 0 0 0
44 0 0 1 0 0 44 0 0 0 0
60 44 4 0 0 0 0 0 0 0 0
44 0 0 35 21 14 0 3 0 15 0
55 26 0 0 0 0 1 0 2 0 0
55 0 0 29 7 1 0 0 0 14 0
39 59 32 0 1 1 0 0 5 0 0
59 0 0 39 8 8 2 0 0 0 0
46 1 0 49 20 0 0 0 0 0 0
65 0 0 29 5 0 0 0 1 6 0
50 0 1 4 1 0 9 0 0 1 0
58 0 0 0 2 0 41 0 0 0 0
51 8 1 0 5 0 0 0 0 0 0
40 0 0 54 17 11 0 0 0 17 0
59 3 0 44 24 20 0 1 0 6 0
45 0 5 40 36 16 0 0 1 6 0
58 5 0 31 1 2 0 1 0 0 0
39 0 0 0 10 2 0 0 0 0 0
55 0 1 38 3 0 0 0 0 0 0
60 6 0 4 0 3 0 3 0 0 0
51 0 0 36 6 0 0 0 6 0 0
45 39 0 0 0 1 0 0 0 0 0
51 7 1 0 0 0 1 0 1 0 0
59 1 0 0 0 0 40 0 0 0 0
38 1 2 0 0 0 0 0 0 0 0
37 46 0 0 2 0 0 0 0 0 0
48 0 0 0 0 0 0 0 0 1 0
46 0 1 58 14 24 0 5 3 17 0
56 0 6 30 0 0 0 1 0 0 0
50 0 0 0 0 0 0 0 0 0 0
59 0 1 29 22 11 0 4 0 3 0
