#chr	position	description	Normal	cell1	cell2	cell3	cell4	cell5	cell6	cell7	cell8	cell9	cell10	cell11	cell12	cell13	cell14	cell15	cell16	cell17	cell18	cell19	cell20	cell21	cell22	cell23	cell24	cell25	cell26	cell27	cell28	cell29	cell30	cell31	cell32	cell33	cell34	cell35	cell36	cell37	cell38	cell39	cell40	cell41	cell42	cell43	cell44	cell45	cell46	cell47	cell48	cell49	cell50
1	1	1	0.0	1.0	1.0	1.0	1.0	1.0	1.0	1.0	0.8157894736842105	1.0	1.0	0.9761904761904762	1.0	0.9111111111111111	1.0	1.0	1.0	1.0	1.0	0.9836065573770492	0.98	1.0	1.0	1.0	1.0	1.0	0.9069767441860465	1.0	0.9787234042553191	1.0	0.9803921568627451	1.0	1.0	1.0	0.9672131147540983	1.0	1.0	1.0	1.0	1.0	1.0	1.0	1.0	1.0	0.95	0.925	1.0	1.0	1.0	1.0	1.0
2	2	2	0.0	0.0	0.09523809523809523	0.0	0.7291666666666666	0.0	0.7777777777777778	0.0	0.13793103448275862	0.8780487804878049	0.8909090909090909	0.0	0.3157894736842105	0.0	0.0	0.7142857142857143	0.0	0.0	0.0	0.06779661016949153	0.0	0.0	0.8461538461538461	0.0	0.4727272727272727	0.0	0.8939393939393939	0.0	0.022222222222222223	0.0	0.0	0.0	0.16	0.0	0.046875	0.0	0.1	0.0	0.0	0.125	0.0	0.78	0.14	0.020833333333333332	0.02	0.8363636363636363	0.0	0.0	0.0	0.0	0.0
3	3	3	0.0	0.0	0.0	0.0	0.4230769230769231	0.0	0.0	0.0	0.0	0.1836734693877551	0.08333333333333333	0.0	0.20454545454545456	0.0	0.0851063829787234	0.16417910447761194	0.0	0.02564102564102564	0.0	0.0	0.0	0.0	0.09302325581395349	0.0	0.0	0.0	0.5714285714285714	0.0	0.0	0.0	0.02040816326530612	0.0	0.020833333333333332	0.0	0.0	0.08620689655172414	0.0	0.0	0.02	0.0	0.0	0.0	0.022222222222222223	0.0	0.044444444444444446	0.0	0.0	0.0196078431372549	0.12244897959183673	0.0	0.015873015873015872
4	4	4	0.0	0.21311475409836064	0.0	0.6739130434782609	0.0	0.0	0.0	1.0	0.5416666666666666	0.0	0.0	0.1875	0.0	0.33962264150943394	1.0	0.0	0.7931034482758621	0.5111111111111111	0.391304347826087	0.7377049180327869	0.2	0.015873015873015872	0.0	0.9210526315789473	0.0	0.6590909090909091	0.0	0.6842105263157895	0.9074074074074074	0.6041666666666666	0.1111111111111111	0.0	0.0	0.84375	0.8627450980392157	0.8888888888888888	0.5961538461538461	0.0	0.8444444444444444	0.07142857142857142	0.5454545454545454	0.0	0.0	0.0	0.0	0.0	0.0	0.9354838709677419	0.8823529411764706	0.0	0.5918367346938775
5	5	5	0.0	0.0	0.0	0.2	0.018518518518518517	0.0	0.0	0.7166666666666667	0.6521739130434783	0.0	0.1724137931034483	0.0	0.0	0.0	0.40476190476190477	0.0	0.8181818181818182	0.7115384615384616	0.46	0.40384615384615385	0.0	0.0	0.0	0.40384615384615385	0.0	0.16279069767441862	0.01694915254237288	0.14285714285714285	0.39215686274509803	0.09615384615384616	0.01694915254237288	0.041666666666666664	0.10204081632653061	0.4146341463414634	0.5333333333333333	0.6545454545454545	0.0196078431372549	0.18518518518518517	0.046875	0.0	0.10344827586206896	0.0	0.0	0.0	0.0	0.045454545454545456	0.0	0.2916666666666667	0.0	0.0	0.44
6	6	6	0.0	0.0	0.0	0.017857142857142856	0.0	0.0	0.017857142857142856	0.14583333333333334	0.5	0.0	0.0	0.0	0.0	0.0	0.2127659574468085	0.0	0.0	0.5370370370370371	0.0	0.0	0.0	0.0	0.0	0.3111111111111111	0.0	0.018518518518518517	0.020833333333333332	0.14545454545454545	0.0	0.0	0.0	0.0	0.0	0.18032786885245902	0.4	0.24242424242424243	0.03508771929824561	0.0425531914893617	0.0	0.05172413793103448	0.0	0.024390243902439025	0.0	0.0	0.0	0.0	0.0	0.4444444444444444	0.0	0.0	0.22
7	7	7	0.0	0.25	0.0	0.0	0.0	0.0	0.03571428571428571	0.0	0.0	0.0	0.0	0.0	0.0	0.0	0.0	0.12121212121212122	0.0	0.0	0.021739130434782608	0.0	0.0	0.8627450980392157	0.0	0.0	0.02	0.0	0.0	0.03636363636363636	0.0	0.0	0.2	0.6612903225806451	0.0	0.0	0.0	0.0	0.0	0.0	0.0	0.0	0.0	0.0	0.01694915254237288	0.851063829787234	0.0	0.0	0.0	0.0	0.0	0.0	0.0
8	8	8	0.0	0.0	0.0	0.02	0.021739130434782608	0.0	0.0	0.018518518518518517	0.22580645161290322	0.0	0.0	0.0	0.0	0.0	0.07017543859649122	0.0	0.0	0.017857142857142856	0.0	0.03125	0.0392156862745098	0.0	0.0	0.06818181818181818	0.0	0.0	0.0	0.0	0.0	0.0	0.0	0.0	0.0	0.0	0.021739130434782608	0.0	0.016129032258064516	0.0	0.0	0.058823529411764705	0.0	0.0	0.0	0.0	0.0	0.0	0.0	0.1111111111111111	0.018867924528301886	0.0	0.09090909090909091
9	9	9	0.0	0.0	0.0	0.0	0.2608695652173913	0.0	0.0	0.07894736842105263	0.0	0.07142857142857142	0.09090909090909091	0.0	0.16666666666666666	0.0	0.0	0.0	0.0	0.015384615384615385	0.14285714285714285	0.0	0.0	0.0	0.0	0.0	0.030303030303030304	0.0	0.10638297872340426	0.0	0.0	0.02631578947368421	0.0	0.0	0.0	0.0	0.0	0.016666666666666666	0.0	0.0	0.0	0.0	0.09836065573770492	0.0	0.0196078431372549	0.0	0.0	0.0	0.0	0.04225352112676056	0.0	0.0	0.0
10	10	10	0.0	0.0	0.0	0.375	0.0	0.0	0.15384615384615385	0.0196078431372549	0.07272727272727272	0.02	0.0	0.0	0.0	0.0	0.15	0.06557377049180328	0.13513513513513514	0.2962962962962963	0.024390243902439025	0.0	0.0	0.0	0.0	0.18518518518518517	0.0	0.22950819672131148	0.0	0.0	0.0	0.13333333333333333	0.019230769230769232	0.0	0.0	0.2982456140350877	0.10714285714285714	0.13636363636363635	0.0	0.0	0.0	0.0	0.0	0.0	0.0	0.0	0.0	0.0	0.01818181818181818	0.2833333333333333	0.0	0.0	0.07894736842105263
