1.0000 0.0000 0.0000 0.2131 0.0000 0.0000 0.2500 0.0000 0.0000 0.0000 0.0000
1.0000 0.0952 0.0000 0.0000 0.0000 0.0000 0.0000 0.0000 0.0000 0.0000 0.0000
1.0000 0.0000 0.0000 0.6739 0.2000 0.0179 0.0000 0.0200 0.0000 0.3750 0.0000
1.0000 0.7292 0.4231 0.0000 0.0185 0.0000 0.0000 0.0217 0.2609 0.0000 0.0000
1.0000 0.0000 0.0000 0.0000 0.0000 0.0000 0.0000 0.0000 0.0000 0.0000 0.0000
1.0000 0.7778 0.0000 0.0000 0.0000 0.0179 0.0357 0.0000 0.0000 0.1538 0.0000
1.0000 0.0000 0.0000 1.0000 0.7167 0.1458 0.0000 0.0185 0.0789 0.0196 0.0000
0.8158 0.1379 0.0000 0.5417 0.6522 0.5000 0.0000 0.2258 0.0000 0.0727 0.0000
1.0000 0.8780 0.1837 0.0000 0.0000 0.0000 0.0000 0.0000 0.0714 0.0200 0.0000
1.0000 0.8909 0.0833 0.0000 0.1724 0.0000 0.0000 0.0000 0.0909 0.0000 0.0000
0.9762 0.0000 0.0000 0.1875 0.0000 0.0000 0.0000 0.0000 0.0000 0.0000 0.0000
1.0000 0.3158 0.2045 0.0000 0.0000 0.0000 0.0000 0.0000 0.1667 0.0000 0.0000
0.9111 0.0000 0.0000 0.3396 0.0000 0.0000 0.0000 0.0000 0.0000 0.0000 0.0000
1.0000 0.0000 0.0851 1.0000 0.4048 0.2128 0.0000 0.0702 0.0000 0.1500 0.0000
1.0000 0.7143 0.1642 0.0000 0.0000 0.0000 0.1212 0.0000 0.0000 0.0656 0.0000
1.0000 0.0000 0.0000 0.7931 0.8182 0.0000 0.0000 0.0000 0.0000 0.1351 0.0000
1.0000 0.0000 0.0256 0.5111 0.7115 0.5370 0.0000 0.0179 0.0154 0.2963 0.0000
1.0000 0.0000 0.0000 0.3913 0.4600 0.0000 0.0217 0.0000 0.1429 0.0244 0.0000
0.9836 0.0678 0.0000 0.7377 0.4038 0.0000 0.0000 0.0312 0.0000 0.0000 0.0000
0.9800 0.0000 0.0000 0.2000 0.0000 0.0000 0.0000 0.0392 0.0000 0.0000 0.0000
1.0000 0.0000 0.0000 0.0159 0.0000 0.0000 0.8627 0.0000 0.0000 0.0000 0.0000
1.0000 0.8462 0.0930 0.0000 0.0000 0.0000 0.0000 0.0000 0.0000 0.0000 0.0000
1.0000 0.0000 0.0000 0.9211 0.4038 0.3111 0.0000 0.0682 0.0000 0.1852 0.0000
1.0000 0.4727 0.0000 0.0000 0.0000 0.0000 0.0200 0.0000 0.0303 0.0000 0.0000
1.0000 0.0000 0.0000 0.6591 0.1628 0.0185 0.0000 0.0000 0.0000 0.2295 0.0000
0.9070 0.8939 0.5714 0.0000 0.0169 0.0208 0.0000 0.0000 0.1064 0.0000 0.0000
1.0000 0.0000 0.0000 0.6842 0.1429 0.1455 0.0364 0.0000 0.0000 0.0000 0.0000
0.9787 0.0222 0.0000 0.9074 0.3922 0.0000 0.0000 0.0000 0.0000 0.0000 0.0000
1.0000 0.0000 0.0000 0.6042 0.0962 0.0000 0.0000 0.0000 0.0263 0.1333 0.0000
0.9804 0.0000 0.0204 0.1111 0.0169 0.0000 0.2000 0.0000 0.0000 0.0192 0.0000
1.0000 0.0000 0.0000 0.0000 0.0417 0.0000 0.6613 0.0000 0.0000 0.0000 0.0000
1.0000 0.1600 0.0208 0.0000 0.1020 0.0000 0.0000 0.0000 0.0000 0.0000 0.0000
1.0000 0.0000 0.0000 0.8438 0.4146 0.1803 0.0000 0.0000 0.0000 0.2982 0.0000
0.9672 0.0469 0.0000 0.8627 0.5333 0.4000 0.0000 0.0217 0.0000 0.1071 0.0000
1.0000 0.0000 0.0862 0.8889 0.6545 0.2424 0.0000 0.0000 0.0167 0.1364 0.0000
1.0000 0.1000 0.0000 0.5962 0.0196 0.0351 0.0000 0.0161 0.0000 0.0000 0.0000
1.0000 0.0000 0.0000 0.0000 0.1852 0.0426 0.0000 0.0000 0.0000 0.0000 0.0000
1.0000 0.0000 0.0200 0.8444 0.0469 0.0000 0.0000 0.0000 0.0000 0.0000 0.0000
1.0000 0.1250 0.0000 0.0714 0.0000 0.0517 0.0000 0.0588 0.0000 0.0000 0.0000
1.0000 0.0000 0.0000 0.5455 0.1034 0.0000 0.0000 0.0000 0.0984 0.0000 0.0000
1.0000 0.7800 0.0000 0.0000 0.0000 0.0244 0.0000 0.0000 0.0000 0.0000 0.0000
1.0000 0.1400 0.0222 0.0000 0.0000 0.0000 0.0169 0.0000 0.0196 0.0000 0.0000
1.0000 0.0208 0.0000 0.0000 0.0000 0.0000 0.8511 0.0000 0.0000 0.0000 0.0000
0.9500 0.0200 0.0444 0.0000 0.0000 0.0000 0.0000 0.0000 0.0000 0.0000 0.0000
0.9250 0.8364 0.0000 0.0000 0.0455 0.0000 0.0000 0.0000 0.0000 0.0000 0.0000
1.0000 0.0000 0.0000 0.0000 0.0000 0.0000 0.0000 0.0000 0.0000 0.0182 0.0000
1.0000 0.0000 0.0196 0.9355 0.2917 0.4444 0.0000 0.1111 0.0423 0.2833 0.0000
1.0000 0.0000 0.1224 0.8824 0.0000 0.0000 0.0000 0.0189 0.0000 0.0000 0.0000
1.0000 0.0000 0.0000 0.0000 0.0000 0.0000 0.0000 0.0000 0.0000 0.0000 0.0000
1.0000 0.0000 0.0159 0.5918 0.4400 0.2200 0.0000 0.0909 0.0000 0.0789 0.0000
