63 55 52 68 47 50 61 46 53 51 55 55 45 45 57 0
42 51 43 46 57 46 49 57 30 62 56 45 58 43 55 0
40 55 44 58 64 56 47 39 51 54 50 43 50 44 52 0
47 52 45 50 52 61 55 56 33 46 50 75 51 47 57 0
49 43 38 49 41 40 37 49 41 61 39 39 42 46 40 0
49 59 54 48 50 51 39 48 47 52 46 60 48 40 47 0
54 42 50 56 34 49 52 49 45 55 46 43 51 44 48 0
47 40 53 47 47 45 46 43 55 48 45 43 48 33 47 0
48 63 48 58 54 46 60 43 35 44 39 53 47 33 54 0
56 60 51 53 39 46 44 43 48 42 56 49 50 47 53 0
54 43 47 52 59 59 46 52 55 41 44 52 62 50 49 0
57 46 38 45 52 53 62 41 38 47 65 57 54 44 50 0
47 54 44 32 43 51 57 56 54 62 36 51 56 42 43 0
56 69 55 51 52 44 65 57 46 61 54 43 29 49 61 0
48 46 50 52 53 54 54 43 62 59 49 54 58 52 56 0
49 38 50 49 43 44 38 54 50 54 46 45 55 44 38 0
61 49 48 56 55 60 61 69 40 50 54 48 49 47 59 0
44 41 50 49 51 57 54 57 58 46 56 44 55 48 50 0
60 61 46 50 36 45 52 49 54 53 43 54 40 48 58 0
60 48 58 59 53 49 65 49 47 52 43 36 45 65 58 0
47 34 56 45 40 70 42 44 42 52 58 50 53 37 51 0
46 42 52 49 60 48 47 58 39 47 44 45 42 41 54 0
49 52 60 47 59 51 56 49 57 48 46 49 66 49 45 0
58 55 59 40 58 51 47 51 53 45 45 55 46 42 56 0
51 46 60 45 40 51 33 37 63 38 62 45 55 54 55 0
42 52 39 47 68 52 56 53 42 51 51 48 46 44 68 0
48 45 63 56 59 51 58 55 39 48 42 59 55 45 56 0
47 49 48 48 46 43 41 61 47 50 46 52 37 44 52 0
50 48 43 45 42 53 47 49 52 52 52 52 47 49 60 0
48 44 50 56 49 53 45 42 54 52 53 52 53 46 47 0
46 56 43 41 55 48 59 34 58 55 46 44 43 46 39 0
53 53 42 48 61 51 50 64 44 73 45 49 52 57 33 0
59 53 60 52 52 31 52 49 41 37 41 56 40 45 52 0
58 52 51 56 51 46 60 51 37 48 65 51 40 58 37 0
45 47 47 71 50 43 67 56 49 49 52 55 36 56 54 0
54 61 49 41 47 59 42 51 55 56 43 52 50 67 47 0
69 44 36 53 54 57 51 46 45 37 46 71 41 65 47 0
49 47 56 51 57 45 56 58 33 54 41 43 51 57 45 0
60 45 48 46 51 42 47 40 52 45 50 40 46 53 49 0
59 56 46 57 54 48 56 55 64 47 51 50 49 59 53 0
46 48 64 51 44 40 57 36 44 50 53 51 53 54 53 0
54 47 52 43 60 50 73 67 60 51 51 57 65 40 47 0
44 49 56 55 49 52 51 44 44 64 46 64 57 49 49 0
39 61 54 39 54 47 65 37 61 49 45 62 50 60 56 0
48 49 51 45 48 48 54 51 48 46 59 54 59 50 53 0
53 61 61 42 56 43 59 52 47 49 46 58 49 47 55 0
46 53 46 56 51 43 49 37 43 52 36 43 40 53 52 0
44 61 56 56 50 43 70 56 49 47 46 55 60 54 47 0
49 50 52 43 52 47 52 46 55 48 57 53 44 46 49 0
59 62 39 57 57 55 55 54 51 38 67 67 60 53 51 0
44 43 57 51 59 50 51 41 50 48 53 53 53 70 58 0
54 47 41 51 56 49 44 39 39 62 38 44 45 44 48 0
44 41 49 52 49 55 55 54 46 59 53 45 52 50 45 0
62 51 56 39 55 59 65 41 42 44 57 47 38 51 60 0
47 50 54 38 58 38 52 48 47 63 45 54 53 63 47 0
43 53 50 49 50 46 53 45 48 48 58 34 64 54 51 0
67 57 54 41 44 52 41 55 49 43 43 45 50 49 62 0
59 56 42 48 46 47 63 62 45 50 45 58 43 44 51 0
49 45 44 49 41 48 59 54 51 60 54 51 61 45 41 0
54 52 70 59 60 54 50 44 55 44 49 56 55 51 59 0
53 44 47 49 39 58 57 54 44 46 64 40 42 60 48 0
61 35 47 53 43 49 51 50 55 51 46 60 62 44 49 0
49 43 45 50 45 58 55 46 56 57 53 38 50 54 55 0
52 41 57 49 54 57 54 53 54 59 48 39 60 46 60 0
49 50 75 61 47 45 55 67 53 49 57 53 46 58 42 0
51 45 56 60 38 60 44 49 45 64 54 52 52 66 47 0
42 47 50 52 45 54 60 48 66 52 55 46 47 40 41 0
56 51 60 39 48 45 63 47 39 53 50 42 60 49 43 0
51 46 43 48 55 55 56 44 40 48 57 38 39 48 61 0
55 45 46 61 60 54 51 37 40 58 54 44 42 55 47 0
65 48 45 47 42 58 57 47 51 57 55 49 50 55 57 0
49 48 59 51 55 52 67 47 56 45 47 54 55 46 44 0
58 62 47 52 52 54 56 48 46 46 40 63 38 39 48 0
46 51 54 42 45 55 57 50 54 64 46 46 48 50 44 0
42 42 52 44 54 58 57 47 59 65 57 72 43 56 55 0
46 45 63 48 62 44 51 54 40 66 48 44 32 50 53 0
51 61 47 52 38 57 56 50 49 51 44 59 67 50 40 0
47 41 51 52 48 48 46 61 61 55 59 59 36 54 59 0
33 42 61 45 37 49 38 60 49 43 62 47 47 43 56 0
43 40 46 43 68 60 57 59 57 56 58 50 53 52 41 0
53 65 47 41 54 50 49 62 54 45 51 48 50 45 64 0
52 58 51 58 42 51 61 56 50 61 47 49 40 51 57 0
50 49 53 51 49 56 52 50 48 54 38 52 68 40 49 0
47 54 57 55 54 48 50 60 54 49 53 50 47 53 57 0
50 49 49 53 47 49 55 55 45 45 49 56 49 50 58 0
52 64 52 54 45 48 52 41 46 42 47 55 52 46 40 0
52 54 46 44 47 66 49 52 52 62 44 53 43 43 54 0
52 53 42 48 45 52 37 39 47 38 50 56 47 53 43 0
47 53 58 43 42 58 57 71 36 39 55 60 49 46 46 0
61 51 48 59 55 54 46 57 36 59 38 49 51 50 58 0
51 52 47 45 44 63 51 46 53 51 43 54 61 42 49 0
47 56 44 42 50 45 61 48 51 46 48 56 54 56 47 0
53 50 59 53 52 50 52 54 52 45 52 46 42 52 50 0
41 54 55 52 48 65 56 43 44 50 60 60 46 47 38 0
57 44 53 47 52 56 51 41 43 51 38 41 62 39 57 0
44 45 45 45 50 54 51 54 65 42 41 61 54 39 43 0
48 44 45 61 56 51 44 50 44 46 47 55 46 50 62 0
49 54 45 49 60 48 49 49 37 59 50 49 47 53 52 0
45 63 42 53 44 50 50 47 50 58 52 54 56 47 48 0
40 53 47 46 44 44 47 52 48 64 58 52 53 56 48 0
44 53 39 38 50 54 37 43 43 56 46 45 52 55 51 0
40 32 49 46 53 59 49 56 55 50 49 47 46 38 39 0
51 54 48 47 47 56 49 48 56 55 52 61 45 49 42 0
52 64 55 43 42 44 51 61 48 44 45 52 50 62 48 0
56 49 52 49 46 43 46 40 50 40 44 48 69 53 44 0
63 43 51 42 53 39 49 50 51 53 42 48 47 45 43 0
59 60 49 61 43 46 48 43 46 66 40 60 45 40 55 0
58 44 59 61 53 55 52 43 49 54 47 41 51 38 56 0
60 54 56 47 49 46 57 43 52 59 47 58 37 46 58 0
52 40 47 62 55 59 56 60 43 50 43 49 60 56 39 0
60 50 58 39 38 50 49 46 50 54 66 43 50 61 61 0
50 55 45 52 41 44 49 54 34 45 42 57 65 52 48 0
68 52 44 45 52 56 40 50 52 56 46 41 44 43 49 0
47 38 45 57 53 40 49 54 64 43 50 56 55 48 52 0
55 43 52 53 51 53 53 60 47 45 57 43 47 53 44 0
50 54 41 40 51 52 59 54 51 56 49 46 43 40 56 0
59 57 51 54 59 49 40 42 47 47 51 44 60 56 55 0
51 49 40 49 47 50 51 46 64 42 79 48 48 59 41 0
45 54 50 47 43 51 56 45 43 41 51 67 49 66 58 0
63 44 38 57 49 51 41 35 54 48 56 51 59 50 45 0
49 51 53 53 47 59 54 47 58 52 61 57 42 41 40 0
63 58 47 40 51 41 62 48 44 44 61 54 51 54 40 0
60 61 51 64 57 55 49 50 39 41 44 50 46 50 51 0
40 39 53 50 59 47 42 51 36 51 54 53 46 35 50 0
50 55 50 59 55 46 49 50 48 40 53 46 53 42 43 0
44 55 50 61 48 59 54 50 57 54 70 52 49 55 60 0
51 54 50 52 68 63 59 48 48 53 52 33 39 52 45 0
55 53 52 48 45 57 47 52 57 47 54 50 44 51 49 0
52 42 46 58 55 52 48 38 50 50 47 53 58 49 44 0
39 39 51 49 47 47 44 49 40 56 48 55 54 44 61 0
50 50 50 52 55 52 39 46 55 51 58 42 51 47 54 0
47 46 27 42 57 50 48 52 58 45 49 51 59 43 55 0
53 47 54 44 43 52 58 47 58 47 55 49 50 29 43 0
62 55 49 55 54 35 38 52 48 54 38 59 49 59 57 0
60 51 54 45 48 54 46 54 53 59 49 51 62 52 45 0
50 45 55 39 44 51 56 47 49 53 45 51 48 62 39 0
58 57 50 46 39 51 62 56 56 46 55 50 50 50 57 0
53 51 48 48 53 58 53 47 60 51 70 38 64 62 70 0
50 44 46 65 47 55 49 46 48 63 65 51 41 49 61 0
53 54 59 62 46 57 53 54 56 39 44 47 48 46 43 0
47 48 52 45 57 46 40 50 62 45 46 43 57 32 50 0
35 38 53 61 47 56 43 43 49 54 55 61 46 50 64 0
47 62 28 52 46 53 58 46 47 46 48 47 59 44 56 0
36 43 39 52 58 53 53 61 50 44 49 55 56 49 48 0
49 48 39 56 39 55 51 46 51 39 57 51 45 46 49 0
45 55 60 62 50 40 52 47 51 55 52 45 48 50 36 0
50 50 59 48 54 52 54 40 48 47 45 45 46 42 48 0
49 49 52 54 49 63 44 52 52 43 44 47 56 54 56 0
41 58 50 51 57 52 43 45 36 51 56 58 45 60 46 0
61 51 50 59 38 55 60 36 55 52 49 47 35 60 45 0
40 46 42 43 52 49 47 45 66 55 50 64 49 45 46 0
53 44 41 50 65 37 52 46 42 66 34 59 52 52 46 0
53 46 61 50 45 50 37 54 46 51 56 36 45 46 42 0
42 52 51 46 45 57 44 48 42 47 45 55 40 48 49 0
66 37 55 50 51 47 41 45 56 49 60 47 46 62 50 0
36 55 49 30 48 50 59 69 50 57 61 64 55 51 47 0
46 49 49 60 47 50 58 55 58 56 47 60 48 37 44 0
55 50 55 45 49 44 54 47 52 51 48 53 47 58 47 0
50 52 42 49 62 45 48 49 53 52 45 41 60 39 44 0
51 55 49 44 47 60 51 47 47 48 50 58 36 53 37 0
50 54 45 48 44 44 55 47 51 53 49 46 55 48 53 0
56 39 37 46 50 54 44 50 55 55 59 50 51 52 44 0
45 47 43 46 58 57 46 53 59 49 51 50 48 67 44 0
49 64 54 45 48 64 43 55 51 57 45 52 48 56 52 0
60 42 54 59 50 41 54 42 44 66 53 44 34 49 43 0
63 54 46 55 44 50 70 69 40 48 51 43 43 51 37 0
46 57 46 57 60 52 46 43 46 48 35 44 55 45 32 0
51 60 40 47 56 51 48 63 54 57 39 37 38 54 51 0
48 45 46 68 47 49 45 52 50 40 47 72 47 52 60 0
63 43 62 44 46 49 50 55 47 48 41 48 45 54 43 0
43 58 62 68 56 41 56 43 57 54 58 50 49 46 57 0
46 55 59 59 56 59 43 64 38 47 58 43 55 42 37 0
58 49 49 45 38 49 56 45 48 46 53 48 55 54 49 0
66 44 44 58 38 62 40 51 51 57 51 51 46 28 30 0
50 46 50 50 48 46 45 46 60 51 59 53 52 41 52 0
57 51 48 52 52 55 53 47 46 51 42 52 41 48 50 0
62 54 54 60 60 40 60 71 60 45 38 42 45 45 60 0
59 46 63 48 51 55 51 50 64 59 51 46 44 50 50 0
41 62 60 43 44 45 46 39 45 37 51 50 54 44 54 0
45 54 49 42 44 35 50 47 54 50 45 40 43 56 45 0
54 52 45 53 50 60 47 39 52 59 55 61 39 62 49 0
56 47 60 38 45 43 47 44 61 58 49 42 48 67 47 0
50 42 43 49 52 51 48 45 51 57 52 50 41 54 57 0
47 48 48 59 52 57 47 62 51 46 50 59 57 41 52 0
56 54 51 57 46 56 45 49 40 40 47 36 60 58 46 0
50 52 52 51 53 64 56 55 49 44 43 47 49 40 38 0
46 56 47 54 60 45 61 48 62 46 56 55 52 50 41 0
47 54 56 56 47 57 48 50 58 38 54 54 46 47 45 0
58 49 45 59 46 57 44 45 55 53 52 46 64 52 51 0
51 40 41 52 44 38 51 57 46 58 59 46 48 39 58 0
53 63 46 46 41 53 69 41 49 52 57 53 42 49 49 0
47 49 59 60 57 65 52 45 42 56 40 49 55 40 57 0
47 41 63 50 41 28 45 52 55 51 51 48 39 44 68 0
50 50 40 52 52 56 49 37 52 44 49 45 51 45 43 0
53 56 53 59 55 40 54 57 62 55 57 60 53 44 60 0
49 51 47 44 56 48 49 55 50 43 50 55 37 52 48 0
53 53 46 39 51 50 52 50 64 46 46 59 58 33 46 0
37 56 44 48 37 47 53 39 51 61 58 43 53 47 44 0
44 60 51 55 38 43 53 37 44 51 41 53 52 58 49 0
57 49 58 55 53 50 36 43 57 40 52 54 49 45 59 0
47 53 54 63 59 38 58 47 40 55 55 50 39 41 47 0
51 41 64 61 37 56 50 47 52 58 49 49 42 44 52 0
53 41 52 52 39 42 58 47 53 52 60 40 40 53 52 0
60 44 36 54 44 54 54 55 53 44 43 61 48 57 38 0
48 51 52 46 52 69 34 38 53 50 46 30 42 45 55 0
62 40 55 65 35 54 57 45 51 49 46 60 50 50 51 0
45 42 60 56 52 50 44 41 51 47 53 56 47 56 43 0
44 55 44 46 49 47 56 58 41 49 65 41 52 50 40 0
55 45 62 55 43 48 52 66 48 45 39 49 59 54 58 0
60 56 42 51 48 64 59 39 48 56 47 66 57 40 37 0
51 52 41 56 49 52 41 49 48 37 38 43 52 62 43 0
60 60 54 49 31 49 61 66 47 47 54 51 50 48 55 0
56 53 44 60 58 46 60 32 47 52 46 49 58 43 45 0
53 54 50 48 40 52 44 45 62 44 44 58 52 65 41 0
59 41 49 52 54 58 47 53 48 45 50 51 54 54 49 0
43 45 42 45 41 44 54 52 54 59 50 40 52 46 42 0
51 54 58 67 43 37 41 46 43 46 47 58 50 43 42 0
50 49 59 49 52 60 39 57 59 49 57 53 60 49 38 0
56 52 49 53 45 41 43 48 49 50 52 42 48 63 39 0
47 46 38 57 42 26 49 40 50 54 56 42 54 49 36 0
35 45 42 58 59 57 43 59 48 60 63 42 53 60 53 0
41 50 54 47 51 50 59 44 52 56 60 37 45 55 48 0
43 42 54 49 50 45 54 45 64 58 51 48 48 53 47 0
45 55 42 50 48 58 41 52 42 59 47 34 55 45 48 0
43 47 45 44 47 49 48 43 49 44 74 44 58 47 55 0
55 47 58 56 43 55 60 48 44 44 48 47 52 53 53 0
42 54 53 46 49 49 61 29 59 53 67 56 63 53 55 0
62 50 43 50 51 51 52 53 55 45 43 56 46 44 65 0
48 58 45 54 37 46 43 60 49 49 42 48 55 63 49 0
56 49 49 51 55 45 49 44 46 52 55 27 49 49 52 0
54 49 62 63 64 55 47 39 55 46 44 60 58 51 50 0
49 42 51 63 50 51 38 57 50 49 50 45 52 43 43 0
59 48 50 47 39 49 47 47 38 43 56 41 44 51 38 0
43 50 50 54 49 44 50 59 55 40 43 41 56 59 42 0
58 68 38 52 39 43 53 52 49 45 63 53 47 47 49 0
54 60 51 53 47 62 42 47 61 42 52 43 43 53 56 0
53 51 53 48 55 63 49 45 55 45 57 50 50 50 47 0
54 51 56 48 46 44 44 50 57 50 40 62 50 41 43 0
39 55 47 57 48 48 45 57 55 51 58 63 59 67 48 0
49 45 55 41 47 44 56 37 46 55 35 48 57 61 55 0
41 50 52 45 61 47 45 44 46 51 51 60 48 48 63 0
43 63 45 51 48 43 63 50 47 42 59 53 43 47 64 0
44 46 53 47 38 52 60 57 42 49 65 53 36 57 35 0
45 49 50 55 50 40 50 45 52 56 45 54 55 47 62 0
48 55 64 43 44 30 37 55 63 58 49 54 53 50 47 0
60 40 54 47 52 45 53 56 48 60 44 49 51 46 53 0
47 53 77 46 46 53 50 62 51 50 52 49 57 50 61 0
48 47 46 50 45 42 49 45 41 46 47 41 57 45 50 0
54 40 50 45 54 42 35 58 53 52 51 42 57 49 54 0
47 52 48 47 48 49 48 51 42 54 49 50 31 53 43 0
51 46 52 61 52 53 54 55 62 59 53 55 38 49 58 0
42 54 63 52 59 52 56 57 46 47 53 49 61 41 47 0
55 52 57 47 50 49 54 51 35 52 54 53 53 34 42 0
48 55 47 46 75 43 55 64 54 44 36 61 47 43 48 0
52 61 51 47 42 47 42 49 56 51 33 48 49 42 58 0
50 38 55 50 59 47 47 50 49 46 42 42 48 50 41 0
45 47 53 34 35 62 45 55 54 42 60 42 65 46 49 0
49 58 60 57 52 46 52 44 40 46 72 50 51 55 38 0
58 40 51 50 41 54 51 59 47 54 57 38 63 44 47 0
43 37 55 45 51 56 59 49 46 59 49 65 53 46 62 0
41 51 54 60 45 42 55 50 47 54 52 55 58 44 49 0
62 43 51 53 60 56 47 31 50 43 53 41 56 40 52 0
48 46 47 49 46 49 59 43 47 52 45 53 63 55 41 0
60 53 49 51 53 49 58 44 64 60 48 54 58 49 48 0
46 45 47 59 48 38 42 59 55 49 54 61 50 56 46 0
45 56 61 56 51 48 50 36 57 39 40 49 49 51 45 0
48 51 58 45 50 44 47 61 42 52 51 49 46 48 38 0
41 41 51 35 48 59 42 54 56 64 49 56 48 44 55 0
57 57 51 57 46 29 64 52 44 49 46 37 49 48 53 0
56 51 40 63 58 51 60 54 61 52 47 53 58 68 41 0
43 45 34 56 51 52 42 48 36 57 54 50 44 43 55 0
41 42 60 61 53 48 43 45 39 50 45 57 47 54 48 0
48 54 50 44 51 54 46 49 51 39 56 53 56 52 59 0
50 47 38 44 52 46 53 58 57 57 41 47 55 33 53 0
55 56 49 50 37 54 50 52 51 58 57 45 42 50 45 0
43 53 42 48 50 44 66 44 40 51 41 54 32 47 39 0
51 61 45 55 51 39 64 43 37 49 50 33 47 54 32 0
55 49 51 55 49 47 61 45 41 53 50 53 52 52 52 0
51 45 47 57 57 48 39 59 48 36 50 46 48 56 50 0
53 66 40 44 46 43 52 46 46 52 51 51 49 56 44 0
54 39 55 35 53 49 48 44 52 45 57 48 53 54 58 0
59 39 52 52 60 51 52 70 47 40 52 45 47 48 59 0
49 48 45 45 48 52 69 38 51 44 47 54 35 42 40 0
52 59 45 51 35 65 51 51 52 43 39 41 58 56 47 0
50 46 47 48 51 53 51 47 49 50 44 59 36 43 60 0
52 44 43 44 54 56 61 59 53 43 61 44 51 50 45 0
53 46 53 39 66 58 52 37 52 48 51 47 45 57 43 0
63 48 51 59 51 45 57 43 38 46 54 51 51 60 57 0
59 52 65 53 37 51 50 62 63 44 57 56 57 50 65 0
36 55 37 45 62 57 46 48 48 41 46 54 51 45 54 0
58 61 53 47 51 51 43 48 50 65 59 49 59 42 51 0
45 49 57 42 38 51 57 66 63 45 44 50 45 62 49 0
45 52 51 53 46 64 46 41 61 48 41 46 37 45 40 0
43 52 48 54 49 44 35 46 62 46 48 43 64 60 56 0
47 54 49 51 44 53 55 55 56 40 52 54 48 54 41 0
54 46 65 49 50 62 48 45 53 53 53 42 55 49 59 0
53 53 39 46 54 57 63 53 61 48 51 46 46 50 42 0
60 46 35 54 65 43 52 56 35 47 44 49 60 48 60 0
44 47 52 53 54 54 55 44 49 53 52 46 48 41 39 0
53 49 52 52 42 36 40 55 49 42 56 41 51 53 47 0
64 39 53 54 51 52 54 44 54 45 66 43 57 50 42 0
49 52 48 41 44 46 42 52 40 49 49 49 49 60 51 0
49 48 48 41 46 48 58 49 49 52 43 43 52 50 60 0
44 71 46 51 45 61 34 58 60 54 49 47 41 51 48 0
52 66 61 46 46 39 45 48 60 37 44 52 43 53 54 0
48 55 45 58 42 32 49 52 52 49 61 55 51 60 47 0
53 29 48 50 52 47 53 48 48 43 49 52 60 46 41 0
53 43 64 46 41 47 41 52 55 51 56 31 37 56 39 0
58 75 49 47 45 49 49 40 64 43 49 35 51 52 59 0
41 57 70 53 55 45 59 50 52 53 45 58 49 54 44 0
47 54 53 52 52 61 51 52 59 49 52 38 51 53 55 0
49 50 63 59 40 54 37 62 56 51 40 60 55 53 45 0
48 55 59 44 63 46 50 50 52 56 48 43 39 54 41 0
39 66 49 47 43 42 46 65 35 52 70 70 57 69 40 0
55 40 41 40 49 63 46 41 41 55 46 47 55 46 37 0
56 44 44 47 61 56 52 42 37 52 50 45 46 52 51 0
54 58 49 47 62 52 37 57 38 50 51 51 46 42 44 0
56 54 43 48 62 60 46 46 54 55 46 56 58 41 57 0
39 52 53 60 55 49 52 49 62 43 45 46 58 62 36 0
36 56 44 57 59 54 53 57 49 53 51 44 51 48 51 0
55 46 47 55 50 57 57 61 57 67 52 57 47 46 56 0
55 58 43 52 48 45 63 46 53 43 49 59 55 50 63 0
47 53 52 53 43 47 43 46 45 56 37 52 40 41 39 0
44 41 54 39 31 64 49 58 46 49 43 50 49 51 44 0
38 41 62 43 50 44 53 45 46 59 50 50 60 56 66 0
53 48 51 50 43 48 46 42 49 60 63 41 51 59 54 0
58 43 45 40 52 54 63 49 53 53 58 62 51 45 44 0
51 48 45 58 64 57 49 54 55 41 59 54 57 52 56 0
54 60 50 52 40 46 49 60 53 49 45 47 43 38 37 0
57 63 50 50 55 43 46 45 42 53 54 59 41 54 43 0
48 42 44 44 50 45 46 55 41 54 41 54 42 33 51 0
61 38 51 49 44 43 51 47 48 47 61 36 55 46 44 0
41 40 45 45 51 46 52 59 59 59 37 47 46 48 48 0
48 54 45 55 58 44 51 56 56 50 60 59 51 37 51 0
51 55 61 46 69 54 52 46 43 48 53 53 53 46 56 0
61 66 49 48 47 51 51 58 49 44 64 61 45 53 42 0
56 52 53 62 48 51 58 57 48 56 64 45 64 52 56 0
58 46 45 46 46 43 52 57 57 67 61 49 53 44 52 0
57 56 55 47 41 48 51 47 52 49 37 58 45 45 67 0
34 48 50 58 46 42 40 53 51 61 61 57 43 40 47 0
58 45 60 43 35 52 53 43 49 43 57 60 48 54 38 0
48 45 46 50 41 59 41 47 53 52 65 50 47 54 55 0
39 45 37 42 40 53 54 55 57 44 51 64 47 37 42 0
50 46 44 42 63 44 53 46 45 53 54 44 52 59 43 0
54 60 53 48 40 50 55 46 56 40 50 55 62 56 53 0
45 49 37 49 66 49 45 57 59 41 46 55 56 45 50 0
36 42 58 61 32 51 42 52 52 51 55 48 46 47 50 0
43 45 45 42 46 59 48 45 47 49 44 46 38 55 59 0
57 48 52 48 67 49 46 58 57 53 48 47 57 49 46 0
56 53 52 38 39 52 43 53 45 52 53 43 58 57 56 0
41 46 42 57 50 57 49 62 47 36 49 41 52 40 52 0
39 61 50 47 57 63 63 46 55 44 59 60 53 46 48 0
53 45 64 51 50 61 48 50 51 42 41 42 54 46 55 0
50 71 51 54 46 50 45 47 54 53 51 49 57 51 43 0
56 45 49 40 47 38 50 43 55 54 46 49 46 35 52 0
47 48 52 52 63 44 50 49 47 61 42 52 51 63 53 0
65 54 46 59 55 59 47 44 41 38 58 52 55 57 56 0
42 41 46 59 53 53 50 47 62 55 55 49 50 45 46 0
68 38 42 55 54 41 46 48 58 46 46 47 45 41 46 0
54 55 49 54 61 51 56 47 56 47 41 53 54 40 52 0
56 46 53 48 53 67 73 66 51 55 52 44 49 53 51 0
52 56 70 55 41 59 55 64 53 52 42 49 54 53 51 0
56 43 45 43 70 49 58 49 51 63 44 54 52 37 54 0
57 58 61 40 49 60 53 57 46 47 52 44 39 40 49 0
54 31 42 52 48 49 46 41 44 55 45 50 36 49 63 0
63 43 58 49 62 41 49 59 51 42 55 53 37 48 50 0
46 37 49 40 51 54 66 47 51 60 40 46 53 60 42 0
42 49 61 40 51 63 46 49 39 53 47 56 55 47 50 0
59 53 45 57 50 49 56 49 55 49 56 45 44 48 49 0
42 50 60 62 50 46 50 46 52 56 53 47 51 45 55 0
52 54 46 55 44 43 52 56 54 62 46 47 53 46 38 0
44 49 48 57 56 48 47 50 51 48 55 46 55 43 70 0
56 53 47 58 44 49 51 42 36 50 45 53 50 48 55 0
49 54 53 49 52 50 47 50 43 45 49 51 36 48 47 0
61 50 40 60 44 56 63 54 43 43 59 63 45 64 68 0
56 52 45 60 54 57 57 62 38 49 39 56 55 42 67 0
57 46 37 63 53 40 57 45 40 44 45 51 56 53 43 0
54 58 56 51 54 50 55 34 55 50 36 52 43 50 43 0
51 46 45 62 44 44 53 50 40 42 42 41 50 34 52 0
55 48 50 48 55 56 40 52 44 46 60 40 57 47 61 0
62 42 44 42 48 51 53 44 45 52 62 46 42 57 61 0
43 51 65 52 58 54 55 55 50 50 63 42 50 47 52 0
49 48 47 52 42 51 55 39 58 52 53 55 41 60 43 0
53 48 44 42 58 59 41 40 52 47 29 45 47 44 51 0
42 52 64 58 48 42 50 46 61 52 61 46 47 59 56 0
39 46 46 45 51 63 52 58 69 46 51 41 58 42 48 0
55 48 41 48 50 58 59 49 59 52 55 45 53 49 50 0
47 58 49 55 46 53 47 43 52 56 42 40 52 53 51 0
49 67 44 50 53 51 54 46 48 66 64 48 50 51 51 0
52 46 48 49 37 54 47 42 49 38 49 49 48 45 58 0
39 44 58 46 57 48 56 47 50 42 54 40 45 58 45 0
58 43 45 47 57 49 36 50 46 64 43 60 57 53 52 0
41 41 48 63 68 46 59 47 50 54 47 42 51 58 46 0
46 38 44 63 46 48 58 44 60 47 52 52 56 71 54 0
40 45 59 50 56 61 48 53 49 39 49 52 53 47 53 0
65 58 48 48 54 44 48 48 67 52 55 48 42 52 41 0
55 62 42 47 46 48 53 44 46 40 62 52 61 55 60 0
48 49 44 46 68 67 49 46 52 57 46 49 57 50 54 0
38 53 47 69 49 49 54 57 40 49 46 46 44 51 57 0
51 45 47 42 42 51 45 57 52 47 54 40 55 40 58 0
39 34 54 42 46 48 39 58 51 43 45 38 43 49 50 0
55 46 46 46 45 46 54 49 49 51 58 61 45 47 55 0
54 58 42 38 45 52 35 48 48 41 54 31 44 63 44 0
58 65 49 55 43 64 44 50 49 52 44 40 49 47 49 0
54 49 39 46 50 52 58 42 44 44 54 49 55 65 48 0
46 51 54 45 50 61 46 51 60 43 39 47 47 43 54 0
34 52 49 57 42 60 50 53 42 44 40 37 45 56 33 0
41 58 41 43 34 53 45 51 34 54 46 55 43 63 61 0
52 63 50 57 53 54 41 54 37 43 54 46 55 42 55 0
50 31 44 55 45 50 53 57 44 55 57 49 59 55 58 0
51 46 43 50 57 39 54 65 44 43 34 61 57 36 45 0
54 64 56 46 50 53 47 48 56 48 61 46 52 64 52 0
45 50 39 39 43 38 49 45 47 54 52 48 51 46 43 0
67 44 41 50 54 46 47 52 43 45 63 61 61 49 49 0
50 46 38 44 49 52 49 56 35 56 47 49 60 45 60 0
55 47 60 55 39 41 54 55 47 67 36 41 43 68 42 0
45 56 61 44 50 52 53 55 49 50 52 44 50 49 40 0
48 62 42 44 41 45 46 46 49 44 33 56 44 43 39 0
55 51 51 47 41 50 48 47 44 43 43 45 53 44 34 0
48 44 49 51 46 51 42 53 42 48 52 44 47 47 51 0
49 51 47 62 61 51 65 42 39 49 64 51 51 48 42 0
52 49 39 53 49 39 51 44 48 50 53 61 42 49 40 0
45 47 46 48 43 58 39 53 58 44 53 48 59 48 44 0
48 47 48 46 53 42 45 53 43 44 59 46 38 53 42 0
61 45 48 51 43 44 50 60 47 48 41 53 49 55 47 0
51 54 70 62 53 59 41 72 54 58 54 45 51 48 48 0
57 45 59 50 68 55 69 50 51 45 55 57 47 51 47 0
50 60 50 46 44 58 51 44 43 63 70 50 61 40 45 0
45 45 51 49 44 54 67 50 59 46 54 41 53 40 44 0
52 45 44 45 54 50 44 57 42 45 49 44 50 45 46 0
52 41 45 64 65 46 52 55 45 44 50 60 53 61 49 0
41 52 43 47 30 58 44 53 44 53 51 52 50 51 53 0
53 44 39 49 48 50 38 54 59 47 51 48 50 48 50 0
47 48 59 56 45 55 41 46 57 51 56 52 43 50 59 0
51 42 55 51 51 47 41 57 43 52 53 61 57 50 57 0
53 49 56 48 43 51 46 47 55 52 49 63 43 48 47 0
41 51 59 43 45 41 47 48 51 45 47 55 58 45 56 0
46 50 45 46 47 50 43 63 34 48 50 42 43 58 44 0
52 43 50 53 64 50 45 57 50 57 43 59 62 45 60 0
43 48 45 54 59 40 66 49 38 36 49 42 44 68 53 0
46 58 56 46 54 49 44 43 48 51 52 44 48 52 59 0
40 55 44 56 49 51 47 56 37 64 30 47 55 34 54 0
53 49 57 62 64 60 61 55 64 55 47 53 43 48 35 0
52 49 50 55 49 42 43 59 60 49 55 54 54 48 56 0
46 45 48 55 34 47 56 49 46 66 57 56 57 53 58 0
44 46 44 39 51 40 42 62 41 49 64 44 46 56 46 0
36 51 55 57 37 47 49 61 50 47 42 56 49 50 54 0
71 53 40 51 58 50 37 53 53 34 47 54 53 45 49 0
53 54 58 37 50 54 45 47 43 43 50 44 38 47 57 0
61 56 45 60 51 35 49 46 54 56 63 64 46 43 46 0
65 57 41 34 51 46 54 38 45 47 45 57 42 66 58 0
45 65 58 53 50 58 53 50 46 54 57 64 46 42 43 0
50 46 57 54 45 56 54 44 47 45 38 51 54 48 46 0
54 44 44 53 46 44 52 57 55 49 44 45 43 46 43 0
53 48 40 62 57 33 62 41 48 59 56 49 60 60 45 0
57 51 56 50 43 47 47 45 48 49 52 44 37 51 49 0
41 46 50 47 42 45 55 52 52 37 62 53 33 43 51 0
47 55 60 55 51 58 48 43 60 61 50 47 47 44 53 0
40 58 52 55 61 48 52 53 43 45 45 61 44 54 51 0
45 51 47 51 51 51 53 56 45 35 57 55 63 50 50 0
50 45 53 64 48 50 43 40 53 55 44 47 41 53 52 0
41 52 49 48 60 47 59 57 49 47 37 41 56 47 57 0
47 54 53 60 61 52 46 56 47 48 54 50 61 57 46 0
35 52 50 47 59 50 48 49 49 55 60 48 58 58 58 0
46 55 56 39 52 49 42 54 46 52 53 47 49 45 48 0
46 57 64 56 59 47 65 50 46 58 62 46 46 46 41 0
53 50 50 52 36 35 60 62 42 60 60 44 55 51 50 0
36 47 48 47 54 51 46 53 56 43 37 54 50 54 40 0
61 50 50 54 56 36 40 58 60 39 76 61 43 44 59 0
52 38 48 48 42 58 51 56 50 46 43 36 50 61 40 0
49 45 42 66 40 40 55 51 47 55 51 44 38 49 58 0
42 46 41 43 41 49 46 44 48 53 49 49 39 53 61 0
45 57 41 51 48 49 52 53 37 56 49 51 43 48 68 0
56 49 44 42 50 61 62 50 57 51 50 56 45 51 49 0
42 45 43 52 45 51 48 59 43 45 58 52 65 57 49 0
47 46 37 53 56 44 54 48 32 50 56 47 47 42 42 0
45 51 43 59 58 46 39 40 49 38 45 47 41 59 55 0
59 54 55 50 66 40 50 46 44 61 46 49 57 43 58 0
65 52 52 48 46 44 50 61 57 58 39 54 39 48 51 0
48 55 57 36 51 38 46 50 72 54 55 50 48 50 44 0
62 43 40 44 50 53 57 53 37 52 49 57 59 42 46 0
53 40 44 51 45 47 49 47 65 55 49 45 50 61 59 0
51 47 46 50 43 49 65 46 55 40 53 47 58 49 51 0
44 45 60 47 64 47 50 52 60 58 48 51 61 38 38 0
47 45 41 41 52 43 54 40 44 53 56 57 46 50 39 0
47 51 48 45 55 52 50 51 56 48 48 49 49 47 47 0
47 41 54 53 64 41 46 40 46 49 46 68 40 55 45 0
50 57 49 43 66 49 60 52 64 45 50 50 64 54 46 0
44 44 52 61 48 53 47 58 43 47 53 62 48 50 49 0
46 60 52 56 30 46 44 59 48 47 37 47 56 61 35 0
47 51 51 38 49 56 42 50 46 61 61 56 50 52 52 0
44 46 39 44 50 55 50 46 49 44 43 55 45 69 49 0
44 43 47 39 55 56 39 52 49 49 47 43 47 50 50 0
38 55 51 52 55 45 51 48 41 55 50 53 55 42 55 0
42 34 38 49 45 45 46 52 60 45 55 51 52 53 48 0
45 47 50 53 54 46 58 59 61 31 55 43 38 53 43 0
39 53 59 36 55 45 46 52 47 42 57 69 53 51 67 0
65 55 41 54 54 45 57 50 51 42 59 59 47 47 61 0
48 55 42 55 50 43 67 48 38 50 49 46 55 42 48 0
51 37 48 53 39 45 55 39 45 37 46 41 58 50 45 0
