63 2 0 7 0 0 2 0 0 0 0 0 0 2 0 0
42 16 1 31 29 5 0 0 0 0 1 0 0 0 1 0
40 10 0 23 21 0 0 0 0 0 0 0 0 0 0 0
47 29 0 27 0 0 1 0 0 0 0 1 13 0 0 0
49 11 0 37 0 0 0 0 0 0 12 0 0 0 7 0
49 41 1 0 0 0 0 0 0 0 0 28 0 9 11 0
54 0 0 38 0 0 0 0 0 2 12 0 0 1 0 0
47 25 0 0 0 0 0 1 4 0 0 3 0 15 0 0
48 5 6 31 16 7 0 0 0 0 0 0 0 0 0 0
56 13 0 42 26 4 0 3 0 0 5 0 1 0 0 0
54 0 1 0 2 0 0 3 1 0 1 0 0 0 0 0
57 1 0 0 2 1 1 0 0 0 0 0 2 0 0 0
44 5 1 0 0 2 56 0 5 0 0 0 0 3 0 0
56 61 0 0 0 0 0 0 0 0 0 0 0 0 0 0
48 17 5 6 2 0 0 0 0 2 0 0 0 0 0 0
49 10 6 23 0 0 0 0 0 0 1 1 0 0 2 0
61 9 0 35 12 0 0 0 0 6 0 1 0 2 0 0
44 28 0 1 0 0 0 0 0 0 0 17 1 19 0 0
56 19 0 22 0 0 0 0 0 0 1 0 0 0 14 0
60 0 0 0 0 0 0 0 0 0 0 0 0 0 0 0
47 0 0 32 2 0 0 0 3 5 0 0 0 0 0 0
46 31 1 13 3 0 0 2 1 0 0 0 2 0 0 0
49 8 0 40 2 0 0 1 0 0 0 0 1 0 0 0
58 5 6 18 1 0 1 0 0 0 0 1 0 1 0 0
51 4 0 38 12 0 0 0 0 12 0 0 1 3 1 0
42 6 0 33 16 0 2 0 0 30 0 0 0 0 1 0
48 20 1 28 24 29 13 6 0 0 0 0 0 2 0 0
47 30 23 1 2 0 0 2 12 3 0 0 0 0 0 0
48 12 0 35 33 39 0 5 0 0 0 3 4 0 0 0
48 1 0 53 0 1 0 5 2 0 37 0 0 0 0 0
43 28 2 0 0 0 0 0 0 1 0 0 0 0 0 0
53 18 0 24 5 0 0 1 0 21 0 0 0 0 1 0
59 6 2 50 13 0 0 0 0 13 0 1 0 2 0 0
58 25 30 1 3 0 0 0 3 0 0 0 0 7 0 0
45 26 0 0 0 0 0 0 1 0 0 23 0 0 0 0
54 40 4 6 4 0 0 0 0 0 0 0 0 1 1 0
69 5 0 18 13 0 0 1 0 2 0 3 0 0 10 0
49 0 0 2 0 0 2 0 0 0 1 0 0 0 1 0
60 7 0 16 1 0 0 0 0 0 0 3 12 2 0 0
58 3 0 51 23 14 0 0 0 0 0 0 3 0 25 0
46 24 1 27 0 0 3 0 0 0 3 0 0 0 0 0
54 0 0 34 19 8 0 0 0 1 0 3 1 0 0 0
44 0 0 0 0 0 37 0 0 5 0 0 7 0 0 0
39 42 10 0 2 4 2 0 0 0 0 0 0 0 0 0
48 0 0 0 0 1 29 0 1 1 0 6 0 0 0 0
53 13 0 37 28 8 0 0 0 2 0 0 5 0 2 0
45 35 26 11 0 0 0 0 22 0 1 0 0 0 0 0
39 27 0 0 4 0 0 0 0 0 0 2 0 0 0 0
47 0 0 1 0 0 0 10 0 0 0 0 0 0 0 0
59 51 0 0 0 0 3 0 1 0 0 0 0 1 0 0
44 6 0 43 0 0 0 1 1 0 45 0 0 0 0 0
54 14 0 30 8 1 0 0 0 8 0 0 0 0 0 0
44 18 0 29 0 0 0 0 0 0 10 0 0 0 0 0
62 4 0 31 29 23 2 0 0 0 0 0 1 0 17 0
47 21 0 0 0 0 0 5 0 0 0 0 0 0 0 0
43 0 0 0 1 0 29 0 0 0 0 0 0 6 0 0
67 13 0 15 21 14 0 5 0 0 0 0 0 0 0 0
59 0 1 0 2 0 27 0 0 0 1 0 0 0 0 0
49 10 2 20 0 3 9 0 2 0 7 0 39 0 1 0
54 8 1 34 29 7 0 0 0 0 0 0 0 0 18 0
53 17 1 0 0 0 0 8 0 1 0 0 0 5 0 0
61 7 0 23 7 5 3 0 0 0 0 0 0 0 0 0
49 39 25 0 0 0 0 0 4 1 1 0 0 0 1 0
51 29 0 1 1 0 0 0 0 0 3 26 0 5 0 0
49 20 0 19 12 13 0 0 0 0 0 0 4 0 1 0
51 0 0 0 0 0 7 0 0 0 0 0 7 0 0 0
42 30 0 0 1 0 0 2 0 2 2 28 0 1 0 0
56 14 2 25 5 0 1 0 6 0 0 0 0 0 0 0
51 43 0 0 0 1 2 0 1 0 0 21 0 0 1 0
55 15 0 11 0 0 0 0 0 0 0 0 0 0 1 0
61 30 0 0 0 0 0 1 6 0 0 11 0 10 0 0
49 48 2 0 0 0 0 0 0 0 0 31 1 32 4 0
58 61 1 0 0 0 0 0 0 0 0 30 5 3 0 0
46 11 0 2 0 1 0 0 0 0 20 1 0 0 0 0
42 7 0 35 35 20 0 0 0 0 3 2 0 0 0 0
46 0 0 1 0 0 15 0 0 0 1 0 0 0 0 0
50 4 0 44 27 0 4 0 0 14 0 0 8 0 0 0
47 39 0 0 0 0 2 1 0 0 0 0 1 32 0 0
31 0 1 0 0 0 23 0 1 0 1 0 0 1 0 0
42 28 8 1 0 1 0 0 0 9 0 0 0 0 0 0
52 12 0 12 13 3 0 0 0 0 0 0 1 0 0 0
48 21 0 39 7 0 0 6 0 3 0 2 0 0 0 0
45 29 0 0 1 1 0 1 0 0 0 14 0 6 0 0
47 42 0 0 3 0 0 0 0 0 0 0 0 0 0 0
50 1 0 0 0 6 37 0 3 0 0 0 0 0 0 0
52 30 7 0 1 0 0 0 2 0 0 0 0 0 0 0
52 19 21 0 0 0 3 0 19 0 0 6 1 0 0 0
52 48 0 0 3 3 1 0 0 1 0 2 0 0 0 0
47 12 0 21 9 8 0 13 1 0 0 0 0 0 0 0
61 6 0 51 15 6 0 0 0 1 4 6 0 0 0 0
40 31 7 0 5 0 0 1 0 0 1 0 0 0 0 0
47 36 37 0 0 1 1 1 31 2 0 0 0 0 1 0
52 36 1 0 0 0 0 0 0 0 0 6 0 10 0 0
41 0 0 0 0 1 40 0 0 0 0 0 0 0 0 0
56 31 0 0 1 0 0 0 0 5 0 0 0 0 0 0
39 3 0 40 5 0 2 0 0 0 10 0 0 0 0 0
42 3 0 3 0 2 0 0 0 1 0 0 0 0 0 0
48 8 0 30 46 14 0 0 0 0 0 1 0 1 0 0
45 31 0 26 8 0 0 0 0 7 5 0 0 0 0 0
40 3 2 39 5 0 0 0 4 0 2 1 36 0 0 0
44 11 0 34 21 1 0 0 0 0 0 0 0 0 0 0
40 10 0 35 35 10 0 1 0 2 0 0 0 0 0 0
50 17 0 11 5 12 0 0 0 0 0 1 0 0 0 0
52 6 0 37 22 0 0 1 0 1 0 0 0 0 1 0
56 12 0 34 23 18 3 5 0 0 0 5 0 0 0 0
62 40 32 0 6 0 0 0 9 0 0 0 0 0 0 0
59 0 0 0 0 0 0 0 0 0 0 0 4 1 0 0
57 0 0 33 20 6 0 8 1 0 1 0 0 0 2 0
59 52 7 0 1 1 0 0 0 0 1 0 0 0 2 0
52 11 0 19 0 0 0 0 0 0 0 0 2 0 1 0
60 13 0 29 5 0 0 0 0 0 0 2 0 0 0 0
50 6 0 15 7 3 0 0 0 0 0 1 0 0 0 0
68 24 0 27 9 0 0 0 0 0 3 4 2 0 0 0
43 6 0 1 0 0 35 0 6 1 1 0 0 2 0 0
54 1 4 0 0 0 0 0 0 3 0 0 2 3 0 0
50 4 0 30 1 6 0 0 0 0 20 0 1 0 0 0
59 39 0 0 0 0 0 0 0 0 0 2 1 11 2 0
51 1 1 0 0 4 0 0 0 0 0 0 0 0 0 0
45 37 14 1 0 0 0 0 8 0 2 14 0 0 0 0
63 4 0 20 0 0 0 0 0 0 0 0 0 0 0 0
49 12 0 33 1 0 13 0 0 0 33 1 9 1 0 0
62 56 46 0 1 0 0 1 4 0 0 3 0 0 0 0
60 7 0 50 32 17 0 6 0 0 0 0 3 0 0 0
40 0 0 27 16 1 0 2 0 5 0 0 0 0 0 0
50 0 0 0 0 0 4 0 0 0 2 0 0 0 0 0
44 33 0 19 0 0 1 0 0 0 0 0 0 0 0 0
51 37 6 0 0 1 0 0 0 0 0 0 2 0 1 0
55 24 1 41 0 0 0 0 0 0 10 0 0 0 0 0
52 18 14 0 0 1 0 0 17 0 0 0 0 0 0 0
39 35 0 0 0 0 0 0 0 0 0 2 0 0 0 0
50 24 0 20 1 1 0 0 0 0 0 1 0 0 0 0
47 1 0 35 0 0 0 0 0 0 0 0 0 0 0 0
52 0 0 0 2 0 34 0 0 1 0 0 0 0 0 0
62 51 0 0 0 2 1 0 2 0 0 4 0 26 0 0
60 0 0 36 16 0 0 2 1 6 0 0 0 0 0 0
50 5 0 21 25 3 0 0 0 0 1 1 0 0 0 0
58 3 0 31 19 6 0 0 0 0 0 0 0 0 14 0
51 22 0 18 4 0 0 0 0 0 0 0 0 0 8 0
50 5 0 43 19 2 0 0 3 0 0 0 0 0 0 0
53 0 0 0 0 2 6 0 2 1 0 0 0 0 0 0
47 35 2 0 3 0 0 0 0 0 1 16 0 0 0 0
35 25 2 0 1 4 0 0 0 3 1 0 2 0 0 0
47 12 0 25 18 21 0 6 0 0 0 0 0 0 0 0
36 1 0 42 19 12 2 0 0 0 0 0 0 0 9 0
49 0 0 0 0 0 5 0 0 0 0 0 0 0 0 0
45 4 0 20 9 2 0 0 0 26 5 2 1 0 0 0
50 2 0 0 1 0 0 0 0 0 0 0 3 0 0 0
49 31 0 2 0 0 0 0 0 0 0 0 0 11 0 0
41 57 29 0 0 0 0 0 12 4 0 2 0 0 0 0
61 24 31 0 1 0 0 0 11 0 0 0 0 0 1 0
40 1 0 28 0 0 0 0 0 0 0 0 1 0 0 0
53 3 0 37 39 17 0 0 0 0 2 0 1 4 1 0
50 1 0 31 0 0 0 0 0 0 0 0 5 0 0 0
42 11 0 29 16 11 3 17 3 0 0 0 0 0 1 0
66 3 2 48 22 4 3 9 0 0 1 0 0 6 0 0
36 11 1 26 12 8 0 0 0 0 0 0 0 1 5 0
46 14 0 41 0 0 1 2 0 0 0 1 6 2 0 0
55 18 0 7 0 0 0 5 0 0 0 0 4 1 0 0
50 2 0 18 24 10 0 5 0 0 0 0 1 0 0 0
49 10 0 39 30 18 0 22 0 0 0 0 0 0 0 0
50 4 0 37 29 32 0 0 0 1 0 0 0 0 21 0
56 0 1 0 0 1 2 0 2 3 0 1 0 0 0 0
45 14 0 27 6 0 0 1 0 0 0 0 0 1 0 0
49 62 29 0 2 0 0 0 42 0 0 0 0 0 0 0
60 7 1 34 8 1 0 0 0 11 0 0 0 0 9 0
63 53 0 0 0 0 0 0 0 0 0 8 0 18 0 0
45 18 0 0 0 0 0 0 0 0 0 0 0 0 0 0
51 21 0 13 0 0 2 5 0 0 0 0 0 2 0 0
48 26 0 38 22 21 0 0 3 0 2 2 1 5 0 0
62 3 0 40 32 31 0 11 0 0 5 0 0 0 0 0
43 5 0 52 22 15 0 0 0 2 0 3 0 6 0 0
46 10 0 34 1 1 1 0 0 9 0 2 1 0 0 0
53 0 0 0 0 0 17 1 1 0 0 0 0 0 0 0
66 0 0 0 0 0 1 1 0 0 0 0 1 0 0 0
50 7 0 0 0 0 0 0 0 0 1 1 0 0 0 0
52 19 0 30 0 0 12 0 0 0 0 1 4 0 0 0
62 9 0 49 50 0 0 0 0 0 1 0 0 0 0 0
59 0 0 0 0 0 26 0 0 0 4 0 0 1 0 0
41 60 2 4 0 0 0 0 0 0 0 1 0 0 1 0
45 1 0 28 1 0 0 0 0 1 0 0 19 0 2 0
54 14 0 22 0 1 0 0 0 0 16 0 0 2 1 0
56 46 1 0 0 0 0 0 0 0 0 16 0 0 0 0
50 29 0 0 0 0 0 0 0 1 0 0 0 34 0 0
46 27 10 0 2 0 0 0 0 3 0 4 0 4 0 0
56 15 0 0 2 0 0 0 0 0 0 2 1 0 0 0
50 12 0 35 8 1 0 0 0 4 0 0 1 0 0 0
46 12 0 0 0 0 0 3 6 0 0 2 0 12 3 0
47 21 8 0 0 0 2 0 0 0 0 0 0 0 0 0
56 47 0 0 3 3 0 0 0 0 0 0 0 0 0 0
51 0 0 0 3 0 0 0 2 0 0 1 0 0 0 0
53 0 2 0 0 0 52 0 0 0 1 0 0 0 0 0
47 36 2 35 0 0 0 0 0 2 18 0 0 0 1 0
47 23 0 27 26 5 0 0 0 0 0 1 0 1 13 0
49 40 21 3 1 0 0 0 14 0 1 0 0 0 0 0
52 3 0 36 23 6 1 0 0 0 1 0 0 2 0 0
48 4 0 39 32 22 0 0 0 1 0 0 1 0 4 0
53 0 0 0 4 0 0 0 0 0 1 0 0 1 0 0
37 5 0 10 0 0 0 0 0 0 10 3 0 0 0 0
44 33 11 0 0 0 0 2 2 0 0 0 0 1 4 0
57 3 2 45 0 2 0 0 3 0 0 1 3 0 0 0
47 17 0 47 0 0 0 0 1 3 0 0 4 0 0 0
51 19 0 0 2 0 0 0 0 0 0 1 0 15 0 0
49 17 0 22 0 0 3 0 0 0 0 0 4 1 0 0
60 33 20 3 0 0 0 1 22 0 0 0 3 0 0 0
48 19 1 31 7 0 0 0 0 0 0 0 0 0 2 0
62 11 0 38 11 17 0 0 0 0 2 0 0 1 0 0
45 25 0 0 0 0 0 0 0 1 0 2 0 26 0 0
44 0 0 0 0 2 39 2 3 0 0 0 0 1 0 0
55 5 0 17 5 8 0 0 0 0 0 0 0 0 0 0
60 54 0 0 0 0 2 0 0 1 0 0 0 0 0 0
51 37 0 1 1 0 0 0 0 1 0 30 0 0 0 0
59 4 0 29 0 0 0 0 0 0 0 0 0 0 1 0
56 25 1 9 0 0 0 0 0 0 3 0 1 0 0 0
53 7 0 44 23 6 4 0 0 0 0 0 6 0 0 0
59 13 0 0 0 0 0 0 0 0 0 2 0 0 0 0
43 1 0 1 0 0 12 0 0 0 2 0 0 0 0 0
50 29 0 19 0 3 0 0 0 5 2 0 15 0 0 0
50 26 35 0 0 0 0 0 13 1 1 0 0 0 0 0
56 45 27 0 2 5 0 0 11 0 0 1 0 0 0 0
47 9 0 37 18 6 0 16 0 0 0 3 0 0 0 0
35 2 0 22 0 0 0 0 0 0 1 0 14 1 0 0
41 32 0 0 0 0 0 0 1 0 0 0 0 2 0 0
43 12 1 31 16 2 1 0 0 10 0 0 0 0 0 0
45 4 0 45 43 28 0 18 0 0 0 0 0 1 0 0
43 44 25 8 2 0 0 0 4 0 0 0 0 1 0 0
55 27 0 0 0 4 0 6 0 0 0 2 0 0 0 0
42 11 0 0 0 0 1 0 4 1 0 0 0 0 0 0
62 4 0 39 18 5 0 4 0 0 0 0 0 0 0 0
48 0 0 1 1 0 0 0 0 2 1 0 2 0 0 0
56 6 2 29 0 0 0 0 0 0 17 0 0 0 1 0
54 2 0 41 36 37 0 7 0 0 0 0 0 0 0 0
49 7 1 37 11 0 0 0 0 20 1 0 0 0 0 0
59 0 0 0 0 0 0 0 2 0 0 0 0 0 1 0
43 26 0 2 0 0 0 0 0 0 0 6 0 10 0 0
58 12 0 17 0 0 0 0 1 0 5 0 0 0 0 0
54 11 0 0 0 0 0 4 0 0 11 0 0 0 0 0
52 8 0 29 33 33 0 3 0 1 0 1 0 0 0 0
54 3 0 48 0 0 0 0 0 0 0 0 40 0 0 0
39 8 0 38 24 0 0 0 0 0 0 0 0 0 0 0
49 24 0 0 0 0 0 0 1 1 0 18 0 0 0 0
41 12 0 34 0 0 0 0 0 1 1 0 0 0 0 0
43 28 0 3 0 0 0 0 0 0 2 10 0 7 0 0
44 37 0 6 0 2 2 2 0 0 0 24 0 0 0 0
43 2 0 26 23 0 0 0 1 1 0 0 0 2 0 0
48 6 0 31 26 10 0 10 0 0 0 2 0 0 4 0
60 37 45 2 3 0 2 0 0 7 0 0 0 0 0 0
47 2 0 1 4 2 0 0 0 0 0 3 0 1 1 0
48 18 2 12 0 0 0 5 0 0 0 0 4 0 7 0
54 11 0 0 0 0 0 0 0 0 0 7 0 0 3 0
47 32 1 16 5 0 0 0 0 0 2 2 0 2 0 0
51 11 0 6 1 0 0 0 0 0 0 0 0 0 0 0
42 5 1 25 0 0 0 5 2 0 13 0 0 0 0 0
55 15 0 0 0 0 0 7 0 0 0 11 0 0 0 0
48 54 31 0 0 0 0 0 3 0 0 2 0 0 0 0
52 34 0 22 0 0 0 0 0 0 3 1 3 0 0 0
50 18 0 0 0 1 0 4 1 0 4 9 0 0 0 0
45 38 0 0 0 6 0 0 0 0 0 0 1 0 0 0
49 49 0 0 0 0 0 0 0 0 3 0 2 0 0 0
58 10 0 39 8 0 0 9 0 14 0 0 0 0 0 0
43 19 17 0 1 0 0 0 0 0 0 0 0 0 1 0
41 46 35 0 1 0 0 0 25 0 0 0 1 0 0 0
62 43 0 0 0 0 0 0 0 0 7 19 0 0 0 0
48 11 0 28 6 10 0 1 0 0 0 0 0 1 0 0
60 11 3 34 7 6 0 0 0 1 0 0 0 0 0 0
43 1 0 53 0 2 0 0 0 0 0 1 0 0 0 0
45 30 0 16 1 0 0 0 0 0 6 0 0 0 0 0
48 7 1 39 30 10 0 3 0 0 1 0 0 0 0 0
41 13 3 6 0 0 0 2 1 0 0 0 0 0 0 0
57 23 0 36 0 0 0 0 1 0 1 0 5 0 0 0
54 31 4 2 0 3 0 0 0 0 0 8 0 11 0 0
42 10 1 24 12 1 0 0 0 0 0 0 0 0 0 0
41 21 0 23 0 0 0 0 0 0 0 0 0 0 0 0
48 54 42 0 0 0 0 0 39 0 0 0 0 0 1 0
50 45 7 0 5 0 0 0 0 0 0 0 0 0 5 0
55 4 0 11 4 1 0 0 0 3 0 2 0 0 0 0
43 27 0 13 6 0 1 0 0 0 0 0 0 0 0 0
51 6 0 29 24 4 0 1 3 1 0 1 0 0 0 0
55 14 0 35 0 0 0 0 0 6 0 0 0 0 0 0
51 3 0 25 1 0 0 0 3 0 1 1 20 0 0 0
53 24 1 16 0 0 0 0 7 6 0 0 1 0 0 0
54 6 0 30 33 17 0 0 0 0 0 2 0 0 0 0
59 38 0 0 0 1 0 0 1 2 0 10 0 0 0 0
49 6 0 34 0 0 0 0 0 0 0 0 28 3 0 0
52 33 1 38 20 14 1 2 0 0 0 0 0 0 0 0
48 9 0 39 21 0 0 0 0 13 1 0 0 0 0 0
52 22 18 0 0 0 24 0 0 0 0 3 0 0 3 0
53 13 1 0 1 0 0 0 0 1 0 0 0 0 0 0
63 11 12 3 0 0 0 0 0 0 0 3 0 0 0 0
59 52 61 0 0 1 0 0 2 0 0 1 0 2 2 0
36 2 0 33 24 9 0 0 0 0 0 0 2 1 0 0
58 54 0 1 0 0 0 4 1 0 0 12 0 4 0 0
44 13 1 29 17 0 1 0 0 11 1 0 1 4 4 0
44 0 0 0 4 0 5 1 0 0 0 0 0 0 0 0
36 15 0 23 12 0 0 0 0 2 0 0 0 0 0 0
47 0 0 0 0 0 0 0 0 0 0 0 0 0 1 0
54 19 0 34 28 1 0 0 5 0 0 0 0 2 1 0
40 5 0 43 24 23 0 0 0 0 0 0 0 0 0 0
60 46 0 0 0 0 0 0 3 0 0 0 0 1 0 0
44 8 0 24 13 6 0 3 0 0 0 4 0 0 0 0
53 40 1 0 1 0 0 0 0 0 0 9 0 0 0 0
62 4 0 31 38 1 0 0 0 0 2 0 2 0 1 0
49 9 0 31 29 25 1 0 0 0 0 0 0 0 5 0
49 30 2 1 0 0 0 0 0 0 0 3 0 1 3 0
44 29 0 30 17 12 0 14 0 0 0 0 0 0 3 0
52 0 0 0 0 0 0 0 0 5 0 0 0 5 3 0
48 3 0 35 0 0 0 0 0 0 44 7 1 1 1 0
53 24 0 7 0 0 0 1 0 3 0 30 0 0 0 0
53 7 0 20 1 0 0 1 0 2 0 0 0 0 0 0
58 33 0 28 36 24 0 0 1 0 1 1 0 0 8 0
41 0 2 23 26 4 0 11 0 0 0 0 0 0 0 0
47 21 21 0 0 0 0 0 20 0 0 0 1 0 0 0
49 8 0 38 25 13 0 0 0 0 0 0 0 0 0 0
48 6 0 14 35 17 0 12 0 1 0 0 0 0 0 0
39 31 0 0 8 0 0 0 0 0 0 0 1 3 3 0
55 11 0 0 0 0 2 3 0 0 0 0 0 4 0 0
56 24 0 1 1 0 0 1 3 3 0 2 0 4 0 0
54 0 0 0 0 1 7 0 3 10 0 0 0 0 2 0
55 13 0 9 0 0 0 0 0 0 8 0 0 2 0 0
39 27 1 0 1 1 0 0 0 0 0 0 0 0 0 0
30 6 0 0 0 0 2 0 0 0 0 1 0 0 0 0
54 12 0 36 16 18 0 0 0 0 1 0 0 0 14 0
55 24 9 27 23 10 0 9 0 0 0 0 0 1 0 0
47 4 0 32 23 21 0 0 1 1 2 0 0 0 7 0
41 34 0 14 0 0 0 3 0 2 11 0 0 0 0 0
38 3 0 29 26 27 0 0 0 0 1 0 0 0 1 0
53 1 0 0 0 0 0 0 0 0 10 6 0 0 0 0
58 35 0 0 0 0 0 0 0 0 0 3 0 1 1 0
51 14 0 23 0 0 0 0 0 0 0 0 4 6 3 0
54 32 11 0 0 0 0 0 0 0 0 0 0 0 0 0
57 3 0 32 0 0 0 0 0 0 0 0 11 0 0 0
48 27 6 3 1 0 0 0 0 0 0 1 0 0 1 0
61 1 1 39 36 31 0 0 0 2 0 0 0 0 12 0
41 22 0 24 7 0 0 0 0 0 1 0 0 0 0 0
47 4 0 19 1 3 0 0 1 0 1 1 2 0 1 0
50 16 0 30 8 1 0 0 0 10 0 0 0 4 0 0
61 0 0 35 11 15 0 2 0 0 0 0 0 0 0 0
53 0 0 0 0 3 0 0 0 0 0 1 0 0 0 0
57 21 0 13 0 0 0 1 1 1 0 0 0 0 0 0
56 46 3 0 0 8 0 0 0 0 0 23 0 0 0 0
34 17 0 23 0 0 0 0 0 3 0 0 0 0 0 0
58 25 0 22 0 0 1 0 0 0 1 0 0 0 0 0
48 8 0 2 0 0 0 0 0 1 0 0 0 1 0 0
39 44 0 0 0 0 0 3 0 0 0 36 0 7 1 0
50 4 0 27 26 12 0 0 2 0 0 0 0 0 0 0
54 0 0 0 0 0 52 0 0 0 0 1 0 0 0 0
45 38 0 0 0 0 0 0 0 0 7 16 0 3 0 0
36 23 1 0 0 0 0 2 0 0 0 0 0 2 2 0
43 0 0 0 2 0 0 0 1 0 0 1 0 0 2 0
54 4 0 37 0 1 0 0 1 1 0 0 34 0 0 0
56 26 0 15 14 0 0 0 0 0 0 0 0 0 0 0
37 15 1 31 30 21 1 29 0 0 0 2 0 0 1 0
39 1 2 36 0 2 1 2 0 0 10 0 0 0 0 0
53 13 0 32 0 17 1 4 0 0 0 0 4 0 0 0
50 24 0 25 18 0 0 0 0 0 0 0 0 0 0 0
56 2 0 1 0 3 0 0 0 0 0 0 4 0 0 0
47 43 0 0 0 5 0 0 0 2 0 19 2 0 0 0
64 33 0 26 10 0 0 0 0 2 0 1 0 6 0 0
42 6 0 0 5 0 0 0 0 1 0 1 0 0 5 0
68 22 0 0 0 0 0 1 0 0 1 7 0 3 0 0
54 16 0 0 2 0 0 1 1 1 0 0 0 0 0 0
56 38 30 0 0 0 0 0 24 0 0 0 1 1 0 0
52 1 0 0 0 0 0 5 0 0 1 0 0 1 2 0
56 5 0 7 0 0 0 0 0 1 0 0 0 0 0 0
55 31 0 3 2 0 0 0 0 0 0 5 0 0 0 0
53 18 0 25 25 0 2 0 1 0 0 0 0 0 0 0
63 31 27 0 0 0 0 0 10 0 0 0 1 1 0 0
46 0 1 0 1 0 0 0 0 0 0 0 0 0 0 0
37 9 0 29 28 22 0 0 0 2 0 0 9 0 2 0
59 48 0 6 0 0 0 0 0 0 4 2 0 0 0 0
42 20 0 27 0 0 1 0 11 0 19 1 2 0 0 0
52 3 0 29 3 0 0 0 2 0 0 0 0 0 0 0
44 8 0 10 21 15 0 12 0 0 0 0 0 2 0 0
56 45 0 0 1 0 0 0 0 2 0 22 2 0 0 0
46 11 0 26 21 0 0 1 0 0 0 0 0 4 0 0
61 0 0 0 0 0 51 0 0 0 0 1 0 0 0 0
56 12 7 40 25 31 0 0 2 0 1 0 0 0 2 0
57 45 0 0 1 0 0 0 0 0 1 1 2 30 0 0
53 0 0 1 0 0 41 1 0 0 0 0 1 1 1 0
51 10 0 18 14 0 0 0 0 1 0 0 0 1 1 0
55 0 0 0 1 0 23 0 4 0 7 0 0 0 0 0
62 0 0 0 0 3 32 0 0 0 0 0 0 0 2 0
43 45 24 0 1 1 0 0 10 0 0 0 0 1 0 0
48 41 5 3 0 0 0 0 0 0 0 1 0 0 0 0
53 40 0 3 0 0 0 2 0 0 0 0 0 0 0 0
42 20 0 14 0 0 0 0 0 0 0 1 3 0 0 0
39 3 0 23 6 9 0 0 1 3 0 0 0 0 0 0
55 5 0 28 2 0 0 0 0 0 0 0 0 0 0 0
47 8 1 30 0 0 0 0 0 0 15 0 0 0 2 0
49 64 34 0 0 0 0 0 30 2 3 0 1 0 0 0
52 42 24 0 0 0 0 0 0 0 0 0 0 0 0 0
39 9 0 22 2 0 0 0 0 0 1 0 20 0 0 0
58 42 0 0 3 1 0 4 0 0 0 11 0 4 0 0
37 0 0 0 0 0 19 0 0 0 0 0 0 0 0 0
46 27 8 0 0 0 0 0 0 2 0 0 0 4 0 0
40 4 0 36 0 0 0 0 0 0 0 0 37 4 0 0
65 14 1 33 1 0 0 1 0 0 16 0 0 1 2 0
54 29 3 0 0 0 2 0 0 1 0 0 0 0 0 0
48 0 0 0 0 0 49 3 0 0 0 0 0 1 0 0
37 4 0 0 1 0 0 0 0 1 0 0 0 6 0 0
51 7 0 21 25 8 1 0 0 0 0 1 0 0 14 0
39 3 0 34 20 17 2 0 0 0 0 0 0 0 11 0
55 6 1 42 14 5 0 3 0 0 1 0 0 0 8 0
54 27 4 0 2 0 0 0 8 0 0 0 0 0 2 0
58 58 0 0 0 4 0 0 1 0 0 27 0 5 0 0
53 24 0 23 7 0 0 0 0 3 0 0 2 0 0 0
46 11 18 2 4 0 0 8 7 2 1 1 0 0 1 0
34 23 0 27 8 0 0 0 0 0 0 0 0 1 0 0
40 29 0 26 1 3 0 0 0 0 0 0 0 0 0 0
52 59 3 0 3 7 0 0 1 0 0 13 2 0 0 0
50 15 0 0 1 1 0 3 0 0 0 17 0 0 1 0
51 19 7 0 5 0 4 1 0 0 0 0 0 0 0 0
54 21 1 13 0 0 0 0 0 0 4 0 15 7 0 0
45 26 0 13 17 6 0 0 0 0 0 0 4 2 0 0
67 1 0 32 18 22 0 1 0 0 0 1 0 0 3 0
50 37 1 18 0 4 1 0 0 0 0 2 0 0 0 0
55 14 0 33 0 0 0 6 0 0 24 1 0 0 0 0
45 5 0 25 22 7 1 0 1 3 0 0 0 0 3 0
48 48 37 0 0 0 0 0 1 1 0 0 0 0 0 0
53 1 1 0 1 0 17 2 0 0 0 0 0 0 0 0
48 0 0 1 0 0 12 0 0 0 0 0 1 0 0 0
49 5 0 39 42 24 0 2 0 5 0 0 0 0 0 0
52 4 0 34 7 0 0 0 0 3 0 0 2 0 0 0
45 17 0 22 3 0 0 0 0 3 0 0 11 0 1 0
47 17 6 0 0 4 0 0 0 0 0 0 0 0 0 0
61 44 0 0 0 0 0 0 5 1 2 37 0 0 0 0
51 10 0 0 8 5 0 0 2 0 0 2 0 0 0 0
57 37 0 0 0 5 0 0 0 0 0 0 0 0 0 0
50 1 0 0 0 1 0 0 1 1 0 0 0 1 0 0
45 22 1 15 0 0 4 0 0 1 6 0 0 0 0 0
52 16 15 2 0 0 0 0 0 0 0 0 0 0 0 0
52 31 0 15 0 0 3 0 0 2 0 0 0 0 4 0
41 42 4 4 0 0 0 0 0 0 0 14 0 0 3 0
53 0 0 0 0 1 36 0 1 0 0 0 0 0 0 0
47 0 0 0 0 0 0 0 2 0 8 0 6 0 0 0
50 15 0 16 5 1 0 9 0 0 0 0 0 0 2 0
53 32 32 0 0 0 0 6 30 0 0 1 13 0 0 0
41 3 1 31 10 0 0 0 0 1 0 0 0 2 0 0
46 5 0 21 4 4 1 0 0 0 0 0 1 0 0 0
52 18 0 9 8 3 1 3 0 0 0 0 0 0 0 0
43 5 0 38 26 0 0 1 0 0 0 0 0 0 0 0
46 42 0 0 0 0 1 0 0 0 0 0 0 0 0 0
39 10 0 44 11 17 0 0 2 0 0 0 1 0 1 0
53 6 0 36 18 6 2 0 0 2 0 0 0 0 0 0
52 6 0 53 19 29 0 2 0 0 3 0 7 0 0 0
40 19 0 41 13 6 2 0 0 0 0 0 1 0 12 0
44 6 0 16 23 0 0 0 1 7 0 0 0 0 0 0
36 50 0 17 0 0 0 0 0 2 0 0 0 0 0 0
71 25 0 41 29 2 2 0 0 0 0 0 0 2 0 0
53 0 0 29 28 5 0 4 0 0 0 0 0 0 3 0
61 6 0 23 8 0 0 0 0 0 0 0 0 0 0 0
65 2 0 21 0 0 5 0 0 0 0 1 20 0 0 0
45 52 0 3 5 0 0 0 0 0 0 5 2 0 0 0
50 40 0 4 0 0 0 0 0 0 0 0 6 0 5 0
54 28 0 0 0 2 0 0 0 0 0 0 0 0 0 0
53 11 0 42 0 0 0 7 0 0 0 2 24 0 0 0
57 1 0 0 0 0 0 0 0 0 0 3 1 0 0 0
40 1 0 29 1 0 0 2 0 0 1 0 17 1 0 0
46 0 0 1 0 0 9 0 0 0 0 0 0 0 0 0
40 0 0 0 0 0 30 1 2 0 1 0 4 0 0 0
45 24 0 14 2 3 0 0 0 0 7 0 0 0 3 0
50 3 0 33 0 0 0 0 8 0 0 4 13 0 0 0
39 5 0 36 33 13 0 0 0 1 0 0 0 0 9 0
47 0 0 0 0 0 31 2 0 0 0 0 0 0 0 0
35 24 0 0 2 0 0 0 1 0 0 11 1 8 0 0
46 37 9 5 0 0 0 0 0 0 0 3 0 0 0 0
46 20 0 0 0 0 0 0 8 0 4 3 0 0 0 0
52 9 0 41 10 3 0 4 0 0 1 0 0 1 9 0
36 41 0 0 0 0 0 0 4 3 0 21 0 0 0 0
61 43 0 0 0 3 1 0 0 0 0 24 0 0 2 0
52 2 0 32 14 26 0 0 1 7 2 1 0 0 9 0
49 5 0 48 19 0 0 0 0 4 0 0 1 0 1 0
42 0 0 37 0 0 0 0 0 0 2 0 17 0 1 0
45 52 37 0 4 0 0 0 9 0 0 0 0 0 0 0
56 40 23 3 0 0 2 13 8 0 0 0 3 0 0 0
42 45 0 0 0 0 0 1 0 0 0 36 0 0 0 0
47 17 0 27 17 15 0 0 0 1 0 0 0 2 0 0
45 30 0 23 0 0 0 0 0 0 0 1 0 0 0 0
59 33 20 1 0 5 0 0 0 0 0 0 0 1 0 0
65 10 0 0 0 0 0 0 0 0 0 0 0 0 0 0
48 46 39 0 0 2 0 0 0 0 0 0 0 0 0 0
62 29 5 0 0 0 0 0 0 3 0 12 0 0 0 0
53 23 0 15 3 0 0 0 1 10 0 0 0 0 0 0
51 28 2 7 1 0 0 0 0 5 0 2 0 0 4 0
43 42 0 0 5 0 3 2 2 1 0 2 0 9 0 0
45 38 0 2 0 0 1 2 0 0 3 1 0 0 2 0
47 41 0 2 1 0 0 0 0 2 1 30 0 1 0 0
47 36 24 0 1 0 0 0 0 0 0 0 0 0 0 0
50 20 0 29 9 0 0 0 1 0 2 0 0 0 1 0
44 5 0 31 15 0 0 0 0 0 0 1 0 0 2 0
46 42 46 0 0 0 0 1 20 0 0 4 0 0 0 0
47 41 3 0 0 0 0 0 0 0 0 2 0 0 0 0
44 2 3 32 42 36 0 18 0 0 0 0 0 0 0 0
44 35 0 1 0 1 1 0 0 2 1 1 0 1 0 0
38 46 0 0 0 0 0 0 0 0 0 0 0 0 0 0
42 1 0 31 29 13 2 0 2 0 0 1 0 0 8 0
45 42 17 0 2 1 0 0 9 2 0 0 0 0 0 0
39 6 0 28 14 7 1 12 0 0 1 0 0 0 0 0
64 3 0 35 36 9 0 0 10 0 0 0 0 0 0 0
48 45 0 0 0 0 0 0 0 0 0 3 9 1 0 0
51 3 0 33 0 0 1 0 0 0 20 0 0 0 0 0
