1.0000 0.0364 0.0000 0.1029 0.0000 0.0000 0.0328 0.0000 0.0000 0.0000 0.0000 0.0000 0.0000 0.0444 0.0000 0.0000
1.0000 0.3137 0.0233 0.6739 0.5088 0.1087 0.0000 0.0000 0.0000 0.0000 0.0179 0.0000 0.0000 0.0000 0.0182 0.0000
1.0000 0.1818 0.0000 0.3966 0.3281 0.0000 0.0000 0.0000 0.0000 0.0000 0.0000 0.0000 0.0000 0.0000 0.0000 0.0000
1.0000 0.5577 0.0000 0.5400 0.0000 0.0000 0.0182 0.0000 0.0000 0.0000 0.0000 0.0133 0.2549 0.0000 0.0000 0.0000
1.0000 0.2558 0.0000 0.7551 0.0000 0.0000 0.0000 0.0000 0.0000 0.0000 0.3077 0.0000 0.0000 0.0000 0.1750 0.0000
1.0000 0.6949 0.0185 0.0000 0.0000 0.0000 0.0000 0.0000 0.0000 0.0000 0.0000 0.4667 0.0000 0.2250 0.2340 0.0000
1.0000 0.0000 0.0000 0.6786 0.0000 0.0000 0.0000 0.0000 0.0000 0.0364 0.2609 0.0000 0.0000 0.0227 0.0000 0.0000
1.0000 0.6250 0.0000 0.0000 0.0000 0.0000 0.0000 0.0233 0.0727 0.0000 0.0000 0.0698 0.0000 0.4545 0.0000 0.0000
1.0000 0.0794 0.1250 0.5345 0.2963 0.1522 0.0000 0.0000 0.0000 0.0000 0.0000 0.0000 0.0000 0.0000 0.0000 0.0000
1.0000 0.2167 0.0000 0.7925 0.6667 0.0870 0.0000 0.0698 0.0000 0.0000 0.0893 0.0000 0.0200 0.0000 0.0000 0.0000
1.0000 0.0000 0.0213 0.0000 0.0339 0.0000 0.0000 0.0577 0.0182 0.0000 0.0227 0.0000 0.0000 0.0000 0.0000 0.0000
1.0000 0.0217 0.0000 0.0000 0.0385 0.0189 0.0161 0.0000 0.0000 0.0000 0.0000 0.0000 0.0370 0.0000 0.0000 0.0000
0.9362 0.0926 0.0227 0.0000 0.0000 0.0392 0.9825 0.0000 0.0926 0.0000 0.0000 0.0000 0.0000 0.0714 0.0000 0.0000
1.0000 0.8841 0.0000 0.0000 0.0000 0.0000 0.0000 0.0000 0.0000 0.0000 0.0000 0.0000 0.0000 0.0000 0.0000 0.0000
1.0000 0.3696 0.1000 0.1154 0.0377 0.0000 0.0000 0.0000 0.0000 0.0339 0.0000 0.0000 0.0000 0.0000 0.0000 0.0000
1.0000 0.2632 0.1200 0.4694 0.0000 0.0000 0.0000 0.0000 0.0000 0.0000 0.0217 0.0222 0.0000 0.0000 0.0526 0.0000
1.0000 0.1837 0.0000 0.6250 0.2182 0.0000 0.0000 0.0000 0.0000 0.1200 0.0000 0.0208 0.0000 0.0426 0.0000 0.0000
1.0000 0.6829 0.0000 0.0204 0.0000 0.0000 0.0000 0.0000 0.0000 0.0000 0.0000 0.3864 0.0182 0.3958 0.0000 0.0000
0.9333 0.3115 0.0000 0.4400 0.0000 0.0000 0.0000 0.0000 0.0000 0.0000 0.0233 0.0000 0.0000 0.0000 0.2414 0.0000
1.0000 0.0000 0.0000 0.0000 0.0000 0.0000 0.0000 0.0000 0.0000 0.0000 0.0000 0.0000 0.0000 0.0000 0.0000 0.0000
1.0000 0.0000 0.0000 0.7111 0.0500 0.0000 0.0000 0.0000 0.0714 0.0962 0.0000 0.0000 0.0000 0.0000 0.0000 0.0000
1.0000 0.7381 0.0192 0.2653 0.0500 0.0000 0.0000 0.0345 0.0256 0.0000 0.0000 0.0000 0.0476 0.0000 0.0000 0.0000
1.0000 0.1538 0.0000 0.8511 0.0339 0.0000 0.0000 0.0204 0.0000 0.0000 0.0000 0.0000 0.0152 0.0000 0.0000 0.0000
1.0000 0.0909 0.1017 0.4500 0.0172 0.0000 0.0213 0.0000 0.0000 0.0000 0.0000 0.0182 0.0000 0.0238 0.0000 0.0000
1.0000 0.0870 0.0000 0.8444 0.3000 0.0000 0.0000 0.0000 0.0000 0.3158 0.0000 0.0000 0.0182 0.0556 0.0182 0.0000
1.0000 0.1154 0.0000 0.7021 0.2353 0.0000 0.0357 0.0000 0.0000 0.5882 0.0000 0.0000 0.0000 0.0000 0.0147 0.0000
1.0000 0.4444 0.0159 0.5000 0.4068 0.5686 0.2241 0.1091 0.0000 0.0000 0.0000 0.0000 0.0000 0.0444 0.0000 0.0000
1.0000 0.6122 0.4792 0.0208 0.0435 0.0000 0.0000 0.0328 0.2553 0.0600 0.0000 0.0000 0.0000 0.0000 0.0000 0.0000
0.9600 0.2500 0.0000 0.7778 0.7857 0.7358 0.0000 0.1020 0.0000 0.0000 0.0000 0.0577 0.0851 0.0000 0.0000 0.0000
1.0000 0.0227 0.0000 0.9464 0.0000 0.0189 0.0000 0.1190 0.0370 0.0000 0.6981 0.0000 0.0000 0.0000 0.0000 0.0000
0.9348 0.5000 0.0465 0.0000 0.0000 0.0000 0.0000 0.0000 0.0000 0.0182 0.0000 0.0000 0.0000 0.0000 0.0000 0.0000
1.0000 0.3396 0.0000 0.5000 0.0820 0.0000 0.0000 0.0156 0.0000 0.2877 0.0000 0.0000 0.0000 0.0000 0.0303 0.0000
1.0000 0.1132 0.0333 0.9615 0.2500 0.0000 0.0000 0.0000 0.0000 0.3514 0.0000 0.0179 0.0000 0.0444 0.0000 0.0000
1.0000 0.4808 0.5882 0.0179 0.0588 0.0000 0.0000 0.0000 0.0811 0.0000 0.0000 0.0000 0.0000 0.1207 0.0000 0.0000
1.0000 0.5532 0.0000 0.0000 0.0000 0.0000 0.0000 0.0000 0.0204 0.0000 0.0000 0.4182 0.0000 0.0000 0.0000 0.0000
1.0000 0.6557 0.0816 0.1463 0.0851 0.0000 0.0000 0.0000 0.0000 0.0000 0.0000 0.0000 0.0000 0.0149 0.0213 0.0000
1.0000 0.1136 0.0000 0.3396 0.2407 0.0000 0.0000 0.0217 0.0000 0.0541 0.0000 0.0423 0.0000 0.0000 0.2128 0.0000
1.0000 0.0000 0.0000 0.0392 0.0000 0.0000 0.0357 0.0000 0.0000 0.0000 0.0244 0.0000 0.0000 0.0000 0.0222 0.0000
1.0000 0.1556 0.0000 0.3478 0.0196 0.0000 0.0000 0.0000 0.0000 0.0000 0.0000 0.0750 0.2609 0.0377 0.0000 0.0000
0.9831 0.0536 0.0000 0.8947 0.4259 0.2917 0.0000 0.0000 0.0000 0.0000 0.0000 0.0000 0.0612 0.0000 0.4717 0.0000
1.0000 0.5000 0.0156 0.5294 0.0000 0.0000 0.0526 0.0000 0.0000 0.0000 0.0566 0.0000 0.0000 0.0000 0.0000 0.0000
1.0000 0.0000 0.0000 0.7907 0.3167 0.1600 0.0000 0.0000 0.0000 0.0196 0.0000 0.0526 0.0154 0.0000 0.0000 0.0000
1.0000 0.0000 0.0000 0.0000 0.0000 0.0000 0.7255 0.0000 0.0000 0.0781 0.0000 0.0000 0.1228 0.0000 0.0000 0.0000
1.0000 0.6885 0.1852 0.0000 0.0370 0.0851 0.0308 0.0000 0.0000 0.0000 0.0000 0.0000 0.0000 0.0000 0.0000 0.0000
1.0000 0.0000 0.0000 0.0000 0.0000 0.0208 0.5370 0.0000 0.0208 0.0217 0.0000 0.1111 0.0000 0.0000 0.0000 0.0000
1.0000 0.2131 0.0000 0.8810 0.5000 0.1860 0.0000 0.0000 0.0000 0.0408 0.0000 0.0000 0.1020 0.0000 0.0364 0.0000
0.9783 0.6604 0.5652 0.1964 0.0000 0.0000 0.0000 0.0000 0.5116 0.0000 0.0278 0.0000 0.0000 0.0000 0.0000 0.0000
0.8864 0.4426 0.0000 0.0000 0.0800 0.0000 0.0000 0.0000 0.0000 0.0000 0.0000 0.0364 0.0000 0.0000 0.0000 0.0000
0.9592 0.0000 0.0000 0.0233 0.0000 0.0000 0.0000 0.2174 0.0000 0.0000 0.0000 0.0000 0.0000 0.0000 0.0000 0.0000
1.0000 0.8226 0.0000 0.0000 0.0000 0.0000 0.0545 0.0000 0.0196 0.0000 0.0000 0.0000 0.0000 0.0189 0.0000 0.0000
1.0000 0.1395 0.0000 0.8431 0.0000 0.0000 0.0000 0.0244 0.0200 0.0000 0.8491 0.0000 0.0000 0.0000 0.0000 0.0000
1.0000 0.2979 0.0000 0.5882 0.1429 0.0204 0.0000 0.0000 0.0000 0.1290 0.0000 0.0000 0.0000 0.0000 0.0000 0.0000
1.0000 0.4390 0.0000 0.5577 0.0000 0.0000 0.0000 0.0000 0.0000 0.0000 0.1887 0.0000 0.0000 0.0000 0.0000 0.0000
1.0000 0.0784 0.0000 0.7949 0.5273 0.3898 0.0308 0.0000 0.0000 0.0000 0.0000 0.0000 0.0263 0.0000 0.2833 0.0000
1.0000 0.4200 0.0000 0.0000 0.0000 0.0000 0.0000 0.1042 0.0000 0.0000 0.0000 0.0000 0.0000 0.0000 0.0000 0.0000
1.0000 0.0000 0.0000 0.0000 0.0200 0.0000 0.5472 0.0000 0.0000 0.0000 0.0000 0.0000 0.0000 0.1111 0.0000 0.0000
1.0000 0.2281 0.0000 0.3659 0.4773 0.2692 0.0000 0.0909 0.0000 0.0000 0.0000 0.0000 0.0000 0.0000 0.0000 0.0000
1.0000 0.0000 0.0238 0.0000 0.0435 0.0000 0.4286 0.0000 0.0000 0.0000 0.0222 0.0000 0.0000 0.0000 0.0000 0.0000
1.0000 0.2222 0.0455 0.4082 0.0000 0.0625 0.1525 0.0000 0.0392 0.0000 0.1296 0.0000 0.6393 0.0000 0.0244 0.0000
1.0000 0.1538 0.0143 0.5763 0.4833 0.1296 0.0000 0.0000 0.0000 0.0000 0.0000 0.0000 0.0000 0.0000 0.3051 0.0000
1.0000 0.3864 0.0213 0.0000 0.0000 0.0000 0.0000 0.1481 0.0000 0.0217 0.0000 0.0000 0.0000 0.0833 0.0000 0.0000
1.0000 0.2000 0.0000 0.4340 0.1628 0.1020 0.0588 0.0000 0.0000 0.0000 0.0000 0.0000 0.0000 0.0000 0.0000 0.0000
1.0000 0.9070 0.5556 0.0000 0.0000 0.0000 0.0000 0.0000 0.0714 0.0175 0.0189 0.0000 0.0000 0.0000 0.0182 0.0000
0.9808 0.7073 0.0000 0.0204 0.0185 0.0000 0.0000 0.0000 0.0000 0.0000 0.0625 0.6667 0.0000 0.1087 0.0000 0.0000
1.0000 0.4000 0.0000 0.3115 0.2553 0.2889 0.0000 0.0000 0.0000 0.0000 0.0000 0.0000 0.0870 0.0000 0.0238 0.0000
1.0000 0.0000 0.0000 0.0000 0.0000 0.0000 0.1591 0.0000 0.0000 0.0000 0.0000 0.0000 0.1346 0.0000 0.0000 0.0000
1.0000 0.6383 0.0000 0.0000 0.0222 0.0000 0.0000 0.0417 0.0000 0.0385 0.0364 0.6087 0.0000 0.0250 0.0000 0.0000
1.0000 0.2745 0.0333 0.6410 0.1042 0.0000 0.0159 0.0000 0.1538 0.0000 0.0000 0.0000 0.0000 0.0000 0.0000 0.0000
1.0000 0.9348 0.0000 0.0000 0.0000 0.0182 0.0357 0.0000 0.0250 0.0000 0.0000 0.5526 0.0000 0.0000 0.0164 0.0000
1.0000 0.3333 0.0000 0.1803 0.0000 0.0000 0.0000 0.0000 0.0000 0.0000 0.0000 0.0000 0.0000 0.0000 0.0213 0.0000
0.9385 0.6250 0.0000 0.0000 0.0000 0.0000 0.0000 0.0213 0.1176 0.0000 0.0000 0.2245 0.0000 0.1818 0.0000 0.0000
1.0000 1.0000 0.0339 0.0000 0.0000 0.0000 0.0000 0.0000 0.0000 0.0000 0.0000 0.5741 0.0182 0.6957 0.0909 0.0000
1.0000 0.9839 0.0213 0.0000 0.0000 0.0000 0.0000 0.0000 0.0000 0.0000 0.0000 0.4762 0.1316 0.0769 0.0000 0.0000
1.0000 0.2157 0.0000 0.0476 0.0000 0.0182 0.0000 0.0000 0.0000 0.0000 0.4348 0.0217 0.0000 0.0000 0.0000 0.0000
1.0000 0.1667 0.0000 0.7955 0.6481 0.3448 0.0000 0.0000 0.0000 0.0000 0.0526 0.0278 0.0000 0.0000 0.0000 0.0000
1.0000 0.0000 0.0000 0.0208 0.0000 0.0000 0.2941 0.0000 0.0000 0.0000 0.0208 0.0000 0.0000 0.0000 0.0000 0.0000
0.9804 0.0656 0.0000 0.8462 0.7105 0.0000 0.0714 0.0000 0.0000 0.2745 0.0000 0.0000 0.1194 0.0000 0.0000 0.0000
1.0000 0.9512 0.0000 0.0000 0.0000 0.0000 0.0435 0.0164 0.0000 0.0000 0.0000 0.0000 0.0278 0.5926 0.0000 0.0000
0.9394 0.0000 0.0164 0.0000 0.0000 0.0000 0.6053 0.0000 0.0204 0.0000 0.0161 0.0000 0.0000 0.0233 0.0000 0.0000
0.9767 0.7000 0.1739 0.0233 0.0000 0.0167 0.0000 0.0000 0.0000 0.1607 0.0000 0.0000 0.0000 0.0000 0.0000 0.0000
0.9811 0.1846 0.0000 0.2927 0.2407 0.0600 0.0000 0.0000 0.0000 0.0000 0.0000 0.0000 0.0200 0.0000 0.0000 0.0000
0.9231 0.3621 0.0000 0.6724 0.1667 0.0000 0.0000 0.1071 0.0000 0.0492 0.0000 0.0408 0.0000 0.0000 0.0000 0.0000
0.9000 0.5918 0.0000 0.0000 0.0204 0.0179 0.0000 0.0200 0.0000 0.0000 0.0000 0.2692 0.0000 0.1500 0.0000 0.0000
1.0000 0.7778 0.0000 0.0000 0.0556 0.0000 0.0000 0.0000 0.0000 0.0000 0.0000 0.0000 0.0000 0.0000 0.0000 0.0000
1.0000 0.0204 0.0000 0.0000 0.0000 0.1224 0.6727 0.0000 0.0667 0.0000 0.0000 0.0000 0.0000 0.0000 0.0000 0.0000
1.0000 0.4688 0.1346 0.0000 0.0222 0.0000 0.0000 0.0000 0.0435 0.0000 0.0000 0.0000 0.0000 0.0000 0.0000 0.0000
1.0000 0.3519 0.4565 0.0000 0.0000 0.0000 0.0612 0.0000 0.3654 0.0000 0.0000 0.1132 0.0233 0.0000 0.0000 0.0000
1.0000 0.9057 0.0000 0.0000 0.0667 0.0577 0.0270 0.0000 0.0000 0.0263 0.0000 0.0357 0.0000 0.0000 0.0000 0.0000
1.0000 0.2264 0.0000 0.4884 0.2143 0.1379 0.0000 0.1831 0.0278 0.0000 0.0000 0.0000 0.0000 0.0000 0.0000 0.0000
1.0000 0.1176 0.0000 0.8644 0.2727 0.1111 0.0000 0.0000 0.0000 0.0169 0.1053 0.1224 0.0000 0.0000 0.0000 0.0000
0.7843 0.5962 0.1489 0.0000 0.1136 0.0000 0.0000 0.0217 0.0000 0.0000 0.0233 0.0000 0.0000 0.0000 0.0000 0.0000
1.0000 0.6429 0.8409 0.0000 0.0000 0.0222 0.0164 0.0208 0.6078 0.0435 0.0000 0.0000 0.0000 0.0000 0.0213 0.0000
0.9811 0.7200 0.0169 0.0000 0.0000 0.0000 0.0000 0.0000 0.0000 0.0000 0.0000 0.1304 0.0000 0.1923 0.0000 0.0000
1.0000 0.0000 0.0000 0.0000 0.0000 0.0154 0.7143 0.0000 0.0000 0.0000 0.0000 0.0000 0.0000 0.0000 0.0000 0.0000
0.9825 0.7045 0.0000 0.0000 0.0192 0.0000 0.0000 0.0000 0.0000 0.0980 0.0000 0.0000 0.0000 0.0000 0.0000 0.0000
0.8864 0.0667 0.0000 0.8889 0.1000 0.0000 0.0392 0.0000 0.0000 0.0000 0.2439 0.0000 0.0000 0.0000 0.0000 0.0000
0.8750 0.0682 0.0000 0.0492 0.0000 0.0392 0.0000 0.0000 0.0000 0.0217 0.0000 0.0000 0.0000 0.0000 0.0000 0.0000
0.9796 0.1481 0.0000 0.6122 0.7667 0.2917 0.0000 0.0000 0.0000 0.0000 0.0000 0.0204 0.0000 0.0189 0.0000 0.0000
1.0000 0.4921 0.0000 0.4906 0.1818 0.0000 0.0000 0.0000 0.0000 0.1207 0.0962 0.0000 0.0000 0.0000 0.0000 0.0000
1.0000 0.0566 0.0426 0.8478 0.1136 0.0000 0.0000 0.0000 0.0833 0.0000 0.0345 0.0192 0.6792 0.0000 0.0000 0.0000
1.0000 0.2075 0.0000 0.8947 0.4200 0.0185 0.0000 0.0000 0.0000 0.0000 0.0000 0.0000 0.0000 0.0000 0.0000 0.0000
1.0000 0.3125 0.0000 0.7609 0.6604 0.1695 0.0000 0.0179 0.0000 0.0400 0.0000 0.0000 0.0000 0.0000 0.0000 0.0000
0.9804 0.3148 0.0000 0.2340 0.1064 0.2143 0.0000 0.0000 0.0000 0.0000 0.0000 0.0164 0.0000 0.0000 0.0000 0.0000
1.0000 0.0938 0.0000 0.8605 0.5238 0.0000 0.0000 0.0164 0.0000 0.0227 0.0000 0.0000 0.0000 0.0000 0.0208 0.0000
1.0000 0.2449 0.0000 0.6939 0.5000 0.4186 0.0652 0.1250 0.0000 0.0000 0.0000 0.1042 0.0000 0.0000 0.0000 0.0000
0.9841 0.9302 0.6275 0.0000 0.1132 0.0000 0.0000 0.0000 0.1765 0.0000 0.0000 0.0000 0.0000 0.0000 0.0000 0.0000
1.0000 0.0000 0.0000 0.0000 0.0000 0.0000 0.0000 0.0000 0.0000 0.0000 0.0000 0.0000 0.0889 0.0250 0.0000 0.0000
0.9828 0.0000 0.0000 0.5410 0.3774 0.1091 0.0000 0.1860 0.0204 0.0000 0.0213 0.0000 0.0000 0.0000 0.0357 0.0000
0.9833 0.9630 0.1250 0.0000 0.0204 0.0217 0.0000 0.0000 0.0000 0.0000 0.0213 0.0000 0.0000 0.0000 0.0345 0.0000
1.0000 0.2750 0.0000 0.3065 0.0000 0.0000 0.0000 0.0000 0.0000 0.0000 0.0000 0.0000 0.0333 0.0000 0.0256 0.0000
1.0000 0.2600 0.0000 0.7436 0.1316 0.0000 0.0000 0.0000 0.0000 0.0000 0.0000 0.0465 0.0000 0.0000 0.0000 0.0000
1.0000 0.1091 0.0000 0.2885 0.1707 0.0682 0.0000 0.0000 0.0000 0.0000 0.0000 0.0175 0.0000 0.0000 0.0000 0.0000
1.0000 0.4615 0.0000 0.6000 0.1731 0.0000 0.0000 0.0000 0.0000 0.0000 0.0652 0.0976 0.0455 0.0000 0.0000 0.0000
0.9149 0.1579 0.0000 0.0175 0.0000 0.0000 0.7143 0.0000 0.0938 0.0233 0.0200 0.0000 0.0000 0.0417 0.0000 0.0000
0.9818 0.0233 0.0769 0.0000 0.0000 0.0000 0.0000 0.0000 0.0000 0.0667 0.0000 0.0000 0.0426 0.0566 0.0000 0.0000
1.0000 0.0741 0.0000 0.7500 0.0196 0.1154 0.0000 0.0000 0.0000 0.0000 0.4082 0.0000 0.0233 0.0000 0.0000 0.0000
1.0000 0.6842 0.0000 0.0000 0.0000 0.0000 0.0000 0.0000 0.0000 0.0000 0.0000 0.0455 0.0167 0.1964 0.0364 0.0000
1.0000 0.0204 0.0250 0.0000 0.0000 0.0800 0.0000 0.0000 0.0000 0.0000 0.0000 0.0000 0.0000 0.0000 0.0000 0.0000
1.0000 0.6852 0.2800 0.0213 0.0000 0.0000 0.0000 0.0000 0.1860 0.0000 0.0392 0.2090 0.0000 0.0000 0.0000 0.0000
1.0000 0.0909 0.0000 0.3509 0.0000 0.0000 0.0000 0.0000 0.0000 0.0000 0.0000 0.0000 0.0000 0.0000 0.0000 0.0000
1.0000 0.2353 0.0000 0.6226 0.0213 0.0000 0.2407 0.0000 0.0000 0.0000 0.5410 0.0175 0.2143 0.0244 0.0000 0.0000
0.9841 0.9655 0.9787 0.0000 0.0196 0.0000 0.0000 0.0208 0.0909 0.0000 0.0000 0.0556 0.0000 0.0000 0.0000 0.0000
1.0000 0.1148 0.0000 0.7812 0.5614 0.3091 0.0000 0.1200 0.0000 0.0000 0.0000 0.0000 0.0652 0.0000 0.0000 0.0000
1.0000 0.0000 0.0000 0.5400 0.2712 0.0213 0.0000 0.0392 0.0000 0.0980 0.0000 0.0000 0.0000 0.0000 0.0000 0.0000
1.0000 0.0000 0.0000 0.0000 0.0000 0.0000 0.0816 0.0000 0.0000 0.0000 0.0377 0.0000 0.0000 0.0000 0.0000 0.0000
1.0000 0.6000 0.0000 0.3115 0.0000 0.0000 0.0185 0.0000 0.0000 0.0000 0.0000 0.0000 0.0000 0.0000 0.0000 0.0000
1.0000 0.6852 0.1200 0.0000 0.0000 0.0159 0.0000 0.0000 0.0000 0.0000 0.0000 0.0000 0.0513 0.0000 0.0222 0.0000
1.0000 0.4528 0.0192 0.8542 0.0000 0.0000 0.0000 0.0000 0.0000 0.0000 0.1852 0.0000 0.0000 0.0000 0.0000 0.0000
1.0000 0.4286 0.3043 0.0000 0.0000 0.0192 0.0000 0.0000 0.3400 0.0000 0.0000 0.0000 0.0000 0.0000 0.0000 0.0000
1.0000 0.8974 0.0000 0.0000 0.0000 0.0000 0.0000 0.0000 0.0000 0.0000 0.0000 0.0364 0.0000 0.0000 0.0000 0.0000
1.0000 0.4800 0.0000 0.3846 0.0182 0.0192 0.0000 0.0000 0.0000 0.0000 0.0000 0.0238 0.0000 0.0000 0.0000 0.0000
1.0000 0.0217 0.0000 0.8333 0.0000 0.0000 0.0000 0.0000 0.0000 0.0000 0.0000 0.0000 0.0000 0.0000 0.0000 0.0000
0.9811 0.0000 0.0000 0.0000 0.0465 0.0000 0.5862 0.0000 0.0000 0.0213 0.0000 0.0000 0.0000 0.0000 0.0000 0.0000
1.0000 0.9273 0.0000 0.0000 0.0000 0.0571 0.0263 0.0000 0.0417 0.0000 0.0000 0.0678 0.0000 0.4407 0.0000 0.0000
1.0000 0.0000 0.0000 0.8000 0.3333 0.0000 0.0000 0.0370 0.0189 0.1017 0.0000 0.0000 0.0000 0.0000 0.0000 0.0000
1.0000 0.1111 0.0000 0.5385 0.5682 0.0588 0.0000 0.0000 0.0000 0.0000 0.0222 0.0196 0.0000 0.0000 0.0000 0.0000
1.0000 0.0526 0.0000 0.6739 0.4872 0.1176 0.0000 0.0000 0.0000 0.0000 0.0000 0.0000 0.0000 0.0000 0.2456 0.0000
0.9623 0.4314 0.0000 0.3750 0.0755 0.0000 0.0000 0.0000 0.0000 0.0000 0.0000 0.0000 0.0000 0.0000 0.1143 0.0000
1.0000 0.1136 0.0000 0.6615 0.4043 0.0364 0.0000 0.0000 0.0625 0.0000 0.0000 0.0000 0.0000 0.0000 0.0000 0.0000
1.0000 0.0000 0.0000 0.0000 0.0000 0.0351 0.1132 0.0000 0.0357 0.0256 0.0000 0.0000 0.0000 0.0000 0.0000 0.0000
1.0000 0.7292 0.0385 0.0000 0.0526 0.0000 0.0000 0.0000 0.0000 0.0000 0.0217 0.3721 0.0000 0.0000 0.0000 0.0000
1.0000 0.6579 0.0377 0.0000 0.0213 0.0714 0.0000 0.0000 0.0000 0.0556 0.0182 0.0000 0.0435 0.0000 0.0000 0.0000
1.0000 0.1935 0.0000 0.4808 0.3913 0.3962 0.0000 0.1304 0.0000 0.0000 0.0000 0.0000 0.0000 0.0000 0.0000 0.0000
1.0000 0.0233 0.0000 0.8077 0.3276 0.2264 0.0377 0.0000 0.0000 0.0000 0.0000 0.0000 0.0000 0.0000 0.1875 0.0000
1.0000 0.0000 0.0000 0.0000 0.0000 0.0000 0.0980 0.0000 0.0000 0.0000 0.0000 0.0000 0.0000 0.0000 0.0000 0.0000
1.0000 0.0727 0.0000 0.3226 0.1800 0.0500 0.0000 0.0000 0.0000 0.4727 0.0962 0.0444 0.0208 0.0000 0.0000 0.0000
1.0000 0.0400 0.0000 0.0000 0.0185 0.0000 0.0000 0.0000 0.0000 0.0000 0.0000 0.0000 0.0652 0.0000 0.0000 0.0000
1.0000 0.6327 0.0000 0.0370 0.0000 0.0000 0.0000 0.0000 0.0000 0.0000 0.0000 0.0000 0.0000 0.2037 0.0000 0.0000
1.0000 0.9828 0.5800 0.0000 0.0000 0.0000 0.0000 0.0000 0.3333 0.0784 0.0000 0.0345 0.0000 0.0000 0.0000 0.0000
1.0000 0.4706 0.6200 0.0000 0.0263 0.0000 0.0000 0.0000 0.2000 0.0000 0.0000 0.0000 0.0000 0.0000 0.0222 0.0000
1.0000 0.0217 0.0000 0.6512 0.0000 0.0000 0.0000 0.0000 0.0000 0.0000 0.0000 0.0000 0.0204 0.0000 0.0000 0.0000
1.0000 0.0682 0.0000 0.7400 0.6000 0.4595 0.0000 0.0000 0.0000 0.0000 0.0588 0.0000 0.0192 0.0769 0.0217 0.0000
0.9434 0.0217 0.0000 0.6200 0.0000 0.0000 0.0000 0.0000 0.0000 0.0000 0.0000 0.0000 0.1111 0.0000 0.0000 0.0000
1.0000 0.2115 0.0000 0.6304 0.3556 0.1930 0.0682 0.3542 0.0714 0.0000 0.0000 0.0000 0.0000 0.0000 0.0204 0.0000
1.0000 0.0811 0.0364 0.9600 0.4314 0.0851 0.0732 0.2000 0.0000 0.0000 0.0167 0.0000 0.0000 0.0968 0.0000 0.0000
1.0000 0.2000 0.0204 0.8667 0.2500 0.1600 0.0000 0.0000 0.0000 0.0000 0.0000 0.0000 0.0000 0.0196 0.1064 0.0000
1.0000 0.2857 0.0000 0.6833 0.0000 0.0000 0.0172 0.0364 0.0000 0.0000 0.0000 0.0167 0.1250 0.0541 0.0000 0.0000
1.0000 0.3600 0.0000 0.1556 0.0000 0.0000 0.0000 0.1064 0.0000 0.0000 0.0000 0.0000 0.0851 0.0172 0.0000 0.0000
1.0000 0.0385 0.0000 0.3673 0.3871 0.2222 0.0000 0.1020 0.0000 0.0000 0.0000 0.0000 0.0167 0.0000 0.0000 0.0000
0.9608 0.1818 0.0000 0.8864 0.6383 0.3000 0.0000 0.4681 0.0000 0.0000 0.0000 0.0000 0.0000 0.0000 0.0000 0.0000
1.0000 0.0741 0.0000 0.7708 0.6591 0.7273 0.0000 0.0000 0.0000 0.0189 0.0000 0.0000 0.0000 0.0000 0.3962 0.0000
1.0000 0.0000 0.0270 0.0000 0.0000 0.0185 0.0455 0.0000 0.0364 0.0545 0.0000 0.0200 0.0000 0.0000 0.0000 0.0000
1.0000 0.2979 0.0000 0.5870 0.1034 0.0000 0.0000 0.0189 0.0000 0.0000 0.0000 0.0000 0.0000 0.0149 0.0000 0.0000
1.0000 0.9688 0.5370 0.0000 0.0417 0.0000 0.0000 0.0000 0.8235 0.0000 0.0000 0.0000 0.0000 0.0000 0.0000 0.0000
1.0000 0.1667 0.0185 0.5763 0.1600 0.0244 0.0000 0.0000 0.0000 0.1667 0.0000 0.0000 0.0000 0.0000 0.2093 0.0000
1.0000 0.9815 0.0000 0.0000 0.0000 0.0000 0.0000 0.0000 0.0000 0.0000 0.0000 0.1860 0.0000 0.3529 0.0000 0.0000
0.9783 0.3158 0.0000 0.0000 0.0000 0.0000 0.0000 0.0000 0.0000 0.0000 0.0000 0.0000 0.0000 0.0000 0.0000 0.0000
1.0000 0.3500 0.0000 0.2766 0.0000 0.0000 0.0417 0.0794 0.0000 0.0000 0.0000 0.0000 0.0000 0.0370 0.0000 0.0000
1.0000 0.5778 0.0000 0.5588 0.4681 0.4286 0.0000 0.0000 0.0600 0.0000 0.0426 0.0278 0.0213 0.0962 0.0000 0.0000
0.9841 0.0698 0.0000 0.9091 0.6957 0.6327 0.0000 0.2000 0.0000 0.0000 0.1220 0.0000 0.0000 0.0000 0.0000 0.0000
1.0000 0.0862 0.0000 0.7647 0.3929 0.3659 0.0000 0.0000 0.0000 0.0370 0.0000 0.0600 0.0000 0.1304 0.0000 0.0000
1.0000 0.1818 0.0000 0.5763 0.0179 0.0169 0.0233 0.0000 0.0000 0.1915 0.0000 0.0465 0.0182 0.0000 0.0000 0.0000
0.9138 0.0000 0.0000 0.0000 0.0000 0.0000 0.3036 0.0222 0.0208 0.0000 0.0000 0.0000 0.0000 0.0000 0.0000 0.0000
1.0000 0.0000 0.0000 0.0000 0.0000 0.0000 0.0250 0.0196 0.0000 0.0000 0.0000 0.0000 0.0217 0.0000 0.0000 0.0000
1.0000 0.1522 0.0000 0.0000 0.0000 0.0000 0.0000 0.0000 0.0000 0.0000 0.0169 0.0189 0.0000 0.0000 0.0000 0.0000
0.9123 0.3725 0.0000 0.5769 0.0000 0.0000 0.2264 0.0000 0.0000 0.0000 0.0000 0.0192 0.0976 0.0000 0.0000 0.0000
1.0000 0.1667 0.0000 0.8167 0.8333 0.0000 0.0000 0.0000 0.0000 0.0000 0.0263 0.0000 0.0000 0.0000 0.0000 0.0000
1.0000 0.0000 0.0000 0.0000 0.0000 0.0000 0.5098 0.0000 0.0000 0.0000 0.0784 0.0000 0.0000 0.0200 0.0000 0.0000
1.0000 0.9677 0.0333 0.0930 0.0000 0.0000 0.0000 0.0000 0.0000 0.0000 0.0000 0.0200 0.0000 0.0000 0.0185 0.0000
1.0000 0.0185 0.0000 0.6667 0.0227 0.0000 0.0000 0.0000 0.0000 0.0200 0.0000 0.0000 0.4419 0.0000 0.0444 0.0000
1.0000 0.2692 0.0000 0.4151 0.0000 0.0167 0.0000 0.0000 0.0000 0.0000 0.2909 0.0000 0.0000 0.0323 0.0204 0.0000
1.0000 0.9787 0.0167 0.0000 0.0000 0.0000 0.0000 0.0000 0.0000 0.0000 0.0000 0.3810 0.0000 0.0000 0.0000 0.0000
1.0000 0.6905 0.0000 0.0000 0.0000 0.0000 0.0000 0.0000 0.0000 0.0175 0.0000 0.0000 0.0000 0.6296 0.0000 0.0000
0.9787 0.5625 0.2083 0.0000 0.0385 0.0000 0.0000 0.0000 0.0000 0.0652 0.0000 0.0678 0.0000 0.0976 0.0000 0.0000
1.0000 0.2778 0.0000 0.0000 0.0435 0.0000 0.0000 0.0000 0.0000 0.0000 0.0000 0.0556 0.0167 0.0000 0.0000 0.0000
1.0000 0.2308 0.0000 0.6863 0.1509 0.0156 0.0000 0.0000 0.0000 0.0909 0.0000 0.0000 0.0204 0.0000 0.0000 0.0000
1.0000 0.2143 0.0000 0.0000 0.0000 0.0000 0.0000 0.0625 0.0968 0.0000 0.0000 0.0364 0.0000 0.2400 0.0732 0.0000
1.0000 0.3889 0.1429 0.0000 0.0000 0.0000 0.0417 0.0000 0.0000 0.0000 0.0000 0.0000 0.0000 0.0000 0.0000 0.0000
0.9655 0.9592 0.0000 0.0000 0.0652 0.0526 0.0000 0.0000 0.0000 0.0000 0.0000 0.0000 0.0000 0.0000 0.0000 0.0000
1.0000 0.0000 0.0000 0.0000 0.0682 0.0000 0.0000 0.0000 0.0435 0.0000 0.0000 0.0217 0.0000 0.0000 0.0000 0.0000
1.0000 0.0000 0.0435 0.0000 0.0000 0.0000 0.7536 0.0000 0.0000 0.0000 0.0175 0.0000 0.0000 0.0000 0.0000 0.0000
1.0000 0.7347 0.0339 0.5833 0.0000 0.0000 0.0000 0.0000 0.0000 0.0357 0.4500 0.0000 0.0000 0.0000 0.0175 0.0000
1.0000 0.5610 0.0000 0.5400 0.6341 0.1786 0.0000 0.0000 0.0000 0.0000 0.0000 0.0208 0.0000 0.0227 0.1912 0.0000
0.9800 0.8000 0.5250 0.0577 0.0192 0.0000 0.0000 0.0000 0.2692 0.0000 0.0204 0.0000 0.0000 0.0000 0.0000 0.0000
0.9811 0.0536 0.0000 0.6102 0.4182 0.1500 0.0185 0.0000 0.0000 0.0000 0.0175 0.0000 0.0000 0.0455 0.0000 0.0000
0.9796 0.0784 0.0000 0.8864 0.5714 0.4583 0.0000 0.0000 0.0000 0.0233 0.0000 0.0000 0.0270 0.0000 0.0833 0.0000
1.0000 0.0000 0.0000 0.0000 0.0784 0.0000 0.0000 0.0000 0.0000 0.0000 0.0217 0.0000 0.0000 0.0303 0.0000 0.0000
1.0000 0.0893 0.0000 0.2083 0.0000 0.0000 0.0000 0.0000 0.0000 0.0000 0.1724 0.0698 0.0000 0.0000 0.0000 0.0000
1.0000 0.5500 0.2157 0.0000 0.0000 0.0000 0.0000 0.0541 0.0455 0.0000 0.0000 0.0000 0.0000 0.0172 0.0816 0.0000
1.0000 0.0612 0.0345 0.8182 0.0000 0.0400 0.0000 0.0000 0.0526 0.0000 0.0000 0.0185 0.0612 0.0000 0.0000 0.0000
1.0000 0.3208 0.0000 0.7460 0.0000 0.0000 0.0000 0.0000 0.0250 0.0545 0.0000 0.0000 0.1026 0.0000 0.0000 0.0000
1.0000 0.4634 0.0000 0.0000 0.0541 0.0000 0.0000 0.0000 0.0000 0.0000 0.0000 0.0204 0.0000 0.3409 0.0000 0.0000
0.9245 0.4146 0.0000 0.4231 0.0000 0.0000 0.0517 0.0000 0.0000 0.0000 0.0000 0.0000 0.1000 0.0189 0.0000 0.0000
1.0000 0.7500 0.5556 0.0556 0.0000 0.0000 0.0000 0.0182 0.4151 0.0000 0.0000 0.0000 0.0625 0.0000 0.0000 0.0000
1.0000 0.3725 0.0192 0.6739 0.1346 0.0000 0.0000 0.0000 0.0000 0.0000 0.0000 0.0000 0.0000 0.0000 0.0364 0.0000
1.0000 0.2750 0.0000 0.5846 0.3143 0.3148 0.0000 0.0000 0.0000 0.0000 0.0435 0.0000 0.0000 0.0200 0.0000 0.0000
1.0000 0.5952 0.0000 0.0000 0.0000 0.0000 0.0000 0.0000 0.0000 0.0213 0.0000 0.0357 0.0000 0.4643 0.0000 0.0000
1.0000 0.0000 0.0000 0.0000 0.0000 0.0426 0.6964 0.0345 0.0732 0.0000 0.0000 0.0000 0.0000 0.0200 0.0000 0.0000
1.0000 0.1111 0.0000 0.3091 0.1163 0.1667 0.0000 0.0000 0.0000 0.0000 0.0000 0.0000 0.0000 0.0000 0.0000 0.0000
1.0000 0.9643 0.0000 0.0000 0.0000 0.0000 0.0339 0.0000 0.0000 0.0179 0.0000 0.0000 0.0000 0.0000 0.0000 0.0000
1.0000 0.7115 0.0000 0.0179 0.0204 0.0000 0.0000 0.0000 0.0000 0.0270 0.0000 0.6977 0.0000 0.0000 0.0000 0.0000
0.9833 0.0667 0.0000 0.5918 0.0000 0.0000 0.0000 0.0000 0.0000 0.0000 0.0000 0.0000 0.0000 0.0000 0.0182 0.0000
1.0000 0.4717 0.0227 0.1500 0.0000 0.0000 0.0000 0.0000 0.0000 0.0000 0.0652 0.0000 0.0172 0.0000 0.0000 0.0000
1.0000 0.1296 0.0000 0.9167 0.5750 0.1154 0.0909 0.0000 0.0000 0.0000 0.0000 0.0000 0.1154 0.0000 0.0000 0.0000
1.0000 0.3171 0.0000 0.0000 0.0000 0.0000 0.0000 0.0000 0.0000 0.0000 0.0000 0.0392 0.0000 0.0000 0.0000 0.0000
1.0000 0.0222 0.0000 0.0222 0.0000 0.0000 0.2222 0.0000 0.0000 0.0000 0.0400 0.0000 0.0000 0.0000 0.0000 0.0000
0.9804 0.5370 0.0000 0.2836 0.0000 0.0811 0.0000 0.0000 0.0000 0.1087 0.0426 0.0000 0.3000 0.0000 0.0000 0.0000
1.0000 0.5306 0.5932 0.0000 0.0000 0.0000 0.0000 0.0000 0.2203 0.0204 0.0175 0.0000 0.0000 0.0000 0.0000 0.0000
1.0000 0.8654 0.5510 0.0000 0.0444 0.1220 0.0000 0.0000 0.2245 0.0000 0.0000 0.0238 0.0000 0.0000 0.0000 0.0000
1.0000 0.1957 0.0000 0.6491 0.4286 0.2308 0.0000 0.4000 0.0000 0.0000 0.0000 0.0714 0.0000 0.0000 0.0000 0.0000
1.0000 0.0444 0.0000 0.3793 0.0000 0.0000 0.0000 0.0000 0.0000 0.0000 0.0159 0.0000 0.2642 0.0167 0.0000 0.0000
1.0000 0.6400 0.0000 0.0000 0.0000 0.0000 0.0000 0.0000 0.0192 0.0000 0.0000 0.0000 0.0000 0.0364 0.0000 0.0000
1.0000 0.2857 0.0185 0.6327 0.3200 0.0444 0.0185 0.0000 0.0000 0.1724 0.0000 0.0000 0.0000 0.0000 0.0000 0.0000
1.0000 0.0727 0.0000 0.9000 0.8958 0.4828 0.0000 0.3462 0.0000 0.0000 0.0000 0.0000 0.0000 0.0222 0.0000 0.0000
1.0000 0.9362 0.5556 0.1818 0.0426 0.0000 0.0000 0.0000 0.0816 0.0000 0.0000 0.0000 0.0000 0.0213 0.0000 0.0000
1.0000 0.5745 0.0000 0.0000 0.0000 0.0727 0.0000 0.1250 0.0000 0.0000 0.0000 0.0426 0.0000 0.0000 0.0000 0.0000
1.0000 0.2037 0.0000 0.0000 0.0000 0.0000 0.0164 0.0000 0.0678 0.0189 0.0000 0.0000 0.0000 0.0000 0.0000 0.0000
1.0000 0.0800 0.0000 0.7800 0.3529 0.0980 0.0000 0.0755 0.0000 0.0000 0.0000 0.0000 0.0000 0.0000 0.0000 0.0000
1.0000 0.0000 0.0000 0.0185 0.0270 0.0000 0.0000 0.0000 0.0000 0.0408 0.0238 0.0000 0.0364 0.0000 0.0000 0.0000
1.0000 0.1224 0.0408 0.5686 0.0000 0.0000 0.0000 0.0000 0.0000 0.0000 0.3091 0.0000 0.0000 0.0000 0.0192 0.0000
1.0000 0.0408 0.0000 0.6508 0.5625 0.6727 0.0000 0.1795 0.0000 0.0000 0.0000 0.0000 0.0000 0.0000 0.0000 0.0000
1.0000 0.1667 0.0196 0.5873 0.2200 0.0000 0.0000 0.0000 0.0000 0.4082 0.0200 0.0000 0.0000 0.0000 0.0000 0.0000
1.0000 0.0000 0.0000 0.0000 0.0000 0.0000 0.0000 0.0000 0.0526 0.0000 0.0000 0.0000 0.0000 0.0000 0.0263 0.0000
1.0000 0.5200 0.0000 0.0370 0.0000 0.0000 0.0000 0.0000 0.0000 0.0000 0.0000 0.1463 0.0000 0.1695 0.0000 0.0000
1.0000 0.1765 0.0000 0.3269 0.0000 0.0000 0.0000 0.0000 0.0204 0.0000 0.0794 0.0000 0.0000 0.0000 0.0000 0.0000
1.0000 0.1833 0.0000 0.0000 0.0000 0.0000 0.0000 0.0851 0.0000 0.0000 0.2115 0.0000 0.0000 0.0000 0.0000 0.0000
0.9811 0.1569 0.0000 0.6042 0.6000 0.5238 0.0000 0.0667 0.0000 0.0222 0.0000 0.0200 0.0000 0.0000 0.0000 0.0000
1.0000 0.0588 0.0000 1.0000 0.0000 0.0000 0.0000 0.0000 0.0000 0.0000 0.0000 0.0000 0.8000 0.0000 0.0000 0.0000
1.0000 0.1455 0.0000 0.6667 0.5000 0.0000 0.0000 0.0000 0.0000 0.0000 0.0000 0.0000 0.0000 0.0000 0.0000 0.0000
1.0000 0.5333 0.0000 0.0000 0.0000 0.0000 0.0000 0.0000 0.0217 0.0182 0.0000 0.3750 0.0000 0.0000 0.0000 0.0000
1.0000 0.2400 0.0000 0.7556 0.0000 0.0000 0.0000 0.0000 0.0000 0.0196 0.0196 0.0000 0.0000 0.0000 0.0000 0.0000
1.0000 0.4444 0.0000 0.0588 0.0000 0.0000 0.0000 0.0000 0.0000 0.0000 0.0339 0.1887 0.0000 0.1489 0.0000 0.0000
1.0000 0.8043 0.0000 0.1277 0.0000 0.0385 0.0333 0.0351 0.0000 0.0000 0.0000 0.4528 0.0000 0.0000 0.0000 0.0000
0.9556 0.0408 0.0000 0.4727 0.4600 0.0000 0.0000 0.0000 0.0192 0.0179 0.0000 0.0000 0.0000 0.0426 0.0000 0.0000
1.0000 0.1091 0.0000 0.7209 0.5909 0.3333 0.0000 0.1818 0.0000 0.0000 0.0000 0.0370 0.0000 0.0000 0.0851 0.0000
1.0000 0.9250 0.8333 0.0426 0.0577 0.0000 0.0377 0.0000 0.0000 0.1167 0.0000 0.0000 0.0000 0.0000 0.0000 0.0000
1.0000 0.0377 0.0000 0.0217 0.0870 0.0377 0.0000 0.0000 0.0000 0.0000 0.0000 0.0612 0.0000 0.0200 0.0164 0.0000
1.0000 0.3830 0.0435 0.2400 0.0000 0.0000 0.0000 0.1111 0.0000 0.0000 0.0000 0.0000 0.0702 0.0000 0.1400 0.0000
1.0000 0.2750 0.0000 0.0000 0.0000 0.0000 0.0000 0.0000 0.0000 0.0000 0.0000 0.1667 0.0000 0.0000 0.0556 0.0000
1.0000 0.6154 0.0208 0.3404 0.1042 0.0000 0.0000 0.0000 0.0000 0.0000 0.0408 0.0400 0.0000 0.0377 0.0000 0.0000
1.0000 0.2391 0.0000 0.0984 0.0192 0.0000 0.0000 0.0000 0.0000 0.0000 0.0000 0.0000 0.0000 0.0000 0.0000 0.0000
1.0000 0.0926 0.0159 0.4808 0.0000 0.0000 0.0000 0.0877 0.0435 0.0000 0.2453 0.0000 0.0000 0.0000 0.0000 0.0000
1.0000 0.2885 0.0000 0.0000 0.0000 0.0000 0.0000 0.1373 0.0000 0.0000 0.0000 0.2075 0.0000 0.0000 0.0000 0.0000
1.0000 0.9818 0.6596 0.0000 0.0000 0.0000 0.0000 0.0000 0.0556 0.0000 0.0000 0.0328 0.0000 0.0000 0.0000 0.0000
1.0000 0.5574 0.0000 0.4681 0.0000 0.0000 0.0000 0.0000 0.0000 0.0000 0.0909 0.0208 0.0612 0.0000 0.0000 0.0000
1.0000 0.4737 0.0000 0.0000 0.0000 0.0213 0.0000 0.0800 0.0204 0.0000 0.0952 0.2143 0.0000 0.0000 0.0000 0.0000
1.0000 0.8085 0.0000 0.0000 0.0000 0.0968 0.0000 0.0000 0.0000 0.0000 0.0000 0.0000 0.0154 0.0000 0.0000 0.0000
1.0000 0.8448 0.0000 0.0000 0.0000 0.0000 0.0000 0.0000 0.0000 0.0000 0.0417 0.0000 0.0392 0.0000 0.0000 0.0000
1.0000 0.2500 0.0000 0.7800 0.1951 0.0000 0.0000 0.1525 0.0000 0.2593 0.0000 0.0000 0.0000 0.0000 0.0000 0.0000
1.0000 0.5135 0.3091 0.0000 0.0196 0.0000 0.0000 0.0000 0.0000 0.0000 0.0000 0.0000 0.0000 0.0000 0.0161 0.0000
1.0000 0.9020 0.6481 0.0000 0.0222 0.0000 0.0000 0.0000 0.5319 0.0000 0.0000 0.0000 0.0172 0.0000 0.0000 0.0000
1.0000 1.0000 0.0000 0.0000 0.0000 0.0000 0.0000 0.0000 0.0000 0.0000 0.1321 0.4634 0.0000 0.0000 0.0000 0.0000
1.0000 0.2391 0.0000 0.5714 0.1304 0.2041 0.0000 0.0233 0.0000 0.0000 0.0000 0.0000 0.0000 0.0182 0.0000 0.0000
1.0000 0.2075 0.0612 0.6667 0.1321 0.1224 0.0000 0.0000 0.0000 0.0167 0.0000 0.0000 0.0000 0.0000 0.0000 0.0000
0.9348 0.0222 0.0000 0.8983 0.0000 0.0526 0.0000 0.0000 0.0000 0.0000 0.0000 0.0164 0.0000 0.0000 0.0000 0.0000
1.0000 0.5357 0.0000 0.2857 0.0196 0.0000 0.0000 0.0000 0.0000 0.0000 0.1500 0.0000 0.0000 0.0000 0.0000 0.0000
1.0000 0.1373 0.0172 0.8667 0.6000 0.2273 0.0000 0.0492 0.0000 0.0000 0.0196 0.0000 0.0000 0.0000 0.0000 0.0000
1.0000 0.3171 0.0588 0.1714 0.0000 0.0000 0.0000 0.0370 0.0179 0.0000 0.0000 0.0000 0.0000 0.0000 0.0000 0.0000
1.0000 0.4035 0.0000 0.6316 0.0000 0.0000 0.0000 0.0000 0.0227 0.0000 0.0217 0.0000 0.1020 0.0000 0.0000 0.0000
0.9643 0.6078 0.1000 0.0317 0.0000 0.0588 0.0000 0.0000 0.0000 0.0000 0.0000 0.1509 0.0000 0.1618 0.0000 0.0000
0.9767 0.2222 0.0294 0.4286 0.2353 0.0192 0.0000 0.0000 0.0000 0.0000 0.0000 0.0000 0.0000 0.0000 0.0000 0.0000
1.0000 0.5000 0.0000 0.3770 0.0000 0.0000 0.0000 0.0000 0.0000 0.0000 0.0000 0.0000 0.0000 0.0000 0.0000 0.0000
1.0000 1.0000 0.8400 0.0000 0.0000 0.0000 0.0000 0.0000 0.7647 0.0000 0.0000 0.0000 0.0000 0.0000 0.0169 0.0000
1.0000 0.9574 0.1842 0.0000 0.0962 0.0000 0.0000 0.0000 0.0000 0.0000 0.0000 0.0000 0.0000 0.0000 0.0943 0.0000
1.0000 0.0714 0.0000 0.2200 0.1081 0.0185 0.0000 0.0000 0.0000 0.0517 0.0000 0.0444 0.0000 0.0000 0.0000 0.0000
1.0000 0.5094 0.0000 0.2708 0.1200 0.0000 0.0152 0.0000 0.0000 0.0000 0.0000 0.0000 0.0000 0.0000 0.0000 0.0000
1.0000 0.0984 0.0000 0.5273 0.4706 0.1026 0.0000 0.0233 0.0811 0.0204 0.0000 0.0303 0.0000 0.0000 0.0000 0.0000
1.0000 0.2857 0.0000 0.6364 0.0000 0.0000 0.0000 0.0000 0.0000 0.1132 0.0000 0.0000 0.0000 0.0000 0.0000 0.0000
1.0000 0.0667 0.0000 0.4386 0.0175 0.0000 0.0000 0.0000 0.0625 0.0000 0.0200 0.0217 0.4167 0.0000 0.0000 0.0000
1.0000 0.3636 0.0250 0.3636 0.0000 0.0000 0.0000 0.0000 0.1522 0.1154 0.0000 0.0000 0.0204 0.0000 0.0000 0.0000
1.0000 0.1538 0.0000 0.8571 0.6226 0.3469 0.0000 0.0000 0.0000 0.0000 0.0000 0.0417 0.0000 0.0000 0.0000 0.0000
1.0000 0.9744 0.0000 0.0000 0.0000 0.0196 0.0000 0.0000 0.0213 0.0500 0.0000 0.2222 0.0000 0.0000 0.0000 0.0000
1.0000 0.1250 0.0000 0.7556 0.0000 0.0000 0.0000 0.0000 0.0000 0.0000 0.0000 0.0000 0.8000 0.0714 0.0000 0.0000
1.0000 0.5593 0.0222 0.7451 0.5714 0.2154 0.0196 0.0392 0.0000 0.0000 0.0000 0.0000 0.0000 0.0000 0.0000 0.0000
0.9600 0.1957 0.0000 0.8125 0.4118 0.0000 0.0000 0.0000 0.0000 0.2600 0.0227 0.0000 0.0000 0.0000 0.0000 0.0000
1.0000 0.5000 0.4186 0.0000 0.0000 0.0000 0.3934 0.0000 0.0000 0.0000 0.0000 0.0682 0.0000 0.0000 0.0667 0.0000
1.0000 0.2826 0.0189 0.0000 0.0152 0.0000 0.0000 0.0000 0.0000 0.0208 0.0000 0.0000 0.0000 0.0000 0.0000 0.0000
1.0000 0.2292 0.2353 0.0508 0.0000 0.0000 0.0000 0.0000 0.0000 0.0000 0.0000 0.0588 0.0000 0.0000 0.0000 0.0000
1.0000 1.0000 0.9385 0.0000 0.0000 0.0196 0.0000 0.0000 0.0317 0.0000 0.0000 0.0179 0.0000 0.0400 0.0308 0.0000
1.0000 0.0364 0.0000 0.7333 0.3871 0.1579 0.0000 0.0000 0.0000 0.0000 0.0000 0.0000 0.0392 0.0222 0.0000 0.0000
1.0000 0.8852 0.0000 0.0213 0.0000 0.0000 0.0000 0.0833 0.0200 0.0000 0.0000 0.2449 0.0000 0.0952 0.0000 0.0000
0.9778 0.2653 0.0175 0.6905 0.4474 0.0000 0.0175 0.0000 0.0000 0.2444 0.0227 0.0000 0.0222 0.0645 0.0816 0.0000
0.9778 0.0000 0.0000 0.0000 0.0870 0.0000 0.1087 0.0244 0.0000 0.0000 0.0000 0.0000 0.0000 0.0000 0.0000 0.0000
0.8372 0.2885 0.0000 0.4259 0.2449 0.0000 0.0000 0.0000 0.0000 0.0435 0.0000 0.0000 0.0000 0.0000 0.0000 0.0000
1.0000 0.0000 0.0000 0.0000 0.0000 0.0000 0.0000 0.0000 0.0000 0.0000 0.0000 0.0000 0.0000 0.0000 0.0244 0.0000
1.0000 0.4130 0.0000 0.6939 0.5600 0.0161 0.0000 0.0000 0.0943 0.0000 0.0000 0.0000 0.0000 0.0408 0.0169 0.0000
0.7547 0.0943 0.0000 0.9348 0.4444 0.4035 0.0000 0.0000 0.0000 0.0000 0.0000 0.0000 0.0000 0.0000 0.0000 0.0000
1.0000 1.0000 0.0000 0.0000 0.0000 0.0000 0.0000 0.0000 0.0857 0.0000 0.0000 0.0000 0.0000 0.0208 0.0000 0.0000
1.0000 0.1702 0.0000 0.4528 0.2407 0.1111 0.0000 0.0682 0.0000 0.0000 0.0000 0.0870 0.0000 0.0000 0.0000 0.0000
1.0000 0.8163 0.0192 0.0000 0.0238 0.0000 0.0000 0.0000 0.0000 0.0000 0.0000 0.2195 0.0000 0.0000 0.0000 0.0000
0.9688 0.1026 0.0000 0.5741 0.7451 0.0192 0.0000 0.0000 0.0000 0.0000 0.0303 0.0000 0.0351 0.0000 0.0238 0.0000
1.0000 0.1731 0.0000 0.7561 0.6591 0.5435 0.0238 0.0000 0.0000 0.0000 0.0000 0.0000 0.0000 0.0000 0.0980 0.0000
1.0000 0.6250 0.0417 0.0244 0.0000 0.0000 0.0000 0.0000 0.0000 0.0000 0.0000 0.0698 0.0000 0.0200 0.0500 0.0000
1.0000 0.4085 0.0000 0.5882 0.3778 0.1967 0.0000 0.2414 0.0000 0.0000 0.0000 0.0000 0.0000 0.0000 0.0625 0.0000
1.0000 0.0000 0.0000 0.0000 0.0000 0.0000 0.0000 0.0000 0.0000 0.1351 0.0000 0.0000 0.0000 0.0943 0.0556 0.0000
1.0000 0.0545 0.0000 0.6034 0.0000 0.0000 0.0000 0.0000 0.0000 0.0000 0.7213 0.1273 0.0196 0.0167 0.0213 0.0000
1.0000 0.8276 0.0000 0.1400 0.0000 0.0000 0.0000 0.0208 0.0000 0.0698 0.0000 0.5769 0.0000 0.0000 0.0000 0.0000
1.0000 0.1628 0.0000 0.4348 0.0244 0.0000 0.0000 0.0192 0.0000 0.0392 0.0000 0.0000 0.0000 0.0000 0.0000 0.0000
1.0000 0.4400 0.0000 0.5957 0.8000 0.4898 0.0000 0.0000 0.0156 0.0000 0.0204 0.0286 0.0000 0.0000 0.1356 0.0000
1.0000 0.0000 0.0286 0.4340 0.4727 0.0889 0.0000 0.2200 0.0000 0.0000 0.0000 0.0000 0.0000 0.0000 0.0000 0.0000
1.0000 0.3889 0.3962 0.0000 0.0000 0.0000 0.0000 0.0000 0.3390 0.0000 0.0000 0.0000 0.0196 0.0000 0.0000 0.0000
1.0000 0.1600 0.0000 0.6441 0.6250 0.2407 0.0000 0.0000 0.0000 0.0000 0.0000 0.0000 0.0000 0.0000 0.0000 0.0000
1.0000 0.1091 0.0000 0.3182 0.5556 0.3696 0.0000 0.2400 0.0000 0.0179 0.0000 0.0000 0.0000 0.0000 0.0000 0.0000
1.0000 0.4697 0.0000 0.0000 0.1860 0.0000 0.0000 0.0000 0.0000 0.0000 0.0000 0.0000 0.0175 0.0435 0.0750 0.0000
1.0000 0.2750 0.0000 0.0000 0.0000 0.0000 0.0435 0.0732 0.0000 0.0000 0.0000 0.0000 0.0000 0.0870 0.0000 0.0000
1.0000 0.5455 0.0000 0.0213 0.0164 0.0000 0.0000 0.0238 0.0811 0.0577 0.0000 0.0444 0.0000 0.0769 0.0000 0.0000
1.0000 0.0000 0.0000 0.0000 0.0000 0.0192 0.1892 0.0000 0.0789 0.2000 0.0000 0.0000 0.0000 0.0000 0.0455 0.0000
0.9821 0.2407 0.0000 0.1875 0.0000 0.0000 0.0000 0.0000 0.0000 0.0000 0.1739 0.0000 0.0000 0.0488 0.0000 0.0000
1.0000 0.5192 0.0189 0.0000 0.0182 0.0204 0.0000 0.0000 0.0000 0.0000 0.0000 0.0000 0.0000 0.0000 0.0000 0.0000
0.8333 0.1071 0.0000 0.0000 0.0000 0.0000 0.0377 0.0000 0.0000 0.0000 0.0000 0.0227 0.0000 0.0000 0.0000 0.0000
0.9818 0.2609 0.0000 0.6545 0.3200 0.3158 0.0000 0.0000 0.0000 0.0000 0.0192 0.0000 0.0000 0.0000 0.2500 0.0000
1.0000 0.4138 0.2093 0.5192 0.4792 0.2222 0.0000 0.1957 0.0000 0.0000 0.0000 0.0000 0.0000 0.0200 0.0000 0.0000
1.0000 0.0755 0.0000 0.6038 0.5349 0.4468 0.0000 0.0000 0.0222 0.0179 0.0541 0.0000 0.0000 0.0000 0.1795 0.0000
0.9318 0.8293 0.0000 0.3590 0.0000 0.0000 0.0000 0.0517 0.0000 0.0408 0.2558 0.0000 0.0000 0.0000 0.0000 0.0000
1.0000 0.0732 0.0000 0.6744 0.5200 0.6136 0.0000 0.0000 0.0000 0.0000 0.0200 0.0000 0.0000 0.0000 0.0152 0.0000
1.0000 0.0208 0.0000 0.0000 0.0000 0.0000 0.0000 0.0000 0.0000 0.0000 0.1587 0.1463 0.0000 0.0000 0.0000 0.0000
1.0000 0.8140 0.0000 0.0000 0.0000 0.0000 0.0000 0.0000 0.0000 0.0000 0.0000 0.0484 0.0000 0.0222 0.0227 0.0000
1.0000 0.2917 0.0000 0.3966 0.0000 0.0000 0.0000 0.0000 0.0000 0.0000 0.0000 0.0000 0.0702 0.1154 0.0536 0.0000
1.0000 0.5333 0.2200 0.0000 0.0000 0.0000 0.0000 0.0000 0.0000 0.0000 0.0000 0.0000 0.0000 0.0000 0.0000 0.0000
1.0000 0.0476 0.0000 0.6400 0.0000 0.0000 0.0000 0.0000 0.0000 0.0000 0.0000 0.0000 0.2683 0.0000 0.0000 0.0000
1.0000 0.6429 0.1364 0.0682 0.0200 0.0000 0.0000 0.0000 0.0000 0.0000 0.0000 0.0185 0.0000 0.0000 0.0196 0.0000
1.0000 0.0263 0.0196 0.7959 0.8182 0.7209 0.0000 0.0000 0.0000 0.0426 0.0000 0.0000 0.0000 0.0000 0.2727 0.0000
1.0000 0.5500 0.0000 0.5333 0.1373 0.0000 0.0000 0.0000 0.0000 0.0000 0.0270 0.0000 0.0000 0.0000 0.0000 0.0000
0.9792 0.0741 0.0000 0.3455 0.0172 0.0682 0.0000 0.0000 0.0179 0.0000 0.0167 0.0169 0.0392 0.0000 0.0196 0.0000
0.9804 0.2909 0.0000 0.6522 0.1159 0.0185 0.0000 0.0000 0.0000 0.2083 0.0000 0.0000 0.0000 0.0870 0.0000 0.0000
1.0000 0.0000 0.0000 0.7292 0.2340 0.2941 0.0000 0.0345 0.0000 0.0000 0.0000 0.0000 0.0000 0.0000 0.0000 0.0000
0.9464 0.0000 0.0000 0.0000 0.0000 0.0588 0.0000 0.0000 0.0000 0.0000 0.0000 0.0222 0.0000 0.0000 0.0000 0.0000
0.9828 0.4565 0.0000 0.2826 0.0000 0.0000 0.0000 0.0175 0.0175 0.0149 0.0000 0.0000 0.0000 0.0000 0.0000 0.0000
0.9825 0.8214 0.0545 0.0000 0.0000 0.1667 0.0000 0.0000 0.0000 0.0000 0.0000 0.3966 0.0000 0.0000 0.0000 0.0000
1.0000 0.3542 0.0000 0.3966 0.0000 0.0000 0.0000 0.0000 0.0000 0.0492 0.0000 0.0000 0.0000 0.0000 0.0000 0.0000
1.0000 0.5556 0.0000 0.5116 0.0000 0.0000 0.0189 0.0000 0.0000 0.0000 0.0175 0.0000 0.0000 0.0000 0.0000 0.0000
1.0000 0.1778 0.0000 0.0400 0.0000 0.0000 0.0000 0.0000 0.0000 0.0192 0.0000 0.0000 0.0000 0.0185 0.0000 0.0000
1.0000 0.9778 0.0000 0.0000 0.0000 0.0000 0.0000 0.0545 0.0000 0.0000 0.0000 0.5625 0.0000 0.1892 0.0238 0.0000
1.0000 0.0870 0.0000 0.6429 0.4127 0.2727 0.0000 0.0000 0.0444 0.0000 0.0000 0.0000 0.0000 0.0000 0.0000 0.0000
1.0000 0.0000 0.0000 0.0000 0.0000 0.0000 0.9455 0.0000 0.0000 0.0000 0.0000 0.0182 0.0000 0.0000 0.0000 0.0000
1.0000 0.7755 0.0000 0.0000 0.0000 0.0000 0.0000 0.0000 0.0000 0.0000 0.1522 0.2909 0.0000 0.0667 0.0000 0.0000
1.0000 0.5476 0.0172 0.0000 0.0000 0.0000 0.0000 0.0385 0.0000 0.0000 0.0000 0.0000 0.0000 0.0426 0.0400 0.0000
1.0000 0.0000 0.0000 0.0000 0.0435 0.0000 0.0000 0.0000 0.0213 0.0000 0.0000 0.0217 0.0000 0.0000 0.0339 0.0000
0.9474 0.0833 0.0000 0.7708 0.0000 0.0204 0.0000 0.0000 0.0175 0.0189 0.0000 0.0000 0.5965 0.0000 0.0000 0.0000
1.0000 0.4906 0.0000 0.3947 0.3590 0.0000 0.0000 0.0000 0.0000 0.0000 0.0000 0.0000 0.0000 0.0000 0.0000 0.0000
0.9024 0.3261 0.0238 0.5439 0.6000 0.3684 0.0204 0.4677 0.0000 0.0000 0.0000 0.0488 0.0000 0.0000 0.0192 0.0000
1.0000 0.0164 0.0400 0.7660 0.0000 0.0317 0.0159 0.0435 0.0000 0.0000 0.1695 0.0000 0.0000 0.0000 0.0000 0.0000
1.0000 0.2889 0.0000 0.6275 0.0000 0.2787 0.0208 0.0800 0.0000 0.0000 0.0000 0.0000 0.0741 0.0000 0.0000 0.0000
1.0000 0.3380 0.0000 0.4630 0.3913 0.0000 0.0000 0.0000 0.0000 0.0000 0.0000 0.0000 0.0000 0.0000 0.0000 0.0000
1.0000 0.0444 0.0000 0.0250 0.0000 0.0789 0.0000 0.0000 0.0000 0.0000 0.0000 0.0000 0.0870 0.0000 0.0000 0.0000
1.0000 0.8958 0.0000 0.0000 0.0000 0.1136 0.0000 0.0000 0.0000 0.0328 0.0000 0.3654 0.0392 0.0000 0.0000 0.0000
0.9846 0.6111 0.0000 0.4407 0.1818 0.0000 0.0000 0.0000 0.0000 0.0526 0.0000 0.0192 0.0000 0.1053 0.0000 0.0000
1.0000 0.1463 0.0000 0.0000 0.0943 0.0000 0.0000 0.0000 0.0000 0.0182 0.0000 0.0204 0.0000 0.0000 0.1087 0.0000
1.0000 0.5789 0.0000 0.0000 0.0000 0.0000 0.0000 0.0208 0.0000 0.0000 0.0217 0.1489 0.0000 0.0732 0.0000 0.0000
1.0000 0.2909 0.0000 0.0000 0.0328 0.0000 0.0000 0.0213 0.0179 0.0213 0.0000 0.0000 0.0000 0.0000 0.0000 0.0000
1.0000 0.8261 0.5660 0.0000 0.0000 0.0000 0.0000 0.0000 0.4706 0.0000 0.0000 0.0000 0.0204 0.0189 0.0000 0.0000
1.0000 0.0179 0.0000 0.0000 0.0000 0.0000 0.0000 0.0781 0.0000 0.0000 0.0238 0.0000 0.0000 0.0189 0.0392 0.0000
1.0000 0.1163 0.0000 0.1628 0.0000 0.0000 0.0000 0.0000 0.0000 0.0159 0.0000 0.0000 0.0000 0.0000 0.0000 0.0000
0.9649 0.5345 0.0000 0.0750 0.0408 0.0000 0.0000 0.0000 0.0000 0.0000 0.0000 0.1136 0.0000 0.0000 0.0000 0.0000
0.9815 0.5806 0.0000 0.4808 0.5208 0.0000 0.0435 0.0000 0.0227 0.0000 0.0000 0.0000 0.0000 0.0000 0.0000 0.0000
1.0000 0.7209 0.4655 0.0000 0.0000 0.0000 0.0000 0.0000 0.1961 0.0000 0.0000 0.0000 0.0270 0.0208 0.0000 0.0000
1.0000 0.0000 0.0204 0.0000 0.0196 0.0000 0.0000 0.0000 0.0000 0.0000 0.0000 0.0000 0.0000 0.0000 0.0000 0.0000
0.8810 0.1837 0.0000 0.7250 0.5490 0.3492 0.0000 0.0000 0.0000 0.0377 0.0000 0.0000 0.1636 0.0000 0.0400 0.0000
1.0000 0.9057 0.0000 0.1053 0.0000 0.0000 0.0000 0.0000 0.0000 0.0000 0.0714 0.0444 0.0000 0.0000 0.0000 0.0000
1.0000 0.4000 0.0000 0.4355 0.0000 0.0000 0.0200 0.0000 0.2115 0.0000 0.3585 0.0213 0.0392 0.0000 0.0000 0.0000
1.0000 0.0556 0.0000 0.5273 0.0682 0.0000 0.0000 0.0000 0.0370 0.0000 0.0000 0.0000 0.0000 0.0000 0.0000 0.0000
1.0000 0.1633 0.0000 0.1754 0.3750 0.3125 0.0000 0.2400 0.0000 0.0000 0.0000 0.0000 0.0000 0.0465 0.0000 0.0000
1.0000 0.8491 0.0000 0.0000 0.0227 0.0000 0.0000 0.0000 0.0000 0.0400 0.0000 0.4151 0.0400 0.0000 0.0000 0.0000
0.9388 0.2037 0.0000 0.5306 0.4038 0.0000 0.0000 0.0200 0.0000 0.0000 0.0000 0.0000 0.0000 0.0833 0.0000 0.0000
1.0000 0.0000 0.0000 0.0000 0.0000 0.0000 0.8095 0.0000 0.0000 0.0000 0.0000 0.0159 0.0000 0.0000 0.0000 0.0000
1.0000 0.2308 0.1556 0.6667 0.4630 0.5439 0.0000 0.0000 0.0526 0.0000 0.0256 0.0000 0.0000 0.0000 0.0299 0.0000
1.0000 0.9783 0.0000 0.0000 0.0189 0.0000 0.0000 0.0000 0.0000 0.0000 0.0222 0.0196 0.0357 0.5660 0.0000 0.0000
0.9815 0.0000 0.0000 0.0196 0.0000 0.0000 0.7455 0.0294 0.0000 0.0000 0.0000 0.0000 0.0233 0.0200 0.0233 0.0000
1.0000 0.2174 0.0000 0.2903 0.3182 0.0000 0.0000 0.0000 0.0000 0.0238 0.0000 0.0000 0.0000 0.0294 0.0192 0.0000
1.0000 0.0000 0.0000 0.0000 0.0182 0.0000 0.5750 0.0000 0.0909 0.0000 0.1167 0.0000 0.0000 0.0000 0.0000 0.0000
1.0000 0.0000 0.0000 0.0000 0.0000 0.0588 0.6038 0.0000 0.0000 0.0000 0.0000 0.0000 0.0000 0.0000 0.0328 0.0000
1.0000 0.8824 0.3692 0.0000 0.0172 0.0185 0.0000 0.0000 0.2000 0.0000 0.0000 0.0000 0.0000 0.0213 0.0000 0.0000
0.9796 0.8542 0.1064 0.0577 0.0000 0.0000 0.0000 0.0000 0.0000 0.0000 0.0000 0.0182 0.0000 0.0000 0.0000 0.0000
1.0000 0.8333 0.0000 0.0714 0.0000 0.0000 0.0000 0.0500 0.0000 0.0000 0.0000 0.0000 0.0000 0.0000 0.0000 0.0000
1.0000 0.3846 0.0000 0.2414 0.0000 0.0000 0.0000 0.0000 0.0000 0.0000 0.0000 0.0217 0.0638 0.0000 0.0000 0.0000
1.0000 0.0652 0.0000 0.5111 0.1176 0.1429 0.0000 0.0000 0.0145 0.0652 0.0000 0.0000 0.0000 0.0000 0.0000 0.0000
1.0000 0.1042 0.0000 0.5833 0.0400 0.0000 0.0000 0.0000 0.0000 0.0000 0.0000 0.0000 0.0000 0.0000 0.0000 0.0000
1.0000 0.1379 0.0204 0.5455 0.0000 0.0000 0.0000 0.0000 0.0000 0.0000 0.3571 0.0000 0.0000 0.0000 0.0392 0.0000
1.0000 0.9552 0.7727 0.0000 0.0000 0.0000 0.0000 0.0000 0.6250 0.0303 0.0469 0.0000 0.0200 0.0000 0.0000 0.0000
1.0000 0.9130 0.5000 0.0000 0.0000 0.0000 0.0000 0.0000 0.0000 0.0000 0.0000 0.0000 0.0000 0.0000 0.0000 0.0000
1.0000 0.2045 0.0000 0.4783 0.0351 0.0000 0.0000 0.0000 0.0000 0.0000 0.0185 0.0000 0.4444 0.0000 0.0000 0.0000
1.0000 0.9767 0.0000 0.0000 0.0526 0.0204 0.0000 0.0800 0.0000 0.0000 0.0000 0.1833 0.0000 0.0755 0.0000 0.0000
0.9024 0.0000 0.0000 0.0000 0.0000 0.0000 0.3220 0.0000 0.0000 0.0000 0.0000 0.0000 0.0000 0.0000 0.0000 0.0000
1.0000 0.7105 0.1818 0.0000 0.0000 0.0000 0.0000 0.0000 0.0000 0.0426 0.0000 0.0000 0.0000 0.0563 0.0000 0.0000
1.0000 0.0889 0.0000 0.7200 0.0000 0.0000 0.0000 0.0000 0.0000 0.0000 0.0000 0.0000 0.6981 0.0851 0.0000 0.0000
1.0000 0.2414 0.0208 0.6875 0.0185 0.0000 0.0000 0.0208 0.0000 0.0000 0.2909 0.0000 0.0000 0.0192 0.0488 0.0000
0.9818 0.4677 0.0714 0.0000 0.0000 0.0000 0.0377 0.0000 0.0000 0.0250 0.0000 0.0000 0.0000 0.0000 0.0000 0.0000
1.0000 0.0000 0.0000 0.0000 0.0000 0.0000 1.0000 0.0652 0.0000 0.0000 0.0000 0.0000 0.0000 0.0200 0.0000 0.0000
0.9737 0.0755 0.0000 0.0000 0.0204 0.0000 0.0000 0.0000 0.0000 0.0204 0.0000 0.0000 0.0000 0.1176 0.0000 0.0000
1.0000 0.1556 0.0000 0.5000 0.5952 0.1569 0.0222 0.0000 0.0000 0.0000 0.0000 0.0250 0.0000 0.0000 0.2414 0.0000
1.0000 0.0882 0.0000 0.8095 0.4348 0.3542 0.0513 0.0000 0.0000 0.0000 0.0000 0.0000 0.0000 0.0000 0.2200 0.0000
1.0000 0.1304 0.0217 0.9130 0.3111 0.1087 0.0000 0.0612 0.0000 0.0000 0.0172 0.0000 0.0000 0.0000 0.1455 0.0000
1.0000 0.4655 0.0952 0.0000 0.0444 0.0000 0.0000 0.0000 0.1667 0.0000 0.0000 0.0000 0.0000 0.0000 0.0455 0.0000
1.0000 0.8923 0.0000 0.0000 0.0000 0.0625 0.0000 0.0000 0.0204 0.0000 0.0000 0.6750 0.0000 0.1064 0.0000 0.0000
0.9815 0.4898 0.0000 0.5000 0.1400 0.0000 0.0000 0.0000 0.0000 0.0682 0.0000 0.0000 0.0364 0.0000 0.0000 0.0000
1.0000 0.2157 0.3333 0.0444 0.0800 0.0000 0.0000 0.1569 0.1167 0.0465 0.0256 0.0213 0.0000 0.0000 0.0185 0.0000
1.0000 0.4423 0.0000 0.4737 0.1905 0.0000 0.0000 0.0000 0.0000 0.0000 0.0000 0.0000 0.0000 0.0179 0.0000 0.0000
0.9756 0.5000 0.0000 0.6047 0.0294 0.0566 0.0000 0.0000 0.0000 0.0000 0.0000 0.0000 0.0000 0.0000 0.0000 0.0000
1.0000 0.9365 0.0600 0.0000 0.0566 0.1296 0.0000 0.0000 0.0270 0.0000 0.0000 0.2826 0.0364 0.0000 0.0000 0.0000
1.0000 0.4839 0.0000 0.0000 0.0222 0.0200 0.0000 0.0526 0.0000 0.0000 0.0000 0.3469 0.0000 0.0000 0.0172 0.0000
1.0000 0.4130 0.1628 0.0000 0.0877 0.0000 0.0741 0.0154 0.0000 0.0000 0.0000 0.0000 0.0000 0.0000 0.0000 0.0000
1.0000 0.3281 0.0179 0.2826 0.0000 0.0000 0.0000 0.0000 0.0000 0.0000 0.0656 0.0000 0.2885 0.1094 0.0000 0.0000
1.0000 0.5200 0.0000 0.3333 0.3953 0.1579 0.0000 0.0000 0.0000 0.0000 0.0000 0.0000 0.0784 0.0435 0.0000 0.0000
1.0000 0.0227 0.0000 0.6400 0.3333 0.4783 0.0000 0.0192 0.0000 0.0000 0.0000 0.0164 0.0000 0.0000 0.0612 0.0000
1.0000 0.8043 0.0263 0.4091 0.0000 0.0769 0.0204 0.0000 0.0000 0.0000 0.0000 0.0408 0.0000 0.0000 0.0000 0.0000
1.0000 0.2979 0.0000 0.6000 0.0000 0.0000 0.0000 0.1091 0.0000 0.0000 0.6667 0.0244 0.0000 0.0000 0.0000 0.0000
1.0000 0.0893 0.0000 0.5682 0.4400 0.1346 0.0189 0.0000 0.0204 0.0600 0.0000 0.0000 0.0000 0.0000 0.0750 0.0000
1.0000 0.7742 0.8810 0.0000 0.0000 0.0000 0.0000 0.0000 0.0204 0.0227 0.0000 0.0000 0.0000 0.0000 0.0000 0.0000
0.9636 0.0196 0.0196 0.0000 0.0244 0.0000 0.3542 0.0426 0.0000 0.0000 0.0000 0.0000 0.0000 0.0000 0.0000 0.0000
1.0000 0.0000 0.0000 0.0196 0.0000 0.0000 0.2857 0.0000 0.0000 0.0000 0.0000 0.0000 0.0213 0.0000 0.0000 0.0000
1.0000 0.0980 0.0000 0.6290 0.6885 0.4706 0.0000 0.0476 0.0000 0.1020 0.0000 0.0000 0.0000 0.0000 0.0000 0.0000
1.0000 0.0816 0.0000 0.6415 0.1429 0.0000 0.0000 0.0000 0.0000 0.0600 0.0000 0.0000 0.0476 0.0000 0.0000 0.0000
1.0000 0.3617 0.0000 0.4583 0.0698 0.0000 0.0000 0.0000 0.0000 0.0682 0.0000 0.0000 0.1864 0.0000 0.0227 0.0000
0.9792 0.3617 0.1250 0.0000 0.0000 0.0952 0.0000 0.0000 0.0000 0.0000 0.0000 0.0000 0.0000 0.0000 0.0000 0.0000
1.0000 0.9778 0.0000 0.0000 0.0000 0.0000 0.0000 0.0000 0.1064 0.0208 0.0488 0.6981 0.0000 0.0000 0.0000 0.0000
1.0000 0.1852 0.0000 0.0000 0.1509 0.0847 0.0000 0.0000 0.0370 0.0000 0.0000 0.0444 0.0000 0.0000 0.0000 0.0000
1.0000 0.8222 0.0000 0.0000 0.0000 0.0909 0.0000 0.0000 0.0000 0.0000 0.0000 0.0000 0.0000 0.0000 0.0000 0.0000
1.0000 0.0167 0.0000 0.0000 0.0000 0.0172 0.0000 0.0000 0.0233 0.0159 0.0000 0.0000 0.0000 0.0250 0.0000 0.0000
1.0000 0.4889 0.0196 0.3061 0.0000 0.0000 0.0597 0.0000 0.0000 0.0217 0.1111 0.0000 0.0000 0.0000 0.0000 0.0000
1.0000 0.3556 0.3409 0.0444 0.0000 0.0000 0.0000 0.0000 0.0000 0.0000 0.0000 0.0000 0.0000 0.0000 0.0000 0.0000
1.0000 0.7561 0.0000 0.2344 0.0000 0.0000 0.0577 0.0000 0.0000 0.0455 0.0000 0.0000 0.0000 0.0000 0.0816 0.0000
1.0000 0.8077 0.0930 0.0851 0.0000 0.0000 0.0000 0.0000 0.0000 0.0000 0.0000 0.2692 0.0000 0.0000 0.0566 0.0000
1.0000 0.0000 0.0000 0.0000 0.0000 0.0200 0.9474 0.0000 0.0169 0.0000 0.0000 0.0000 0.0000 0.0000 0.0000 0.0000
1.0000 0.0000 0.0000 0.0000 0.0000 0.0000 0.0000 0.0000 0.0351 0.0000 0.1429 0.0000 0.1395 0.0000 0.0000 0.0000
0.9804 0.3571 0.0000 0.3137 0.0980 0.0213 0.0000 0.1579 0.0000 0.0000 0.0000 0.0000 0.0000 0.0000 0.0351 0.0000
1.0000 0.6531 0.5714 0.0000 0.0000 0.0000 0.0000 0.1277 0.5455 0.0000 0.0000 0.0159 0.3023 0.0000 0.0000 0.0000
1.0000 0.0588 0.0169 0.7209 0.2222 0.0000 0.0000 0.0000 0.0000 0.0222 0.0000 0.0000 0.0000 0.0444 0.0000 0.0000
1.0000 0.1000 0.0000 0.4565 0.0851 0.0800 0.0233 0.0000 0.0000 0.0000 0.0000 0.0000 0.0233 0.0000 0.0000 0.0000
1.0000 0.4186 0.0000 0.1698 0.1250 0.0600 0.0222 0.0526 0.0000 0.0000 0.0000 0.0000 0.0000 0.0000 0.0000 0.0000
1.0000 0.1042 0.0000 0.7037 0.4407 0.0000 0.0000 0.0204 0.0000 0.0000 0.0000 0.0000 0.0000 0.0000 0.0000 0.0000
1.0000 0.7241 0.0000 0.0000 0.0000 0.0000 0.0227 0.0000 0.0000 0.0000 0.0000 0.0000 0.0000 0.0000 0.0000 0.0000
0.9750 0.1818 0.0000 0.7857 0.2245 0.3333 0.0000 0.0000 0.0541 0.0000 0.0000 0.0000 0.0182 0.0000 0.0185 0.0000
1.0000 0.1224 0.0000 0.5806 0.2812 0.1000 0.0328 0.0000 0.0000 0.0364 0.0000 0.0000 0.0000 0.0000 0.0000 0.0000
1.0000 0.1224 0.0000 0.9636 0.3878 0.6905 0.0000 0.0339 0.0000 0.0000 0.0545 0.0000 0.1296 0.0000 0.0000 0.0000
0.8696 0.4222 0.0000 0.7455 0.3824 0.1277 0.0357 0.0000 0.0000 0.0000 0.0000 0.0000 0.0175 0.0000 0.2069 0.0000
1.0000 0.1304 0.0000 0.4103 0.4510 0.0000 0.0000 0.0000 0.0244 0.1429 0.0000 0.0000 0.0000 0.0000 0.0000 0.0000
1.0000 0.9804 0.0000 0.2982 0.0000 0.0000 0.0000 0.0000 0.0000 0.0426 0.0000 0.0000 0.0000 0.0000 0.0000 0.0000
1.0000 0.4717 0.0000 0.8039 0.5000 0.0400 0.0541 0.0000 0.0000 0.0000 0.0000 0.0000 0.0000 0.0444 0.0000 0.0000
1.0000 0.0000 0.0000 0.7838 0.5600 0.0926 0.0000 0.0851 0.0000 0.0000 0.0000 0.0000 0.0000 0.0000 0.0526 0.0000
1.0000 0.1071 0.0000 0.3833 0.1569 0.0000 0.0000 0.0000 0.0000 0.0000 0.0000 0.0000 0.0000 0.0000 0.0000 0.0000
1.0000 0.0351 0.0000 0.6176 0.0000 0.0000 0.0926 0.0000 0.0000 0.0000 0.0000 0.0175 0.4762 0.0000 0.0000 0.0000
1.0000 0.8000 0.0000 0.0566 0.1000 0.0000 0.0000 0.0000 0.0000 0.0000 0.0000 0.0781 0.0435 0.0000 0.0000 0.0000
1.0000 0.8696 0.0000 0.0741 0.0000 0.0000 0.0000 0.0000 0.0000 0.0000 0.0000 0.0000 0.1111 0.0000 0.1087 0.0000
1.0000 0.6364 0.0000 0.0000 0.0000 0.0455 0.0000 0.0000 0.0000 0.0000 0.0000 0.0000 0.0000 0.0000 0.0000 0.0000
1.0000 0.2292 0.0000 0.6774 0.0000 0.0000 0.0000 0.1707 0.0000 0.0000 0.0000 0.0408 0.4000 0.0000 0.0000 0.0000
1.0000 0.0196 0.0000 0.0000 0.0000 0.0000 0.0000 0.0000 0.0000 0.0000 0.0000 0.0682 0.0270 0.0000 0.0000 0.0000
0.9756 0.0217 0.0000 0.6170 0.0238 0.0000 0.0000 0.0385 0.0000 0.0000 0.0161 0.0000 0.5152 0.0233 0.0000 0.0000
0.9787 0.0000 0.0000 0.0182 0.0000 0.0000 0.1875 0.0000 0.0000 0.0000 0.0000 0.0000 0.0000 0.0000 0.0000 0.0000
1.0000 0.0000 0.0000 0.0000 0.0000 0.0000 0.5769 0.0189 0.0465 0.0000 0.0222 0.0000 0.0909 0.0000 0.0000 0.0000
1.0000 0.4706 0.0000 0.2745 0.0392 0.0588 0.0000 0.0000 0.0000 0.0000 0.1228 0.0000 0.0000 0.0000 0.0600 0.0000
1.0000 0.0667 0.0000 0.5156 0.0000 0.0000 0.0000 0.0000 0.1509 0.0000 0.0000 0.0851 0.3171 0.0000 0.0000 0.0000
0.9512 0.0962 0.0000 0.7500 0.5500 0.2766 0.0000 0.0000 0.0000 0.0213 0.0000 0.0000 0.0000 0.0000 0.1579 0.0000
1.0000 0.0000 0.0000 0.0000 0.0000 0.0000 0.6739 0.0357 0.0000 0.0000 0.0000 0.0000 0.0000 0.0000 0.0000 0.0000
1.0000 0.4615 0.0000 0.0000 0.0339 0.0000 0.0000 0.0000 0.0204 0.0000 0.0000 0.2292 0.0172 0.1379 0.0000 0.0000
1.0000 0.6727 0.1607 0.1282 0.0000 0.0000 0.0000 0.0000 0.0000 0.0000 0.0000 0.0638 0.0000 0.0000 0.0000 0.0000
1.0000 0.3509 0.0000 0.0000 0.0000 0.0000 0.0000 0.0000 0.1739 0.0000 0.0645 0.0652 0.0000 0.0000 0.0000 0.0000
0.9811 0.1800 0.0000 0.7885 0.2778 0.0857 0.0000 0.0645 0.0000 0.0000 0.0167 0.0000 0.0000 0.0196 0.1800 0.0000
1.0000 0.8723 0.0000 0.0000 0.0000 0.0000 0.0000 0.0000 0.0714 0.0698 0.0000 0.3889 0.0000 0.0000 0.0000 0.0000
1.0000 0.8600 0.0000 0.0000 0.0000 0.0833 0.0250 0.0000 0.0000 0.0000 0.0000 0.3934 0.0000 0.0000 0.0339 0.0000
1.0000 0.0526 0.0000 0.6667 0.3333 0.4483 0.0000 0.0000 0.0200 0.1522 0.0465 0.0278 0.0000 0.0000 0.2250 0.0000
1.0000 0.1111 0.0000 0.7273 0.4750 0.0000 0.0000 0.0000 0.0000 0.0727 0.0000 0.0000 0.0263 0.0000 0.0172 0.0000
1.0000 0.0000 0.0000 0.8605 0.0000 0.0000 0.0000 0.0000 0.0000 0.0000 0.0408 0.0000 0.4359 0.0000 0.0164 0.0000
1.0000 0.9123 0.9024 0.0000 0.0833 0.0000 0.0000 0.0000 0.2432 0.0000 0.0000 0.0000 0.0000 0.0000 0.0000 0.0000
1.0000 0.8163 0.5227 0.0714 0.0000 0.0000 0.0323 0.2600 0.1404 0.0000 0.0000 0.0000 0.0667 0.0000 0.0000 0.0000
1.0000 1.0000 0.0000 0.0000 0.0000 0.0000 0.0000 0.0169 0.0000 0.0000 0.0000 0.6923 0.0000 0.0000 0.0000 0.0000
1.0000 0.3696 0.0000 0.5094 0.3036 0.3409 0.0000 0.0000 0.0000 0.0200 0.0000 0.0000 0.0000 0.0476 0.0000 0.0000
1.0000 0.5882 0.0000 0.3898 0.0000 0.0000 0.0000 0.0000 0.0000 0.0000 0.0000 0.0213 0.0000 0.0000 0.0000 0.0000
1.0000 0.6111 0.3636 0.0200 0.0000 0.1250 0.0000 0.0000 0.0000 0.0000 0.0000 0.0000 0.0000 0.0233 0.0000 0.0000
1.0000 0.1923 0.0000 0.0000 0.0000 0.0000 0.0000 0.0000 0.0000 0.0000 0.0000 0.0000 0.0000 0.0000 0.0000 0.0000
1.0000 0.8364 0.6842 0.0000 0.0000 0.0526 0.0000 0.0000 0.0000 0.0000 0.0000 0.0000 0.0000 0.0000 0.0000 0.0000
1.0000 0.6744 0.1250 0.0000 0.0000 0.0000 0.0000 0.0000 0.0000 0.0577 0.0000 0.2105 0.0000 0.0000 0.0000 0.0000
1.0000 0.5750 0.0000 0.2941 0.0667 0.0000 0.0000 0.0000 0.0154 0.1818 0.0000 0.0000 0.0000 0.0000 0.0000 0.0000
1.0000 0.5957 0.0435 0.1400 0.0233 0.0000 0.0000 0.0000 0.0000 0.1250 0.0000 0.0426 0.0000 0.0000 0.0784 0.0000
0.9773 0.9333 0.0000 0.0000 0.0781 0.0000 0.0600 0.0385 0.0333 0.0172 0.0000 0.0392 0.0000 0.2368 0.0000 0.0000
0.9574 0.8444 0.0000 0.0488 0.0000 0.0000 0.0185 0.0500 0.0000 0.0000 0.0536 0.0175 0.0000 0.0000 0.0513 0.0000
1.0000 0.8039 0.0000 0.0444 0.0182 0.0000 0.0000 0.0000 0.0000 0.0417 0.0208 0.6122 0.0000 0.0213 0.0000 0.0000
1.0000 0.8780 0.4444 0.0000 0.0156 0.0000 0.0000 0.0000 0.0000 0.0000 0.0000 0.0000 0.0000 0.0000 0.0000 0.0000
1.0000 0.3509 0.0000 0.6744 0.1364 0.0000 0.0000 0.0000 0.0156 0.0000 0.0400 0.0000 0.0000 0.0000 0.0217 0.0000
1.0000 0.1136 0.0000 0.5082 0.3125 0.0000 0.0000 0.0000 0.0000 0.0000 0.0000 0.0161 0.0000 0.0000 0.0408 0.0000
1.0000 0.7000 0.8846 0.0000 0.0000 0.0000 0.0000 0.0169 0.4167 0.0000 0.0000 0.0851 0.0000 0.0000 0.0000 0.0000
1.0000 0.8039 0.0588 0.0000 0.0000 0.0000 0.0000 0.0000 0.0000 0.0000 0.0000 0.0357 0.0000 0.0000 0.0000 0.0000
1.0000 0.0435 0.0769 0.7273 0.8400 0.6545 0.0000 0.3913 0.0000 0.0000 0.0000 0.0000 0.0000 0.0000 0.0000 0.0000
1.0000 0.8140 0.0000 0.0256 0.0000 0.0179 0.0256 0.0000 0.0000 0.0408 0.0213 0.0233 0.0000 0.0200 0.0000 0.0000
1.0000 0.8364 0.0000 0.0000 0.0000 0.0000 0.0000 0.0000 0.0000 0.0000 0.0000 0.0000 0.0000 0.0000 0.0000 0.0000
1.0000 0.0294 0.0000 0.6327 0.6444 0.2889 0.0435 0.0000 0.0333 0.0000 0.0000 0.0196 0.0000 0.0000 0.1667 0.0000
1.0000 0.8936 0.3400 0.0000 0.0370 0.0217 0.0000 0.0000 0.1475 0.0645 0.0000 0.0000 0.0000 0.0000 0.0000 0.0000
1.0000 0.1132 0.0000 0.7778 0.2545 0.1556 0.0217 0.2308 0.0000 0.0000 0.0175 0.0000 0.0000 0.0000 0.0000 0.0000
0.9846 0.0545 0.0000 0.6481 0.6667 0.2000 0.0000 0.0000 0.1961 0.0000 0.0000 0.0000 0.0000 0.0000 0.0000 0.0000
1.0000 0.8182 0.0000 0.0000 0.0000 0.0000 0.0000 0.0000 0.0000 0.0000 0.0000 0.0652 0.1636 0.0238 0.0000 0.0000
1.0000 0.0811 0.0000 0.6226 0.0000 0.0000 0.0182 0.0000 0.0000 0.0000 0.4348 0.0000 0.0000 0.0000 0.0000 0.0000
