0.9432 0.0568 0.0000 0.0000 0.0000 0.0000 0.0000 0.0000 0.0000 0.0000 0.0000 0.0000 0.0000 0.0000 0.0000
0.0799 0.2165 0.0000 0.0813 0.3850 0.1693 0.0000 0.0000 0.0000 0.0000 0.0000 0.0000 0.0000 0.0000 0.0679
0.1418 0.3868 0.0000 0.2796 0.1918 0.0000 0.0000 0.0000 0.0000 0.0000 0.0000 0.0000 0.0000 0.0000 0.0000
0.3149 0.2491 0.0000 0.0522 0.0000 0.0000 0.0000 0.0000 0.0000 0.0000 0.0000 0.0000 0.3838 0.0000 0.0000
0.1149 0.3031 0.0000 0.3761 0.0000 0.0000 0.0000 0.0000 0.0000 0.0000 0.2059 0.0000 0.0000 0.0000 0.0000
0.2892 0.3369 0.0000 0.0000 0.0000 0.0000 0.0000 0.0000 0.0000 0.0000 0.0000 0.2050 0.0000 0.1689 0.0000
0.2105 0.1541 0.0000 0.3008 0.0000 0.0000 0.0000 0.0000 0.0000 0.0000 0.3346 0.0000 0.0000 0.0000 0.0000
0.2035 0.1804 0.0000 0.0000 0.0000 0.0000 0.0000 0.0000 0.0000 0.0000 0.0000 0.1211 0.0000 0.4949 0.0000
0.2397 0.2193 0.0000 0.1363 0.0905 0.3141 0.0000 0.0000 0.0000 0.0000 0.0000 0.0000 0.0000 0.0000 0.0000
0.0642 0.0720 0.0000 0.2222 0.4784 0.0747 0.0000 0.0885 0.0000 0.0000 0.0000 0.0000 0.0000 0.0000 0.0000
1.0000 0.0000 0.0000 0.0000 0.0000 0.0000 0.0000 0.0000 0.0000 0.0000 0.0000 0.0000 0.0000 0.0000 0.0000
1.0000 0.0000 0.0000 0.0000 0.0000 0.0000 0.0000 0.0000 0.0000 0.0000 0.0000 0.0000 0.0000 0.0000 0.0000
0.1899 0.0000 0.0000 0.0000 0.0000 0.0000 0.8101 0.0000 0.0000 0.0000 0.0000 0.0000 0.0000 0.0000 0.0000
0.1472 0.8528 0.0000 0.0000 0.0000 0.0000 0.0000 0.0000 0.0000 0.0000 0.0000 0.0000 0.0000 0.0000 0.0000
0.5373 0.2390 0.0000 0.2237 0.0000 0.0000 0.0000 0.0000 0.0000 0.0000 0.0000 0.0000 0.0000 0.0000 0.0000
0.2403 0.2935 0.0000 0.3611 0.0000 0.0000 0.0000 0.0000 0.0000 0.0000 0.1051 0.0000 0.0000 0.0000 0.0000
0.0837 0.2555 0.0000 0.2287 0.2736 0.0000 0.0000 0.0000 0.0000 0.1584 0.0000 0.0000 0.0000 0.0000 0.0000
0.1294 0.1178 0.0000 0.0000 0.0000 0.0000 0.0000 0.0000 0.0000 0.0000 0.0000 0.3699 0.0000 0.3828 0.0000
0.3518 0.1985 0.0000 0.3871 0.0000 0.0000 0.0000 0.0000 0.0000 0.0000 0.0626 0.0000 0.0000 0.0000 0.0000
1.0000 0.0000 0.0000 0.0000 0.0000 0.0000 0.0000 0.0000 0.0000 0.0000 0.0000 0.0000 0.0000 0.0000 0.0000
0.5212 0.0637 0.0000 0.1878 0.1545 0.0000 0.0000 0.0000 0.0000 0.0728 0.0000 0.0000 0.0000 0.0000 0.0000
0.0967 0.5946 0.0000 0.2090 0.0000 0.0000 0.0000 0.0000 0.0000 0.0000 0.0000 0.0000 0.0996 0.0000 0.0000
0.1199 0.3144 0.0000 0.4627 0.0000 0.0000 0.0000 0.0000 0.0000 0.0000 0.0000 0.0000 0.1031 0.0000 0.0000
0.5168 0.0802 0.0000 0.2577 0.0952 0.0000 0.0000 0.0000 0.0000 0.0500 0.0000 0.0000 0.0000 0.0000 0.0000
0.1773 0.0732 0.0000 0.2054 0.3010 0.0000 0.0000 0.0000 0.0000 0.2432 0.0000 0.0000 0.0000 0.0000 0.0000
0.1946 0.0839 0.0000 0.3256 0.1902 0.0000 0.0000 0.0000 0.0000 0.2058 0.0000 0.0000 0.0000 0.0000 0.0000
0.0529 0.4257 0.0000 0.0852 0.0757 0.1299 0.0000 0.2305 0.0000 0.0000 0.0000 0.0000 0.0000 0.0000 0.0000
0.3039 0.3157 0.1355 0.0000 0.0000 0.0000 0.0000 0.0000 0.2449 0.0000 0.0000 0.0000 0.0000 0.0000 0.0000
0.0820 0.1205 0.0000 0.0515 0.0961 0.3611 0.0000 0.2887 0.0000 0.0000 0.0000 0.0000 0.0000 0.0000 0.0000
0.0966 0.1140 0.0000 0.2252 0.0000 0.0000 0.0000 0.0000 0.0000 0.0000 0.5642 0.0000 0.0000 0.0000 0.0000
0.4141 0.5859 0.0000 0.0000 0.0000 0.0000 0.0000 0.0000 0.0000 0.0000 0.0000 0.0000 0.0000 0.0000 0.0000
0.2536 0.2860 0.0000 0.2007 0.0655 0.0000 0.0000 0.0000 0.0000 0.1942 0.0000 0.0000 0.0000 0.0000 0.0000
0.1452 0.1308 0.0000 0.3770 0.1098 0.0000 0.0000 0.0000 0.0000 0.2372 0.0000 0.0000 0.0000 0.0000 0.0000
0.6483 0.0729 0.1894 0.0000 0.0000 0.0000 0.0000 0.0000 0.0895 0.0000 0.0000 0.0000 0.0000 0.0000 0.0000
0.4498 0.2684 0.0000 0.0000 0.0000 0.0000 0.0000 0.0000 0.0000 0.0000 0.0000 0.2818 0.0000 0.0000 0.0000
0.2008 0.6269 0.0000 0.0514 0.1209 0.0000 0.0000 0.0000 0.0000 0.0000 0.0000 0.0000 0.0000 0.0000 0.0000
0.3309 0.2189 0.0000 0.1501 0.2350 0.0000 0.0000 0.0000 0.0000 0.0652 0.0000 0.0000 0.0000 0.0000 0.0000
1.0000 0.0000 0.0000 0.0000 0.0000 0.0000 0.0000 0.0000 0.0000 0.0000 0.0000 0.0000 0.0000 0.0000 0.0000
0.4566 0.1862 0.0000 0.1490 0.0000 0.0000 0.0000 0.0000 0.0000 0.0000 0.0000 0.0000 0.2082 0.0000 0.0000
0.1339 0.0557 0.0000 0.2854 0.0787 0.1399 0.0000 0.0000 0.0000 0.0000 0.0000 0.0000 0.0000 0.0000 0.3064
0.0956 0.5251 0.0000 0.3010 0.0000 0.0000 0.0000 0.0000 0.0000 0.0000 0.0782 0.0000 0.0000 0.0000 0.0000
0.2895 0.0907 0.0000 0.2317 0.2143 0.1737 0.0000 0.0000 0.0000 0.0000 0.0000 0.0000 0.0000 0.0000 0.0000
0.3686 0.0000 0.0000 0.0000 0.0000 0.0000 0.6314 0.0000 0.0000 0.0000 0.0000 0.0000 0.0000 0.0000 0.0000
0.3905 0.4811 0.1285 0.0000 0.0000 0.0000 0.0000 0.0000 0.0000 0.0000 0.0000 0.0000 0.0000 0.0000 0.0000
0.5010 0.0000 0.0000 0.0000 0.0000 0.0000 0.4990 0.0000 0.0000 0.0000 0.0000 0.0000 0.0000 0.0000 0.0000
0.0876 0.1799 0.0000 0.2793 0.2761 0.1126 0.0000 0.0000 0.0000 0.0000 0.0000 0.0000 0.0000 0.0000 0.0645
0.1960 0.2015 0.2681 0.0000 0.0000 0.0000 0.0000 0.0000 0.3344 0.0000 0.0000 0.0000 0.0000 0.0000 0.0000
0.6391 0.3609 0.0000 0.0000 0.0000 0.0000 0.0000 0.0000 0.0000 0.0000 0.0000 0.0000 0.0000 0.0000 0.0000
1.0000 0.0000 0.0000 0.0000 0.0000 0.0000 0.0000 0.0000 0.0000 0.0000 0.0000 0.0000 0.0000 0.0000 0.0000
0.0592 0.8136 0.1272 0.0000 0.0000 0.0000 0.0000 0.0000 0.0000 0.0000 0.0000 0.0000 0.0000 0.0000 0.0000
0.0874 0.1701 0.0000 0.0964 0.0000 0.0000 0.0000 0.0000 0.0000 0.0000 0.6462 0.0000 0.0000 0.0000 0.0000
0.1743 0.2681 0.0000 0.2110 0.2312 0.0000 0.0000 0.0000 0.0000 0.1155 0.0000 0.0000 0.0000 0.0000 0.0000
0.1439 0.3638 0.0000 0.3621 0.0000 0.0000 0.0000 0.0000 0.0000 0.0000 0.1301 0.0000 0.0000 0.0000 0.0000
0.0784 0.0843 0.0000 0.1247 0.2928 0.3272 0.0000 0.0000 0.0000 0.0000 0.0000 0.0000 0.0000 0.0000 0.0926
0.5210 0.4790 0.0000 0.0000 0.0000 0.0000 0.0000 0.0000 0.0000 0.0000 0.0000 0.0000 0.0000 0.0000 0.0000
0.5419 0.0000 0.0000 0.0000 0.0000 0.0000 0.4581 0.0000 0.0000 0.0000 0.0000 0.0000 0.0000 0.0000 0.0000
0.2208 0.1179 0.0000 0.1348 0.2816 0.1567 0.0000 0.0881 0.0000 0.0000 0.0000 0.0000 0.0000 0.0000 0.0000
0.6190 0.0000 0.0000 0.0000 0.0000 0.0000 0.3810 0.0000 0.0000 0.0000 0.0000 0.0000 0.0000 0.0000 0.0000
0.2655 0.2034 0.0000 0.1660 0.0000 0.0000 0.0000 0.0000 0.0000 0.0000 0.0000 0.0000 0.3651 0.0000 0.0000
0.1167 0.3150 0.0000 0.1885 0.1093 0.1984 0.0000 0.0000 0.0000 0.0000 0.0000 0.0000 0.0000 0.0000 0.0721
0.7125 0.2875 0.0000 0.0000 0.0000 0.0000 0.0000 0.0000 0.0000 0.0000 0.0000 0.0000 0.0000 0.0000 0.0000
0.6333 0.1206 0.0000 0.0645 0.0948 0.0868 0.0000 0.0000 0.0000 0.0000 0.0000 0.0000 0.0000 0.0000 0.0000
0.1380 0.3353 0.4028 0.0000 0.0000 0.0000 0.0000 0.0000 0.1240 0.0000 0.0000 0.0000 0.0000 0.0000 0.0000
0.3813 0.0660 0.0000 0.0000 0.0000 0.0000 0.0000 0.0000 0.0000 0.0000 0.0000 0.3837 0.0000 0.1689 0.0000
0.1061 0.3570 0.0000 0.1453 0.0952 0.2964 0.0000 0.0000 0.0000 0.0000 0.0000 0.0000 0.0000 0.0000 0.0000
0.8225 0.0000 0.0000 0.0000 0.0000 0.0000 0.1775 0.0000 0.0000 0.0000 0.0000 0.0000 0.0000 0.0000 0.0000
0.1886 0.2692 0.0000 0.0000 0.0000 0.0000 0.0000 0.0000 0.0000 0.0000 0.0000 0.3790 0.0000 0.1631 0.0000
0.1804 0.2947 0.0000 0.4306 0.0943 0.0000 0.0000 0.0000 0.0000 0.0000 0.0000 0.0000 0.0000 0.0000 0.0000
0.0656 0.2404 0.0000 0.0000 0.0000 0.0000 0.0000 0.0000 0.0000 0.0000 0.0000 0.6940 0.0000 0.0000 0.0000
0.1353 0.4695 0.0000 0.2710 0.0000 0.0000 0.0000 0.0000 0.0000 0.0000 0.0000 0.0000 0.1242 0.0000 0.0000
0.3233 0.5013 0.0000 0.0000 0.0000 0.0000 0.0000 0.0000 0.0000 0.0000 0.0000 0.1753 0.0000 0.0000 0.0000
0.0739 0.0554 0.0000 0.0000 0.0000 0.0000 0.0000 0.0000 0.0000 0.0000 0.0000 0.3803 0.0000 0.4904 0.0000
0.0534 0.4268 0.0000 0.0000 0.0000 0.0000 0.0000 0.0000 0.0000 0.0000 0.0000 0.4467 0.0000 0.0732 0.0000
0.3878 0.2603 0.0000 0.0597 0.0000 0.0000 0.0000 0.0000 0.0000 0.0000 0.2922 0.0000 0.0000 0.0000 0.0000
0.0772 0.1771 0.0000 0.2696 0.1536 0.2662 0.0000 0.0000 0.0000 0.0000 0.0000 0.0000 0.0000 0.0000 0.0563
0.5934 0.0000 0.0000 0.0000 0.0000 0.0000 0.4066 0.0000 0.0000 0.0000 0.0000 0.0000 0.0000 0.0000 0.0000
0.1047 0.1559 0.0000 0.0685 0.6709 0.0000 0.0000 0.0000 0.0000 0.0000 0.0000 0.0000 0.0000 0.0000 0.0000
0.1551 0.0930 0.0000 0.0000 0.0000 0.0000 0.0000 0.0000 0.0000 0.0000 0.0000 0.0750 0.0000 0.6768 0.0000
0.5553 0.0000 0.0000 0.0000 0.0000 0.0000 0.4447 0.0000 0.0000 0.0000 0.0000 0.0000 0.0000 0.0000 0.0000
0.3473 0.5594 0.0933 0.0000 0.0000 0.0000 0.0000 0.0000 0.0000 0.0000 0.0000 0.0000 0.0000 0.0000 0.0000
0.3197 0.1301 0.0000 0.0765 0.1119 0.3618 0.0000 0.0000 0.0000 0.0000 0.0000 0.0000 0.0000 0.0000 0.0000
0.1670 0.4060 0.0000 0.0618 0.2144 0.0000 0.0000 0.0000 0.0000 0.1507 0.0000 0.0000 0.0000 0.0000 0.0000
0.3469 0.2075 0.0000 0.0000 0.0000 0.0000 0.0000 0.0000 0.0000 0.0000 0.0000 0.3319 0.0000 0.1137 0.0000
0.0629 0.9371 0.0000 0.0000 0.0000 0.0000 0.0000 0.0000 0.0000 0.0000 0.0000 0.0000 0.0000 0.0000 0.0000
0.3465 0.0000 0.0000 0.0000 0.0000 0.0000 0.6535 0.0000 0.0000 0.0000 0.0000 0.0000 0.0000 0.0000 0.0000
0.3784 0.3150 0.3067 0.0000 0.0000 0.0000 0.0000 0.0000 0.0000 0.0000 0.0000 0.0000 0.0000 0.0000 0.0000
0.5372 0.1395 0.0762 0.0000 0.0000 0.0000 0.0000 0.0000 0.2471 0.0000 0.0000 0.0000 0.0000 0.0000 0.0000
0.1596 0.8404 0.0000 0.0000 0.0000 0.0000 0.0000 0.0000 0.0000 0.0000 0.0000 0.0000 0.0000 0.0000 0.0000
0.1945 0.2280 0.0000 0.0523 0.1620 0.2635 0.0000 0.0997 0.0000 0.0000 0.0000 0.0000 0.0000 0.0000 0.0000
0.0509 0.0838 0.0000 0.5127 0.1389 0.2137 0.0000 0.0000 0.0000 0.0000 0.0000 0.0000 0.0000 0.0000 0.0000
0.4448 0.2777 0.2775 0.0000 0.0000 0.0000 0.0000 0.0000 0.0000 0.0000 0.0000 0.0000 0.0000 0.0000 0.0000
0.1654 0.1517 0.0784 0.0000 0.0000 0.0000 0.0000 0.0000 0.6046 0.0000 0.0000 0.0000 0.0000 0.0000 0.0000
0.0883 0.6370 0.0000 0.0000 0.0000 0.0000 0.0000 0.0000 0.0000 0.0000 0.0000 0.1182 0.0000 0.1565 0.0000
0.4128 0.0000 0.0000 0.0000 0.0000 0.0000 0.5872 0.0000 0.0000 0.0000 0.0000 0.0000 0.0000 0.0000 0.0000
0.2224 0.5912 0.0000 0.0000 0.0000 0.0000 0.0000 0.0000 0.0000 0.0000 0.0000 0.1864 0.0000 0.0000 0.0000
0.2977 0.0938 0.0000 0.3668 0.0000 0.0000 0.0000 0.0000 0.0000 0.0000 0.2417 0.0000 0.0000 0.0000 0.0000
0.5998 0.1512 0.0000 0.2490 0.0000 0.0000 0.0000 0.0000 0.0000 0.0000 0.0000 0.0000 0.0000 0.0000 0.0000
0.1266 0.2147 0.0000 0.0532 0.2987 0.3068 0.0000 0.0000 0.0000 0.0000 0.0000 0.0000 0.0000 0.0000 0.0000
0.1118 0.3041 0.0000 0.2884 0.0747 0.0000 0.0000 0.0000 0.0000 0.2210 0.0000 0.0000 0.0000 0.0000 0.0000
0.1555 0.1245 0.0000 0.1175 0.0000 0.0000 0.0000 0.0000 0.0000 0.0000 0.0000 0.0000 0.6025 0.0000 0.0000
0.1032 0.2347 0.0000 0.1321 0.5299 0.0000 0.0000 0.0000 0.0000 0.0000 0.0000 0.0000 0.0000 0.0000 0.0000
0.1563 0.1259 0.0000 0.3461 0.1697 0.2020 0.0000 0.0000 0.0000 0.0000 0.0000 0.0000 0.0000 0.0000 0.0000
0.4442 0.2133 0.0000 0.1149 0.0519 0.1758 0.0000 0.0000 0.0000 0.0000 0.0000 0.0000 0.0000 0.0000 0.0000
0.0696 0.2267 0.0000 0.0633 0.6404 0.0000 0.0000 0.0000 0.0000 0.0000 0.0000 0.0000 0.0000 0.0000 0.0000
0.2432 0.1090 0.0000 0.0754 0.1128 0.2231 0.0000 0.2366 0.0000 0.0000 0.0000 0.0000 0.0000 0.0000 0.0000
0.1400 0.2547 0.3582 0.0000 0.0000 0.0000 0.0000 0.0000 0.2471 0.0000 0.0000 0.0000 0.0000 0.0000 0.0000
1.0000 0.0000 0.0000 0.0000 0.0000 0.0000 0.0000 0.0000 0.0000 0.0000 0.0000 0.0000 0.0000 0.0000 0.0000
0.2731 0.0781 0.0000 0.2267 0.2475 0.0743 0.0000 0.1004 0.0000 0.0000 0.0000 0.0000 0.0000 0.0000 0.0000
0.1640 0.6652 0.1709 0.0000 0.0000 0.0000 0.0000 0.0000 0.0000 0.0000 0.0000 0.0000 0.0000 0.0000 0.0000
0.2581 0.2180 0.0000 0.4379 0.0000 0.0000 0.0000 0.0000 0.0000 0.0000 0.0000 0.0000 0.0860 0.0000 0.0000
0.0900 0.1757 0.0000 0.5773 0.1570 0.0000 0.0000 0.0000 0.0000 0.0000 0.0000 0.0000 0.0000 0.0000 0.0000
0.3687 0.1126 0.0000 0.2653 0.1647 0.0887 0.0000 0.0000 0.0000 0.0000 0.0000 0.0000 0.0000 0.0000 0.0000
0.2148 0.3581 0.0000 0.1027 0.3243 0.0000 0.0000 0.0000 0.0000 0.0000 0.0000 0.0000 0.0000 0.0000 0.0000
0.1942 0.0000 0.0000 0.0000 0.0000 0.0000 0.8058 0.0000 0.0000 0.0000 0.0000 0.0000 0.0000 0.0000 0.0000
1.0000 0.0000 0.0000 0.0000 0.0000 0.0000 0.0000 0.0000 0.0000 0.0000 0.0000 0.0000 0.0000 0.0000 0.0000
0.1118 0.0577 0.0000 0.3763 0.0000 0.0000 0.0000 0.0000 0.0000 0.0000 0.4543 0.0000 0.0000 0.0000 0.0000
0.2493 0.2951 0.0000 0.0000 0.0000 0.0000 0.0000 0.0000 0.0000 0.0000 0.0000 0.1186 0.0000 0.3370 0.0000
1.0000 0.0000 0.0000 0.0000 0.0000 0.0000 0.0000 0.0000 0.0000 0.0000 0.0000 0.0000 0.0000 0.0000 0.0000
0.5686 0.1026 0.1124 0.0000 0.0000 0.0000 0.0000 0.0000 0.2164 0.0000 0.0000 0.0000 0.0000 0.0000 0.0000
0.5231 0.1131 0.0000 0.3638 0.0000 0.0000 0.0000 0.0000 0.0000 0.0000 0.0000 0.0000 0.0000 0.0000 0.0000
0.0827 0.2234 0.0000 0.2081 0.0000 0.0000 0.0000 0.0000 0.0000 0.0000 0.4858 0.0000 0.0000 0.0000 0.0000
0.1192 0.1914 0.5277 0.0000 0.0000 0.0000 0.0000 0.0000 0.1617 0.0000 0.0000 0.0000 0.0000 0.0000 0.0000
0.2072 0.0588 0.0000 0.0623 0.1201 0.3411 0.0000 0.2105 0.0000 0.0000 0.0000 0.0000 0.0000 0.0000 0.0000
0.0800 0.1306 0.0000 0.4842 0.2432 0.0000 0.0000 0.0000 0.0000 0.0620 0.0000 0.0000 0.0000 0.0000 0.0000
0.8958 0.0000 0.0000 0.0000 0.0000 0.0000 0.1042 0.0000 0.0000 0.0000 0.0000 0.0000 0.0000 0.0000 0.0000
0.3464 0.4592 0.0000 0.1944 0.0000 0.0000 0.0000 0.0000 0.0000 0.0000 0.0000 0.0000 0.0000 0.0000 0.0000
0.4416 0.5584 0.0000 0.0000 0.0000 0.0000 0.0000 0.0000 0.0000 0.0000 0.0000 0.0000 0.0000 0.0000 0.0000
0.1288 0.2263 0.0000 0.5103 0.0000 0.0000 0.0000 0.0000 0.0000 0.0000 0.1346 0.0000 0.0000 0.0000 0.0000
0.3916 0.1079 0.2052 0.0000 0.0000 0.0000 0.0000 0.0000 0.2953 0.0000 0.0000 0.0000 0.0000 0.0000 0.0000
0.2236 0.7764 0.0000 0.0000 0.0000 0.0000 0.0000 0.0000 0.0000 0.0000 0.0000 0.0000 0.0000 0.0000 0.0000
0.2215 0.4510 0.0000 0.2532 0.0743 0.0000 0.0000 0.0000 0.0000 0.0000 0.0000 0.0000 0.0000 0.0000 0.0000
0.1880 0.0720 0.0000 0.7399 0.0000 0.0000 0.0000 0.0000 0.0000 0.0000 0.0000 0.0000 0.0000 0.0000 0.0000
0.3655 0.0000 0.0000 0.0000 0.0000 0.0000 0.6345 0.0000 0.0000 0.0000 0.0000 0.0000 0.0000 0.0000 0.0000
0.1159 0.2704 0.0000 0.0000 0.0000 0.0000 0.0000 0.0000 0.0000 0.0000 0.0000 0.0977 0.0000 0.5160 0.0000
0.1779 0.0977 0.0000 0.0709 0.3839 0.0000 0.0000 0.0000 0.0000 0.2696 0.0000 0.0000 0.0000 0.0000 0.0000
0.1179 0.2067 0.0000 0.1138 0.4708 0.0908 0.0000 0.0000 0.0000 0.0000 0.0000 0.0000 0.0000 0.0000 0.0000
0.1406 0.0690 0.0000 0.0732 0.3272 0.1654 0.0000 0.0000 0.0000 0.0000 0.0000 0.0000 0.0000 0.0000 0.2246
0.1768 0.2910 0.0000 0.3371 0.1951 0.0000 0.0000 0.0000 0.0000 0.0000 0.0000 0.0000 0.0000 0.0000 0.0000
0.0977 0.1164 0.0000 0.4400 0.2329 0.1130 0.0000 0.0000 0.0000 0.0000 0.0000 0.0000 0.0000 0.0000 0.0000
0.9006 0.0000 0.0000 0.0000 0.0000 0.0000 0.0994 0.0000 0.0000 0.0000 0.0000 0.0000 0.0000 0.0000 0.0000
0.4633 0.3264 0.0000 0.0000 0.0000 0.0000 0.0000 0.0000 0.0000 0.0000 0.0000 0.2103 0.0000 0.0000 0.0000
0.4490 0.5510 0.0000 0.0000 0.0000 0.0000 0.0000 0.0000 0.0000 0.0000 0.0000 0.0000 0.0000 0.0000 0.0000
0.2607 0.3277 0.0000 0.0580 0.1228 0.0658 0.0000 0.1650 0.0000 0.0000 0.0000 0.0000 0.0000 0.0000 0.0000
0.1398 0.1644 0.0000 0.1405 0.1873 0.1200 0.0000 0.0000 0.0000 0.0000 0.0000 0.0000 0.0000 0.0000 0.2480
0.7584 0.0000 0.0000 0.0000 0.0000 0.0000 0.2416 0.0000 0.0000 0.0000 0.0000 0.0000 0.0000 0.0000 0.0000
0.4500 0.1894 0.0000 0.0510 0.0670 0.0000 0.0000 0.0000 0.0000 0.2426 0.0000 0.0000 0.0000 0.0000 0.0000
0.8694 0.1306 0.0000 0.0000 0.0000 0.0000 0.0000 0.0000 0.0000 0.0000 0.0000 0.0000 0.0000 0.0000 0.0000
0.3429 0.4251 0.0000 0.0000 0.0000 0.0000 0.0000 0.0000 0.0000 0.0000 0.0000 0.0823 0.0000 0.1497 0.0000
0.2044 0.1077 0.4480 0.0000 0.0000 0.0000 0.0000 0.0000 0.2400 0.0000 0.0000 0.0000 0.0000 0.0000 0.0000
0.3433 0.0935 0.3243 0.0000 0.0000 0.0000 0.0000 0.0000 0.2389 0.0000 0.0000 0.0000 0.0000 0.0000 0.0000
0.1704 0.1449 0.0000 0.5780 0.0000 0.0000 0.0000 0.0000 0.0000 0.0000 0.0000 0.0000 0.1068 0.0000 0.0000
0.0505 0.1616 0.0000 0.1625 0.1784 0.4470 0.0000 0.0000 0.0000 0.0000 0.0000 0.0000 0.0000 0.0000 0.0000
0.2945 0.0788 0.0000 0.3152 0.0000 0.0000 0.0000 0.0000 0.0000 0.0000 0.0000 0.0000 0.3115 0.0000 0.0000
0.1572 0.2183 0.0000 0.3392 0.0690 0.0773 0.0000 0.1389 0.0000 0.0000 0.0000 0.0000 0.0000 0.0000 0.0000
0.0869 0.0612 0.0000 0.3856 0.2845 0.0874 0.0000 0.0944 0.0000 0.0000 0.0000 0.0000 0.0000 0.0000 0.0000
0.1712 0.2371 0.0000 0.2224 0.1105 0.1826 0.0000 0.0000 0.0000 0.0000 0.0000 0.0000 0.0000 0.0000 0.0761
0.4106 0.1801 0.0000 0.1962 0.0000 0.0000 0.0000 0.0000 0.0000 0.0000 0.0000 0.0000 0.2132 0.0000 0.0000
0.2434 0.4451 0.0000 0.1225 0.0000 0.0000 0.0000 0.0000 0.0000 0.0000 0.0000 0.0000 0.1891 0.0000 0.0000
0.3862 0.0822 0.0000 0.1053 0.1674 0.0920 0.0000 0.1669 0.0000 0.0000 0.0000 0.0000 0.0000 0.0000 0.0000
0.0933 0.0925 0.0000 0.2000 0.0801 0.2557 0.0000 0.2784 0.0000 0.0000 0.0000 0.0000 0.0000 0.0000 0.0000
0.1204 0.0898 0.0000 0.0593 0.1764 0.1825 0.0000 0.0000 0.0000 0.0000 0.0000 0.0000 0.0000 0.0000 0.3716
1.0000 0.0000 0.0000 0.0000 0.0000 0.0000 0.0000 0.0000 0.0000 0.0000 0.0000 0.0000 0.0000 0.0000 0.0000
0.5133 0.0744 0.0000 0.2550 0.1573 0.0000 0.0000 0.0000 0.0000 0.0000 0.0000 0.0000 0.0000 0.0000 0.0000
0.1412 0.0949 0.1071 0.0000 0.0000 0.0000 0.0000 0.0000 0.6568 0.0000 0.0000 0.0000 0.0000 0.0000 0.0000
0.2161 0.2928 0.0000 0.2250 0.1430 0.0000 0.0000 0.0000 0.0000 0.1232 0.0000 0.0000 0.0000 0.0000 0.0000
0.2311 0.1495 0.0000 0.0000 0.0000 0.0000 0.0000 0.0000 0.0000 0.0000 0.0000 0.1889 0.0000 0.4305 0.0000
0.7203 0.2797 0.0000 0.0000 0.0000 0.0000 0.0000 0.0000 0.0000 0.0000 0.0000 0.0000 0.0000 0.0000 0.0000
0.2758 0.3633 0.0000 0.2673 0.0000 0.0000 0.0000 0.0000 0.0000 0.0000 0.0936 0.0000 0.0000 0.0000 0.0000
0.1485 0.3268 0.0000 0.0901 0.0813 0.3533 0.0000 0.0000 0.0000 0.0000 0.0000 0.0000 0.0000 0.0000 0.0000
0.1235 0.0926 0.0000 0.0559 0.1064 0.3585 0.0000 0.2631 0.0000 0.0000 0.0000 0.0000 0.0000 0.0000 0.0000
0.1087 0.1120 0.0000 0.3831 0.2081 0.1882 0.0000 0.0000 0.0000 0.0000 0.0000 0.0000 0.0000 0.0000 0.0000
0.2920 0.1106 0.0000 0.1933 0.1081 0.0000 0.0000 0.0000 0.0000 0.2961 0.0000 0.0000 0.0000 0.0000 0.0000
0.8376 0.0000 0.0000 0.0000 0.0000 0.0000 0.1624 0.0000 0.0000 0.0000 0.0000 0.0000 0.0000 0.0000 0.0000
1.0000 0.0000 0.0000 0.0000 0.0000 0.0000 0.0000 0.0000 0.0000 0.0000 0.0000 0.0000 0.0000 0.0000 0.0000
0.8069 0.1931 0.0000 0.0000 0.0000 0.0000 0.0000 0.0000 0.0000 0.0000 0.0000 0.0000 0.0000 0.0000 0.0000
0.1346 0.2031 0.0000 0.4784 0.0000 0.0000 0.0000 0.0000 0.0000 0.0000 0.0000 0.0000 0.1839 0.0000 0.0000
0.1090 0.2055 0.0000 0.0506 0.6349 0.0000 0.0000 0.0000 0.0000 0.0000 0.0000 0.0000 0.0000 0.0000 0.0000
0.4049 0.0000 0.0000 0.0000 0.0000 0.0000 0.5951 0.0000 0.0000 0.0000 0.0000 0.0000 0.0000 0.0000 0.0000
0.0869 0.8204 0.0927 0.0000 0.0000 0.0000 0.0000 0.0000 0.0000 0.0000 0.0000 0.0000 0.0000 0.0000 0.0000
0.2754 0.0623 0.0000 0.1295 0.0000 0.0000 0.0000 0.0000 0.0000 0.0000 0.0000 0.0000 0.5328 0.0000 0.0000
0.1144 0.3220 0.0000 0.2707 0.0000 0.0000 0.0000 0.0000 0.0000 0.0000 0.2929 0.0000 0.0000 0.0000 0.0000
0.1943 0.6449 0.0000 0.0000 0.0000 0.0000 0.0000 0.0000 0.0000 0.0000 0.0000 0.1609 0.0000 0.0000 0.0000
0.1918 0.1495 0.0000 0.0000 0.0000 0.0000 0.0000 0.0000 0.0000 0.0000 0.0000 0.0738 0.0000 0.5848 0.0000
0.3887 0.4888 0.1226 0.0000 0.0000 0.0000 0.0000 0.0000 0.0000 0.0000 0.0000 0.0000 0.0000 0.0000 0.0000
0.6650 0.2076 0.0000 0.0000 0.0000 0.0000 0.0000 0.0000 0.0000 0.0000 0.0000 0.1274 0.0000 0.0000 0.0000
0.1529 0.2177 0.0000 0.3285 0.0823 0.0000 0.0000 0.0000 0.0000 0.2186 0.0000 0.0000 0.0000 0.0000 0.0000
0.6181 0.1300 0.0000 0.0000 0.0000 0.0000 0.0000 0.0000 0.0000 0.0000 0.0000 0.1139 0.0000 0.1381 0.0000
0.4748 0.1901 0.3351 0.0000 0.0000 0.0000 0.0000 0.0000 0.0000 0.0000 0.0000 0.0000 0.0000 0.0000 0.0000
0.0850 0.8469 0.0000 0.0681 0.0000 0.0000 0.0000 0.0000 0.0000 0.0000 0.0000 0.0000 0.0000 0.0000 0.0000
1.0000 0.0000 0.0000 0.0000 0.0000 0.0000 0.0000 0.0000 0.0000 0.0000 0.0000 0.0000 0.0000 0.0000 0.0000
0.4924 0.0000 0.0000 0.0000 0.0000 0.0000 0.5076 0.0000 0.0000 0.0000 0.0000 0.0000 0.0000 0.0000 0.0000
0.2183 0.5640 0.0000 0.0658 0.0000 0.0000 0.0000 0.0000 0.0000 0.0000 0.1519 0.0000 0.0000 0.0000 0.0000
0.0872 0.3290 0.0000 0.0796 0.1996 0.1059 0.0000 0.0000 0.0000 0.0000 0.0000 0.0000 0.0000 0.0000 0.1987
0.2291 0.2821 0.1971 0.0000 0.0000 0.0000 0.0000 0.0000 0.2917 0.0000 0.0000 0.0000 0.0000 0.0000 0.0000
0.3311 0.1200 0.0000 0.1196 0.2908 0.1385 0.0000 0.0000 0.0000 0.0000 0.0000 0.0000 0.0000 0.0000 0.0000
0.1033 0.0985 0.0000 0.3196 0.1211 0.1234 0.0000 0.0000 0.0000 0.0000 0.0000 0.0000 0.0000 0.0000 0.2340
1.0000 0.0000 0.0000 0.0000 0.0000 0.0000 0.0000 0.0000 0.0000 0.0000 0.0000 0.0000 0.0000 0.0000 0.0000
0.5290 0.0795 0.0000 0.3022 0.0000 0.0000 0.0000 0.0000 0.0000 0.0000 0.0893 0.0000 0.0000 0.0000 0.0000
0.2765 0.4853 0.1062 0.0000 0.0000 0.0000 0.0000 0.0000 0.1320 0.0000 0.0000 0.0000 0.0000 0.0000 0.0000
0.0802 0.0622 0.0000 0.8577 0.0000 0.0000 0.0000 0.0000 0.0000 0.0000 0.0000 0.0000 0.0000 0.0000 0.0000
0.0947 0.2537 0.0000 0.5061 0.0000 0.0000 0.0000 0.0000 0.0000 0.0000 0.0000 0.0000 0.1454 0.0000 0.0000
0.4743 0.2811 0.0000 0.0000 0.0000 0.0000 0.0000 0.0000 0.0000 0.0000 0.0000 0.0814 0.0000 0.1633 0.0000
0.1839 0.4567 0.0000 0.2023 0.0000 0.0000 0.0000 0.0000 0.0000 0.0000 0.0000 0.0000 0.1571 0.0000 0.0000
0.3297 0.1516 0.0983 0.0000 0.0000 0.0000 0.0000 0.0000 0.4204 0.0000 0.0000 0.0000 0.0000 0.0000 0.0000
0.2515 0.0668 0.0000 0.5863 0.0954 0.0000 0.0000 0.0000 0.0000 0.0000 0.0000 0.0000 0.0000 0.0000 0.0000
0.1794 0.3146 0.0000 0.0766 0.3542 0.0752 0.0000 0.0000 0.0000 0.0000 0.0000 0.0000 0.0000 0.0000 0.0000
0.3429 0.1811 0.0000 0.0000 0.0000 0.0000 0.0000 0.0000 0.0000 0.0000 0.0000 0.0945 0.0000 0.3816 0.0000
0.2176 0.0000 0.0000 0.0000 0.0000 0.0000 0.7824 0.0000 0.0000 0.0000 0.0000 0.0000 0.0000 0.0000 0.0000
0.2150 0.4174 0.0000 0.0543 0.0567 0.2566 0.0000 0.0000 0.0000 0.0000 0.0000 0.0000 0.0000 0.0000 0.0000
0.1231 0.7916 0.0000 0.0852 0.0000 0.0000 0.0000 0.0000 0.0000 0.0000 0.0000 0.0000 0.0000 0.0000 0.0000
0.3598 0.1054 0.0000 0.0000 0.0000 0.0000 0.0000 0.0000 0.0000 0.0000 0.0000 0.5348 0.0000 0.0000 0.0000
0.4045 0.1232 0.0000 0.4723 0.0000 0.0000 0.0000 0.0000 0.0000 0.0000 0.0000 0.0000 0.0000 0.0000 0.0000
0.3141 0.4643 0.0000 0.0868 0.0000 0.0000 0.0000 0.0000 0.0000 0.0000 0.1348 0.0000 0.0000 0.0000 0.0000
0.0703 0.1158 0.0000 0.1728 0.3732 0.2679 0.0000 0.0000 0.0000 0.0000 0.0000 0.0000 0.0000 0.0000 0.0000
0.7551 0.1067 0.0000 0.0000 0.0000 0.0000 0.0000 0.0000 0.0000 0.0000 0.0000 0.1382 0.0000 0.0000 0.0000
0.7408 0.1108 0.0000 0.0946 0.0000 0.0000 0.0000 0.0000 0.0000 0.0000 0.0000 0.0000 0.0538 0.0000 0.0000
0.0752 0.6224 0.0000 0.1310 0.0000 0.0000 0.0000 0.0000 0.0000 0.0000 0.0000 0.0000 0.1714 0.0000 0.0000
0.2019 0.2343 0.2503 0.0000 0.0000 0.0000 0.0000 0.0000 0.3134 0.0000 0.0000 0.0000 0.0000 0.0000 0.0000
0.2125 0.3916 0.2513 0.0000 0.0000 0.0000 0.0000 0.0000 0.1445 0.0000 0.0000 0.0000 0.0000 0.0000 0.0000
0.1281 0.2344 0.0000 0.1656 0.1206 0.0763 0.0000 0.2751 0.0000 0.0000 0.0000 0.0000 0.0000 0.0000 0.0000
0.2059 0.2850 0.0000 0.1352 0.0000 0.0000 0.0000 0.0000 0.0000 0.0000 0.0000 0.0000 0.3739 0.0000 0.0000
0.5718 0.4282 0.0000 0.0000 0.0000 0.0000 0.0000 0.0000 0.0000 0.0000 0.0000 0.0000 0.0000 0.0000 0.0000
0.2068 0.0776 0.0000 0.1101 0.4982 0.0000 0.0000 0.0000 0.0000 0.1073 0.0000 0.0000 0.0000 0.0000 0.0000
0.0922 0.1214 0.0000 0.0745 0.2365 0.2729 0.0000 0.2025 0.0000 0.0000 0.0000 0.0000 0.0000 0.0000 0.0000
0.1817 0.3325 0.4323 0.0000 0.0000 0.0000 0.0000 0.0000 0.0534 0.0000 0.0000 0.0000 0.0000 0.0000 0.0000
0.3803 0.6197 0.0000 0.0000 0.0000 0.0000 0.0000 0.0000 0.0000 0.0000 0.0000 0.0000 0.0000 0.0000 0.0000
0.6999 0.2319 0.0000 0.0000 0.0000 0.0000 0.0000 0.0000 0.0000 0.0000 0.0000 0.0682 0.0000 0.0000 0.0000
0.1024 0.1321 0.0000 0.4716 0.1405 0.0520 0.0000 0.1014 0.0000 0.0000 0.0000 0.0000 0.0000 0.0000 0.0000
1.0000 0.0000 0.0000 0.0000 0.0000 0.0000 0.0000 0.0000 0.0000 0.0000 0.0000 0.0000 0.0000 0.0000 0.0000
0.3134 0.1666 0.0000 0.2934 0.0000 0.0000 0.0000 0.0000 0.0000 0.0000 0.2266 0.0000 0.0000 0.0000 0.0000
0.2272 0.1333 0.0000 0.0711 0.0728 0.2036 0.0000 0.2920 0.0000 0.0000 0.0000 0.0000 0.0000 0.0000 0.0000
0.3162 0.1144 0.0000 0.0585 0.3560 0.0000 0.0000 0.0000 0.0000 0.1549 0.0000 0.0000 0.0000 0.0000 0.0000
1.0000 0.0000 0.0000 0.0000 0.0000 0.0000 0.0000 0.0000 0.0000 0.0000 0.0000 0.0000 0.0000 0.0000 0.0000
0.2671 0.3129 0.0000 0.0000 0.0000 0.0000 0.0000 0.0000 0.0000 0.0000 0.0000 0.1349 0.0000 0.2850 0.0000
0.5291 0.1259 0.0000 0.2930 0.0000 0.0000 0.0000 0.0000 0.0000 0.0000 0.0520 0.0000 0.0000 0.0000 0.0000
0.6713 0.3287 0.0000 0.0000 0.0000 0.0000 0.0000 0.0000 0.0000 0.0000 0.0000 0.0000 0.0000 0.0000 0.0000
0.1469 0.1519 0.0000 0.1140 0.3496 0.1414 0.0000 0.0962 0.0000 0.0000 0.0000 0.0000 0.0000 0.0000 0.0000
0.0614 0.0582 0.0000 0.3517 0.0000 0.0000 0.0000 0.0000 0.0000 0.0000 0.0000 0.0000 0.5287 0.0000 0.0000
0.1208 0.1648 0.0000 0.3628 0.3516 0.0000 0.0000 0.0000 0.0000 0.0000 0.0000 0.0000 0.0000 0.0000 0.0000
0.6426 0.0804 0.0000 0.0000 0.0000 0.0000 0.0000 0.0000 0.0000 0.0000 0.0000 0.2770 0.0000 0.0000 0.0000
0.0813 0.2569 0.0000 0.6618 0.0000 0.0000 0.0000 0.0000 0.0000 0.0000 0.0000 0.0000 0.0000 0.0000 0.0000
0.2143 0.3153 0.0000 0.0000 0.0000 0.0000 0.0000 0.0000 0.0000 0.0000 0.0000 0.1938 0.0000 0.2766 0.0000
0.3864 0.2467 0.0000 0.0000 0.0000 0.0000 0.0000 0.0000 0.0000 0.0000 0.0000 0.3669 0.0000 0.0000 0.0000
0.1191 0.1603 0.0000 0.1525 0.5680 0.0000 0.0000 0.0000 0.0000 0.0000 0.0000 0.0000 0.0000 0.0000 0.0000
0.0742 0.1891 0.0000 0.2794 0.1185 0.1304 0.0000 0.2083 0.0000 0.0000 0.0000 0.0000 0.0000 0.0000 0.0000
0.1171 0.1677 0.7152 0.0000 0.0000 0.0000 0.0000 0.0000 0.0000 0.0000 0.0000 0.0000 0.0000 0.0000 0.0000
1.0000 0.0000 0.0000 0.0000 0.0000 0.0000 0.0000 0.0000 0.0000 0.0000 0.0000 0.0000 0.0000 0.0000 0.0000
0.4702 0.3575 0.0000 0.1723 0.0000 0.0000 0.0000 0.0000 0.0000 0.0000 0.0000 0.0000 0.0000 0.0000 0.0000
0.7801 0.0510 0.0000 0.0000 0.0000 0.0000 0.0000 0.0000 0.0000 0.0000 0.0000 0.1689 0.0000 0.0000 0.0000
0.2745 0.5564 0.0000 0.1019 0.0672 0.0000 0.0000 0.0000 0.0000 0.0000 0.0000 0.0000 0.0000 0.0000 0.0000
0.5281 0.3598 0.0000 0.1121 0.0000 0.0000 0.0000 0.0000 0.0000 0.0000 0.0000 0.0000 0.0000 0.0000 0.0000
0.0628 0.2481 0.0000 0.4934 0.0000 0.0000 0.0000 0.0000 0.0000 0.0000 0.1957 0.0000 0.0000 0.0000 0.0000
0.6918 0.0680 0.0000 0.0000 0.0000 0.0000 0.0000 0.0000 0.0000 0.0000 0.0000 0.2402 0.0000 0.0000 0.0000
0.0598 0.3845 0.3860 0.0000 0.0000 0.0000 0.0000 0.0000 0.1697 0.0000 0.0000 0.0000 0.0000 0.0000 0.0000
0.1551 0.3144 0.0000 0.4687 0.0000 0.0000 0.0000 0.0000 0.0000 0.0000 0.0000 0.0000 0.0618 0.0000 0.0000
0.4763 0.4298 0.0000 0.0000 0.0000 0.0000 0.0000 0.0000 0.0000 0.0000 0.0000 0.0939 0.0000 0.0000 0.0000
0.1499 0.8501 0.0000 0.0000 0.0000 0.0000 0.0000 0.0000 0.0000 0.0000 0.0000 0.0000 0.0000 0.0000 0.0000
0.3792 0.6208 0.0000 0.0000 0.0000 0.0000 0.0000 0.0000 0.0000 0.0000 0.0000 0.0000 0.0000 0.0000 0.0000
0.2235 0.1808 0.0000 0.2267 0.2469 0.0000 0.0000 0.0000 0.0000 0.1221 0.0000 0.0000 0.0000 0.0000 0.0000
0.3507 0.2986 0.3507 0.0000 0.0000 0.0000 0.0000 0.0000 0.0000 0.0000 0.0000 0.0000 0.0000 0.0000 0.0000
0.2990 0.2268 0.1547 0.0000 0.0000 0.0000 0.0000 0.0000 0.3195 0.0000 0.0000 0.0000 0.0000 0.0000 0.0000
0.1157 0.4503 0.0000 0.0000 0.0000 0.0000 0.0000 0.0000 0.0000 0.0000 0.0000 0.4341 0.0000 0.0000 0.0000
0.0700 0.2670 0.0000 0.4075 0.0873 0.0972 0.0000 0.0709 0.0000 0.0000 0.0000 0.0000 0.0000 0.0000 0.0000
0.1246 0.2211 0.0000 0.4771 0.0692 0.1079 0.0000 0.0000 0.0000 0.0000 0.0000 0.0000 0.0000 0.0000 0.0000
0.1243 0.0520 0.0000 0.8237 0.0000 0.0000 0.0000 0.0000 0.0000 0.0000 0.0000 0.0000 0.0000 0.0000 0.0000
0.1594 0.4083 0.0000 0.3350 0.0000 0.0000 0.0000 0.0000 0.0000 0.0000 0.0973 0.0000 0.0000 0.0000 0.0000
0.1092 0.0752 0.0000 0.3172 0.2801 0.0530 0.0000 0.1654 0.0000 0.0000 0.0000 0.0000 0.0000 0.0000 0.0000
0.4984 0.3164 0.0000 0.1096 0.0755 0.0000 0.0000 0.0000 0.0000 0.0000 0.0000 0.0000 0.0000 0.0000 0.0000
0.2350 0.2700 0.0000 0.4413 0.0000 0.0000 0.0000 0.0000 0.0000 0.0000 0.0000 0.0000 0.0537 0.0000 0.0000
0.3909 0.4363 0.0000 0.0000 0.0000 0.0000 0.0000 0.0000 0.0000 0.0000 0.0000 0.1065 0.0000 0.0663 0.0000
0.3155 0.3114 0.0000 0.1833 0.1898 0.0000 0.0000 0.0000 0.0000 0.0000 0.0000 0.0000 0.0000 0.0000 0.0000
0.2313 0.3603 0.0000 0.4084 0.0000 0.0000 0.0000 0.0000 0.0000 0.0000 0.0000 0.0000 0.0000 0.0000 0.0000
0.0675 0.2256 0.0980 0.0000 0.0000 0.0000 0.0000 0.0000 0.6089 0.0000 0.0000 0.0000 0.0000 0.0000 0.0000
0.0936 0.5523 0.3541 0.0000 0.0000 0.0000 0.0000 0.0000 0.0000 0.0000 0.0000 0.0000 0.0000 0.0000 0.0000
0.3261 0.2589 0.0000 0.0898 0.1708 0.0000 0.0000 0.0000 0.0000 0.1545 0.0000 0.0000 0.0000 0.0000 0.0000
0.0604 0.3517 0.0000 0.1444 0.4435 0.0000 0.0000 0.0000 0.0000 0.0000 0.0000 0.0000 0.0000 0.0000 0.0000
0.4195 0.0560 0.0000 0.0903 0.3070 0.0623 0.0000 0.0650 0.0000 0.0000 0.0000 0.0000 0.0000 0.0000 0.0000
0.2080 0.2227 0.0000 0.5693 0.0000 0.0000 0.0000 0.0000 0.0000 0.0000 0.0000 0.0000 0.0000 0.0000 0.0000
0.3058 0.1098 0.0000 0.1321 0.0000 0.0000 0.0000 0.0000 0.0000 0.0000 0.0000 0.0000 0.4522 0.0000 0.0000
0.3230 0.4032 0.0000 0.2738 0.0000 0.0000 0.0000 0.0000 0.0000 0.0000 0.0000 0.0000 0.0000 0.0000 0.0000
0.1740 0.0752 0.0000 0.0682 0.1066 0.5760 0.0000 0.0000 0.0000 0.0000 0.0000 0.0000 0.0000 0.0000 0.0000
0.2310 0.3225 0.0000 0.0000 0.0000 0.0000 0.0000 0.0000 0.0000 0.0000 0.0000 0.4466 0.0000 0.0000 0.0000
0.2898 0.1427 0.0000 0.0572 0.0000 0.0000 0.0000 0.0000 0.0000 0.0000 0.0000 0.0000 0.5103 0.0000 0.0000
0.0914 0.4485 0.0000 0.0698 0.0682 0.3220 0.0000 0.0000 0.0000 0.0000 0.0000 0.0000 0.0000 0.0000 0.0000
0.1545 0.0761 0.0000 0.1217 0.3216 0.0000 0.0000 0.0000 0.0000 0.3261 0.0000 0.0000 0.0000 0.0000 0.0000
0.4285 0.2989 0.2726 0.0000 0.0000 0.0000 0.0000 0.0000 0.0000 0.0000 0.0000 0.0000 0.0000 0.0000 0.0000
0.7186 0.1491 0.1323 0.0000 0.0000 0.0000 0.0000 0.0000 0.0000 0.0000 0.0000 0.0000 0.0000 0.0000 0.0000
0.8119 0.0965 0.0000 0.0000 0.0000 0.0000 0.0000 0.0000 0.0000 0.0000 0.0000 0.0916 0.0000 0.0000 0.0000
0.0646 0.0888 0.8466 0.0000 0.0000 0.0000 0.0000 0.0000 0.0000 0.0000 0.0000 0.0000 0.0000 0.0000 0.0000
0.1590 0.1604 0.0000 0.2958 0.2410 0.1438 0.0000 0.0000 0.0000 0.0000 0.0000 0.0000 0.0000 0.0000 0.0000
0.1551 0.4169 0.0000 0.0000 0.0000 0.0000 0.0000 0.0000 0.0000 0.0000 0.0000 0.0604 0.0000 0.3676 0.0000
0.0570 0.2658 0.0000 0.1520 0.1893 0.0000 0.0000 0.0000 0.0000 0.3359 0.0000 0.0000 0.0000 0.0000 0.0000
1.0000 0.0000 0.0000 0.0000 0.0000 0.0000 0.0000 0.0000 0.0000 0.0000 0.0000 0.0000 0.0000 0.0000 0.0000
0.1850 0.3789 0.0000 0.2036 0.2326 0.0000 0.0000 0.0000 0.0000 0.0000 0.0000 0.0000 0.0000 0.0000 0.0000
1.0000 0.0000 0.0000 0.0000 0.0000 0.0000 0.0000 0.0000 0.0000 0.0000 0.0000 0.0000 0.0000 0.0000 0.0000
0.1801 0.1890 0.0000 0.1242 0.4476 0.0592 0.0000 0.0000 0.0000 0.0000 0.0000 0.0000 0.0000 0.0000 0.0000
0.1142 0.1418 0.0000 0.2299 0.1502 0.3640 0.0000 0.0000 0.0000 0.0000 0.0000 0.0000 0.0000 0.0000 0.0000
0.1577 0.8423 0.0000 0.0000 0.0000 0.0000 0.0000 0.0000 0.0000 0.0000 0.0000 0.0000 0.0000 0.0000 0.0000
0.3217 0.2348 0.0000 0.1047 0.0917 0.2471 0.0000 0.0000 0.0000 0.0000 0.0000 0.0000 0.0000 0.0000 0.0000
0.4685 0.1993 0.0000 0.0000 0.0000 0.0000 0.0000 0.0000 0.0000 0.0000 0.0000 0.3322 0.0000 0.0000 0.0000
0.0615 0.1798 0.0000 0.1691 0.5896 0.0000 0.0000 0.0000 0.0000 0.0000 0.0000 0.0000 0.0000 0.0000 0.0000
0.1598 0.1699 0.0000 0.1207 0.2340 0.0925 0.0000 0.0000 0.0000 0.0000 0.0000 0.0000 0.0000 0.0000 0.2230
0.2760 0.7240 0.0000 0.0000 0.0000 0.0000 0.0000 0.0000 0.0000 0.0000 0.0000 0.0000 0.0000 0.0000 0.0000
0.1754 0.3339 0.0000 0.0685 0.1135 0.1131 0.0000 0.1956 0.0000 0.0000 0.0000 0.0000 0.0000 0.0000 0.0000
1.0000 0.0000 0.0000 0.0000 0.0000 0.0000 0.0000 0.0000 0.0000 0.0000 0.0000 0.0000 0.0000 0.0000 0.0000
0.1251 0.1607 0.0000 0.2047 0.0000 0.0000 0.0000 0.0000 0.0000 0.0000 0.5094 0.0000 0.0000 0.0000 0.0000
0.1896 0.2984 0.0000 0.0000 0.0000 0.0000 0.0000 0.0000 0.0000 0.0000 0.0000 0.5120 0.0000 0.0000 0.0000
0.4301 0.0911 0.0000 0.4034 0.0000 0.0000 0.0000 0.0000 0.0000 0.0000 0.0000 0.0000 0.0754 0.0000 0.0000
0.0549 0.3474 0.0000 0.0734 0.0969 0.2269 0.0000 0.0000 0.0000 0.0000 0.0000 0.0000 0.0000 0.0000 0.2006
0.2660 0.1085 0.0000 0.1825 0.2504 0.1300 0.0000 0.0625 0.0000 0.0000 0.0000 0.0000 0.0000 0.0000 0.0000
0.5926 0.1843 0.0612 0.0000 0.0000 0.0000 0.0000 0.0000 0.1619 0.0000 0.0000 0.0000 0.0000 0.0000 0.0000
0.1534 0.0674 0.0000 0.1163 0.5418 0.1211 0.0000 0.0000 0.0000 0.0000 0.0000 0.0000 0.0000 0.0000 0.0000
0.2692 0.1288 0.0000 0.0611 0.1093 0.1882 0.0000 0.2434 0.0000 0.0000 0.0000 0.0000 0.0000 0.0000 0.0000
0.3334 0.6666 0.0000 0.0000 0.0000 0.0000 0.0000 0.0000 0.0000 0.0000 0.0000 0.0000 0.0000 0.0000 0.0000
0.6811 0.3189 0.0000 0.0000 0.0000 0.0000 0.0000 0.0000 0.0000 0.0000 0.0000 0.0000 0.0000 0.0000 0.0000
0.1621 0.7086 0.0000 0.1293 0.0000 0.0000 0.0000 0.0000 0.0000 0.0000 0.0000 0.0000 0.0000 0.0000 0.0000
0.7260 0.0000 0.0000 0.0000 0.0000 0.0000 0.2740 0.0000 0.0000 0.0000 0.0000 0.0000 0.0000 0.0000 0.0000
0.5827 0.1899 0.0000 0.1028 0.0000 0.0000 0.0000 0.0000 0.0000 0.0000 0.1247 0.0000 0.0000 0.0000 0.0000
0.3904 0.5547 0.0550 0.0000 0.0000 0.0000 0.0000 0.0000 0.0000 0.0000 0.0000 0.0000 0.0000 0.0000 0.0000
1.0000 0.0000 0.0000 0.0000 0.0000 0.0000 0.0000 0.0000 0.0000 0.0000 0.0000 0.0000 0.0000 0.0000 0.0000
0.0838 0.2993 0.0000 0.3287 0.0646 0.0676 0.0000 0.0000 0.0000 0.0000 0.0000 0.0000 0.0000 0.0000 0.1561
0.3521 0.1523 0.0000 0.0895 0.1927 0.0844 0.0000 0.1290 0.0000 0.0000 0.0000 0.0000 0.0000 0.0000 0.0000
0.0893 0.2591 0.0000 0.0797 0.2104 0.2409 0.0000 0.0000 0.0000 0.0000 0.0000 0.0000 0.0000 0.0000 0.1206
0.0780 0.6442 0.0000 0.0882 0.0000 0.0000 0.0000 0.0000 0.0000 0.0000 0.1895 0.0000 0.0000 0.0000 0.0000
0.2443 0.0688 0.0000 0.2221 0.0713 0.3935 0.0000 0.0000 0.0000 0.0000 0.0000 0.0000 0.0000 0.0000 0.0000
1.0000 0.0000 0.0000 0.0000 0.0000 0.0000 0.0000 0.0000 0.0000 0.0000 0.0000 0.0000 0.0000 0.0000 0.0000
0.1765 0.8235 0.0000 0.0000 0.0000 0.0000 0.0000 0.0000 0.0000 0.0000 0.0000 0.0000 0.0000 0.0000 0.0000
0.1327 0.3553 0.0000 0.5120 0.0000 0.0000 0.0000 0.0000 0.0000 0.0000 0.0000 0.0000 0.0000 0.0000 0.0000
0.5678 0.1566 0.2756 0.0000 0.0000 0.0000 0.0000 0.0000 0.0000 0.0000 0.0000 0.0000 0.0000 0.0000 0.0000
0.3793 0.1333 0.0000 0.1729 0.0000 0.0000 0.0000 0.0000 0.0000 0.0000 0.0000 0.0000 0.3145 0.0000 0.0000
0.4224 0.4540 0.1236 0.0000 0.0000 0.0000 0.0000 0.0000 0.0000 0.0000 0.0000 0.0000 0.0000 0.0000 0.0000
0.1221 0.1341 0.0000 0.1179 0.0600 0.2382 0.0000 0.0000 0.0000 0.0000 0.0000 0.0000 0.0000 0.0000 0.3277
0.1210 0.4321 0.0000 0.2531 0.1340 0.0597 0.0000 0.0000 0.0000 0.0000 0.0000 0.0000 0.0000 0.0000 0.0000
0.5093 0.1546 0.0000 0.1911 0.1450 0.0000 0.0000 0.0000 0.0000 0.0000 0.0000 0.0000 0.0000 0.0000 0.0000
0.2724 0.1978 0.0000 0.1676 0.0845 0.0000 0.0000 0.0000 0.0000 0.2776 0.0000 0.0000 0.0000 0.0000 0.0000
0.1339 0.0521 0.0000 0.0645 0.2539 0.4205 0.0000 0.0751 0.0000 0.0000 0.0000 0.0000 0.0000 0.0000 0.0000
1.0000 0.0000 0.0000 0.0000 0.0000 0.0000 0.0000 0.0000 0.0000 0.0000 0.0000 0.0000 0.0000 0.0000 0.0000
0.5301 0.2044 0.0000 0.2655 0.0000 0.0000 0.0000 0.0000 0.0000 0.0000 0.0000 0.0000 0.0000 0.0000 0.0000
0.2404 0.3518 0.0000 0.0000 0.0000 0.0000 0.0000 0.0000 0.0000 0.0000 0.0000 0.4079 0.0000 0.0000 0.0000
0.0851 0.5113 0.0000 0.2355 0.0653 0.0000 0.0000 0.0000 0.0000 0.1028 0.0000 0.0000 0.0000 0.0000 0.0000
0.0997 0.5532 0.0000 0.3471 0.0000 0.0000 0.0000 0.0000 0.0000 0.0000 0.0000 0.0000 0.0000 0.0000 0.0000
0.6247 0.2758 0.0000 0.0995 0.0000 0.0000 0.0000 0.0000 0.0000 0.0000 0.0000 0.0000 0.0000 0.0000 0.0000
0.1266 0.2413 0.0000 0.0000 0.0000 0.0000 0.0000 0.0000 0.0000 0.0000 0.0000 0.4339 0.0000 0.1982 0.0000
0.1865 0.1958 0.0000 0.1220 0.1633 0.1930 0.0000 0.1394 0.0000 0.0000 0.0000 0.0000 0.0000 0.0000 0.0000
0.1184 0.0000 0.0000 0.0000 0.0000 0.0000 0.8816 0.0000 0.0000 0.0000 0.0000 0.0000 0.0000 0.0000 0.0000
0.2866 0.3789 0.0000 0.0000 0.0000 0.0000 0.0000 0.0000 0.0000 0.0000 0.0000 0.2117 0.0000 0.1228 0.0000
0.4994 0.3889 0.1117 0.0000 0.0000 0.0000 0.0000 0.0000 0.0000 0.0000 0.0000 0.0000 0.0000 0.0000 0.0000
1.0000 0.0000 0.0000 0.0000 0.0000 0.0000 0.0000 0.0000 0.0000 0.0000 0.0000 0.0000 0.0000 0.0000 0.0000
0.4313 0.0784 0.0000 0.0512 0.0000 0.0000 0.0000 0.0000 0.0000 0.0000 0.0000 0.0000 0.4391 0.0000 0.0000
0.1609 0.4743 0.0000 0.1960 0.1688 0.0000 0.0000 0.0000 0.0000 0.0000 0.0000 0.0000 0.0000 0.0000 0.0000
0.2172 0.2603 0.0000 0.0566 0.1088 0.0810 0.0000 0.2760 0.0000 0.0000 0.0000 0.0000 0.0000 0.0000 0.0000
0.2847 0.0799 0.0000 0.4529 0.0000 0.0000 0.0000 0.0000 0.0000 0.0000 0.1825 0.0000 0.0000 0.0000 0.0000
0.5301 0.1755 0.0000 0.1148 0.0000 0.0000 0.0000 0.0000 0.0000 0.0000 0.0000 0.0000 0.1796 0.0000 0.0000
0.1046 0.5047 0.0000 0.0504 0.3403 0.0000 0.0000 0.0000 0.0000 0.0000 0.0000 0.0000 0.0000 0.0000 0.0000
1.0000 0.0000 0.0000 0.0000 0.0000 0.0000 0.0000 0.0000 0.0000 0.0000 0.0000 0.0000 0.0000 0.0000 0.0000
0.1685 0.4034 0.0000 0.0000 0.0000 0.0000 0.0000 0.0000 0.0000 0.0000 0.0000 0.4281 0.0000 0.0000 0.0000
0.2734 0.3721 0.0000 0.2065 0.0872 0.0000 0.0000 0.0000 0.0000 0.0609 0.0000 0.0000 0.0000 0.0000 0.0000
0.8138 0.1862 0.0000 0.0000 0.0000 0.0000 0.0000 0.0000 0.0000 0.0000 0.0000 0.0000 0.0000 0.0000 0.0000
0.5169 0.0548 0.0000 0.0000 0.0000 0.0000 0.0000 0.0000 0.0000 0.0000 0.0000 0.1826 0.0000 0.2456 0.0000
0.8484 0.1516 0.0000 0.0000 0.0000 0.0000 0.0000 0.0000 0.0000 0.0000 0.0000 0.0000 0.0000 0.0000 0.0000
0.1998 0.0653 0.3380 0.0000 0.0000 0.0000 0.0000 0.0000 0.3969 0.0000 0.0000 0.0000 0.0000 0.0000 0.0000
1.0000 0.0000 0.0000 0.0000 0.0000 0.0000 0.0000 0.0000 0.0000 0.0000 0.0000 0.0000 0.0000 0.0000 0.0000
0.4678 0.1982 0.0000 0.3340 0.0000 0.0000 0.0000 0.0000 0.0000 0.0000 0.0000 0.0000 0.0000 0.0000 0.0000
0.1409 0.6101 0.0000 0.1014 0.0936 0.0540 0.0000 0.0000 0.0000 0.0000 0.0000 0.0000 0.0000 0.0000 0.0000
0.1995 0.2912 0.0000 0.0975 0.2006 0.2112 0.0000 0.0000 0.0000 0.0000 0.0000 0.0000 0.0000 0.0000 0.0000
0.3247 0.2021 0.2775 0.0000 0.0000 0.0000 0.0000 0.0000 0.1957 0.0000 0.0000 0.0000 0.0000 0.0000 0.0000
1.0000 0.0000 0.0000 0.0000 0.0000 0.0000 0.0000 0.0000 0.0000 0.0000 0.0000 0.0000 0.0000 0.0000 0.0000
0.1543 0.2059 0.0000 0.0623 0.1380 0.2741 0.0000 0.0000 0.0000 0.0000 0.0000 0.0000 0.0000 0.0000 0.1655
0.1231 0.8769 0.0000 0.0000 0.0000 0.0000 0.0000 0.0000 0.0000 0.0000 0.0000 0.0000 0.0000 0.0000 0.0000
0.2427 0.2321 0.0000 0.1795 0.0000 0.0000 0.0000 0.0000 0.0000 0.0000 0.3457 0.0000 0.0000 0.0000 0.0000
0.5900 0.0783 0.0000 0.3317 0.0000 0.0000 0.0000 0.0000 0.0000 0.0000 0.0000 0.0000 0.0000 0.0000 0.0000
0.3082 0.2151 0.0000 0.0733 0.1153 0.0578 0.0000 0.2302 0.0000 0.0000 0.0000 0.0000 0.0000 0.0000 0.0000
0.0785 0.4825 0.0000 0.0000 0.0000 0.0000 0.0000 0.0000 0.0000 0.0000 0.0000 0.4390 0.0000 0.0000 0.0000
0.1485 0.2089 0.0000 0.2294 0.4132 0.0000 0.0000 0.0000 0.0000 0.0000 0.0000 0.0000 0.0000 0.0000 0.0000
0.2857 0.0000 0.0000 0.0000 0.0000 0.0000 0.7143 0.0000 0.0000 0.0000 0.0000 0.0000 0.0000 0.0000 0.0000
0.2053 0.0878 0.0000 0.3092 0.0609 0.2815 0.0000 0.0000 0.0000 0.0000 0.0000 0.0000 0.0000 0.0000 0.0554
0.1007 0.1589 0.0000 0.0000 0.0000 0.0000 0.0000 0.0000 0.0000 0.0000 0.0000 0.3030 0.0000 0.4374 0.0000
0.3218 0.0000 0.0000 0.0000 0.0000 0.0000 0.6782 0.0000 0.0000 0.0000 0.0000 0.0000 0.0000 0.0000 0.0000
0.4001 0.1433 0.0000 0.1141 0.3425 0.0000 0.0000 0.0000 0.0000 0.0000 0.0000 0.0000 0.0000 0.0000 0.0000
0.4937 0.0000 0.0000 0.0000 0.0000 0.0000 0.5063 0.0000 0.0000 0.0000 0.0000 0.0000 0.0000 0.0000 0.0000
0.3735 0.0000 0.0000 0.0000 0.0000 0.0000 0.6265 0.0000 0.0000 0.0000 0.0000 0.0000 0.0000 0.0000 0.0000
0.2819 0.3254 0.1106 0.0000 0.0000 0.0000 0.0000 0.0000 0.2822 0.0000 0.0000 0.0000 0.0000 0.0000 0.0000
0.2351 0.4949 0.2700 0.0000 0.0000 0.0000 0.0000 0.0000 0.0000 0.0000 0.0000 0.0000 0.0000 0.0000 0.0000
0.0601 0.7586 0.0000 0.1813 0.0000 0.0000 0.0000 0.0000 0.0000 0.0000 0.0000 0.0000 0.0000 0.0000 0.0000
0.4738 0.1982 0.0000 0.1892 0.0000 0.0000 0.0000 0.0000 0.0000 0.0000 0.0000 0.0000 0.1388 0.0000 0.0000
0.3365 0.1340 0.0000 0.2386 0.1503 0.1406 0.0000 0.0000 0.0000 0.0000 0.0000 0.0000 0.0000 0.0000 0.0000
0.4983 0.2207 0.0000 0.2256 0.0554 0.0000 0.0000 0.0000 0.0000 0.0000 0.0000 0.0000 0.0000 0.0000 0.0000
0.2003 0.3251 0.0000 0.1330 0.0000 0.0000 0.0000 0.0000 0.0000 0.0000 0.3417 0.0000 0.0000 0.0000 0.0000
0.2229 0.1229 0.1182 0.0000 0.0000 0.0000 0.0000 0.0000 0.5360 0.0000 0.0000 0.0000 0.0000 0.0000 0.0000
0.1893 0.4973 0.3134 0.0000 0.0000 0.0000 0.0000 0.0000 0.0000 0.0000 0.0000 0.0000 0.0000 0.0000 0.0000
0.2453 0.3204 0.0000 0.0635 0.0000 0.0000 0.0000 0.0000 0.0000 0.0000 0.0000 0.0000 0.3709 0.0000 0.0000
0.1574 0.8426 0.0000 0.0000 0.0000 0.0000 0.0000 0.0000 0.0000 0.0000 0.0000 0.0000 0.0000 0.0000 0.0000
0.2665 0.0000 0.0000 0.0000 0.0000 0.0000 0.7335 0.0000 0.0000 0.0000 0.0000 0.0000 0.0000 0.0000 0.0000
0.4323 0.1996 0.3681 0.0000 0.0000 0.0000 0.0000 0.0000 0.0000 0.0000 0.0000 0.0000 0.0000 0.0000 0.0000
0.0649 0.0947 0.0000 0.1036 0.0000 0.0000 0.0000 0.0000 0.0000 0.0000 0.0000 0.0000 0.7368 0.0000 0.0000
0.2500 0.1781 0.0000 0.2778 0.0000 0.0000 0.0000 0.0000 0.0000 0.0000 0.2942 0.0000 0.0000 0.0000 0.0000
0.4877 0.5123 0.0000 0.0000 0.0000 0.0000 0.0000 0.0000 0.0000 0.0000 0.0000 0.0000 0.0000 0.0000 0.0000
0.0926 0.0000 0.0000 0.0000 0.0000 0.0000 0.9074 0.0000 0.0000 0.0000 0.0000 0.0000 0.0000 0.0000 0.0000
0.7303 0.2697 0.0000 0.0000 0.0000 0.0000 0.0000 0.0000 0.0000 0.0000 0.0000 0.0000 0.0000 0.0000 0.0000
0.0675 0.1584 0.0000 0.3159 0.1562 0.1199 0.0000 0.0000 0.0000 0.0000 0.0000 0.0000 0.0000 0.0000 0.1821
0.0763 0.1600 0.0000 0.1217 0.3191 0.1392 0.0000 0.0000 0.0000 0.0000 0.0000 0.0000 0.0000 0.0000 0.1838
0.2516 0.0527 0.0000 0.3236 0.1758 0.0644 0.0000 0.0000 0.0000 0.0000 0.0000 0.0000 0.0000 0.0000 0.1319
0.5478 0.1091 0.2204 0.0000 0.0000 0.0000 0.0000 0.0000 0.1227 0.0000 0.0000 0.0000 0.0000 0.0000 0.0000
0.1262 0.2232 0.0000 0.0000 0.0000 0.0000 0.0000 0.0000 0.0000 0.0000 0.0000 0.5711 0.0000 0.0795 0.0000
0.2980 0.3231 0.0000 0.1102 0.2026 0.0000 0.0000 0.0000 0.0000 0.0662 0.0000 0.0000 0.0000 0.0000 0.0000
0.5689 0.1586 0.1580 0.0000 0.0000 0.0000 0.0000 0.0000 0.1145 0.0000 0.0000 0.0000 0.0000 0.0000 0.0000
0.2434 0.3842 0.0000 0.2041 0.1683 0.0000 0.0000 0.0000 0.0000 0.0000 0.0000 0.0000 0.0000 0.0000 0.0000
0.1343 0.3131 0.0000 0.5526 0.0000 0.0000 0.0000 0.0000 0.0000 0.0000 0.0000 0.0000 0.0000 0.0000 0.0000
0.0672 0.5656 0.0000 0.0000 0.0000 0.0000 0.0000 0.0000 0.0000 0.0000 0.0000 0.3672 0.0000 0.0000 0.0000
0.3943 0.1478 0.0000 0.0000 0.0000 0.0000 0.0000 0.0000 0.0000 0.0000 0.0000 0.4579 0.0000 0.0000 0.0000
0.5705 0.4295 0.0000 0.0000 0.0000 0.0000 0.0000 0.0000 0.0000 0.0000 0.0000 0.0000 0.0000 0.0000 0.0000
0.2592 0.3125 0.0000 0.2013 0.0000 0.0000 0.0000 0.0000 0.0000 0.0000 0.0000 0.0000 0.2270 0.0000 0.0000
0.3117 0.2751 0.0000 0.0912 0.2329 0.0892 0.0000 0.0000 0.0000 0.0000 0.0000 0.0000 0.0000 0.0000 0.0000
0.2373 0.0962 0.0000 0.2175 0.1150 0.2839 0.0000 0.0000 0.0000 0.0000 0.0000 0.0000 0.0000 0.0000 0.0502
0.1197 0.5638 0.0000 0.3165 0.0000 0.0000 0.0000 0.0000 0.0000 0.0000 0.0000 0.0000 0.0000 0.0000 0.0000
0.1320 0.3199 0.0000 0.1161 0.0000 0.0000 0.0000 0.0000 0.0000 0.0000 0.4320 0.0000 0.0000 0.0000 0.0000
0.2669 0.2019 0.0000 0.3945 0.0618 0.0749 0.0000 0.0000 0.0000 0.0000 0.0000 0.0000 0.0000 0.0000 0.0000
0.2568 0.0960 0.5871 0.0000 0.0000 0.0000 0.0000 0.0000 0.0602 0.0000 0.0000 0.0000 0.0000 0.0000 0.0000
0.5798 0.0000 0.0000 0.0000 0.0000 0.0000 0.4202 0.0000 0.0000 0.0000 0.0000 0.0000 0.0000 0.0000 0.0000
0.3959 0.0000 0.0000 0.0000 0.0000 0.0000 0.6041 0.0000 0.0000 0.0000 0.0000 0.0000 0.0000 0.0000 0.0000
0.1292 0.1438 0.0000 0.0698 0.0815 0.5758 0.0000 0.0000 0.0000 0.0000 0.0000 0.0000 0.0000 0.0000 0.0000
0.2310 0.1056 0.0000 0.3441 0.1552 0.0000 0.0000 0.0000 0.0000 0.1641 0.0000 0.0000 0.0000 0.0000 0.0000
0.1949 0.4907 0.0000 0.0990 0.0000 0.0000 0.0000 0.0000 0.0000 0.0000 0.0000 0.0000 0.2154 0.0000 0.0000
0.3270 0.6730 0.0000 0.0000 0.0000 0.0000 0.0000 0.0000 0.0000 0.0000 0.0000 0.0000 0.0000 0.0000 0.0000
0.0983 0.3558 0.0000 0.0000 0.0000 0.0000 0.0000 0.0000 0.0000 0.0000 0.0000 0.5459 0.0000 0.0000 0.0000
0.7895 0.0705 0.0000 0.0000 0.0000 0.0000 0.0000 0.0000 0.0000 0.0000 0.0000 0.1399 0.0000 0.0000 0.0000
0.1603 0.8397 0.0000 0.0000 0.0000 0.0000 0.0000 0.0000 0.0000 0.0000 0.0000 0.0000 0.0000 0.0000 0.0000
1.0000 0.0000 0.0000 0.0000 0.0000 0.0000 0.0000 0.0000 0.0000 0.0000 0.0000 0.0000 0.0000 0.0000 0.0000
0.1122 0.4858 0.0000 0.2760 0.0000 0.0000 0.0000 0.0000 0.0000 0.0000 0.1259 0.0000 0.0000 0.0000 0.0000
0.4095 0.2677 0.3228 0.0000 0.0000 0.0000 0.0000 0.0000 0.0000 0.0000 0.0000 0.0000 0.0000 0.0000 0.0000
0.0713 0.5429 0.0000 0.3858 0.0000 0.0000 0.0000 0.0000 0.0000 0.0000 0.0000 0.0000 0.0000 0.0000 0.0000
0.2332 0.3906 0.0000 0.0000 0.0000 0.0000 0.0000 0.0000 0.0000 0.0000 0.0000 0.3762 0.0000 0.0000 0.0000
0.2715 0.0000 0.0000 0.0000 0.0000 0.0000 0.7285 0.0000 0.0000 0.0000 0.0000 0.0000 0.0000 0.0000 0.0000
1.0000 0.0000 0.0000 0.0000 0.0000 0.0000 0.0000 0.0000 0.0000 0.0000 0.0000 0.0000 0.0000 0.0000 0.0000
0.3566 0.1413 0.0000 0.2780 0.1430 0.0812 0.0000 0.0000 0.0000 0.0000 0.0000 0.0000 0.0000 0.0000 0.0000
0.3455 0.2555 0.0979 0.0000 0.0000 0.0000 0.0000 0.0000 0.3011 0.0000 0.0000 0.0000 0.0000 0.0000 0.0000
0.3180 0.0799 0.0000 0.2354 0.3667 0.0000 0.0000 0.0000 0.0000 0.0000 0.0000 0.0000 0.0000 0.0000 0.0000
0.3133 0.0662 0.0000 0.3184 0.1027 0.1389 0.0000 0.0000 0.0000 0.0000 0.0000 0.0000 0.0000 0.0000 0.0606
0.3235 0.2968 0.0000 0.0535 0.2465 0.0798 0.0000 0.0000 0.0000 0.0000 0.0000 0.0000 0.0000 0.0000 0.0000
0.2074 0.0602 0.0000 0.1464 0.5860 0.0000 0.0000 0.0000 0.0000 0.0000 0.0000 0.0000 0.0000 0.0000 0.0000
0.3071 0.6929 0.0000 0.0000 0.0000 0.0000 0.0000 0.0000 0.0000 0.0000 0.0000 0.0000 0.0000 0.0000 0.0000
0.1461 0.1961 0.0000 0.2109 0.1629 0.2840 0.0000 0.0000 0.0000 0.0000 0.0000 0.0000 0.0000 0.0000 0.0000
0.4002 0.1077 0.0000 0.0830 0.2449 0.1641 0.0000 0.0000 0.0000 0.0000 0.0000 0.0000 0.0000 0.0000 0.0000
0.0670 0.0968 0.0000 0.2303 0.3000 0.3058 0.0000 0.0000 0.0000 0.0000 0.0000 0.0000 0.0000 0.0000 0.0000
0.0856 0.2092 0.0000 0.2573 0.2090 0.0707 0.0000 0.0000 0.0000 0.0000 0.0000 0.0000 0.0000 0.0000 0.1681
0.4238 0.1057 0.0000 0.0847 0.3007 0.0000 0.0000 0.0000 0.0000 0.0850 0.0000 0.0000 0.0000 0.0000 0.0000
0.1635 0.7731 0.0000 0.0634 0.0000 0.0000 0.0000 0.0000 0.0000 0.0000 0.0000 0.0000 0.0000 0.0000 0.0000
0.0713 0.2289 0.0000 0.0778 0.6220 0.0000 0.0000 0.0000 0.0000 0.0000 0.0000 0.0000 0.0000 0.0000 0.0000
0.3297 0.0750 0.0000 0.2311 0.1910 0.0982 0.0000 0.0000 0.0000 0.0000 0.0000 0.0000 0.0000 0.0000 0.0751
0.3118 0.2531 0.0000 0.3321 0.1030 0.0000 0.0000 0.0000 0.0000 0.0000 0.0000 0.0000 0.0000 0.0000 0.0000
0.0547 0.1135 0.0000 0.3191 0.0000 0.0000 0.0000 0.0000 0.0000 0.0000 0.0000 0.0000 0.5127 0.0000 0.0000
0.0711 0.9289 0.0000 0.0000 0.0000 0.0000 0.0000 0.0000 0.0000 0.0000 0.0000 0.0000 0.0000 0.0000 0.0000
0.1606 0.7111 0.0000 0.1283 0.0000 0.0000 0.0000 0.0000 0.0000 0.0000 0.0000 0.0000 0.0000 0.0000 0.0000
0.4582 0.5418 0.0000 0.0000 0.0000 0.0000 0.0000 0.0000 0.0000 0.0000 0.0000 0.0000 0.0000 0.0000 0.0000
0.2719 0.2067 0.0000 0.1660 0.0000 0.0000 0.0000 0.0000 0.0000 0.0000 0.0000 0.0000 0.3554 0.0000 0.0000
1.0000 0.0000 0.0000 0.0000 0.0000 0.0000 0.0000 0.0000 0.0000 0.0000 0.0000 0.0000 0.0000 0.0000 0.0000
0.2399 0.1402 0.0000 0.2535 0.0000 0.0000 0.0000 0.0000 0.0000 0.0000 0.0000 0.0000 0.3665 0.0000 0.0000
0.6860 0.0000 0.0000 0.0000 0.0000 0.0000 0.3140 0.0000 0.0000 0.0000 0.0000 0.0000 0.0000 0.0000 0.0000
0.5687 0.0000 0.0000 0.0000 0.0000 0.0000 0.4313 0.0000 0.0000 0.0000 0.0000 0.0000 0.0000 0.0000 0.0000
0.1839 0.5724 0.0000 0.0788 0.0000 0.0000 0.0000 0.0000 0.0000 0.0000 0.1649 0.0000 0.0000 0.0000 0.0000
0.2867 0.1053 0.0000 0.3672 0.0000 0.0000 0.0000 0.0000 0.0000 0.0000 0.0000 0.0000 0.2408 0.0000 0.0000
0.1617 0.1172 0.0000 0.0736 0.3275 0.1239 0.0000 0.0000 0.0000 0.0000 0.0000 0.0000 0.0000 0.0000 0.1960
0.4025 0.0000 0.0000 0.0000 0.0000 0.0000 0.5975 0.0000 0.0000 0.0000 0.0000 0.0000 0.0000 0.0000 0.0000
0.5616 0.0865 0.0000 0.0000 0.0000 0.0000 0.0000 0.0000 0.0000 0.0000 0.0000 0.2129 0.0000 0.1390 0.0000
0.3085 0.5975 0.0000 0.0000 0.0000 0.0000 0.0000 0.0000 0.0000 0.0000 0.0000 0.0940 0.0000 0.0000 0.0000
0.5297 0.0633 0.0000 0.0000 0.0000 0.0000 0.0000 0.0000 0.0000 0.0000 0.0000 0.2509 0.0000 0.1561 0.0000
0.1785 0.1289 0.0000 0.1791 0.3154 0.1980 0.0000 0.0000 0.0000 0.0000 0.0000 0.0000 0.0000 0.0000 0.0000
0.1873 0.2652 0.0000 0.0000 0.0000 0.0000 0.0000 0.0000 0.0000 0.0000 0.0000 0.5475 0.0000 0.0000 0.0000
0.2440 0.2217 0.0000 0.0000 0.0000 0.0000 0.0000 0.0000 0.0000 0.0000 0.0000 0.4344 0.0000 0.0999 0.0000
0.1665 0.0866 0.0000 0.3146 0.0685 0.0869 0.0000 0.0000 0.0000 0.0000 0.0000 0.0000 0.0000 0.0000 0.2768
0.2561 0.0549 0.0000 0.3016 0.3874 0.0000 0.0000 0.0000 0.0000 0.0000 0.0000 0.0000 0.0000 0.0000 0.0000
0.1235 0.0507 0.0000 0.5127 0.0000 0.0000 0.0000 0.0000 0.0000 0.0000 0.0000 0.0000 0.3132 0.0000 0.0000
0.0990 0.0922 0.4551 0.0000 0.0000 0.0000 0.0000 0.0000 0.3538 0.0000 0.0000 0.0000 0.0000 0.0000 0.0000
0.3064 0.2232 0.3407 0.0000 0.0000 0.0000 0.0000 0.0000 0.1297 0.0000 0.0000 0.0000 0.0000 0.0000 0.0000
0.0959 0.4535 0.0000 0.0000 0.0000 0.0000 0.0000 0.0000 0.0000 0.0000 0.0000 0.4505 0.0000 0.0000 0.0000
0.3811 0.1535 0.0000 0.0807 0.0644 0.3204 0.0000 0.0000 0.0000 0.0000 0.0000 0.0000 0.0000 0.0000 0.0000
0.1984 0.5690 0.0000 0.1259 0.0000 0.0000 0.0000 0.0000 0.0000 0.0000 0.1067 0.0000 0.0000 0.0000 0.0000
0.2477 0.1133 0.6390 0.0000 0.0000 0.0000 0.0000 0.0000 0.0000 0.0000 0.0000 0.0000 0.0000 0.0000 0.0000
0.6846 0.3154 0.0000 0.0000 0.0000 0.0000 0.0000 0.0000 0.0000 0.0000 0.0000 0.0000 0.0000 0.0000 0.0000
0.0719 0.1448 0.7833 0.0000 0.0000 0.0000 0.0000 0.0000 0.0000 0.0000 0.0000 0.0000 0.0000 0.0000 0.0000
0.2869 0.5952 0.1179 0.0000 0.0000 0.0000 0.0000 0.0000 0.0000 0.0000 0.0000 0.0000 0.0000 0.0000 0.0000
0.0974 0.3580 0.0000 0.1464 0.2162 0.0000 0.0000 0.0000 0.0000 0.1820 0.0000 0.0000 0.0000 0.0000 0.0000
0.1789 0.4762 0.0000 0.0585 0.1235 0.0000 0.0000 0.0000 0.0000 0.1629 0.0000 0.0000 0.0000 0.0000 0.0000
0.4225 0.2634 0.0000 0.0000 0.0000 0.0000 0.0000 0.0000 0.0000 0.0000 0.0000 0.0738 0.0000 0.2403 0.0000
0.2432 0.6277 0.0000 0.0000 0.0000 0.0000 0.0000 0.0000 0.0000 0.0000 0.0000 0.1290 0.0000 0.0000 0.0000
0.2745 0.1840 0.0000 0.0000 0.0000 0.0000 0.0000 0.0000 0.0000 0.0000 0.0000 0.5416 0.0000 0.0000 0.0000
0.0608 0.5781 0.3611 0.0000 0.0000 0.0000 0.0000 0.0000 0.0000 0.0000 0.0000 0.0000 0.0000 0.0000 0.0000
0.2377 0.2667 0.0000 0.3327 0.1629 0.0000 0.0000 0.0000 0.0000 0.0000 0.0000 0.0000 0.0000 0.0000 0.0000
0.4999 0.0994 0.0000 0.2265 0.1742 0.0000 0.0000 0.0000 0.0000 0.0000 0.0000 0.0000 0.0000 0.0000 0.0000
0.0662 0.1686 0.2995 0.0000 0.0000 0.0000 0.0000 0.0000 0.4658 0.0000 0.0000 0.0000 0.0000 0.0000 0.0000
0.2452 0.6204 0.0000 0.0000 0.0000 0.0000 0.0000 0.0000 0.0000 0.0000 0.0000 0.1344 0.0000 0.0000 0.0000
0.1467 0.1168 0.0000 0.0551 0.0712 0.2358 0.0000 0.3745 0.0000 0.0000 0.0000 0.0000 0.0000 0.0000 0.0000
0.2464 0.6471 0.0000 0.0000 0.0000 0.0000 0.0000 0.0000 0.0000 0.0000 0.0000 0.1064 0.0000 0.0000 0.0000
0.2691 0.7309 0.0000 0.0000 0.0000 0.0000 0.0000 0.0000 0.0000 0.0000 0.0000 0.0000 0.0000 0.0000 0.0000
0.0879 0.1178 0.0000 0.2055 0.1902 0.2066 0.0000 0.0000 0.0000 0.0000 0.0000 0.0000 0.0000 0.0000 0.1920
0.1214 0.4642 0.3124 0.0000 0.0000 0.0000 0.0000 0.0000 0.1020 0.0000 0.0000 0.0000 0.0000 0.0000 0.0000
0.2411 0.1496 0.0000 0.3112 0.0731 0.0575 0.0000 0.1675 0.0000 0.0000 0.0000 0.0000 0.0000 0.0000 0.0000
0.2125 0.0899 0.0000 0.1003 0.4249 0.1725 0.0000 0.0000 0.0000 0.0000 0.0000 0.0000 0.0000 0.0000 0.0000
0.1545 0.7342 0.0000 0.0000 0.0000 0.0000 0.0000 0.0000 0.0000 0.0000 0.0000 0.0534 0.0000 0.0579 0.0000
0.0748 0.1826 0.0000 0.5200 0.0000 0.0000 0.0000 0.0000 0.0000 0.0000 0.2226 0.0000 0.0000 0.0000 0.0000
