49 35 44 41 58 54 45 46 44 71 45 45 48 48 63 0
41 43 58 53 51 53 63 44 45 46 63 41 47 42 51 0
59 57 52 48 49 49 52 58 47 38 44 58 48 49 52 0
57 59 31 34 45 41 45 54 49 59 40 57 49 46 51 0
40 51 44 54 53 43 57 49 38 39 52 49 48 51 43 0
51 64 49 46 40 46 51 40 62 48 53 49 39 65 49 0
49 46 37 50 43 56 32 46 49 36 40 52 45 54 39 0
36 56 45 54 55 45 47 46 56 72 55 41 47 49 57 0
45 59 53 54 53 44 36 41 49 70 44 52 63 62 46 0
40 54 63 45 51 54 52 51 66 50 48 58 55 47 55 0
46 53 51 45 50 53 46 55 47 48 63 48 50 50 62 0
50 34 33 45 57 30 39 63 59 54 51 46 52 46 50 0
62 46 48 49 49 35 58 51 54 59 50 53 49 65 51 0
46 58 47 54 45 56 44 53 50 48 55 48 50 57 49 0
43 49 42 46 60 48 50 59 48 49 53 54 57 41 47 0
60 43 64 55 48 40 34 39 39 64 40 52 48 52 53 0
47 52 61 41 42 71 43 49 59 44 45 43 59 49 46 0
45 53 50 51 49 52 44 61 43 38 51 54 56 52 56 0
57 45 59 63 57 54 48 43 51 46 53 44 51 55 52 0
57 65 47 62 45 49 39 56 47 47 57 54 46 37 43 0
54 49 42 46 56 39 53 46 42 55 48 52 53 38 43 0
54 51 50 48 46 41 47 55 54 52 62 47 53 47 57 0
49 62 49 55 45 52 41 61 48 51 54 47 47 50 40 0
45 64 53 55 38 38 37 57 61 56 51 56 36 40 47 0
47 64 47 55 44 59 55 49 46 49 55 42 55 40 54 0
50 47 52 36 44 42 42 44 55 60 33 42 62 44 35 0
46 48 55 57 52 50 42 54 53 48 46 59 59 45 55 0
36 45 51 54 53 52 57 35 50 50 48 47 44 48 53 0
63 47 44 58 44 52 51 48 49 45 51 51 46 47 51 0
43 48 69 47 53 52 60 46 41 50 46 53 56 45 58 0
49 31 44 55 59 44 54 39 54 39 49 43 48 46 49 0
43 57 47 59 50 48 35 44 50 60 65 53 48 42 62 0
60 49 43 39 43 45 54 50 44 49 50 47 49 51 50 0
62 61 42 52 46 52 45 54 44 50 38 53 55 43 61 0
46 49 46 49 57 33 58 64 49 67 53 49 40 42 52 0
49 52 43 48 53 56 42 47 54 40 52 53 46 40 48 0
45 48 47 70 52 44 52 41 55 52 62 44 64 46 52 0
47 51 50 48 47 53 52 53 43 54 48 60 49 45 52 0
40 45 54 39 58 53 54 56 47 57 42 55 47 60 45 0
64 47 46 55 44 53 52 45 50 47 52 45 45 52 49 0
46 48 44 55 51 47 61 48 43 64 46 50 58 56 52 0
59 44 51 46 50 48 52 51 52 41 46 53 47 30 41 0
50 49 56 43 29 47 53 51 45 56 44 50 51 57 39 0
43 38 49 48 51 45 48 62 52 51 49 49 36 58 52 0
50 46 62 53 52 54 55 46 48 54 65 53 50 39 48 0
39 37 52 44 49 40 50 53 44 45 53 48 47 53 41 0
38 53 40 44 49 42 64 48 47 54 37 40 61 59 51 0
36 46 44 49 52 53 50 60 56 45 52 44 53 43 56 0
49 60 44 53 49 54 48 43 61 52 58 53 52 54 47 0
36 48 43 44 56 46 55 55 49 64 50 55 46 51 52 0
