49 23 0 0 16 0 0 0 0 0 19 0 0 0 0 0
41 0 1 0 0 30 1 0 2 4 0 0 1 0 0 0
59 0 0 0 1 0 0 0 0 0 0 0 3 1 1 0
57 24 0 1 8 4 0 0 0 0 0 0 0 0 1 0
36 0 0 1 0 35 0 0 0 7 0 0 0 0 19 0
51 34 0 0 0 0 0 0 4 0 0 1 0 0 0 0
49 30 0 0 0 3 1 0 0 3 0 4 0 0 0 0
35 56 0 0 7 0 1 0 0 0 0 0 0 0 0 0
45 1 0 0 0 43 0 2 0 7 0 0 0 0 0 0
40 0 0 1 0 21 0 0 0 7 0 4 17 0 0 0
46 1 0 1 0 48 2 0 0 28 0 0 0 0 0 0
50 5 0 0 11 2 0 0 0 4 0 0 0 0 0 0
60 0 1 0 1 0 7 0 0 0 0 0 8 3 1 0
46 1 0 0 0 0 0 0 18 0 3 0 0 1 0 0
43 22 0 3 0 0 0 1 3 0 10 0 0 0 0 0
60 19 0 14 0 5 0 0 3 0 0 0 1 0 0 0
46 49 0 0 13 0 0 0 0 0 8 0 0 0 2 0
45 20 0 20 0 0 2 0 3 0 0 3 0 1 0 0
56 0 0 12 0 27 0 0 0 0 3 0 0 0 0 0
57 0 3 0 0 44 0 36 0 0 0 2 0 0 0 0
54 0 0 0 0 26 0 1 0 2 1 0 0 0 0 0
54 0 5 2 0 34 0 6 0 0 0 0 0 0 10 0
49 36 0 0 0 5 1 0 29 0 4 0 0 1 0 0
45 0 0 0 0 22 1 1 3 2 0 0 1 0 0 0
47 4 1 4 1 15 0 0 3 12 0 0 2 0 12 0
49 0 0 0 0 1 0 0 0 0 2 0 2 0 0 0
46 5 0 1 0 2 1 0 0 1 0 0 0 0 0 0
36 0 0 0 1 49 0 0 0 7 3 1 6 0 14 0
62 23 0 9 0 0 0 0 16 6 0 0 1 0 2 0
43 0 0 0 0 48 1 5 0 22 0 0 0 5 1 0
47 26 0 0 30 0 0 0 3 0 3 0 0 1 1 0
43 0 0 2 10 44 0 35 0 6 0 0 0 0 0 0
60 0 0 0 0 11 1 0 0 1 0 0 0 0 3 0
58 60 0 2 42 0 0 1 0 0 14 0 0 0 1 0
43 27 0 0 37 0 2 0 0 1 37 0 4 3 0 0
49 3 1 1 0 19 0 0 0 9 0 0 0 0 0 0
45 0 0 0 0 39 0 0 0 18 0 20 15 0 0 0
47 43 0 0 18 1 1 0 0 0 11 0 1 27 0 0
40 6 1 1 0 0 0 2 0 0 0 4 0 0 0 0
64 14 1 2 0 0 3 0 37 0 0 0 0 5 5 0
46 35 0 0 33 0 0 0 0 0 0 0 0 0 0 0
59 35 0 0 0 0 2 0 0 0 0 0 0 0 1 0
50 12 0 0 0 0 0 0 0 0 0 0 0 0 1 0
43 31 0 3 24 0 2 0 0 0 12 0 0 7 0 0
50 2 0 0 0 0 1 0 3 0 0 0 0 1 0 0
39 0 0 0 5 34 3 35 1 0 0 0 0 2 1 0
38 21 0 1 0 1 2 1 15 0 0 0 0 4 0 0
36 2 0 0 0 45 0 0 1 16 5 2 4 0 0 0
49 32 1 0 13 0 0 0 8 0 0 0 0 0 0 0
36 0 0 0 0 41 0 0 0 0 0 2 0 0 0 0
