#chr	position	description	Normal	cell1	cell2	cell3	cell4	cell5	cell6	cell7	cell8	cell9	cell10	cell11	cell12	cell13	cell14	cell15	cell16	cell17	cell18	cell19	cell20	cell21	cell22	cell23	cell24	cell25	cell26	cell27	cell28	cell29	cell30	cell31	cell32	cell33	cell34	cell35	cell36	cell37	cell38	cell39	cell40	cell41	cell42	cell43	cell44	cell45	cell46	cell47	cell48	cell49	cell50
1	1	1	0.0	1.0	1.0	1.0	1.0	0.9	1.0	1.0	0.9722222222222222	1.0	1.0	1.0	1.0	0.967741935483871	1.0	1.0	1.0	0.9787234042553191	1.0	0.9824561403508771	1.0	1.0	1.0	1.0	1.0	1.0	0.98	1.0	1.0	0.9841269841269841	1.0	0.9591836734693877	1.0	1.0	0.9354838709677419	0.9347826086956522	1.0	1.0	1.0	1.0	1.0	1.0	1.0	1.0	1.0	1.0	1.0	1.0	1.0	1.0	1.0
2	2	2	0.0	0.6571428571428571	0.0	0.0	0.4067796610169492	0.0	0.53125	0.6521739130434783	1.0	0.01694915254237288	0.0	0.018867924528301886	0.14705882352941177	0.0	0.017241379310344827	0.4489795918367347	0.4418604651162791	0.9423076923076923	0.37735849056603776	0.0	0.0	0.0	0.0	0.5806451612903226	0.0	0.0625	0.0	0.10416666666666667	0.0	0.48936170212765956	0.0	0.8387096774193549	0.0	0.0	0.9836065573770492	0.5510204081632653	0.057692307692307696	0.0	0.8431372549019608	0.13333333333333333	0.2978723404255319	0.7291666666666666	0.7954545454545454	0.24489795918367346	0.8157894736842105	0.043478260869565216	0.0	0.39622641509433965	0.043478260869565216	0.5333333333333333	0.0
3	3	3	0.0	0.0	0.017241379310344827	0.0	0.0	0.0	0.0	0.0	0.0	0.0	0.0	0.0	0.0	0.020833333333333332	0.0	0.0	0.0	0.0	0.0	0.0	0.06382978723404255	0.0	0.1	0.0	0.0	0.02127659574468085	0.0	0.0	0.0	0.0	0.0	0.0	0.0	0.0	0.0	0.0	0.023255813953488372	0.0	0.0	0.018518518518518517	0.021739130434782608	0.0	0.0	0.0	0.0	0.0	0.0	0.0	0.0	0.022727272727272728	0.0
4	4	4	0.0	0.0	0.0	0.0	0.029411764705882353	0.018518518518518517	0.0	0.0	0.0	0.0	0.022222222222222223	0.022222222222222223	0.0	0.0	0.0	0.06521739130434782	0.2545454545454545	0.0	0.39215686274509803	0.19047619047619047	0.0	0.0	0.041666666666666664	0.0	0.0	0.07272727272727272	0.0	0.017543859649122806	0.0	0.15517241379310345	0.0	0.0	0.03389830508474576	0.0	0.038461538461538464	0.0	0.020833333333333332	0.0	0.0	0.02564102564102564	0.03636363636363636	0.0	0.0	0.0	0.0625	0.0	0.0	0.022727272727272728	0.0	0.0	0.0
5	5	5	0.0	0.27586206896551724	0.0	0.02040816326530612	0.17777777777777778	0.0	0.0	0.0	0.12727272727272726	0.0	0.0	0.0	0.19298245614035087	0.02040816326530612	0.0	0.0	0.0	0.30952380952380953	0.0	0.0	0.0	0.0	0.0	0.0	0.0	0.022727272727272728	0.0	0.0	0.018867924528301886	0.0	0.0	0.5084745762711864	0.2	0.0	0.9130434782608695	0.6491228070175439	0.0	0.0	0.3829787234042553	0.0	0.0	0.6470588235294118	0.0	0.0	0.47058823529411764	0.0	0.10204081632653061	0.0	0.0	0.2653061224489796	0.0
6	6	6	0.0	0.0	0.5660377358490566	0.0	0.0975609756097561	0.813953488372093	0.0	0.05357142857142857	0.0	0.9772727272727273	0.3888888888888889	0.9056603773584906	0.06666666666666667	0.0	0.0	0.0	0.125	0.0	0.0	0.5	0.8979591836734694	0.6666666666666666	0.8292682926829268	0.09615384615384616	0.5789473684210527	0.2542372881355932	0.023809523809523808	0.04	0.9423076923076923	0.0	0.9230769230769231	0.0	0.9166666666666666	0.24444444444444444	0.0	0.0	0.3392857142857143	0.8863636363636364	0.018867924528301886	0.0	0.0	0.0	0.0	0.0	0.0	0.0	0.85	0.023809523809523808	0.8490566037735849	0.0	0.8913043478260869
7	7	7	0.0	0.0	0.015873015873015872	0.0	0.0	0.0	0.0	0.03125	0.02127659574468085	0.0	0.0	0.043478260869565216	0.0	0.1206896551724138	0.0	0.0	0.0	0.0	0.045454545454545456	0.0	0.0	0.0	0.0	0.024390243902439025	0.02702702702702703	0.0	0.0	0.023809523809523808	0.0	0.0	0.016666666666666666	0.0	0.0	0.018518518518518517	0.0	0.034482758620689655	0.0	0.0	0.019230769230769232	0.0	0.057692307692307696	0.0	0.038461538461538464	0.0	0.041666666666666664	0.01818181818181818	0.06	0.03125	0.0	0.0	0.0
8	8	8	0.0	0.0	0.0	0.0	0.0	0.0	0.0	0.0	0.0	0.04878048780487805	0.0	0.0	0.0	0.0	0.0	0.01694915254237288	0.0	0.0	0.0	0.0	0.6428571428571429	0.021739130434782608	0.10909090909090909	0.0	0.017543859649122806	0.0	0.0	0.0	0.0	0.0	0.10869565217391304	0.0	0.7954545454545454	0.0	0.018518518518518517	0.0	0.0	0.0	0.0	0.03571428571428571	0.0	0.0	0.0	0.0	0.0	0.0	0.660377358490566	0.020833333333333332	0.0	0.0	0.0
9	9	9	0.0	0.0	0.044444444444444446	0.0	0.0	0.0	0.06451612903225806	0.0	0.0	0.0	0.0	0.0	0.0	0.0	0.36	0.0625	0.07692307692307693	0.0	0.06976744186046512	0.0	0.0	0.0	0.0	0.6041666666666666	0.04918032786885246	0.06521739130434782	0.0	0.0	0.0	0.32653061224489793	0.0	0.05555555555555555	0.0	0.0	0.0	0.0	0.0	0.0	0.0	0.0	0.74	0.0	0.0	0.0	0.0	0.0625	0.022727272727272728	0.3191489361702128	0.017857142857142856	0.13114754098360656	0.0
10	10	10	0.0	0.0	0.08695652173913043	0.0	0.0	0.1794871794871795	0.0	0.08333333333333333	0.0	0.1	0.14	0.5833333333333334	0.07407407407407407	0.0	0.0	0.0	0.0	0.0	0.0	0.0	0.0	0.03636363636363636	0.0	0.0	0.03571428571428571	0.24489795918367346	0.0	0.020833333333333332	0.14	0.13333333333333333	0.44	0.0	0.1	0.02040816326530612	0.0	0.014925373134328358	0.225	0.34615384615384615	0.0	0.0	0.0	0.0	0.0	0.0	0.0	0.0	0.0	0.0	0.35555555555555557	0.0	0.0
11	11	11	0.0	0.4222222222222222	0.0	0.0	0.0	0.0	0.0	0.0	0.0	0.0	0.0	0.0	0.0	0.0	0.05454545454545454	0.18867924528301888	0.0	0.17777777777777778	0.0	0.05660377358490566	0.0	0.020833333333333332	0.0	0.07407407407407407	0.0	0.0	0.06060606060606061	0.0	0.0625	0.0	0.0	0.061224489795918366	0.0	0.0	0.3684210526315789	0.6981132075471698	0.0	0.0	0.22916666666666666	0.0	0.0	0.0	0.0	0.0	0.24489795918367346	0.0	0.0	0.0	0.09615384615384616	0.0	0.0
12	12	12	0.0	0.0	0.0	0.0	0.0	0.0	0.02040816326530612	0.07692307692307693	0.0	0.0	0.06896551724137931	0.0	0.0	0.0	0.0	0.0	0.0	0.0	0.05555555555555555	0.0	0.037037037037037035	0.0	0.0	0.0	0.0	0.0	0.0	0.0	0.02127659574468085	0.0	0.0	0.0	0.0	0.0	0.0	0.0	0.0	0.45454545454545453	0.0	0.07272727272727272	0.0	0.0	0.0	0.0	0.0	0.0	0.0	0.0	0.045454545454545456	0.0	0.03636363636363636
13	13	13	0.0	0.0	0.02127659574468085	0.0625	0.0	0.0	0.0	0.0	0.0	0.0	0.3090909090909091	0.0	0.0	0.16326530612244897	0.0	0.0	0.020833333333333332	0.0	0.0	0.0	0.0	0.0	0.0	0.0	0.027777777777777776	0.03636363636363636	0.03225806451612903	0.0	0.13636363636363635	0.021739130434782608	0.0	0.0	0.0	0.0	0.0	0.1	0.0	0.234375	0.02040816326530612	0.0	0.0	0.0	0.0	0.0	0.0	0.0	0.0	0.0	0.07547169811320754	0.0	0.0
14	14	14	0.0	0.0	0.0	0.02040816326530612	0.0	0.0	0.0	0.0	0.0	0.0	0.0	0.0	0.0	0.046153846153846156	0.017543859649122806	0.0	0.0	0.0	0.019230769230769232	0.0	0.0	0.0	0.0	0.02	0.0	0.0	0.0	0.0	0.0	0.0	0.1111111111111111	0.021739130434782608	0.0	0.0	0.0	0.07142857142857142	0.0	0.0	0.6	0.0	0.09615384615384616	0.0	0.0	0.0	0.1206896551724138	0.02564102564102564	0.03773584905660377	0.06779661016949153	0.0	0.0	0.0
15	15	15	0.0	0.0	0.0	0.019230769230769232	0.0196078431372549	0.4418604651162791	0.0	0.0	0.0	0.0	0.0	0.0	0.0	0.0196078431372549	0.0	0.0	0.0	0.043478260869565216	0.0	0.0	0.0	0.0	0.17543859649122806	0.0	0.0	0.2222222222222222	0.0	0.0	0.2641509433962264	0.0392156862745098	0.017241379310344827	0.02040816326530612	0.0	0.06	0.01639344262295082	0.0	0.0	0.0	0.0	0.0	0.10204081632653061	0.0	0.024390243902439025	0.02564102564102564	0.0	0.0	0.024390243902439025	0.0	0.0	0.0	0.0
