1.0000 0.6571 0.0000 0.0000 0.2759 0.0000 0.0000 0.0000 0.0000 0.0000 0.4222 0.0000 0.0000 0.0000 0.0000 0.0000
1.0000 0.0000 0.0172 0.0000 0.0000 0.5660 0.0159 0.0000 0.0444 0.0870 0.0000 0.0000 0.0213 0.0000 0.0000 0.0000
1.0000 0.0000 0.0000 0.0000 0.0204 0.0000 0.0000 0.0000 0.0000 0.0000 0.0000 0.0000 0.0625 0.0204 0.0192 0.0000
1.0000 0.4068 0.0000 0.0294 0.1778 0.0976 0.0000 0.0000 0.0000 0.0000 0.0000 0.0000 0.0000 0.0000 0.0196 0.0000
0.9000 0.0000 0.0000 0.0185 0.0000 0.8140 0.0000 0.0000 0.0000 0.1795 0.0000 0.0000 0.0000 0.0000 0.4419 0.0000
1.0000 0.5312 0.0000 0.0000 0.0000 0.0000 0.0000 0.0000 0.0645 0.0000 0.0000 0.0204 0.0000 0.0000 0.0000 0.0000
1.0000 0.6522 0.0000 0.0000 0.0000 0.0536 0.0312 0.0000 0.0000 0.0833 0.0000 0.0769 0.0000 0.0000 0.0000 0.0000
0.9722 1.0000 0.0000 0.0000 0.1273 0.0000 0.0213 0.0000 0.0000 0.0000 0.0000 0.0000 0.0000 0.0000 0.0000 0.0000
1.0000 0.0169 0.0000 0.0000 0.0000 0.9773 0.0000 0.0488 0.0000 0.1000 0.0000 0.0000 0.0000 0.0000 0.0000 0.0000
1.0000 0.0000 0.0000 0.0222 0.0000 0.3889 0.0000 0.0000 0.0000 0.1400 0.0000 0.0690 0.3091 0.0000 0.0000 0.0000
1.0000 0.0189 0.0000 0.0222 0.0000 0.9057 0.0435 0.0000 0.0000 0.5833 0.0000 0.0000 0.0000 0.0000 0.0000 0.0000
1.0000 0.1471 0.0000 0.0000 0.1930 0.0667 0.0000 0.0000 0.0000 0.0741 0.0000 0.0000 0.0000 0.0000 0.0000 0.0000
0.9677 0.0000 0.0208 0.0000 0.0204 0.0000 0.1207 0.0000 0.0000 0.0000 0.0000 0.0000 0.1633 0.0462 0.0196 0.0000
1.0000 0.0172 0.0000 0.0000 0.0000 0.0000 0.0000 0.0000 0.3600 0.0000 0.0545 0.0000 0.0000 0.0175 0.0000 0.0000
1.0000 0.4490 0.0000 0.0652 0.0000 0.0000 0.0000 0.0169 0.0625 0.0000 0.1887 0.0000 0.0000 0.0000 0.0000 0.0000
1.0000 0.4419 0.0000 0.2545 0.0000 0.1250 0.0000 0.0000 0.0769 0.0000 0.0000 0.0000 0.0208 0.0000 0.0000 0.0000
0.9787 0.9423 0.0000 0.0000 0.3095 0.0000 0.0000 0.0000 0.0000 0.0000 0.1778 0.0000 0.0000 0.0000 0.0435 0.0000
1.0000 0.3774 0.0000 0.3922 0.0000 0.0000 0.0455 0.0000 0.0698 0.0000 0.0000 0.0556 0.0000 0.0192 0.0000 0.0000
0.9825 0.0000 0.0000 0.1905 0.0000 0.5000 0.0000 0.0000 0.0000 0.0000 0.0566 0.0000 0.0000 0.0000 0.0000 0.0000
1.0000 0.0000 0.0638 0.0000 0.0000 0.8980 0.0000 0.6429 0.0000 0.0000 0.0000 0.0370 0.0000 0.0000 0.0000 0.0000
1.0000 0.0000 0.0000 0.0000 0.0000 0.6667 0.0000 0.0217 0.0000 0.0364 0.0208 0.0000 0.0000 0.0000 0.0000 0.0000
1.0000 0.0000 0.1000 0.0417 0.0000 0.8293 0.0000 0.1091 0.0000 0.0000 0.0000 0.0000 0.0000 0.0000 0.1754 0.0000
1.0000 0.5806 0.0000 0.0000 0.0000 0.0962 0.0244 0.0000 0.6042 0.0000 0.0741 0.0000 0.0000 0.0200 0.0000 0.0000
1.0000 0.0000 0.0000 0.0000 0.0000 0.5789 0.0270 0.0175 0.0492 0.0357 0.0000 0.0000 0.0278 0.0000 0.0000 0.0000
1.0000 0.0625 0.0213 0.0727 0.0227 0.2542 0.0000 0.0000 0.0652 0.2449 0.0000 0.0000 0.0364 0.0000 0.2222 0.0000
0.9800 0.0000 0.0000 0.0000 0.0000 0.0238 0.0000 0.0000 0.0000 0.0000 0.0606 0.0000 0.0323 0.0000 0.0000 0.0000
1.0000 0.1042 0.0000 0.0175 0.0000 0.0400 0.0238 0.0000 0.0000 0.0208 0.0000 0.0000 0.0000 0.0000 0.0000 0.0000
1.0000 0.0000 0.0000 0.0000 0.0189 0.9423 0.0000 0.0000 0.0000 0.1400 0.0625 0.0213 0.1364 0.0000 0.2642 0.0000
0.9841 0.4894 0.0000 0.1552 0.0000 0.0000 0.0000 0.0000 0.3265 0.1333 0.0000 0.0000 0.0217 0.0000 0.0392 0.0000
1.0000 0.0000 0.0000 0.0000 0.0000 0.9231 0.0167 0.1087 0.0000 0.4400 0.0000 0.0000 0.0000 0.1111 0.0172 0.0000
0.9592 0.8387 0.0000 0.0000 0.5085 0.0000 0.0000 0.0000 0.0556 0.0000 0.0612 0.0000 0.0000 0.0217 0.0204 0.0000
1.0000 0.0000 0.0000 0.0339 0.2000 0.9167 0.0000 0.7955 0.0000 0.1000 0.0000 0.0000 0.0000 0.0000 0.0000 0.0000
1.0000 0.0000 0.0000 0.0000 0.0000 0.2444 0.0185 0.0000 0.0000 0.0204 0.0000 0.0000 0.0000 0.0000 0.0600 0.0000
0.9355 0.9836 0.0000 0.0385 0.9130 0.0000 0.0000 0.0185 0.0000 0.0000 0.3684 0.0000 0.0000 0.0000 0.0164 0.0000
0.9348 0.5510 0.0000 0.0000 0.6491 0.0000 0.0345 0.0000 0.0000 0.0149 0.6981 0.0000 0.1000 0.0714 0.0000 0.0000
1.0000 0.0577 0.0233 0.0208 0.0000 0.3393 0.0000 0.0000 0.0000 0.2250 0.0000 0.0000 0.0000 0.0000 0.0000 0.0000
1.0000 0.0000 0.0000 0.0000 0.0000 0.8864 0.0000 0.0000 0.0000 0.3462 0.0000 0.4545 0.2344 0.0000 0.0000 0.0000
1.0000 0.8431 0.0000 0.0000 0.3830 0.0189 0.0192 0.0000 0.0000 0.0000 0.2292 0.0000 0.0204 0.6000 0.0000 0.0000
1.0000 0.1333 0.0185 0.0256 0.0000 0.0000 0.0000 0.0357 0.0000 0.0000 0.0000 0.0727 0.0000 0.0000 0.0000 0.0000
1.0000 0.2979 0.0217 0.0364 0.0000 0.0000 0.0577 0.0000 0.7400 0.0000 0.0000 0.0000 0.0000 0.0962 0.1020 0.0000
1.0000 0.7292 0.0000 0.0000 0.6471 0.0000 0.0000 0.0000 0.0000 0.0000 0.0000 0.0000 0.0000 0.0000 0.0000 0.0000
1.0000 0.7955 0.0000 0.0000 0.0000 0.0000 0.0385 0.0000 0.0000 0.0000 0.0000 0.0000 0.0000 0.0000 0.0244 0.0000
1.0000 0.2449 0.0000 0.0000 0.0000 0.0000 0.0000 0.0000 0.0000 0.0000 0.0000 0.0000 0.0000 0.0000 0.0256 0.0000
1.0000 0.8158 0.0000 0.0625 0.4706 0.0000 0.0417 0.0000 0.0000 0.0000 0.2449 0.0000 0.0000 0.1207 0.0000 0.0000
1.0000 0.0435 0.0000 0.0000 0.0000 0.0000 0.0182 0.0000 0.0625 0.0000 0.0000 0.0000 0.0000 0.0256 0.0000 0.0000
1.0000 0.0000 0.0000 0.0000 0.1020 0.8500 0.0600 0.6604 0.0227 0.0000 0.0000 0.0000 0.0000 0.0377 0.0244 0.0000
1.0000 0.3962 0.0000 0.0227 0.0000 0.0238 0.0312 0.0208 0.3191 0.0000 0.0000 0.0000 0.0000 0.0678 0.0000 0.0000
1.0000 0.0435 0.0000 0.0000 0.0000 0.8491 0.0000 0.0000 0.0179 0.3556 0.0962 0.0455 0.0755 0.0000 0.0000 0.0000
1.0000 0.5333 0.0227 0.0000 0.2653 0.0000 0.0000 0.0000 0.1311 0.0000 0.0000 0.0000 0.0000 0.0000 0.0000 0.0000
1.0000 0.0000 0.0000 0.0000 0.0000 0.8913 0.0000 0.0000 0.0000 0.0000 0.0000 0.0364 0.0000 0.0000 0.0000 0.0000
