	cell1	cell1	cell2	cell2	cell3	cell3	cell4	cell4	cell5	cell5	cell6	cell6	cell7	cell7	cell8	cell8	cell9	cell9	cell10	cell10	cell11	cell11	cell12	cell12	cell13	cell13	cell14	cell14	cell15	cell15	cell16	cell16	cell17	cell17	cell18	cell18	cell19	cell19	cell20	cell20	cell21	cell21	cell22	cell22	cell23	cell23	cell24	cell24	cell25	cell25	cell26	cell26	cell27	cell27	cell28	cell28	cell29	cell29	cell30	cell30	cell31	cell31	cell32	cell32	cell33	cell33	cell34	cell34	cell35	cell35	cell36	cell36	cell37	cell37	cell38	cell38	cell39	cell39	cell40	cell40	cell41	cell41	cell42	cell42	cell43	cell43	cell44	cell44	cell45	cell45	cell46	cell46	cell47	cell47	cell48	cell48	cell49	cell49	cell50	cell50
mut15	0	49	0	41	0	59	0	57	4	36	0	51	0	49	1	35	0	45	0	40	0	46	0	50	2	60	0	46	0	43	0	60	1	46	0	45	1	56	0	57	0	54	0	54	0	49	0	45	0	47	1	49	0	46	0	36	1	62	0	43	2	47	0	43	0	60	4	58	3	43	0	49	0	45	0	47	0	40	0	64	0	46	0	59	0	50	0	43	0	50	0	39	0	38	0	36	0	49	0	36
mut1	12	23	43	0	57	0	35	24	51	0	30	34	16	30	0	56	58	1	54	0	52	1	29	5	46	0	57	1	27	22	24	19	3	49	33	20	45	0	65	0	49	0	51	0	26	36	64	0	60	4	47	0	43	5	45	0	24	23	48	0	5	26	57	0	49	0	1	60	22	27	49	3	48	0	8	43	39	6	33	14	13	35	9	35	37	12	7	31	44	2	37	0	32	21	44	2	28	32	48	0
mut2	44	0	57	1	52	0	31	0	44	0	49	0	37	0	45	0	53	0	63	0	51	0	33	0	47	1	47	0	42	0	64	0	61	0	50	0	59	0	44	3	42	0	45	5	49	0	53	0	46	1	52	0	55	0	51	0	44	0	69	0	44	0	47	0	43	0	42	0	46	0	42	1	47	0	50	0	53	1	45	1	44	0	51	0	56	0	49	0	62	0	52	0	40	0	44	0	43	1	43	0
mut3	41	0	53	0	48	0	33	1	53	1	46	0	50	0	54	0	54	0	44	1	44	1	45	0	49	0	54	0	43	3	41	14	41	0	31	20	51	12	62	0	46	0	46	2	55	0	55	0	51	4	36	0	56	1	54	0	49	9	47	0	55	0	57	2	39	0	50	2	49	0	47	1	70	0	48	0	38	1	53	2	55	0	46	0	43	0	45	3	53	0	44	0	43	1	49	0	53	0	44	0
mut4	42	16	51	0	48	1	37	8	53	0	40	0	43	0	48	7	53	0	51	0	50	0	46	11	48	1	45	0	60	0	48	0	29	13	49	0	57	0	45	0	56	0	46	0	45	0	38	0	43	1	44	0	52	0	52	1	44	0	53	0	29	30	40	10	43	0	4	42	20	37	53	0	52	0	29	18	58	0	44	0	18	33	50	0	29	0	27	24	52	0	44	5	49	0	52	0	36	13	56	0
mut5	54	0	23	30	49	0	37	4	8	35	46	0	53	3	45	0	1	43	33	21	5	48	28	2	35	0	56	0	48	0	35	5	71	0	52	0	27	27	5	44	13	26	7	34	47	5	16	22	44	15	41	1	48	2	3	49	52	0	4	48	44	0	4	44	34	11	52	0	33	0	37	19	5	39	52	1	53	0	53	0	47	0	48	0	47	0	45	0	54	0	6	34	41	1	8	45	54	0	5	41
mut6	45	0	62	1	52	0	45	0	57	0	51	0	31	1	46	1	36	0	52	0	44	2	39	0	51	7	44	0	50	0	34	0	43	0	42	2	48	0	39	0	53	0	47	0	40	1	36	1	55	0	42	0	41	1	57	0	51	0	59	1	54	0	35	0	53	1	45	0	56	2	42	0	52	0	51	1	54	0	49	3	61	0	50	2	53	0	46	2	54	1	47	3	62	2	50	0	48	0	55	0
mut7	46	0	44	0	58	0	54	0	49	0	40	0	46	0	46	0	39	2	51	0	55	0	63	0	51	0	53	0	58	1	39	0	49	0	61	0	43	0	20	36	45	1	49	6	61	0	56	1	49	0	44	0	54	0	35	0	48	0	41	5	39	0	9	35	50	0	53	1	64	0	47	0	41	0	53	0	54	2	45	0	48	0	51	0	51	0	62	0	46	0	18	35	47	1	60	0	43	0	55	0
mut8	44	0	43	2	47	0	49	0	38	0	58	4	49	0	56	0	49	0	66	0	47	0	59	0	54	0	32	18	45	3	36	3	59	0	40	3	51	0	47	0	42	0	54	0	19	29	58	3	43	3	55	0	53	0	50	0	33	16	41	0	51	3	50	0	44	0	44	0	49	0	54	0	55	0	43	0	47	0	13	37	43	0	52	0	45	0	52	0	45	3	43	1	32	15	55	1	53	8	49	0
mut9	71	0	42	4	38	0	59	0	32	7	48	0	33	3	72	0	63	7	43	7	20	28	50	4	59	0	48	0	49	0	64	0	44	0	38	0	46	0	47	0	53	2	52	0	51	0	54	2	37	12	60	0	47	1	43	7	39	6	28	22	39	0	54	6	48	1	50	0	66	1	31	9	34	18	54	0	57	0	47	0	64	0	41	0	56	0	51	0	54	0	45	0	54	0	29	16	52	0	64	0
mut10	26	19	63	0	44	0	40	0	52	0	53	0	40	0	55	0	44	0	48	0	63	0	51	0	50	0	52	3	43	10	40	0	37	8	51	0	50	3	57	0	47	1	62	0	50	4	51	0	55	0	31	2	46	0	45	3	51	0	46	0	46	3	65	0	50	0	24	14	16	37	52	0	62	0	37	11	42	0	52	0	46	0	46	0	44	0	37	12	65	0	53	0	37	0	47	5	58	0	50	0
mut11	45	0	41	0	58	0	57	0	49	0	48	1	48	4	41	0	52	0	54	4	48	0	46	0	53	0	48	0	54	0	52	0	43	0	51	3	44	0	52	2	52	0	47	0	47	0	56	0	42	0	42	0	59	0	46	1	51	0	53	0	43	0	53	0	47	0	53	0	49	0	53	0	24	20	60	0	51	4	45	0	50	0	53	0	50	0	49	0	53	0	48	0	40	0	42	2	53	0	53	2
mut12	48	0	46	1	45	3	49	0	48	0	39	0	45	0	47	0	63	0	38	17	50	0	52	0	41	8	50	0	57	0	47	1	59	0	56	0	51	0	46	0	53	0	53	0	47	0	35	1	53	2	60	2	59	0	38	6	45	1	56	0	48	0	48	0	49	0	55	0	36	4	46	0	49	15	48	1	47	0	45	0	58	0	47	0	51	0	36	0	50	0	47	0	61	0	49	4	52	0	46	0
mut13	48	0	42	0	48	1	46	0	51	0	65	0	54	0	49	0	62	0	47	0	50	0	46	0	62	3	56	1	41	0	52	0	49	0	51	1	55	0	37	0	38	0	47	0	49	1	40	0	40	0	44	0	45	0	48	0	47	0	40	5	45	1	42	0	51	0	43	0	39	3	40	0	46	0	18	27	60	0	47	5	56	0	30	0	57	0	51	7	38	1	51	2	55	4	43	0	54	0	51	0
mut14	63	0	51	0	51	1	50	1	24	19	49	0	39	0	57	0	46	0	55	0	62	0	50	0	50	1	49	0	47	0	53	0	44	2	56	0	52	0	43	0	43	0	47	10	40	0	47	0	42	12	35	0	55	0	39	14	49	2	57	1	48	1	62	0	47	3	60	1	52	0	48	0	52	0	52	0	45	0	44	5	52	0	40	1	38	1	52	0	48	0	40	1	51	0	56	0	47	0	52	0
