0.4462 0.3348 0.0000 0.0000 0.0959 0.0000 0.0000 0.0000 0.0000 0.0000 0.1232 0.0000 0.0000 0.0000 0.0000
0.3823 0.0000 0.0000 0.0000 0.0000 0.4685 0.0000 0.0000 0.0000 0.0623 0.0000 0.0000 0.0869 0.0000 0.0000
1.0000 0.0000 0.0000 0.0000 0.0000 0.0000 0.0000 0.0000 0.0000 0.0000 0.0000 0.0000 0.0000 0.0000 0.0000
0.5300 0.2540 0.0000 0.0000 0.2160 0.0000 0.0000 0.0000 0.0000 0.0000 0.0000 0.0000 0.0000 0.0000 0.0000
0.2589 0.0000 0.0000 0.0000 0.0000 0.1246 0.0000 0.0000 0.0000 0.1534 0.0000 0.0000 0.0000 0.0000 0.4631
0.2924 0.4688 0.0000 0.1293 0.0000 0.0000 0.0000 0.0000 0.1095 0.0000 0.0000 0.0000 0.0000 0.0000 0.0000
0.3540 0.6460 0.0000 0.0000 0.0000 0.0000 0.0000 0.0000 0.0000 0.0000 0.0000 0.0000 0.0000 0.0000 0.0000
0.0854 0.8533 0.0000 0.0000 0.0613 0.0000 0.0000 0.0000 0.0000 0.0000 0.0000 0.0000 0.0000 0.0000 0.0000
0.1716 0.0000 0.0000 0.0000 0.0000 0.6673 0.0000 0.0000 0.0000 0.1611 0.0000 0.0000 0.0000 0.0000 0.0000
0.4646 0.0000 0.0000 0.0000 0.0000 0.1895 0.0000 0.0000 0.0000 0.1556 0.0000 0.0000 0.1903 0.0000 0.0000
0.2291 0.0000 0.0000 0.0000 0.0000 0.2924 0.0000 0.0000 0.0000 0.4785 0.0000 0.0000 0.0000 0.0000 0.0000
0.6016 0.1610 0.0000 0.0000 0.2374 0.0000 0.0000 0.0000 0.0000 0.0000 0.0000 0.0000 0.0000 0.0000 0.0000
1.0000 0.0000 0.0000 0.0000 0.0000 0.0000 0.0000 0.0000 0.0000 0.0000 0.0000 0.0000 0.0000 0.0000 0.0000
0.5696 0.0566 0.0000 0.0000 0.0000 0.0000 0.0000 0.0000 0.3739 0.0000 0.0000 0.0000 0.0000 0.0000 0.0000
0.4460 0.3955 0.0000 0.0708 0.0000 0.0000 0.0000 0.0000 0.0876 0.0000 0.0000 0.0000 0.0000 0.0000 0.0000
0.3065 0.2202 0.0000 0.2417 0.0000 0.0000 0.0000 0.0000 0.2316 0.0000 0.0000 0.0000 0.0000 0.0000 0.0000
0.0926 0.3977 0.0000 0.0000 0.3732 0.0000 0.0000 0.0000 0.0000 0.0000 0.1365 0.0000 0.0000 0.0000 0.0000
0.4764 0.1267 0.0000 0.3467 0.0000 0.0000 0.0000 0.0000 0.0502 0.0000 0.0000 0.0000 0.0000 0.0000 0.0000
0.6178 0.0000 0.0000 0.0000 0.0000 0.3822 0.0000 0.0000 0.0000 0.0000 0.0000 0.0000 0.0000 0.0000 0.0000
0.2355 0.0000 0.0000 0.0000 0.0000 0.2285 0.0000 0.5360 0.0000 0.0000 0.0000 0.0000 0.0000 0.0000 0.0000
0.4972 0.0000 0.0000 0.0000 0.0000 0.5028 0.0000 0.0000 0.0000 0.0000 0.0000 0.0000 0.0000 0.0000 0.0000
0.2041 0.0000 0.0000 0.0000 0.0000 0.6317 0.0000 0.1642 0.0000 0.0000 0.0000 0.0000 0.0000 0.0000 0.0000
0.0768 0.3558 0.0000 0.0500 0.0000 0.0000 0.0000 0.0000 0.5174 0.0000 0.0000 0.0000 0.0000 0.0000 0.0000
0.3012 0.0000 0.0000 0.0000 0.0000 0.6988 0.0000 0.0000 0.0000 0.0000 0.0000 0.0000 0.0000 0.0000 0.0000
0.3948 0.0000 0.0000 0.0000 0.0000 0.0831 0.0000 0.0000 0.0000 0.3470 0.0000 0.0000 0.0000 0.0000 0.1752
1.0000 0.0000 0.0000 0.0000 0.0000 0.0000 0.0000 0.0000 0.0000 0.0000 0.0000 0.0000 0.0000 0.0000 0.0000
0.9451 0.0000 0.0000 0.0000 0.0000 0.0549 0.0000 0.0000 0.0000 0.0000 0.0000 0.0000 0.0000 0.0000 0.0000
0.1183 0.0000 0.0000 0.0000 0.0000 0.4830 0.0000 0.0000 0.0000 0.0701 0.0000 0.0000 0.0000 0.0000 0.3286
0.1242 0.4918 0.0000 0.0848 0.0000 0.0000 0.0000 0.0000 0.2991 0.0000 0.0000 0.0000 0.0000 0.0000 0.0000
0.1133 0.0000 0.0000 0.0000 0.0000 0.6315 0.0000 0.0000 0.0000 0.2552 0.0000 0.0000 0.0000 0.0000 0.0000
0.1006 0.3435 0.0000 0.0000 0.4504 0.0000 0.0000 0.0000 0.0000 0.0000 0.1055 0.0000 0.0000 0.0000 0.0000
0.0554 0.0000 0.0000 0.0000 0.0000 0.2607 0.0000 0.6839 0.0000 0.0000 0.0000 0.0000 0.0000 0.0000 0.0000
0.8167 0.0000 0.0000 0.0000 0.0000 0.1833 0.0000 0.0000 0.0000 0.0000 0.0000 0.0000 0.0000 0.0000 0.0000
0.1138 0.2674 0.0000 0.0000 0.2694 0.0000 0.0000 0.0000 0.0000 0.0000 0.2312 0.0000 0.0000 0.1183 0.0000
0.1897 0.1847 0.0000 0.0000 0.1868 0.0000 0.0000 0.0000 0.0000 0.0000 0.3319 0.0000 0.0000 0.1069 0.0000
0.5680 0.0000 0.0000 0.0000 0.0000 0.1571 0.0000 0.0000 0.0000 0.2749 0.0000 0.0000 0.0000 0.0000 0.0000
0.1655 0.0000 0.0000 0.0000 0.0000 0.1517 0.0000 0.0000 0.0000 0.1091 0.0000 0.3081 0.2656 0.0000 0.0000
0.2694 0.2370 0.0000 0.0000 0.0712 0.0000 0.0000 0.0000 0.0000 0.0000 0.0957 0.0000 0.0000 0.3267 0.0000
0.8907 0.1093 0.0000 0.0000 0.0000 0.0000 0.0000 0.0000 0.0000 0.0000 0.0000 0.0000 0.0000 0.0000 0.0000
0.0532 0.3795 0.0000 0.0814 0.0000 0.0000 0.0000 0.0000 0.4858 0.0000 0.0000 0.0000 0.0000 0.0000 0.0000
0.3034 0.0858 0.0000 0.0000 0.6108 0.0000 0.0000 0.0000 0.0000 0.0000 0.0000 0.0000 0.0000 0.0000 0.0000
0.2749 0.7251 0.0000 0.0000 0.0000 0.0000 0.0000 0.0000 0.0000 0.0000 0.0000 0.0000 0.0000 0.0000 0.0000
0.6962 0.3038 0.0000 0.0000 0.0000 0.0000 0.0000 0.0000 0.0000 0.0000 0.0000 0.0000 0.0000 0.0000 0.0000
0.3341 0.2171 0.0000 0.0000 0.2680 0.0000 0.0000 0.0000 0.0000 0.0000 0.0627 0.0000 0.0000 0.1181 0.0000
1.0000 0.0000 0.0000 0.0000 0.0000 0.0000 0.0000 0.0000 0.0000 0.0000 0.0000 0.0000 0.0000 0.0000 0.0000
0.2520 0.0000 0.0000 0.0000 0.0000 0.0778 0.0000 0.6702 0.0000 0.0000 0.0000 0.0000 0.0000 0.0000 0.0000
0.3182 0.4637 0.0000 0.0000 0.0000 0.0000 0.0000 0.0000 0.2180 0.0000 0.0000 0.0000 0.0000 0.0000 0.0000
0.1335 0.0000 0.0000 0.0000 0.0000 0.3136 0.0000 0.0000 0.0000 0.1616 0.0000 0.1594 0.2320 0.0000 0.0000
0.2000 0.4353 0.0000 0.0000 0.3646 0.0000 0.0000 0.0000 0.0000 0.0000 0.0000 0.0000 0.0000 0.0000 0.0000
0.3330 0.0000 0.0000 0.0000 0.0000 0.6118 0.0000 0.0552 0.0000 0.0000 0.0000 0.0000 0.0000 0.0000 0.0000
