51 4 0 0 1 0 4 0 0 30 0 2 0 0 0 0
39 40 1 10 0 10 0 0 0 19 0 1 0 0 19 0
52 30 0 0 0 0 0 0 0 13 4 0 0 0 0 0
57 27 6 12 7 0 1 0 0 11 0 0 0 9 3 0
40 50 0 4 30 3 0 0 37 3 31 4 0 0 0 0
55 25 14 2 0 0 1 0 0 4 0 0 1 0 0 0
42 39 0 2 23 0 0 9 6 7 1 0 1 0 0 0
51 43 9 30 1 22 0 0 0 18 0 0 0 0 4 0
43 44 3 22 0 32 0 0 0 5 3 1 0 1 4 0
36 37 29 14 0 0 0 1 3 5 0 0 0 0 0 0
42 15 23 4 0 0 0 0 0 36 0 0 0 0 0 0
46 1 1 0 0 0 1 0 0 0 0 0 0 0 0 0
45 12 0 1 0 0 5 3 0 0 2 0 0 0 0 0
45 43 0 0 46 0 0 0 11 14 5 0 0 0 0 0
43 53 0 0 25 0 0 3 16 2 2 0 1 0 0 0
46 22 7 24 26 13 26 16 0 1 0 0 3 0 1 0
46 43 14 22 0 16 0 0 0 6 0 0 0 0 0 0
64 28 0 1 9 0 0 0 0 4 0 0 0 4 0 0
48 42 0 0 38 0 0 0 21 15 1 1 0 0 0 0
59 46 0 41 0 35 28 2 1 1 0 0 0 0 0 0
51 24 1 0 0 0 0 0 0 6 0 0 0 0 0 0
45 23 0 0 0 0 0 0 2 4 0 0 0 0 0 0
55 35 5 20 2 16 0 0 1 2 0 0 8 4 8 0
44 51 0 1 34 0 0 0 4 14 1 0 0 0 0 0
57 22 11 14 0 1 0 0 0 13 0 0 6 0 1 0
55 0 5 0 0 0 0 0 2 1 0 0 0 1 0 0
47 29 6 12 1 13 0 4 0 10 0 0 0 0 0 0
65 24 0 24 0 17 12 0 0 1 5 0 0 0 0 0
42 40 0 1 21 0 1 0 43 4 27 8 0 28 0 0
54 31 0 0 15 0 0 0 6 35 1 2 0 0 0 0
50 6 0 0 1 0 0 5 0 7 0 0 0 3 0 0
74 23 17 22 0 3 5 0 0 8 0 0 1 0 2 0
54 0 0 2 7 0 0 0 0 0 0 0 0 0 2 0
66 36 1 0 32 0 0 1 23 9 27 2 4 21 0 0
52 7 1 0 0 6 0 0 0 8 0 0 8 0 0 0
46 27 9 1 0 0 0 0 0 14 0 3 2 0 0 0
37 38 4 7 0 5 0 0 0 12 0 0 0 0 0 0
43 44 16 34 4 12 22 6 0 0 0 3 1 0 0 0
42 6 0 0 4 0 0 5 0 12 0 0 0 0 0 0
63 25 6 7 0 0 1 0 3 27 0 0 16 0 0 0
46 30 0 0 29 0 0 0 0 6 0 0 0 0 0 0
37 33 1 21 2 10 3 2 0 0 1 0 0 1 7 0
55 37 14 19 0 21 6 1 0 6 4 0 0 0 0 0
48 7 0 0 4 0 9 1 0 60 0 0 0 0 0 0
56 28 0 0 0 0 0 0 5 7 0 0 0 0 0 0
42 2 0 0 0 0 0 0 0 16 0 0 0 0 0 0
52 1 0 0 1 0 0 1 2 0 0 0 0 0 1 0
71 26 13 0 0 0 0 0 0 4 4 0 4 5 0 0
49 44 13 11 0 3 0 0 0 3 0 0 4 0 0 0
47 31 0 0 10 4 0 0 10 11 8 0 0 0 5 0
