51 46 44 36 45 42 48 50 52 61 49 36 58 58 51 0
39 55 50 49 42 51 47 50 54 48 56 47 58 61 58 0
52 46 38 56 53 50 45 47 55 52 50 50 49 52 43 0
57 48 56 40 55 51 60 44 37 50 49 60 39 61 45 0
40 64 36 45 44 38 56 34 49 40 50 48 54 48 43 0
55 50 38 51 50 53 54 48 52 43 49 52 50 62 41 0
42 59 52 52 40 53 48 62 52 42 44 53 47 47 51 0
51 51 49 50 59 53 47 46 57 45 50 43 55 49 38 0
43 57 54 34 54 62 43 49 40 71 58 46 46 34 42 0
36 45 49 54 46 51 48 39 61 48 34 48 42 47 53 0
42 47 53 50 45 46 59 35 58 47 51 49 41 52 53 0
46 64 53 46 46 48 53 58 51 55 58 52 47 51 60 0
46 56 45 50 53 43 42 49 48 46 57 35 47 41 46 0
48 56 41 52 54 61 38 49 53 47 33 31 47 65 50 0
43 66 47 49 39 41 52 34 60 45 61 51 50 51 41 0
46 52 61 41 65 52 63 46 46 59 50 49 49 50 64 0
46 49 55 52 65 42 53 50 32 50 51 52 52 44 54 0
64 60 47 50 51 45 48 50 49 46 42 63 59 51 45 0
48 53 66 46 54 46 36 46 51 47 55 50 47 42 48 0
59 52 45 54 53 49 48 41 38 51 37 48 57 40 56 0
51 50 49 61 43 43 53 62 42 59 58 58 52 64 41 0
45 54 48 58 55 52 53 60 44 62 57 52 53 48 51 0
55 46 38 49 52 39 52 53 62 49 40 62 50 49 60 0
44 53 56 60 47 52 47 45 58 47 51 46 50 57 47 0
57 48 52 49 41 44 40 39 52 57 51 54 49 48 41 0
55 62 52 44 46 40 41 41 45 51 50 57 52 40 42 0
47 49 59 53 49 46 40 50 46 48 52 51 55 58 57 0
65 42 46 44 50 48 39 46 54 48 63 59 50 51 46 0
42 51 48 43 38 56 53 49 53 50 50 46 53 67 54 0
54 44 47 53 55 48 49 46 62 51 54 57 43 53 55 0
50 66 51 51 43 57 58 54 45 43 58 58 52 63 54 0
74 49 45 52 51 61 62 51 39 53 60 64 46 47 51 0
61 50 46 54 59 53 47 46 60 46 59 53 50 45 53 0
66 49 58 50 45 41 62 52 48 51 63 49 54 49 47 0
52 43 50 50 62 46 47 49 61 50 59 47 39 52 45 0
47 57 42 53 43 51 57 41 45 54 57 46 36 47 47 0
37 56 45 43 37 45 46 47 46 54 44 52 43 52 58 0
43 56 49 61 56 44 58 43 47 64 42 52 49 55 60 0
43 54 37 41 45 56 54 44 47 55 51 44 58 53 47 0
63 44 49 61 35 54 44 51 58 46 56 53 55 39 52 0
47 41 52 64 66 50 54 40 38 38 42 54 54 58 38 0
37 49 45 56 56 46 44 44 61 54 60 47 57 51 52 0
55 39 46 41 49 47 35 55 41 55 55 48 52 51 45 0
48 48 46 48 58 43 51 53 43 64 60 46 61 55 45 0
56 50 45 50 49 49 47 49 50 49 44 37 57 43 47 0
42 44 58 56 44 56 56 51 43 47 57 55 51 49 48 0
52 62 50 46 44 46 49 45 48 66 40 51 47 46 56 0
71 55 45 47 65 47 58 46 49 56 37 52 58 56 52 0
49 57 56 67 43 47 52 36 64 59 43 56 39 59 42 0
47 52 51 53 40 43 43 54 48 54 51 56 56 49 58 0
