1.0000 0.0870 0.0000 0.0000 0.0222 0.0000 0.0833 0.0000 0.0000 0.4918 0.0000 0.0556 0.0000 0.0000 0.0000 0.0000
1.0000 0.7273 0.0200 0.2041 0.0000 0.1961 0.0000 0.0000 0.0000 0.3958 0.0000 0.0213 0.0000 0.0000 0.3276 0.0000
1.0000 0.6522 0.0000 0.0000 0.0000 0.0000 0.0000 0.0000 0.0000 0.2500 0.0800 0.0000 0.0000 0.0000 0.0000 0.0000
1.0000 0.5625 0.1071 0.3000 0.1273 0.0000 0.0167 0.0000 0.0000 0.2200 0.0000 0.0000 0.0000 0.1475 0.0667 0.0000
1.0000 0.7812 0.0000 0.0889 0.6818 0.0789 0.0000 0.0000 0.7551 0.0750 0.6200 0.0833 0.0000 0.0000 0.0000 0.0000
1.0000 0.5000 0.3684 0.0392 0.0000 0.0000 0.0185 0.0000 0.0000 0.0930 0.0000 0.0000 0.0200 0.0000 0.0000 0.0000
1.0000 0.6610 0.0000 0.0385 0.5750 0.0000 0.0000 0.1452 0.1154 0.1667 0.0227 0.0000 0.0213 0.0000 0.0000 0.0000
1.0000 0.8431 0.1837 0.6000 0.0169 0.4151 0.0000 0.0000 0.0000 0.4000 0.0000 0.0000 0.0000 0.0000 0.1053 0.0000
1.0000 0.7719 0.0556 0.6471 0.0000 0.5161 0.0000 0.0000 0.0000 0.0704 0.0517 0.0217 0.0000 0.0294 0.0952 0.0000
1.0000 0.8222 0.5918 0.2593 0.0000 0.0000 0.0000 0.0256 0.0492 0.1042 0.0000 0.0000 0.0000 0.0000 0.0000 0.0000
1.0000 0.3191 0.4340 0.0800 0.0000 0.0000 0.0000 0.0000 0.0000 0.7660 0.0000 0.0000 0.0000 0.0000 0.0000 0.0000
1.0000 0.0156 0.0189 0.0000 0.0000 0.0000 0.0189 0.0000 0.0000 0.0000 0.0000 0.0000 0.0000 0.0000 0.0000 0.0000
0.9783 0.2143 0.0000 0.0200 0.0000 0.0000 0.1190 0.0612 0.0000 0.0000 0.0351 0.0000 0.0000 0.0000 0.0000 0.0000
0.9375 0.7679 0.0000 0.0000 0.8519 0.0000 0.0000 0.0000 0.2075 0.2979 0.1515 0.0000 0.0000 0.0000 0.0000 0.0000
1.0000 0.8030 0.0000 0.0000 0.6410 0.0000 0.0000 0.0882 0.2667 0.0444 0.0328 0.0000 0.0200 0.0000 0.0000 0.0000
1.0000 0.4231 0.1148 0.5854 0.4000 0.2500 0.4127 0.3478 0.0000 0.0169 0.0000 0.0000 0.0612 0.0000 0.0156 0.0000
1.0000 0.8776 0.2545 0.4231 0.0000 0.3810 0.0000 0.0000 0.0000 0.1200 0.0000 0.0000 0.0000 0.0000 0.0000 0.0000
1.0000 0.4667 0.0000 0.0200 0.1765 0.0000 0.0000 0.0000 0.0000 0.0870 0.0000 0.0000 0.0000 0.0784 0.0000 0.0000
1.0000 0.7925 0.0000 0.0000 0.7037 0.0000 0.0000 0.0000 0.4118 0.3191 0.0182 0.0200 0.0000 0.0000 0.0000 0.0000
1.0000 0.8846 0.0000 0.7593 0.0000 0.7143 0.5833 0.0488 0.0263 0.0196 0.0000 0.0000 0.0000 0.0000 0.0000 0.0000
1.0000 0.4800 0.0204 0.0000 0.0000 0.0000 0.0000 0.0000 0.0000 0.1017 0.0000 0.0000 0.0000 0.0000 0.0000 0.0000
1.0000 0.4259 0.0000 0.0000 0.0000 0.0000 0.0000 0.0000 0.0455 0.0645 0.0000 0.0000 0.0000 0.0000 0.0000 0.0000
1.0000 0.7609 0.1316 0.4082 0.0385 0.4103 0.0000 0.0000 0.0161 0.0408 0.0000 0.0000 0.1600 0.0816 0.1333 0.0000
1.0000 0.9623 0.0000 0.0167 0.7234 0.0000 0.0000 0.0000 0.0690 0.2979 0.0196 0.0000 0.0000 0.0000 0.0000 0.0000
1.0000 0.4583 0.2115 0.2857 0.0000 0.0227 0.0000 0.0000 0.0000 0.2281 0.0000 0.0000 0.1224 0.0000 0.0244 0.0000
1.0000 0.0000 0.0962 0.0000 0.0000 0.0000 0.0000 0.0000 0.0444 0.0196 0.0000 0.0000 0.0000 0.0250 0.0000 0.0000
1.0000 0.5918 0.1017 0.2264 0.0204 0.2826 0.0000 0.0800 0.0000 0.2083 0.0000 0.0000 0.0000 0.0000 0.0000 0.0000
1.0000 0.5714 0.0000 0.5455 0.0000 0.3542 0.3077 0.0000 0.0000 0.0208 0.0794 0.0000 0.0000 0.0000 0.0000 0.0000
1.0000 0.7843 0.0000 0.0233 0.5526 0.0000 0.0189 0.0000 0.8113 0.0800 0.5400 0.1739 0.0000 0.4179 0.0000 0.0000
1.0000 0.7045 0.0000 0.0000 0.2727 0.0000 0.0000 0.0000 0.0968 0.6863 0.0185 0.0351 0.0000 0.0000 0.0000 0.0000
1.0000 0.0909 0.0000 0.0000 0.0233 0.0000 0.0000 0.0926 0.0000 0.1628 0.0000 0.0000 0.0000 0.0476 0.0000 0.0000
1.0000 0.4694 0.3778 0.4231 0.0000 0.0492 0.0806 0.0000 0.0000 0.1509 0.0000 0.0000 0.0217 0.0000 0.0392 0.0000
0.8852 0.0000 0.0000 0.0370 0.1186 0.0000 0.0000 0.0000 0.0000 0.0000 0.0000 0.0000 0.0000 0.0000 0.0377 0.0000
1.0000 0.7347 0.0172 0.0000 0.7111 0.0000 0.0000 0.0192 0.4792 0.1765 0.4286 0.0408 0.0741 0.4286 0.0000 0.0000
1.0000 0.1628 0.0200 0.0000 0.0000 0.1304 0.0000 0.0000 0.0000 0.1600 0.0000 0.0000 0.2051 0.0000 0.0000 0.0000
0.9787 0.4737 0.2143 0.0189 0.0000 0.0000 0.0000 0.0000 0.0000 0.2593 0.0000 0.0652 0.0556 0.0000 0.0000 0.0000
1.0000 0.6786 0.0889 0.1628 0.0000 0.1111 0.0000 0.0000 0.0000 0.2222 0.0000 0.0000 0.0000 0.0000 0.0000 0.0000
1.0000 0.7857 0.3265 0.5574 0.0714 0.2727 0.3793 0.1395 0.0000 0.0000 0.0000 0.0577 0.0204 0.0000 0.0000 0.0000
0.9767 0.1111 0.0000 0.0000 0.0889 0.0000 0.0000 0.1136 0.0000 0.2182 0.0000 0.0000 0.0000 0.0000 0.0000 0.0000
1.0000 0.5682 0.1224 0.1148 0.0000 0.0000 0.0227 0.0000 0.0517 0.5870 0.0000 0.0000 0.2909 0.0000 0.0000 0.0000
0.9787 0.7317 0.0000 0.0000 0.4394 0.0000 0.0000 0.0000 0.0000 0.1579 0.0000 0.0000 0.0000 0.0000 0.0000 0.0000
1.0000 0.6735 0.0222 0.3750 0.0357 0.2174 0.0682 0.0455 0.0000 0.0000 0.0167 0.0000 0.0000 0.0196 0.1346 0.0000
1.0000 0.9487 0.3043 0.4634 0.0000 0.4468 0.1714 0.0182 0.0000 0.1091 0.0727 0.0000 0.0000 0.0000 0.0000 0.0000
1.0000 0.1458 0.0000 0.0000 0.0690 0.0000 0.1765 0.0189 0.0000 0.9375 0.0000 0.0000 0.0000 0.0000 0.0000 0.0000
1.0000 0.5600 0.0000 0.0000 0.0000 0.0000 0.0000 0.0000 0.1000 0.1429 0.0000 0.0000 0.0000 0.0000 0.0000 0.0000
1.0000 0.0455 0.0000 0.0000 0.0000 0.0000 0.0000 0.0000 0.0000 0.3404 0.0000 0.0000 0.0000 0.0000 0.0000 0.0000
1.0000 0.0161 0.0000 0.0000 0.0227 0.0000 0.0000 0.0222 0.0417 0.0000 0.0000 0.0000 0.0000 0.0000 0.0179 0.0000
1.0000 0.4727 0.2889 0.0000 0.0000 0.0000 0.0000 0.0000 0.0000 0.0714 0.1081 0.0000 0.0690 0.0893 0.0000 0.0000
1.0000 0.7719 0.2321 0.1642 0.0000 0.0638 0.0000 0.0000 0.0000 0.0508 0.0000 0.0000 0.1026 0.0000 0.0000 0.0000
1.0000 0.5962 0.0000 0.0000 0.2500 0.0930 0.0000 0.0000 0.2083 0.2037 0.1569 0.0000 0.0000 0.0000 0.0862 0.0000
