	cell1	cell1	cell2	cell2	cell3	cell3	cell4	cell4	cell5	cell5	cell6	cell6	cell7	cell7	cell8	cell8	cell9	cell9	cell10	cell10	cell11	cell11	cell12	cell12	cell13	cell13	cell14	cell14	cell15	cell15	cell16	cell16	cell17	cell17	cell18	cell18	cell19	cell19	cell20	cell20	cell21	cell21	cell22	cell22	cell23	cell23	cell24	cell24	cell25	cell25	cell26	cell26	cell27	cell27	cell28	cell28	cell29	cell29	cell30	cell30	cell31	cell31	cell32	cell32	cell33	cell33	cell34	cell34	cell35	cell35	cell36	cell36	cell37	cell37	cell38	cell38	cell39	cell39	cell40	cell40	cell41	cell41	cell42	cell42	cell43	cell43	cell44	cell44	cell45	cell45	cell46	cell46	cell47	cell47	cell48	cell48	cell49	cell49	cell50	cell50
mut15	0	51	0	39	0	52	0	57	0	40	0	55	0	42	0	51	0	43	0	36	0	42	0	46	1	45	3	45	0	43	0	46	0	46	0	64	0	48	0	59	0	51	0	45	0	55	0	44	0	57	0	55	0	47	0	65	0	42	0	54	0	50	0	74	7	54	0	66	0	52	1	46	0	37	0	43	1	42	0	63	1	46	0	37	0	55	0	48	0	56	0	42	0	52	0	71	0	49	0	47
mut1	42	4	15	40	16	30	21	27	14	50	25	25	20	39	8	43	13	44	8	37	32	15	63	1	44	12	13	43	13	53	30	22	6	43	32	28	11	42	6	46	26	24	31	23	11	35	2	51	26	22	62	0	20	29	18	24	11	40	13	31	60	6	26	23	50	0	13	36	36	7	30	27	18	38	12	44	48	6	19	25	11	30	16	33	2	37	41	7	22	28	42	2	61	1	29	26	13	44	21	31
mut2	44	0	49	1	38	0	50	6	36	0	24	14	52	0	40	9	51	3	20	29	30	23	52	1	45	0	41	0	47	0	54	7	41	14	47	0	66	0	45	0	48	1	48	0	33	5	56	0	41	11	47	5	53	6	46	0	48	0	47	0	51	0	28	17	46	0	57	1	49	1	33	9	41	4	33	16	37	0	43	6	52	0	44	1	32	14	46	0	45	0	58	0	50	0	32	13	43	13	51	0
mut3	36	0	39	10	56	0	28	12	41	4	49	2	50	2	20	30	12	22	40	14	46	4	46	0	49	1	52	0	49	0	17	24	30	22	49	1	46	0	13	41	61	0	58	0	29	20	59	1	35	14	44	0	41	12	20	24	42	1	53	0	51	0	30	22	52	2	50	0	50	0	52	1	36	7	27	34	41	0	54	7	64	0	35	21	22	19	48	0	50	0	56	0	46	0	47	0	56	11	53	0
mut4	44	1	42	0	53	0	48	7	14	30	50	0	17	23	58	1	54	0	46	0	45	0	46	0	53	0	8	46	14	25	39	26	65	0	42	9	16	38	53	0	43	0	55	0	50	2	13	34	41	0	46	0	48	1	50	0	17	21	40	15	42	1	51	0	52	7	13	32	62	0	43	0	37	0	52	4	41	4	35	0	37	29	54	2	49	0	54	4	49	0	44	0	43	1	65	0	43	0	30	10
mut5	42	0	41	10	50	0	51	0	35	3	53	0	53	0	31	22	30	32	51	0	46	0	48	0	43	0	61	0	41	0	39	13	26	16	45	0	46	0	14	35	43	0	52	0	23	16	52	0	43	1	40	0	33	13	31	17	56	0	48	0	57	0	58	3	53	0	41	0	40	6	51	0	40	5	32	12	56	0	54	0	50	0	36	10	26	21	43	0	49	0	56	0	46	0	47	0	44	3	39	4
mut6	44	4	47	0	45	0	59	1	56	0	53	1	48	0	47	0	43	0	48	0	59	0	52	1	37	5	38	0	52	0	37	26	53	0	48	0	36	0	20	28	53	0	53	0	52	0	47	0	40	0	41	0	40	0	27	12	52	1	49	0	58	0	57	5	47	0	62	0	47	0	57	0	46	0	36	22	54	0	43	1	54	0	41	3	29	6	42	9	47	0	56	0	49	0	58	0	52	0	43	0
mut7	50	0	50	0	47	0	44	0	34	0	48	0	53	9	46	0	49	0	38	1	35	0	58	0	46	3	49	0	31	3	30	16	50	0	50	0	46	0	39	2	62	0	60	0	53	0	45	0	39	0	41	0	46	4	46	0	49	0	46	0	49	5	51	0	46	0	51	1	49	0	41	0	47	0	37	6	39	5	51	0	40	0	42	2	54	1	52	1	49	0	51	0	44	1	46	0	36	0	54	0
mut8	52	0	54	0	55	0	37	0	12	37	52	0	46	6	57	0	40	0	58	3	58	0	51	0	48	0	42	11	44	16	46	0	32	0	49	0	30	21	37	1	42	0	42	2	61	1	54	4	52	0	43	2	46	0	54	0	10	43	56	6	45	0	39	0	60	0	25	23	61	0	45	0	46	0	47	0	47	0	55	3	38	0	61	0	41	0	43	0	45	5	43	0	46	2	49	0	64	0	38	10
mut9	31	30	29	19	39	13	39	11	37	3	39	4	35	7	27	18	66	5	43	5	11	36	55	0	46	0	33	14	43	2	58	1	44	6	42	4	32	15	50	1	53	6	58	4	47	2	33	14	44	13	50	1	38	10	47	1	46	4	16	35	36	7	45	8	46	0	42	9	42	8	40	14	42	12	64	0	43	12	19	27	32	6	54	0	49	6	4	60	42	7	31	16	66	0	52	4	56	3	43	11
mut10	49	0	56	0	46	4	49	0	19	31	49	0	43	1	50	0	55	3	34	0	51	0	58	0	55	2	28	5	59	2	50	0	51	0	42	0	54	1	37	0	58	0	57	0	40	0	50	1	51	0	50	0	52	0	58	5	23	27	53	1	58	0	60	0	59	0	36	27	59	0	57	0	44	0	42	0	51	0	56	0	42	0	59	1	51	4	60	0	44	0	57	0	40	0	33	4	43	0	43	8
mut11	34	2	46	1	50	0	60	0	44	4	52	0	53	0	43	0	45	1	48	0	49	0	52	0	35	0	31	0	51	0	49	0	52	0	63	0	49	1	48	0	58	0	52	0	62	0	46	0	54	0	57	0	51	0	59	0	38	8	55	2	58	0	64	0	53	0	47	2	47	0	43	3	52	0	49	3	44	0	53	0	54	0	47	0	48	0	46	0	37	0	55	0	51	0	52	0	56	0	56	0
mut12	58	0	58	0	49	0	39	0	54	0	49	1	46	1	55	0	46	0	42	0	41	0	47	0	47	0	47	0	49	1	46	3	52	0	59	0	47	0	57	0	52	0	53	0	42	8	50	0	43	6	52	0	55	0	50	0	53	0	43	0	52	0	45	1	50	0	50	4	31	8	34	2	43	0	48	1	58	0	39	16	54	0	57	0	52	0	61	0	57	0	51	0	47	0	54	4	35	4	56	0
mut13	58	0	61	0	52	0	52	9	48	0	62	0	47	0	49	0	33	1	47	0	52	0	51	0	41	0	65	0	51	0	50	0	44	0	47	4	42	0	40	0	64	0	48	0	45	4	57	0	48	0	39	1	58	0	51	0	39	28	53	0	60	3	47	0	45	0	28	21	52	0	47	0	52	0	55	0	53	0	39	0	58	0	50	1	51	0	55	0	43	0	49	0	46	0	51	5	59	0	49	0
mut14	51	0	39	19	43	0	42	3	43	0	41	0	51	0	34	4	38	4	53	0	53	0	60	0	46	0	50	0	41	0	63	1	54	0	45	0	48	0	56	0	41	0	51	0	52	8	47	0	40	1	42	0	57	0	46	0	54	0	55	0	54	0	49	2	51	2	47	0	45	0	47	0	58	0	60	0	47	0	52	0	38	0	45	7	45	0	45	0	47	0	48	0	55	1	52	0	42	0	53	5
