0.4896 0.1655 0.0000 0.0000 0.0000 0.0000 0.0000 0.0000 0.0000 0.3449 0.0000 0.0000 0.0000 0.0000 0.0000
0.1183 0.1260 0.0533 0.1534 0.0000 0.1405 0.0000 0.0000 0.0000 0.2800 0.0000 0.0000 0.0000 0.0000 0.1285
0.0628 0.5790 0.0000 0.0000 0.0000 0.0000 0.0000 0.0000 0.0000 0.3582 0.0000 0.0000 0.0000 0.0000 0.0000
0.3484 0.1125 0.1693 0.1901 0.0000 0.0000 0.0000 0.0000 0.0000 0.1796 0.0000 0.0000 0.0000 0.0000 0.0000
0.0504 0.0635 0.0000 0.0000 0.0576 0.0000 0.0000 0.0000 0.2651 0.0722 0.3396 0.1516 0.0000 0.0000 0.0000
0.1373 0.3177 0.3158 0.0000 0.0000 0.0000 0.0000 0.0000 0.0000 0.1737 0.0000 0.0000 0.0556 0.0000 0.0000
0.1637 0.3094 0.0000 0.0000 0.2955 0.0000 0.0000 0.0000 0.0777 0.1536 0.0000 0.0000 0.0000 0.0000 0.0000
0.0782 0.1464 0.2247 0.0751 0.0000 0.2119 0.0000 0.0000 0.0000 0.1195 0.0000 0.0000 0.0000 0.0000 0.1442
0.0682 0.0957 0.0771 0.2009 0.0000 0.1124 0.0000 0.0000 0.0000 0.1924 0.0000 0.0000 0.0000 0.0000 0.2532
0.1459 0.2507 0.3218 0.1768 0.0000 0.0000 0.0000 0.0000 0.0000 0.1048 0.0000 0.0000 0.0000 0.0000 0.0000
0.1682 0.1351 0.3708 0.0000 0.0000 0.0000 0.0000 0.0000 0.0000 0.3259 0.0000 0.0000 0.0000 0.0000 0.0000
1.0000 0.0000 0.0000 0.0000 0.0000 0.0000 0.0000 0.0000 0.0000 0.0000 0.0000 0.0000 0.0000 0.0000 0.0000
0.7511 0.2489 0.0000 0.0000 0.0000 0.0000 0.0000 0.0000 0.0000 0.0000 0.0000 0.0000 0.0000 0.0000 0.0000
0.0744 0.0790 0.0000 0.0000 0.3845 0.0000 0.0000 0.0000 0.0531 0.2571 0.1519 0.0000 0.0000 0.0000 0.0000
0.0639 0.2207 0.0000 0.0000 0.3078 0.0000 0.0000 0.0000 0.3014 0.1062 0.0000 0.0000 0.0000 0.0000 0.0000
0.2892 0.1137 0.1499 0.0720 0.0000 0.0694 0.0749 0.1485 0.0000 0.0823 0.0000 0.0000 0.0000 0.0000 0.0000
0.0606 0.1033 0.3736 0.0539 0.0000 0.2557 0.0000 0.0000 0.0000 0.1529 0.0000 0.0000 0.0000 0.0000 0.0000
0.5495 0.1120 0.0000 0.0000 0.2252 0.0000 0.0000 0.0000 0.0000 0.1133 0.0000 0.0000 0.0000 0.0000 0.0000
0.1262 0.1458 0.0000 0.0000 0.2591 0.0000 0.0000 0.0000 0.2386 0.0874 0.1429 0.0000 0.0000 0.0000 0.0000
0.1005 0.0513 0.1181 0.0942 0.0000 0.1515 0.2759 0.1516 0.0000 0.0569 0.0000 0.0000 0.0000 0.0000 0.0000
0.0605 0.6613 0.0000 0.0000 0.0000 0.0000 0.0000 0.0000 0.0000 0.2782 0.0000 0.0000 0.0000 0.0000 0.0000
0.5351 0.3681 0.0000 0.0000 0.0000 0.0000 0.0000 0.0000 0.0000 0.0968 0.0000 0.0000 0.0000 0.0000 0.0000
0.1309 0.2473 0.0526 0.1297 0.0000 0.2481 0.0000 0.0000 0.0000 0.0778 0.0000 0.0000 0.0000 0.0000 0.1135
0.0678 0.3423 0.0000 0.0000 0.2364 0.0000 0.0000 0.0000 0.2711 0.0824 0.0000 0.0000 0.0000 0.0000 0.0000
0.1088 0.1864 0.0616 0.2643 0.0000 0.1465 0.0000 0.0000 0.0000 0.1340 0.0000 0.0000 0.0000 0.0000 0.0984
1.0000 0.0000 0.0000 0.0000 0.0000 0.0000 0.0000 0.0000 0.0000 0.0000 0.0000 0.0000 0.0000 0.0000 0.0000
0.1901 0.2408 0.1346 0.0572 0.0000 0.1914 0.0000 0.0000 0.0000 0.1858 0.0000 0.0000 0.0000 0.0000 0.0000
0.1920 0.0639 0.0585 0.2160 0.0000 0.1396 0.1696 0.0867 0.0000 0.0736 0.0000 0.0000 0.0000 0.0000 0.0000
0.1755 0.0524 0.0000 0.0000 0.0600 0.0000 0.0000 0.0000 0.1130 0.1030 0.0774 0.0000 0.0000 0.4186 0.0000
0.1569 0.0810 0.0000 0.0000 0.3011 0.0000 0.0000 0.0000 0.0868 0.3207 0.0535 0.0000 0.0000 0.0000 0.0000
0.5111 0.1453 0.0000 0.0000 0.0940 0.0000 0.0000 0.0000 0.0000 0.2496 0.0000 0.0000 0.0000 0.0000 0.0000
0.1482 0.0606 0.3243 0.1435 0.0000 0.1291 0.0574 0.0000 0.0000 0.1368 0.0000 0.0000 0.0000 0.0000 0.0000
1.0000 0.0000 0.0000 0.0000 0.0000 0.0000 0.0000 0.0000 0.0000 0.0000 0.0000 0.0000 0.0000 0.0000 0.0000
0.1112 0.1478 0.0000 0.0000 0.0830 0.0000 0.0000 0.0000 0.0807 0.1086 0.1764 0.0000 0.0000 0.2923 0.0000
0.4927 0.1655 0.0590 0.0000 0.0000 0.0000 0.0000 0.0000 0.0000 0.0848 0.0000 0.0000 0.1980 0.0000 0.0000
0.1731 0.1324 0.2468 0.1072 0.0000 0.0000 0.0000 0.0000 0.0000 0.3406 0.0000 0.0000 0.0000 0.0000 0.0000
0.1070 0.2483 0.0853 0.2813 0.0000 0.1206 0.0000 0.0000 0.0000 0.1575 0.0000 0.0000 0.0000 0.0000 0.0000
0.2489 0.0819 0.0729 0.0768 0.0000 0.2233 0.0549 0.1832 0.0000 0.0582 0.0000 0.0000 0.0000 0.0000 0.0000
0.5375 0.0839 0.0000 0.0000 0.1071 0.0000 0.0000 0.0000 0.0000 0.2715 0.0000 0.0000 0.0000 0.0000 0.0000
0.0673 0.0958 0.2283 0.0000 0.0000 0.0000 0.0000 0.0000 0.0000 0.2300 0.0000 0.0000 0.3785 0.0000 0.0000
0.1249 0.3304 0.0000 0.0000 0.4706 0.0000 0.0000 0.0000 0.0000 0.0741 0.0000 0.0000 0.0000 0.0000 0.0000
0.2166 0.0910 0.0654 0.0686 0.0000 0.2511 0.0000 0.0000 0.0000 0.0731 0.0000 0.0000 0.0000 0.0000 0.2343
0.0892 0.0824 0.3051 0.0895 0.0000 0.1683 0.0860 0.0000 0.0000 0.1796 0.0000 0.0000 0.0000 0.0000 0.0000
0.0877 0.0633 0.0000 0.0000 0.1589 0.0000 0.0000 0.0000 0.0000 0.6901 0.0000 0.0000 0.0000 0.0000 0.0000
0.1572 0.6328 0.0000 0.0000 0.0000 0.0000 0.0000 0.0000 0.0000 0.2100 0.0000 0.0000 0.0000 0.0000 0.0000
0.5636 0.1110 0.0000 0.0000 0.0000 0.0000 0.0000 0.0000 0.0000 0.3254 0.0000 0.0000 0.0000 0.0000 0.0000
0.8967 0.1033 0.0000 0.0000 0.0000 0.0000 0.0000 0.0000 0.0000 0.0000 0.0000 0.0000 0.0000 0.0000 0.0000
0.4086 0.2378 0.2558 0.0000 0.0000 0.0000 0.0000 0.0000 0.0000 0.0978 0.0000 0.0000 0.0000 0.0000 0.0000
0.1043 0.2216 0.2186 0.3136 0.0000 0.0000 0.0000 0.0000 0.0000 0.1418 0.0000 0.0000 0.0000 0.0000 0.0000
0.2217 0.2216 0.0000 0.0000 0.0817 0.0000 0.0000 0.0000 0.0709 0.1716 0.0942 0.0000 0.0000 0.1384 0.0000
